# ex_work for 8 qbits with connectivity c6 and unitary DM 22591264375936
-9.396235507879802107e-02 1.406706849968649420e-01 1.406706849968649420e-01 1.406706849968649420e-01 -9.396235507879802107e-02 1.406706690892610412e-01 1.406706690892610412e-01 1.406706690892610412e-01
-8.397097608800528634e-02 7.161359436332651041e-02 5.262966206546718095e-02 7.602169287974180900e-02 -7.300211006316544016e-02 7.440455476058137341e-02 5.254416249468786548e-02 5.345654582654960074e-02
-5.940956397621196400e-02 2.012669201538179811e-02 6.238034585286923034e-02 5.251805659883798660e-02 -6.779313715246636229e-02 3.639674027881763252e-02 2.669441660693514656e-02 4.121105261776853573e-02
-5.911450057580668743e-02 1.953134034289621609e-02 6.031142147183936320e-02 4.658779755368430697e-02 -6.002513475482441907e-02 2.919424244769788096e-02 2.243185227903490495e-02 3.324057349195629063e-02
-5.346292666766483404e-02 2.822528170845840789e-02 2.704054884874573447e-02 4.420395980924284041e-02 -5.534474036946997189e-02 2.568321242701059742e-02 2.858303023348003624e-02 2.381531508435561287e-02
-5.231968381323676143e-02 2.696466502617059571e-02 2.231561788875208174e-02 4.243659300417632063e-02 -5.107310476813483463e-02 2.880591676089690537e-02 2.680843076083812282e-02 1.654500234998182093e-02
-5.106449682555434799e-02 2.179696135544406665e-02 2.641381750325913838e-02 4.238976912751490217e-02 -5.361825844787636297e-02 2.339680865375913868e-02 2.804508704511837064e-02 2.473619209331740301e-02
-4.949252595261339344e-02 3.928030899601187009e-02 2.241813232700435796e-02 2.669492699850094242e-02 -5.301759631470077255e-02 3.141484086781840684e-02 2.078773094625906148e-02 2.073495712235531169e-02
-2.696804096449106902e-02 2.186285203492719254e-03 2.137318519434827299e-02 2.211321668396514992e-02 -4.748180437996932235e-02 2.810191156785541919e-02 1.948898922614689111e-02 1.163847101063536504e-02
-2.347903304535342225e-02 -4.419573069553741664e-03 2.120635661879302636e-02 2.540149787197380771e-02 -4.706774792171284499e-02 2.471401260515616871e-02 2.320636193123731122e-02 9.883674844168495802e-03
-2.509465819947961918e-02 1.968354453925718478e-03 1.507044036072640106e-02 1.902170305060431679e-02 -4.212074558501324034e-02 2.519852829343277242e-02 2.049729359430177422e-02 9.052578863616671592e-03
-2.791846633042549194e-02 4.616310274711090018e-03 1.764865344368816633e-02 2.158865628837897122e-02 -4.498650898343149740e-02 2.056476169073142776e-02 1.985590344317065756e-02 1.591038606321600046e-02
-2.794241185630703256e-02 -1.293273162661802162e-03 2.532186902553812055e-02 2.555694785992326801e-02 -4.904683795379510824e-02 1.751999989131332314e-02 2.511345427127229316e-02 1.825887729200515591e-02
-2.045784768781106974e-02 -5.980949830997886983e-03 2.036443461396252735e-02 2.393005881693364978e-02 -4.425885768198991460e-02 1.373046240951161269e-02 2.309433776145701500e-02 1.432429207036877046e-02
-2.334017850929803739e-02 -3.983939305011212177e-03 1.968829958123382781e-02 2.579933303038746059e-02 -4.317512090317938978e-02 1.374215628368857106e-02 2.142017905943510367e-02 1.450244209296876717e-02
-2.529341471087081725e-02 -3.437043346638857678e-03 1.977205487521146998e-02 2.257246517650627823e-02 -4.444946514246221614e-02 1.688902266845355299e-02 2.077932148261273093e-02 1.979495022823066219e-02
-2.622289131648156482e-02 1.013412084911489291e-02 4.521824078992003719e-03 3.115730763394517020e-03 -3.082037081766669101e-02 1.416681121149631142e-02 2.521466882191608291e-02 1.541160541046683943e-02
-3.624160215567054366e-02 1.187850264127805582e-02 9.567963605382468623e-03 1.287629834626035849e-02 -3.163707374380273635e-02 1.454447974660542930e-02 2.603672250401136909e-02 1.457727831336748034e-02
-3.326820929239619751e-02 1.414035529245585149e-02 3.517434774158483685e-03 1.260222613343867787e-02 -3.208758331494324101e-02 1.695773592498299454e-02 2.223438129570062816e-02 1.580704933987374036e-02
-3.311234177383097499e-02 1.444046410977378042e-02 1.073751446603090839e-02 1.191288204721421135e-02 -3.689827333966822637e-02 1.856191575461415069e-02 2.244182710509889586e-02 1.473636585459830832e-02
-3.201916590224533621e-02 1.454704829709680888e-02 1.124066046117582623e-02 1.190587304864951582e-02 -3.750553857726511564e-02 1.845094716979610999e-02 1.701227076821544906e-02 1.873035354895393259e-02
-3.069802099383578051e-02 1.669798511169203262e-02 1.159810346848035197e-02 7.648456169098171754e-03 -3.745949456865657612e-02 1.840859503229422961e-02 2.021608619310989383e-02 1.529398379305576400e-02
-3.016801014594277033e-02 1.877783023500784881e-02 9.151291086632675625e-03 6.845342780767788883e-03 -3.737600510161866174e-02 1.617863318221450866e-02 2.018902507415879996e-02 1.791272327545071277e-02
-3.759911374670007328e-02 1.585485572030790463e-02 1.032464421388228776e-02 1.267000829308504752e-02 -3.226079500648431492e-02 1.349046479916317029e-02 2.212432946389878557e-02 1.816457984551397148e-02
-3.903958479018615479e-02 2.377743931282205389e-02 1.266505278569454024e-02 5.649693565697048135e-03 -3.522316669416111073e-02 1.642126363901817362e-02 1.994551027000656188e-02 2.264577180069300352e-02
-3.906731211301966294e-02 2.510065869589898219e-02 1.151458843384463825e-02 1.589108986144133553e-02 -3.744169682939383487e-02 1.049060482505130565e-02 2.067459998056139434e-02 2.118018490992487970e-02
-3.369183837465589831e-02 2.171864233870621566e-02 9.314656175243836086e-03 1.748388283157373269e-02 -3.605066719259426844e-02 1.121648390539465960e-02 1.953085942107308029e-02 1.317132452425089258e-02
-3.532786303935751826e-02 2.094514742219661177e-02 1.766047420434795068e-02 2.078921377488614913e-02 -3.945747225048711060e-02 1.312285827518158698e-02 1.745764948388750168e-02 1.135980413486143217e-02
-3.377532165231077188e-02 1.897764770569020445e-02 1.691026433912629426e-02 2.047209780355797870e-02 -3.718284046044043750e-02 1.235647424634580931e-02 1.502891088074243507e-02 1.063808482023485304e-02
-3.174180926869279995e-02 1.480914749323272023e-02 1.720570865131477653e-02 1.499388444441113362e-02 -3.282975909784185964e-02 8.448680322135828508e-03 1.903899988628547646e-02 8.981094053514672090e-03
-3.252310525028239557e-02 6.049421120732719100e-03 1.232063987177187472e-02 2.108467402990485753e-02 -2.907844230784541184e-02 7.058415811236224205e-03 1.987013365320973446e-02 1.275542105768203045e-02
-3.112373543668781051e-02 4.997265675687521426e-03 1.112421059346732459e-02 2.126334097656724584e-02 -2.743550811625807342e-02 2.004715532921518776e-03 2.113937633264156152e-02 1.437202400719424754e-02
-3.130811250098636256e-02 9.478133282517746741e-03 1.298692923399215847e-02 1.878088828721148976e-02 -2.720946769222704065e-02 4.705022678753167931e-03 1.630401791185087657e-02 1.165992768660485852e-02
-3.155894689548603693e-02 9.392000879862093948e-03 1.440225713605473336e-02 1.598592454950603994e-02 -2.747747598838221755e-02 8.199148950234469088e-03 1.802009040797044118e-02 8.564933701780517647e-03
-3.079092989543617820e-02 7.735121195505688212e-03 2.007869766779560652e-02 1.830205359625785427e-02 -3.117303339432750051e-02 1.427038132984764611e-02 1.243772931126332394e-02 6.619830122681174406e-03
-3.404268090010008352e-02 9.964819619127889341e-03 1.838010548497788152e-02 2.327855048456032444e-02 -2.764334253208521747e-02 1.189881937355225829e-02 1.369746586536277171e-02 2.493293005680303608e-03
-3.647394511866060979e-02 9.827817966631617608e-03 1.512245870730254300e-02 2.106394088805687431e-02 -3.590938011270567581e-02 2.017922055493502967e-02 1.790376358523823944e-02 1.286233272997200014e-02
-3.396334329902224447e-02 1.055238354608735094e-02 2.048103600797146831e-02 1.872387884681728926e-02 -3.506732425625708194e-02 1.602843606015102312e-02 1.324782139475901184e-02 1.193507045971738470e-02
-2.986016994734168664e-02 8.807349909113892580e-03 1.854111259629728781e-02 1.605652641430303784e-02 -3.343629537590623452e-02 1.443952814478273276e-02 1.122346147294927231e-02 1.221359302824964396e-02
-3.077160749735301237e-02 8.716284569679258118e-03 2.063444130615136804e-02 1.584770307499309278e-02 -3.506640865722332467e-02 1.748729565074026368e-02 1.399249028007682437e-02 9.093083202712789331e-03
-3.175837045363737177e-02 1.373581898601523854e-02 1.999368240515849576e-02 1.533935184832353922e-02 -3.716731869586679948e-02 2.049624779848178632e-02 1.450238342294382816e-02 7.086057196576316629e-03
-3.396220319910048246e-02 1.121744269056789561e-02 1.820524649601739514e-02 1.670698897379393685e-02 -3.720450965092225726e-02 2.147115901811849983e-02 1.748129306511321535e-02 9.788237234208869292e-03
-3.414316328350126828e-02 1.740344355086506298e-02 1.662540625131398234e-02 1.111449688372452040e-02 -3.270918059492318453e-02 1.420525278400684016e-02 1.211293677704646139e-02 1.556304140903536429e-02
-3.857628001156489239e-02 2.059294470027716803e-02 1.499750108042223473e-02 1.109401557732846849e-02 -3.107926526890901139e-02 1.941605203158333279e-02 1.491702080980849415e-02 1.136430558340624855e-02
-3.383682553539723442e-02 1.566147452425608461e-02 1.202193192569417889e-02 1.376371384077933885e-02 -3.025866801763256453e-02 2.271105868243804282e-02 1.427861966412395656e-02 4.669691375500548310e-03
-3.270814038990120520e-02 1.019618979347933392e-02 1.309561838081850157e-02 1.584310656727266550e-02 -3.107922838659233147e-02 2.201609513472334301e-02 1.472683642514805921e-02 6.515990384876357497e-03
-2.715039331041460557e-02 9.315679484617749029e-03 1.624379928883645449e-02 6.136148167424714840e-03 -2.785196543701803917e-02 1.313536545621776970e-02 1.111937485812252054e-02 1.212888422996881432e-02
-3.207649445898807378e-02 1.405917638140304592e-02 1.468045890418552199e-02 9.402216423815354038e-03 -2.658228737882445403e-02 1.260983268615007563e-02 1.183048544598259109e-02 1.112221574303759973e-02
-3.085713859426949396e-02 8.026549775163640751e-03 1.478048013740670789e-02 1.361863699717358496e-02 -2.625741187661688805e-02 1.119732945568581439e-02 8.684027646273738063e-03 1.506786534795331346e-02
-3.218299838217190262e-02 1.632465888588769190e-02 1.940750134117216058e-02 1.317386299845413680e-02 -3.407899058293443334e-02 9.883769290315874353e-03 1.006073353947034218e-02 1.740171150905050687e-02
-2.806666434298773702e-02 1.285312000540781395e-02 2.271530050639398654e-02 3.478221069882500918e-04 -3.097718703029971737e-02 1.080232573210713511e-02 1.178077733050155070e-02 1.692699314023211193e-02
-2.398480826199910279e-02 1.021257449922075532e-02 2.539477855184299124e-02 2.927689775211916607e-03 -3.079022379537512538e-02 1.318171971929495145e-02 5.856718121637665558e-03 1.148420011859184291e-02
-2.928701895396220237e-02 1.182915801518133990e-02 2.245941397501642969e-02 1.027014548576488627e-02 -2.736840887187020482e-02 1.052205472449828198e-02 4.134590196717857769e-03 1.195282626004737572e-02
-2.576267446622623053e-02 1.088181179243578878e-02 1.960268428227947279e-02 9.218720881234987452e-03 -2.798558622253693659e-02 1.043397217160537543e-02 8.893498542007830659e-03 7.325403281537122904e-03
-2.843275378644430362e-02 1.536800292953019280e-02 9.806940047076424458e-03 4.330959448467419128e-03 -2.941092369924174985e-02 1.274952035738972922e-02 2.000947396564844299e-02 1.059027275081248810e-02
-2.663823556829510511e-02 1.223200062680624214e-02 1.861718481793897886e-02 9.625924381618302175e-03 -3.007132127185128609e-02 1.023252312559370242e-02 8.588268423317509115e-03 1.147788645669404681e-02
-2.856492530482417080e-02 1.275639820469683973e-02 1.467046302383124591e-02 1.864112156388854705e-02 -2.867234598337605259e-02 8.008635744288049654e-03 5.954992936069340194e-03 1.169787069532564512e-02
-3.166453652702824750e-02 1.803035034289862670e-02 1.527600599497385206e-02 1.787408109406208104e-02 -3.036645405866573999e-02 8.625433874190551603e-03 6.161258550269276511e-03 1.346725755588551107e-02
-2.911268289203589044e-02 2.057728669977286831e-02 1.153963432215823585e-02 1.553317865397122778e-02 -3.014616348211984764e-02 1.362980260439493850e-02 3.048342111188042172e-03 1.088919764856210136e-02
-3.061902957933782671e-02 1.870673035112713906e-02 1.799607341005598354e-02 1.337151807796546112e-02 -3.232644976546689142e-02 1.137167265306307171e-02 1.058695705899207959e-02 8.718753667619087711e-03
-3.282854982939992922e-02 1.972743601213979014e-02 1.619701595579139952e-02 1.835318996377808751e-02 -3.646241308943507647e-02 1.541970107014486134e-02 9.392769682478816981e-03 1.238562964177548388e-02
-3.009909423971915410e-02 1.673461279569609869e-02 1.457288712361180100e-02 1.501977399636448933e-02 -3.325559873083545198e-02 1.458770921322606433e-02 9.719967621498640242e-03 1.061683772468350120e-02
-3.001125007405628167e-02 1.712007845570992157e-02 1.525651232091266088e-02 1.285920249524838931e-02 -2.825019516054926016e-02 1.203267914883947472e-02 5.113995605227528336e-03 1.088207846479335821e-02
-2.740320569122392177e-02 1.908729139423219825e-02 1.203399931862847091e-02 1.261795351698731353e-02 -3.770097203567757821e-02 1.506633356286428242e-02 1.337512289149927341e-02 1.248429843680088497e-02
-3.013055824381812367e-02 1.752810067198903865e-02 1.436314302829837762e-02 1.410188123942809207e-02 -3.131718691330263871e-02 1.148660402511987068e-02 6.488229338189106798e-03 1.428504420262023331e-02
-2.892073605929713562e-02 1.553466574853291926e-02 1.249848744012850218e-02 1.545951690870402476e-02 -2.726617733603555263e-02 8.609452801616285580e-03 1.073251060914765832e-02 7.080726933974687380e-03
-2.577008277142376486e-02 1.421357431254454892e-02 1.426850789662630417e-02 1.303604445302667010e-02 -3.681363521269410966e-02 1.510932519955289488e-02 1.412187982923604652e-02 9.741983380526288497e-03
-3.004782931605714733e-02 7.564419140981113246e-03 1.567681366180903244e-02 1.523580483173087030e-02 -2.856440583775367997e-02 1.331142590731574510e-02 1.132204423282993228e-02 1.051612334529674134e-02
-2.854395698086928043e-02 6.524093022079284487e-03 1.714346469977671289e-02 1.312620080585366784e-02 -3.002147893375743323e-02 1.812988203228442854e-02 9.451298101153918912e-03 9.457513441025529322e-03
-3.089456847806322168e-02 1.163043836878036030e-02 1.475605391448318003e-02 1.141946838331869135e-02 -3.366206910910057859e-02 2.060316491690237367e-02 1.498060953014497716e-02 9.997365649405278928e-03
-3.284266566454744490e-02 1.104382582571471552e-02 1.311313884010868215e-02 1.484895984906252873e-02 -3.363908631870841937e-02 1.804735334137698433e-02 1.369439261932041928e-02 1.562632148559829279e-02
-3.155948914527201971e-02 1.644301088155371293e-02 1.593266775312053921e-02 8.410081733544927732e-03 -3.259120766815402914e-02 1.948019100682011825e-02 1.293423195288045599e-02 9.568009667313194869e-03
-3.183353042647277253e-02 1.619075581808373035e-02 1.155282083679850906e-02 1.296950744000715042e-02 -3.102616564191688214e-02 1.779029391079301609e-02 1.236368305875347288e-02 9.561911778524979921e-03
-3.207120908096146306e-02 1.427852666823480228e-02 1.469138130284698522e-02 1.205151207082859506e-02 -3.120636391310989757e-02 1.424671376627476525e-02 1.313361939491759084e-02 1.252398117663294612e-02
-3.519859116450596570e-02 1.911366401113023458e-02 1.336836402526492967e-02 1.320384258944488909e-02 -3.127334178196743142e-02 1.684702485040361422e-02 1.139218021837783666e-02 1.258087555065308047e-02
-3.444269872126558274e-02 1.430086254137582884e-02 1.796422579821540036e-02 1.115576131614660210e-02 -3.189367284579027600e-02 1.868188508874916304e-02 1.463032795453936621e-02 9.596971011315286529e-03
-3.580228527646669295e-02 1.794308442507262791e-02 1.707385941938726129e-02 8.912768462891072427e-03 -3.240282576234528034e-02 1.671665528076913057e-02 1.396610015302082036e-02 1.488829730588174874e-02
-3.176176727991928544e-02 1.682055639181753368e-02 1.818093744055464603e-02 7.281655668095203017e-03 -2.994176858549197143e-02 1.166482757253682265e-02 1.230976256904386772e-02 1.244591949883735484e-02
-2.705446731835491753e-02 2.001782663027952200e-02 1.153057734012060374e-02 7.383194025633635013e-03 -2.993955708807882407e-02 9.779397364574952262e-03 8.919312777423768143e-03 1.374771081789656103e-02
-2.832311786583284821e-02 1.709999478955632340e-02 1.105085042275755734e-02 4.046481484392243540e-03 -2.920273133930162412e-02 1.288079923261515984e-02 1.263182168475707190e-02 1.445002532038349753e-02
-3.001571496942408157e-02 1.826647570669106407e-02 9.850627587784072103e-03 1.074983912193164075e-02 -2.987294336373553377e-02 1.033423839773320654e-02 9.586808109228328253e-03 1.697837725745274945e-02
-3.322626394071816203e-02 1.441392845283312116e-02 1.732642041741527458e-02 1.593783600843991233e-02 -2.620372883818012852e-02 1.066754968157348181e-02 2.094623036933204209e-03 1.526050268208702446e-02
-3.576494463514026667e-02 1.679780193068894020e-02 1.212444625880501614e-02 2.294389619414308190e-02 -2.812265824950629239e-02 1.319748165208100947e-02 1.118709535261268144e-02 6.670021016789978198e-03
-3.826768839035383368e-02 1.601456213177821289e-02 1.393815161523509136e-02 2.280367677667681156e-02 -2.747720698911919335e-02 1.278085284013026450e-02 1.187682718127330839e-02 8.747606172900877428e-03
-3.741851613173118735e-02 1.622389133861949773e-02 1.116429867337994514e-02 2.320997896800925525e-02 -2.404038393390263081e-02 1.046264314542823433e-02 1.548023708700069917e-02 3.368789727465934785e-03
-3.398147891931450199e-02 1.872132561794424138e-02 1.030278116453525739e-02 2.171623171841682853e-02 -2.481361109478067567e-02 1.161352075642832493e-02 6.398555807736351110e-03 6.298627576524214004e-03
-2.890755033644911223e-02 1.393739643434619389e-02 3.282199505006244689e-03 1.655157742384541150e-02 -3.081466171537108195e-02 2.072709205360387386e-02 1.237181587819268652e-02 9.158292493971072548e-03
-2.964346020763733089e-02 1.295616668178669814e-02 -2.010547349006865624e-03 2.063102052815188325e-02 -2.800615173837939925e-02 1.985385033770988711e-02 1.042450516842991469e-02 1.166955309906028693e-02
-3.147121663600170594e-02 1.497315753631327934e-02 9.140925550734823463e-03 2.068763388729691691e-02 -3.133731433401716615e-02 2.291813058905650333e-02 -4.569708981481762850e-04 1.457831620148848824e-02
-2.898147404962574461e-02 8.934958026993981492e-03 1.388539773306097548e-02 1.787413009869872130e-02 -3.169456994432090502e-02 1.888001768087479298e-02 4.426452510116752649e-03 1.341605524212333839e-02
-2.844509395261817647e-02 1.271784686973120686e-02 1.474822149298775364e-02 8.189091019510472136e-03 -2.996188731026652036e-02 1.286671141142109280e-02 1.287243099521070966e-02 1.179866177470978612e-02
-2.667913333067239642e-02 1.514175077656957843e-02 7.787329124214518832e-03 1.046826409408725331e-02 -2.999515800071601151e-02 1.958931390141421119e-02 1.044248561679709565e-02 7.499879219432323101e-03
-2.907550981703272905e-02 1.327112167202126186e-02 1.072435468459430330e-02 1.323976758352524499e-02 -3.519779009827641442e-02 1.468858273339483482e-02 1.711628434354165243e-02 1.380268247483589471e-02
-2.917636180147282002e-02 1.443271384862172303e-02 9.175240145426635449e-03 1.393140115529610708e-02 -3.591448790126652163e-02 1.634934014507865435e-02 1.381464661348589910e-02 1.661347141141743602e-02
-2.834216553073409459e-02 1.537530704941713136e-02 1.159481769857982451e-02 1.264885964228095946e-02 -3.108723159357278457e-02 1.286359304613217576e-02 1.247717367288505956e-02 9.837162289155198039e-03
-3.116963891014189539e-02 1.675278682136764966e-02 1.697894691714137844e-02 9.341173446002644029e-03 -2.770690110457351210e-02 1.012848419208425138e-02 1.476785265681393802e-02 6.353966039553861009e-03
-2.965389948307668375e-02 1.447789218661828942e-02 1.291755088486814737e-02 1.246873459426113898e-02 -2.711976450760242643e-02 9.281650068632452816e-03 8.628521102192070885e-03 1.290178501607159613e-02
-2.559871050681349763e-02 1.540835215480602927e-02 7.620670288196016058e-03 8.571819648181246143e-03 -2.786578422190038110e-02 1.367327155468752928e-02 1.253716174883576402e-02 7.942587162590343183e-03
-3.044042422457875208e-02 1.516815345060400048e-02 1.113046801162091183e-02 1.198300463659329393e-02 -2.874875608990458062e-02 9.618402942058424179e-03 1.720597461779248966e-02 9.438471158067738079e-03
-2.758539901243085152e-02 1.695646032694653194e-02 5.499465201546022315e-03 1.730188638872116186e-02 -2.771498357193335343e-02 5.909609526658292193e-03 1.747679831515542084e-02 6.034195902533787299e-03
-2.933276942907135990e-02 1.098892109276746257e-02 3.363595307240500008e-03 1.943822965478562981e-02 -2.756176717003894217e-02 1.209954916865709114e-02 1.542968474346298295e-02 1.009563709794446956e-02
