# ex_work for 8 qbits with connectivity c6 and unitary DM 22424923850496
-9.396235507879802107e-02 1.406706849968649420e-01 1.406706849968649420e-01 1.406706849968649420e-01 -9.396235507879802107e-02 1.406706690892610412e-01 1.406706690892610412e-01 1.406706690892610412e-01
-7.197062965547001978e-02 9.007448102098587761e-02 9.007448102098587761e-02 9.007448102098587761e-02 -8.298922035716853329e-02 3.575762273828660132e-02 9.007446719308530303e-02 2.918890188805166753e-03
-4.658999454954444036e-02 4.815470242717752314e-02 4.752076194015926458e-02 6.256005974660391877e-02 -5.963405388037500143e-02 1.450020662499735234e-02 -5.847387299134117547e-03 1.932838062239878099e-02
-3.609938827114632376e-02 2.023273224477505072e-02 3.704848905084442978e-02 5.248487067905962394e-02 -5.242515135945832044e-02 8.508586919525133394e-03 4.442644172604879108e-03 1.452674864211329388e-02
-3.080424123908409931e-02 1.794187272547465017e-02 2.185595972064563117e-02 3.300098614597397201e-02 -5.450309353525883971e-02 1.990890209561149010e-02 8.339566878872897715e-03 2.592603184702168065e-02
-3.368681859689245939e-02 2.069408666066489821e-02 1.446964245538044994e-02 2.884601036615357453e-02 -4.832554326206234957e-02 2.080246493308516784e-02 8.598053060418541296e-03 2.388587638558783283e-02
-3.472651821068347550e-02 2.024365448229558870e-02 4.764055259333235988e-03 2.353427008169389767e-02 -4.112296510032686231e-02 2.536841540707878567e-02 1.468897730155960257e-02 1.580489160409124030e-02
-3.869578477436228653e-02 1.522662553288515498e-02 1.059373863912315902e-02 2.074676365932980396e-02 -3.432351529749196051e-02 2.720093192313863609e-02 1.768861548813928375e-02 7.470933965144464263e-03
-3.234925137820422736e-02 1.764564119800662509e-02 1.268881363699506451e-02 1.927184275374217715e-02 -3.865255045148856955e-02 1.948396518348841783e-02 1.383911995569382831e-02 1.164074977907468035e-02
-3.169955077799271187e-02 2.137389541912660534e-02 6.953677828590248619e-03 2.045107836929961620e-02 -3.723422948864985038e-02 2.256350181905918822e-02 1.534910796494253285e-02 5.271226669972251672e-03
-3.524861438889957677e-02 1.991460283328557596e-02 9.431929765963249779e-03 1.069153088623647253e-02 -3.098658481321528782e-02 1.852474613838855921e-02 1.573200713035445564e-02 1.205930817905538806e-02
-3.405923866093587410e-02 1.168923201615511276e-02 1.514293878139488791e-02 8.209777220465733910e-03 -2.825921769142311982e-02 2.505045045278745178e-02 1.034468318832769754e-02 9.921800132448725315e-03
-3.160060051945143278e-02 1.735584670075481645e-02 1.650370374064384985e-02 9.213969386072620726e-03 -3.200550133678356501e-02 2.277734644750683407e-02 1.435601394474834112e-02 2.422200861720822090e-03
-3.320913931025280125e-02 1.610409876839920609e-02 1.762988482697716228e-02 1.075380009976950602e-02 -2.960937953366613723e-02 1.803801396242715044e-02 1.330326007808132170e-02 4.975604766472808624e-03
-2.951470565717314101e-02 1.419102064197421374e-02 1.550911886537612028e-02 1.163735937342437986e-02 -3.202444950886986635e-02 1.608320721185616670e-02 1.345876742998954566e-02 7.452302403390352430e-03
-3.213618725125960696e-02 1.066803780017754055e-02 1.154550279025881587e-02 1.963309004157696991e-02 -3.273924593750002915e-02 1.325388505632471049e-02 1.392849920794729870e-02 1.474214870103083934e-02
-3.380009587308965835e-02 8.417191132939184917e-03 1.708865862768620819e-02 1.845680895019842852e-02 -3.097322278652208175e-02 1.295986512340719515e-02 8.887962574734615054e-03 1.809235609523795335e-02
-3.097683305284860966e-02 9.133217397300096366e-03 1.622338088557239918e-02 1.918535587709775669e-02 -3.250865713785585503e-02 1.202082846025950662e-02 1.363127680912042811e-02 1.135897315974281931e-02
-2.611532986416534655e-02 4.548542453723766928e-03 1.263764893498734235e-02 2.070695663884362242e-02 -3.120703234568646817e-02 5.196817723293297060e-03 1.190547894489992799e-02 1.748214444618277630e-02
-2.804727292614766013e-02 5.412433231866684187e-03 1.640286432677745196e-02 2.020537665271302311e-02 -3.171427163094532597e-02 1.056181863888238856e-02 1.487082334543002836e-02 8.527536686366309765e-03
-2.994613805069669052e-02 1.130786549978562809e-02 1.539414084981106240e-02 2.264337739967833482e-02 -3.350637056531086122e-02 1.217587404558757684e-02 1.222191720431955141e-02 8.075995294330810467e-03
-3.047048654310907309e-02 1.080531112570928820e-02 9.040692078329408410e-03 2.460201535897468816e-02 -2.953150399566064135e-02 1.258980869088395863e-02 1.274027767542383095e-02 6.699203032939376849e-03
-2.778007190322186876e-02 1.595659375679238379e-02 7.038941486322296617e-03 2.104394492663758456e-02 -3.352808662421666308e-02 1.041085706041272596e-02 1.401418032633135018e-02 9.977973613686906204e-03
-3.086459415976819387e-02 1.355835595773120100e-02 7.360298030896682275e-03 2.107586354451171026e-02 -3.347910036925941940e-02 1.063283328492077399e-02 2.009881499571602309e-02 1.067686137627604608e-02
-3.316635766838853944e-02 1.582817975847444075e-02 1.147215650730103870e-02 1.908555015662088267e-02 -3.099609630852766945e-02 1.085376310842661209e-02 1.833875352074127579e-02 7.310977596423174490e-03
-3.363069623577953637e-02 1.406997709633273780e-02 1.359448255588834205e-02 1.718202551242553611e-02 -2.917001246354553046e-02 1.083832247889194265e-02 1.734106845752311082e-02 7.528766040507272987e-03
-3.253690315706778136e-02 1.298757345297833071e-02 1.785603334336216541e-02 1.607289258744045574e-02 -3.129288791433480071e-02 1.181919375281631490e-02 1.214353735059245550e-02 1.110055863668644310e-02
-3.364375201003822619e-02 1.725030227417659323e-02 1.500518199679087492e-02 1.539476345050699684e-02 -2.645445793982497545e-02 1.127996476487033370e-02 1.297334838283366321e-02 4.592372713977319054e-03
-2.857794263784803335e-02 1.479510556939460895e-02 1.432911182981482130e-02 1.305453793171736619e-02 -3.031395739207097886e-02 9.137832995880161568e-03 9.319492694827638535e-03 1.335690723235445805e-02
-2.948452305810437060e-02 1.698521370536965058e-02 1.571146293481938058e-02 1.143314459712329104e-02 -3.311482520422808634e-02 9.575174480563350063e-03 9.160355127071057035e-03 1.731570404600576984e-02
-3.039073876019155948e-02 1.340432145683796532e-02 1.792732228744917111e-02 1.319319283439425276e-02 -2.915988501904771477e-02 9.374367395442879600e-03 1.069922165882907124e-02 1.050526948865219620e-02
-3.018102061446380560e-02 1.878421995898739427e-02 1.116268042089792016e-02 1.506182361701611377e-02 -3.241395831392656496e-02 6.106129312249517979e-03 1.368869437719148416e-02 1.544566667322778281e-02
-2.971697295337507108e-02 1.629182007182604364e-02 6.317973303801604698e-03 2.087608259181264470e-02 -3.054757072343233099e-02 1.002387753318651105e-02 1.289590505472916308e-02 1.023058718464816587e-02
-2.969037991569525858e-02 1.222972573015764994e-02 9.565712934271289325e-03 2.193417995389915220e-02 -3.211872582340755122e-02 1.467913521402614517e-02 1.380956551920725119e-02 6.921277181474240134e-03
-2.688196002345594540e-02 9.057316193191795178e-03 1.097923336878249556e-02 1.876726660102087663e-02 -3.407555480266871717e-02 1.879696709906569785e-02 1.423395152682583632e-02 6.186056513191622551e-03
-2.954325887115755514e-02 1.357117706299393496e-02 1.464532112128365086e-02 1.681090176967247121e-02 -3.352221549391356387e-02 1.637308637798294553e-02 1.521773633012807672e-02 4.516327898630355560e-03
-2.739428176739956006e-02 1.139315624790467919e-02 1.685167890128858731e-02 9.880310959509299926e-03 -3.033321167441870025e-02 9.057081867563989211e-03 1.533751271186529694e-02 9.773814486376219274e-03
-3.117072804399332459e-02 1.548950112849229420e-02 1.282986003078419139e-02 1.178102330864220539e-02 -2.661738419756202664e-02 1.196700375180136978e-02 7.530087874852617845e-03 1.276192830891188443e-02
-3.183898235760570378e-02 1.147604514593643897e-02 9.603992049108212720e-03 1.524433784503012763e-02 -3.155492664827177357e-02 1.451098189475700725e-02 9.673506594080243451e-03 2.101121764349727847e-02
-3.460165310533774158e-02 1.093406673184242096e-02 1.197064598196545017e-02 1.673481080211117189e-02 -2.636597155375677848e-02 1.620885780524463499e-02 5.117264770729227676e-03 1.703992477273249401e-02
-3.168134122156378990e-02 8.191588461274148733e-03 1.454286839100862525e-02 1.640769507287911932e-02 -2.800191352364063760e-02 1.823534110435964806e-02 6.836118360005042673e-03 1.143000750902036650e-02
-3.353416852795958192e-02 1.503862450777795554e-02 1.618750777256439816e-02 1.107550424181987479e-02 -3.086385305335140328e-02 1.908316308023969357e-02 7.524612479100562142e-03 1.426046196044774249e-02
-3.219882669294535371e-02 1.323235173966161651e-02 1.760946095566979369e-02 6.049193799089613507e-03 -2.875579073912072625e-02 1.710962917253435953e-02 1.292853185895745209e-02 1.068511485258860985e-02
-3.383115570702462799e-02 1.325117251563209635e-02 2.025402119013360036e-02 1.063853554023259929e-02 -2.791602332317334387e-02 1.244052063675197932e-02 1.048922076387624573e-02 1.180922403140567678e-02
-3.349867791134915340e-02 1.573222518949507487e-02 1.852337555407986697e-02 1.235052784247081363e-02 -2.915633950620253462e-02 1.202245784636501134e-02 9.464193691201806813e-03 1.212176233080388202e-02
-3.094026894856556978e-02 1.258371632969050753e-02 1.554076215385785491e-02 1.263892985103907268e-02 -2.761837719468305391e-02 1.088858599365631619e-02 9.915534265273208067e-03 1.188075087550875125e-02
-3.099615532084267974e-02 1.154780741764839004e-02 1.766466420297575779e-02 1.199294421295560471e-02 -3.009554409404456912e-02 1.471904637766083962e-02 7.387808182104868560e-03 1.431863659875145037e-02
-3.431517134578385142e-02 1.329483432137135678e-02 2.226971437553677824e-02 1.107176101227068561e-02 -3.170732091353103271e-02 1.912766349090697440e-02 4.210078681503394427e-03 1.649176056693723441e-02
-3.514223130559828573e-02 1.338453430064434450e-02 2.134629442996576615e-02 1.443548567965538369e-02 -3.253104410360511956e-02 1.741485240287127603e-02 6.881342473825449724e-03 1.538150419179685861e-02
-3.717500256366225442e-02 1.070836930625546426e-02 2.006187172700470839e-02 1.651008348545371721e-02 -3.222113602473856281e-02 1.670884579146738116e-02 7.706748039663399545e-03 2.029623968244863644e-02
-3.153949273025183353e-02 8.299476778019168263e-03 2.067794139336230630e-02 1.624565219062652430e-02 -2.866408355457533697e-02 1.674852060532993833e-02 6.251607619824690876e-03 8.531401265383617080e-03
-2.803763533979534983e-02 1.324917415675209119e-02 1.955712033688467369e-02 1.398779906330659649e-02 -3.144227681086179255e-02 8.459744091042826000e-03 1.388302818813066941e-02 6.202405094896017504e-03
-2.720466641836245814e-02 1.202698342054828694e-02 1.216231068401217238e-02 1.578975131388524189e-02 -3.242125467968207109e-02 1.190110675751695005e-02 1.057812337500001892e-02 1.274532950639662050e-02
-2.497420911406743674e-02 9.020967113830522660e-03 9.886492019742997364e-03 1.786671010131500592e-02 -3.056021317818496952e-02 1.594972567080917350e-02 7.143532054590112125e-03 9.325275379982202878e-03
-2.524320885209441201e-02 1.009899048212522382e-02 1.218620186121996928e-02 1.624518468635084700e-02 -3.084888851013053643e-02 9.559665123371375792e-03 1.493182472662223960e-02 6.887625529794580252e-03
-2.906948891762939358e-02 1.093107731550301345e-02 1.137636295399011531e-02 1.423937897973377373e-02 -3.087511044781478947e-02 8.434596763090584579e-03 1.762172370524251602e-02 1.314763482133430791e-02
-2.984963440570371357e-02 8.864480962447482057e-03 6.791224928483221082e-03 1.918702783382248214e-02 -3.019483934052831151e-02 1.646567395974261536e-02 1.495034358082467270e-02 9.956893691438279542e-03
-2.825205231015895033e-02 8.812395957533815036e-03 5.714335433349316574e-03 1.113067963832592433e-02 -3.371813853877903694e-02 2.070792347248405843e-02 2.541267713022196673e-02 8.536642226595749644e-03
-2.877840740192536689e-02 1.250875401633513807e-03 7.963527659094200850e-03 1.570340494067695367e-02 -2.941121803342745117e-02 1.557721517079247928e-02 1.755048542638371761e-02 1.566354670039248054e-02
-2.841536705300225230e-02 2.603862730603156289e-03 5.116741272824298914e-03 1.505857528077607366e-02 -2.858155599633199762e-02 2.347150803868097019e-02 1.702465119151331738e-02 9.042842769949476292e-03
-2.661142827662221419e-02 5.652783622540525840e-03 1.058652598772086284e-02 1.349695605188168043e-02 -2.912993931007352641e-02 2.023510170482740317e-02 1.478913373945757274e-02 4.988484616376042714e-03
-2.956440923194572634e-02 1.722497326693331332e-02 7.136550579125709379e-03 1.310323159794300925e-02 -3.069506368433884066e-02 1.459894534020048096e-02 1.528655232381605222e-02 9.016917505629785598e-03
-3.356842870483759539e-02 1.579852917159460871e-02 1.261992354631051062e-02 9.697682820649752150e-03 -2.752723294425129738e-02 1.706432130423354149e-02 9.603710506091813967e-03 1.296983124476699251e-02
-3.242308425500977503e-02 1.434573766107608700e-02 1.543939241126780597e-02 6.112556303627406963e-03 -2.788361028535134636e-02 1.635366743496278336e-02 1.189089761361648151e-02 1.236610524820287368e-02
-3.696244023516391530e-02 1.007577855034858146e-02 2.046972773502387516e-02 1.121373783617808303e-02 -2.325295433897572872e-02 1.149838188560569144e-02 1.096401788269474147e-02 1.301370899214081799e-02
-3.671769069855914530e-02 9.851533702080486621e-03 2.116898327111740863e-02 1.205274800187384338e-02 -2.284086486911788769e-02 1.147094428610549895e-02 9.939389040260808439e-03 1.179397531461288430e-02
-2.545412096133875188e-02 9.882882460727883747e-03 1.278873559351408583e-02 8.355460556640740763e-03 -2.472942815311424472e-02 4.270158320635031139e-03 1.422920272015690789e-02 1.137927201637015107e-02
-2.637808015814378793e-02 5.979584539738513893e-03 1.475804793409295906e-02 9.901500624784556268e-03 -2.849890421162397727e-02 1.495933472628140602e-02 1.828558490541365780e-02 4.459582019492675832e-03
-2.506186489134828305e-02 1.027365444794237602e-02 1.256719629930407034e-02 1.128753342782771313e-02 -2.884573941914940140e-02 4.105962368474566290e-03 1.424056277472561700e-02 1.406869887781003921e-02
-2.878683626413997693e-02 1.043576649745350457e-02 1.590283710841878737e-02 1.289898101824021523e-02 -2.925322147389853092e-02 6.698940714921324847e-03 1.597041094575499601e-02 1.088627119838843013e-02
-2.553711581841081393e-02 9.290201769306314500e-03 2.313236322785284724e-02 1.252337806776769591e-02 -3.120631467109831816e-02 6.870223220516861670e-03 1.200826858210882371e-02 7.610742412866841611e-03
-2.884169921302292411e-02 8.776857192174180103e-03 1.944452000746199963e-02 6.578759983622573145e-03 -2.842001155548906297e-02 1.089267912457406694e-02 1.320679296382971241e-02 1.283676704602107824e-02
-2.479185865078994966e-02 8.929907328360672802e-03 1.982155556003271576e-02 1.042095948348338054e-02 -3.557210356426207531e-02 1.221093204873384928e-02 9.610808278051375525e-03 1.619887939836842095e-02
-2.831623893791714031e-02 1.046731653173993241e-02 1.765803902440146733e-02 1.651038728834573754e-02 -3.346085882584294569e-02 6.654360905498415621e-03 1.139481049715393261e-02 1.634467384645367158e-02
-2.970554285004231576e-02 1.180031957650007693e-02 1.660595461488057270e-02 1.854286064320724570e-02 -3.576410018231539895e-02 7.676136471336636458e-03 1.384940201840257658e-02 1.663277259733668065e-02
-2.923720609200646317e-02 1.081396968136840928e-02 1.639961938095345004e-02 2.199627303600723907e-02 -3.194463804092916026e-02 1.204249440008299706e-02 3.553907128737211676e-03 1.359917441508760004e-02
-3.249254878779275074e-02 8.836258810307123096e-03 1.964519511640021657e-02 1.835153116342407020e-02 -3.332175205355193681e-02 1.348114483750558791e-02 1.180936889109951426e-02 1.337535855969915546e-02
-3.171889612932112662e-02 1.088813258591501271e-02 1.679382665604680497e-02 1.778957244649544481e-02 -3.287859933945712354e-02 1.305117706486162536e-02 1.202503075479083305e-02 1.271320887748815694e-02
-3.347941992007145984e-02 1.315156115658291762e-02 9.743010834557417829e-03 1.987247036254397720e-02 -3.227477550644604343e-02 1.610299959867213596e-02 1.158472730718547970e-02 1.486038196707595641e-02
-3.266077560569864008e-02 1.642925205518913287e-02 7.951234754113942899e-03 1.742134314372269926e-02 -3.298720154455819092e-02 1.692467636616547255e-02 8.966897847471327204e-03 1.761633788066056458e-02
-3.350919380152587307e-02 1.474066769701759365e-02 1.313767682782118577e-02 1.770421834580785184e-02 -2.922223796444077884e-02 1.268936696700108044e-02 4.640467417624195325e-03 1.774225777528594394e-02
-3.333420546785360178e-02 1.551323673437540393e-02 1.642781945168087648e-02 1.372963445686918929e-02 -2.713168122847759572e-02 1.619976635838082241e-02 6.874545322660196439e-03 8.209756261724642304e-03
-4.017382955297109370e-02 1.362093336198479630e-02 1.945168867648319755e-02 1.219705082997778710e-02 -2.869377104849540894e-02 1.567202056046316724e-02 1.409450085495227677e-02 1.619625034056859647e-02
-3.125121631772425496e-02 1.487117924860832316e-02 1.610406533823243239e-02 4.604507246513045091e-03 -2.697163835460573630e-02 1.324071630411749120e-02 8.979381900354965751e-03 1.556307673041488863e-02
-3.047595134582365209e-02 1.561207808266221880e-02 1.242598437654572965e-02 6.135439869834143425e-03 -2.564202408163662045e-02 1.480267400992745126e-02 7.297837125884707767e-03 1.372662619731848666e-02
-3.240066497909756260e-02 1.093353197937794660e-02 1.593040306370869727e-02 1.026339431576908136e-02 -2.760370108901607708e-02 1.108329118271578380e-02 1.010578025359465219e-02 1.764479350515059386e-02
-2.933457843620550232e-02 1.187774706797714575e-02 7.201895385793485524e-03 6.929712812765925940e-03 -2.888496565071079283e-02 1.140704567270653565e-02 1.833298504319848601e-02 1.758738064084279171e-02
-3.336748219199364707e-02 1.254040815106343028e-02 9.633262181293702348e-03 8.981015350709310729e-03 -2.641380629222632101e-02 8.042905239560962580e-03 1.760088204905520953e-02 1.920580772662316624e-02
-3.194666920255270770e-02 1.282327399569114547e-02 9.305577257020952037e-03 6.478997906640804327e-03 -2.339230955377868959e-02 1.242714591351217097e-02 1.216721128474741211e-02 1.570147081839546113e-02
-2.858881480998423999e-02 1.615023422249774535e-02 6.917919049440763787e-03 4.749909724476700928e-03 -2.427438632585104603e-02 1.086997604252571206e-02 1.121394577166338544e-02 1.522514326066383428e-02
-2.887267177253141984e-02 1.520169293195855476e-02 1.005290455513239284e-02 8.110544188478743810e-03 -2.664610781036024986e-02 9.319543949996431792e-03 1.323669135402607590e-02 1.286270177205468476e-02
-3.163400703556382143e-02 1.172678779377622250e-02 1.473712426764695570e-02 1.255613894175597670e-02 -2.592713665889193747e-02 8.505172513956020183e-03 1.701612632111495702e-02 7.664144153127438151e-03
-3.330795645770505409e-02 1.081656444200783038e-02 1.623661375093990791e-02 7.795634844630445516e-03 -2.800321353479914843e-02 7.052768416803514503e-03 2.037620674551644806e-02 1.622670363398319091e-02
-2.860510418244862837e-02 1.760751960205042196e-02 7.646602135115921663e-03 3.782015401838038221e-03 -3.029205266578921182e-02 6.975605517953357461e-03 2.278204052477635772e-02 1.635273759378335842e-02
-2.388607645286495301e-02 1.523139570075166677e-02 5.673898283430601173e-03 2.665197082454428927e-03 -3.082239121579704103e-02 1.024655924392730427e-02 2.039794256985442630e-02 1.438107351727182723e-02
-2.627455811027507027e-02 1.654167989978549969e-02 9.241715743253543086e-03 4.771306936713486622e-03 -3.185966874139247590e-02 1.255114665545085072e-02 1.808852688135595410e-02 1.215782499937705097e-02
-2.728939818136182777e-02 1.570684062829174124e-02 1.051337472981181236e-02 1.024497218099736616e-02 -3.694821597668124236e-02 1.435742763381483988e-02 1.872783497626075849e-02 1.367380023251910451e-02
-2.593452467659794133e-02 1.371569393286010963e-02 1.017390048539672763e-02 1.205170760924051572e-02 -3.676902659027739967e-02 1.376810273411563715e-02 1.857811584936744712e-02 1.247442104998750662e-02
-2.830892978312909980e-02 1.481657569088133154e-02 3.820814810223358959e-03 2.117237617544465850e-02 -3.710883565117511357e-02 9.691592501867031181e-03 1.543251170634077352e-02 2.100058109716866281e-02
-3.051439453135491170e-02 1.643169921055665297e-02 9.681190124310542003e-03 1.625481937479554551e-02 -3.648079852964101338e-02 7.371173115154272364e-03 1.639796801358618661e-02 2.181646018652467003e-02
-2.931207959317567308e-02 1.619705386775020448e-02 1.680735304738996405e-02 1.773602692558613400e-02 -3.539974077625155507e-02 1.326580759717838065e-02 1.310675793174313764e-02 6.739305595605084472e-03
