# ex_work for 8 qbits with connectivity c6 and unitary DM 23282978216832
-9.396235507879802107e-02 1.406706849968649420e-01 1.406706849968649420e-01 1.406706849968649420e-01 -9.396235507879802107e-02 1.406706690892610412e-01 1.406706690892610412e-01 1.406706690892610412e-01
-7.138992853115999626e-02 5.484122050020712180e-02 7.097877599028738771e-02 6.621598896065562789e-02 -8.431202885041354234e-02 5.377142207273342273e-02 7.537771310429204619e-02 5.203439969508908552e-02
-4.349220241216199268e-02 5.434647642644097748e-02 1.446071724971692042e-02 6.882135036197820077e-02 -7.086054579154224542e-02 6.429290779022138469e-02 2.969094643291617097e-02 -8.866215593467927786e-03
-4.268012779375350563e-02 4.475194950675361050e-02 -1.047113342420166564e-03 5.608646006552282792e-02 -6.184900959979831858e-02 3.976567527167593902e-02 4.137338854605662752e-02 1.403482851939737890e-03
-1.866549028178098729e-02 2.585446612871925703e-02 4.233586632281629951e-03 2.299859659180355023e-02 -4.870074324028243751e-02 1.674968105581865069e-02 3.229395333170217985e-02 -4.560039290142019024e-03
-2.029189345521578702e-02 3.129878053791797926e-02 9.001603845385151154e-03 1.017778878438032816e-02 -3.596697809378898020e-02 6.035024936089196552e-03 1.623378797447059749e-02 7.173511046780562317e-04
-2.623645480051689516e-02 2.540607991703612220e-02 1.411336894630951626e-02 1.194419466520810214e-02 -3.260572526120939646e-02 7.140303347816285943e-03 2.037245549871402606e-02 -2.678970252055912736e-03
-2.329987598128372903e-02 1.660313038790729723e-02 1.818302609557822039e-02 1.833115183011261098e-02 -3.184814945627616189e-02 3.962397424491010366e-03 1.532239914762469415e-02 -2.194180312426755909e-03
-2.539462720432802967e-02 1.950091679675784381e-02 1.512576923063804410e-02 1.485576149949837353e-02 -3.096696139052751082e-02 6.966568086752306967e-03 1.782088899588826769e-02 -2.544858756419314440e-03
-2.715196785020432615e-02 1.396596456406370979e-02 2.060601295150991247e-02 1.412098865932685104e-02 -3.670974769624802542e-02 1.348444008348261697e-02 1.654645499859230470e-02 4.311521278170618934e-03
-3.537446513244924678e-02 1.918074331921564707e-02 2.284759211486932923e-02 1.049760927854328195e-02 -3.267661513598984352e-02 1.111389205041973978e-02 2.773611465635929252e-02 -5.377035777002413887e-05
-3.267103465717074995e-02 1.360448494875071170e-02 2.037586147201267406e-02 1.441167682176895323e-02 -3.383414060158511372e-02 1.159510613797809682e-02 2.483136831030469810e-02 2.812643000975360505e-03
-2.986508256329465510e-02 1.429261500314841192e-02 2.102486301608389244e-02 1.230182311368879788e-02 -3.311437246562468073e-02 1.136101967438813559e-02 1.518083795134246052e-02 6.815274280075191843e-03
-2.929537406671998273e-02 2.081815882503375639e-02 1.774672178092541464e-02 7.210421307504251941e-03 -3.362888588030568671e-02 1.156269230706866331e-02 1.763915525420676339e-02 6.299429459083814853e-03
-3.033545931356423572e-02 1.889120592043950358e-02 2.292378245820001631e-02 5.779285290941044151e-03 -3.382267328592768879e-02 7.018651956168327558e-03 2.188569409140568578e-02 7.426472595399860425e-03
-3.053118729471909071e-02 1.396757499952341365e-02 1.866306043411413915e-02 3.950998144863464810e-03 -3.148298540254988731e-02 1.246227122203215007e-02 1.704264903999108682e-02 1.337857942245977705e-02
-3.032897745142205254e-02 1.314338712631097673e-02 9.750933943961986525e-03 1.348572747513191936e-02 -3.233260264919535221e-02 1.459218576221054525e-02 1.923560597225131702e-02 9.979084995081721060e-03
-3.252043560989387183e-02 1.373901692312783258e-02 1.615866733560991642e-02 9.106289923988345955e-03 -2.929935614237914182e-02 1.863031562512871067e-02 1.717552330332753133e-02 4.462372965264320770e-03
-2.516437153589326861e-02 1.357377072641723602e-02 8.732445784541041645e-03 7.455727159415072823e-03 -3.391522285498777683e-02 1.440621919666966108e-02 1.773470874397343328e-02 1.295095170918912977e-02
-2.921572901022279414e-02 1.646159125583748772e-02 1.252937464674152082e-02 1.437677160994527310e-02 -3.167561621719509196e-02 1.283777102885370371e-02 7.430287535594374236e-03 1.362808720397911538e-02
-2.972758807074972823e-02 1.123885391397586204e-02 1.337583409090351179e-02 1.483013433759402394e-02 -2.776800890571659228e-02 1.201518445290711279e-02 8.159388492558566908e-03 1.216038200557846734e-02
-2.804760457688049852e-02 1.343606467565560715e-02 1.031324540336805463e-02 1.251982809088734300e-02 -2.937345359270686698e-02 9.574726024897282570e-03 9.893156570556459889e-03 1.594169650853291195e-02
-2.877795096744555428e-02 1.813653892937085177e-02 6.705885557491221560e-03 1.236275228564863611e-02 -2.805631580097725508e-02 8.322799289528295952e-03 1.333991768427406251e-02 1.212765927234465448e-02
-2.833813484110847200e-02 1.732498911668680502e-02 1.145538733921696271e-02 1.187198813986993680e-02 -3.578545020197810428e-02 1.290124182096984845e-02 1.473420893143294330e-02 1.441196444079773271e-02
-3.134333422754035509e-02 1.181832241304129304e-02 1.424946526552423910e-02 1.395836537821002268e-02 -3.493142064692320720e-02 1.781421837642473485e-02 1.859549054895000275e-02 9.790941954756996607e-03
-3.114250276921652974e-02 1.191973859084952993e-02 1.037679586941687125e-02 1.478026728578329604e-02 -3.481016736139320999e-02 1.774402195077470074e-02 1.731708969545861856e-02 1.348132709783514231e-02
-3.068380353639432734e-02 8.418949877923315867e-03 1.565440987065228745e-02 1.857957623146776205e-02 -3.003170407404605335e-02 1.248211796750539615e-02 1.388107614891578336e-02 8.113488461250891945e-03
-3.403483120657722905e-02 6.640525266467737185e-03 1.277917230186064942e-02 2.415329346803359728e-02 -2.698897444976280924e-02 1.481704127274528077e-02 9.326545732195285626e-03 1.062275275790179087e-02
-2.854494787810750445e-02 8.282977670087713143e-03 8.115459099512688235e-03 2.454390063988959314e-02 -2.837133977435088092e-02 1.031900188278232246e-02 4.852239562454827883e-03 1.578810312539502200e-02
-2.928327112011349861e-02 9.671333772738431242e-03 7.297833555000896033e-03 1.422493947764555920e-02 -2.823542095064868196e-02 1.362184355917123342e-02 1.019203993499005582e-02 1.697131691888527361e-02
-3.320031704422565788e-02 8.645448401237054020e-03 1.043305465396856917e-02 1.705081346662051106e-02 -2.487762787809155718e-02 8.643429906682381300e-03 1.232524703285095037e-02 1.611286079002021213e-02
-3.567049634478811071e-02 1.558530042009229934e-02 1.918557310118209486e-02 1.239879038216454808e-02 -3.013512146212200468e-02 1.227567738843349590e-02 1.408506327620960910e-02 1.191536684107496503e-02
-2.785836120324007917e-02 1.708917890226935299e-02 1.754323612719482436e-02 1.929605293494660685e-03 -3.058258278999206534e-02 1.378174661615095935e-02 1.352019338436841363e-02 1.010014619925265512e-02
-3.171839851160081908e-02 1.439381951359636029e-02 1.649142009725183128e-02 1.090264149898070335e-02 -3.211009233860932094e-02 1.558050262606629384e-02 1.267834179508148251e-02 1.186833802018727457e-02
-3.288990143011544937e-02 9.343119652101493020e-03 9.652713342420921744e-03 1.670459210406887926e-02 -3.055298179953560081e-02 1.393657078871349958e-02 1.730133841606995571e-02 1.452960320714111707e-02
-3.346370026195966824e-02 1.132686918770803644e-02 7.918031950837451163e-03 1.226945077211401280e-02 -2.994267578301908553e-02 1.817957084610144491e-02 1.512239144855096092e-02 1.669469585574825249e-02
-3.498165052195310182e-02 7.543501575179476296e-03 1.183140024326267623e-02 1.655277910224671467e-02 -2.819024051929411301e-02 1.878280410476920043e-02 1.692171234374548194e-02 9.807391234868772373e-03
-3.210771046571585241e-02 1.250546992964452798e-02 1.308855488990841483e-02 1.093882057445609915e-02 -3.081296633264304224e-02 1.967898522666512370e-02 1.214645623885941134e-02 1.218538124277181688e-02
-3.217638516434213197e-02 1.208074346416577842e-02 1.511784033219552327e-02 1.286787522704541109e-02 -3.466602362328466413e-02 2.023721206009132523e-02 1.515130020822546067e-02 1.166014365325638950e-02
-3.388260978636061654e-02 1.195877633021789899e-02 7.864487474999726918e-03 1.758112137991137830e-02 -3.385826981655393891e-02 1.995501277255121858e-02 1.679438403455424389e-02 1.467220192626435098e-02
-3.449159314266560250e-02 1.357392279229564791e-02 1.188385574415287520e-02 1.256516759590298182e-02 -3.342932588527845056e-02 1.470791324825686773e-02 1.868168451601946375e-02 1.745675745766344170e-02
-3.969220046180330086e-02 1.785524303599079349e-02 1.393214091771057504e-02 1.499926669828698274e-02 -3.662914791779021961e-02 1.802577368932772872e-02 1.663632044312487665e-02 2.252698072403670759e-02
-3.638891130365658200e-02 1.502699651142117010e-02 1.359116866138037651e-02 1.226391545974833339e-02 -3.338464934389204219e-02 2.124639405750754564e-02 1.143485438478230101e-02 1.872850205580875796e-02
-2.966271217430504342e-02 1.082767185909287722e-02 1.155210892537043496e-02 1.007924641181151895e-02 -3.816774732188449315e-02 1.932669584457363116e-02 2.138919379200504567e-02 1.630145586798744869e-02
-2.675679870601260085e-02 1.127736130147476319e-02 1.046258828224925531e-02 4.497112934441376865e-03 -3.177567672061756138e-02 1.432187168307418393e-02 1.707770400750420123e-02 1.627024378673776889e-02
-2.915830023471198060e-02 1.232188858164464523e-02 9.436817564814948406e-03 1.059068187059718918e-02 -3.088054558786285791e-02 2.164356277171245596e-02 1.499117671776686346e-02 7.279234539433156008e-03
-3.651395117361658921e-02 1.136002999819142427e-02 1.548560549027388870e-02 1.526197381208346804e-02 -2.733855653600896982e-02 1.873672097552954788e-02 1.162497368403426178e-02 1.007597671536880450e-02
-3.461935885092028153e-02 1.823365184381180518e-02 1.140657091268971156e-02 9.845614728706351265e-03 -2.786284981403522321e-02 1.817822028964390102e-02 1.250751621088291334e-02 1.000985884487094399e-02
-3.410667274747069405e-02 9.037855117058441953e-03 1.407850102458479448e-02 1.118652343002850789e-02 -3.124852975290497159e-02 1.785396254339754671e-02 1.680711602049374948e-02 1.569481968396292670e-02
-3.342345361644775970e-02 9.409018930761551061e-03 3.092959079266344516e-03 1.274811517121608208e-02 -2.578886975684785074e-02 1.368512121719720268e-02 1.794788654606362804e-02 1.854100370185854385e-02
-2.765315364678687382e-02 6.099365992144801032e-03 3.615018317034906364e-03 7.948519837461412094e-03 -2.738559874514644166e-02 1.884145758266133827e-02 1.124136572212665677e-02 2.128958428927021224e-02
-2.761583648965911658e-02 8.092993690400888951e-03 3.099207131321263849e-03 9.450324744574474523e-03 -2.432754377636582935e-02 1.381326386755684157e-02 7.150386892737763816e-03 2.271071072719428249e-02
-2.888805612263089032e-02 8.231871180914852523e-03 4.013030208234505923e-03 1.276716884802604410e-02 -2.572680259334245156e-02 1.627538444247686802e-02 8.321278101971059729e-03 1.834438622118007151e-02
-3.106125838468952113e-02 1.086630160299180067e-02 9.102129276553369217e-03 1.050833590026023327e-02 -2.621190035943717425e-02 1.797627128440125455e-02 9.834631505277855942e-03 1.337344638643583883e-02
-3.112148671822713777e-02 1.619268937690459403e-02 1.184872802157896886e-02 4.924046974972107887e-03 -3.034331044777397249e-02 2.089072772249728552e-02 1.119030608249420473e-02 1.356668455830207891e-02
-3.226498875772067926e-02 1.325717413457751931e-02 1.001452427414031669e-02 5.478329328089160538e-03 -2.812474476312026156e-02 1.789169369273474822e-02 1.711858355872137097e-02 1.304319683776235424e-02
-3.342929638821819094e-02 1.483839272377123104e-02 7.821430116531431082e-03 1.522311136124946014e-02 -2.874648502290801794e-02 1.989066181773581354e-02 1.124101877664704721e-02 1.061698916771319952e-02
-3.028106833642900397e-02 1.493552413867482546e-02 1.013584718538732346e-02 1.311033405820207984e-02 -2.951308601855074168e-02 1.625745717014370068e-02 6.752574880990140117e-03 1.437000193988815198e-02
-3.354065775303003566e-02 1.040796790159452360e-02 2.505060342074357915e-03 1.679401331966485708e-02 -2.537172442133822647e-02 1.687666113630783421e-02 1.215255153245189436e-02 1.621624390735678517e-02
-3.019060771027418794e-02 1.291016687746326247e-02 2.087606314461004208e-03 1.400553939644697335e-02 -2.411280803667876366e-02 1.411810456082267587e-02 9.950406083234778626e-03 1.439515571180054881e-02
-2.616341687475409739e-02 1.477092464862466564e-02 4.315590894875985170e-03 1.096424021326507410e-02 -2.830442986920825299e-02 1.290611448226112665e-02 1.005290269664866135e-02 1.435385857521453284e-02
-2.840608833552535351e-02 1.115156599675718938e-02 6.127207453828572778e-03 1.090602543356240621e-02 -2.429109114919169102e-02 1.575337133463777795e-02 1.057091034347741425e-02 1.010873336766775384e-02
-3.069375051706758895e-02 2.057195113124952665e-02 9.344512611835054106e-03 1.255500960148794344e-02 -2.550005183000149736e-02 1.612764424433781041e-02 5.314224241726927742e-03 6.638514896861897989e-03
-3.675836300692415098e-02 1.967328731571812983e-02 1.138469773064452149e-02 1.473018053447653145e-02 -2.707042818769770168e-02 1.073858993744622632e-02 1.380195860362175633e-02 1.222288425566770732e-02
-3.337657807140806399e-02 1.823914931603719605e-02 7.984929481990209882e-03 1.101215267771756164e-02 -2.999463527885866745e-02 1.400372762154082108e-02 1.516258013856529308e-02 1.500969827996783378e-02
-2.642827736520361737e-02 1.389927324896745968e-02 7.781270201510988305e-03 1.482146512429975867e-02 -3.164361239905760098e-02 1.088225058384883516e-02 1.432038897772167953e-02 1.114615489028864502e-02
-2.523170856004239987e-02 7.553356755580001129e-03 1.147630173838090628e-02 1.657527705626141504e-02 -3.439746557961678025e-02 8.725255906443012133e-03 1.786102941147540285e-02 1.364020307352608631e-02
-2.545358903366196079e-02 4.311762108783930882e-03 1.148126526463690185e-02 1.047501307554738782e-02 -3.068334328956996357e-02 1.163965887559062495e-02 1.591129644339735541e-02 1.630389007094433171e-02
-2.496099522559249231e-02 1.006864157438983921e-02 1.557165431839395951e-02 1.156535963909691156e-02 -3.605669120003514305e-02 1.072521678520010728e-02 1.562667506604236214e-02 1.444822033834900800e-02
-2.570175315926469944e-02 1.108425150763919960e-02 1.636420643459543522e-02 1.044284320254228182e-02 -3.439321367142510188e-02 1.289509498832039879e-02 1.348754070493368186e-02 1.195787404430275792e-02
-2.923329058361564051e-02 1.396583124369249820e-02 1.115337561515524975e-02 1.395738484102527696e-02 -3.297034110030323123e-02 1.010924578442361048e-02 1.796230628081386255e-02 1.224257910078860832e-02
-3.157399283764454612e-02 1.390347934515870701e-02 7.763294960574929938e-03 1.462886214982683439e-02 -2.976273634238512864e-02 1.019540849484162903e-02 2.026919389299702834e-02 1.142638882040327222e-02
-2.966832188275406526e-02 5.805678460786729833e-03 7.196530335758382496e-03 1.359697074014270569e-02 -2.931286504237480550e-02 1.554578117376142522e-02 1.913446258765431895e-02 1.329805551688412711e-02
-2.659254118485339033e-02 3.519367923276495863e-03 1.238446932732693503e-02 1.344821888464496108e-02 -3.168286261831960993e-02 1.710615111807287786e-02 1.643783769499677569e-02 1.067730942795683605e-02
-2.740316219475845416e-02 1.257385226006158506e-02 1.613744729330532715e-02 1.148250405888324999e-02 -3.336088098994854229e-02 1.220584978405112389e-02 1.333767542882020180e-02 1.133100355403879149e-02
-2.923383436298755342e-02 1.428032182466669464e-02 1.602585346126507784e-02 1.041648056103673496e-02 -3.085078008594250784e-02 1.315671489794260386e-02 1.134593590821178152e-02 1.062992130246817601e-02
-2.984793014326869373e-02 1.492791981821508032e-02 2.142771053681464047e-02 9.572022835735331109e-03 -3.271795575406362400e-02 1.208566181707309249e-02 1.291118821054982463e-02 9.306619292290076173e-03
-2.847647476441061629e-02 1.215009284793772994e-02 1.840899829314218347e-02 1.270700723988467742e-02 -2.975573069459126058e-02 6.442550914529775706e-03 1.275278875666839389e-02 1.068964501313165484e-02
-2.862560245405400272e-02 8.957319215204108051e-03 1.701698421269131831e-02 1.418062169480653958e-02 -2.957141457756619352e-02 8.312046869664803730e-03 1.498758304611287270e-02 9.603466469924212129e-03
-2.674576222668840347e-02 4.084661245498055759e-03 1.686380128729000893e-02 1.602043061591975487e-02 -2.668335807089532857e-02 7.307218921620227924e-03 1.280891745423030567e-02 8.939342836048967331e-03
-2.473069266761715804e-02 4.625247082417841514e-03 1.609287110107147228e-02 1.301928046985965925e-02 -2.389906895232277867e-02 8.461111459783818983e-03 9.062157265651770918e-03 7.484610166846589543e-03
-2.626216202748643189e-02 5.726199527200444284e-03 1.380055139265519253e-02 1.762255149343773530e-02 -3.127542135607365437e-02 9.073450348813041216e-03 1.872839811631689388e-02 7.572102705645936474e-03
-2.765561931658647513e-02 1.104493506519991543e-02 1.628263364358234488e-02 1.780195980315176993e-02 -2.879868454668726638e-02 7.373132794050401943e-03 1.278588909386897503e-02 5.307187929819834511e-03
-3.570977345064884484e-02 1.395015239146106013e-02 1.145499389055309666e-02 1.397937357704474512e-02 -2.870633754796154263e-02 1.563274948458214311e-02 1.916919265831045979e-02 9.131455299589689989e-03
-3.354839857582952306e-02 1.770621318759639171e-02 1.438102920352675278e-02 1.389793040832764705e-02 -3.546498404066979887e-02 1.431672325491990284e-02 2.400461524293352050e-02 7.001947136291911469e-03
-3.260239719005490061e-02 1.730381263559143193e-02 1.856440802671550233e-02 1.282566777211529077e-02 -3.010445820383758284e-02 5.672645149119719642e-03 1.582571714246750263e-02 1.035481698290925852e-02
-3.386253639228898465e-02 1.327952283446514822e-02 1.305267793709158006e-02 1.602158495793070195e-02 -3.032712223977208910e-02 1.159217977331234058e-02 1.083257038464353374e-02 1.785496228013400480e-02
-3.322982898323369877e-02 6.950457665823696687e-03 1.347612857428833605e-02 1.644892260686178775e-02 -3.312911301456299140e-02 1.423694406437507956e-02 1.694624773005170768e-02 1.836528236576562279e-02
-3.484015848759005468e-02 8.283193703297948851e-03 1.971127130682129996e-02 8.163777970330273262e-03 -2.993049602833129652e-02 1.822738624671286709e-02 1.584989490766110579e-02 1.382601142557400575e-02
-3.089516196343927712e-02 1.055021135341674930e-02 1.606942209022061557e-02 3.384111157851732964e-03 -3.012750276817935044e-02 2.127438207804464160e-02 1.223101940432225025e-02 1.457084514559451975e-02
-3.610648940585238498e-02 1.165370392299287447e-02 2.048526007187642661e-02 1.402185420444995896e-02 -3.545272809893849214e-02 2.135732497781886105e-02 1.786988450996415678e-02 1.016382925810166774e-02
-3.598958654944271057e-02 1.552865209308575481e-02 1.569231118072715245e-02 1.378832741058036784e-02 -3.233112714586040132e-02 1.799998138382122304e-02 1.272091864369566221e-02 1.380752103009021646e-02
-3.480233287376131857e-02 1.606052086170490015e-02 1.619257912232980809e-02 1.717304400876665249e-02 -2.978042042076040410e-02 1.855633265966961584e-02 1.046549955678640134e-02 5.347675734952751954e-03
-3.282085861525903953e-02 1.254573462487628202e-02 1.209422357025838508e-02 1.964395403267546816e-02 -3.104055939069073553e-02 2.118398249081568027e-02 1.031934458360034626e-02 6.800500128662873879e-03
-3.109315781557166897e-02 8.959550455424141260e-03 1.660587011771534963e-02 1.519563549202309488e-02 -3.127767770449715878e-02 1.657553427587756673e-02 7.857858936255767909e-03 1.457307169975573767e-02
-3.254372225369033672e-02 1.417870956939982878e-02 1.253743980696737925e-02 1.550187820809831481e-02 -2.846368034059448479e-02 1.791645044139254100e-02 5.885986454727079945e-03 1.166998470854656127e-02
-3.400527254311690173e-02 1.709078331344793950e-02 1.405146039324274392e-02 1.488319834056935249e-02 -3.011411825842453399e-02 1.860390108743522827e-02 8.894446921549057847e-03 9.216929723202841804e-03
-2.747618163263107136e-02 9.626004126447262887e-03 9.608589768617576549e-03 1.723753999877318185e-02 -2.774404705328582105e-02 1.652241034331974542e-02 1.081939349344990253e-02 4.835267729082964004e-03
-2.759669661967857623e-02 1.427480642545883756e-02 8.661788830969550240e-03 1.534746625904650011e-02 -3.153801699147491810e-02 1.789808333167057855e-02 1.674007760779553863e-02 2.233067384025252608e-03
-2.892142007259663333e-02 1.279892025184674320e-02 1.142707058472052818e-02 1.629100383268234156e-02 -3.436756403737598747e-02 1.778237900554873255e-02 1.057049021588668189e-02 1.239058493197232880e-02
-2.927144718162085282e-02 1.816464085961462874e-02 1.206128208635567044e-02 2.236650134317684849e-02 -4.077725829766063598e-02 1.275661020965549418e-02 1.442347307050274169e-02 1.373942342147082066e-02
