# ex_work for 8 qbits with connectivity c6 and unitary DM 22531028048320
-9.396235507879802107e-02 1.406706849968649420e-01 1.406706849968649420e-01 1.406706849968649420e-01 -9.396235507879802107e-02 1.406706690892610412e-01 1.406706690892610412e-01 1.406706690892610412e-01
-9.326655207016212867e-02 4.124851247576193092e-02 9.508324256429857846e-02 9.508324256429857846e-02 -6.523989680721468953e-02 9.508324256429855070e-02 9.508324256429855070e-02 1.956967073173894109e-02
-6.125528675736691131e-02 1.903969279511159157e-02 3.703754704490810207e-02 3.827496249109394594e-02 -5.661159283898407196e-02 4.155682877534073311e-02 5.249304614796328899e-02 1.817738009005433197e-02
-4.363216835597307636e-02 1.536350006081750423e-02 2.291420335306810357e-02 7.538839868832406498e-03 -4.826371022403089239e-02 3.722977448267908440e-02 4.801961941363647179e-02 9.897284203344019690e-03
-4.398330116320519484e-02 1.441582231077069912e-02 2.352264311773995947e-02 1.714073911021827407e-02 -4.168277665420370287e-02 2.713325097370922201e-02 3.335547051842416288e-02 8.324248500592027269e-03
-4.644962086095657389e-02 2.067798579951492591e-02 1.413119538577395015e-02 1.073160488270227461e-02 -2.876030143585735221e-02 2.917163156067583210e-02 1.689445965793616097e-02 1.303045477234286015e-02
-4.867798914011229466e-02 1.539911954978241161e-02 2.437920503717173545e-02 1.023921660514008972e-02 -3.068875950691089469e-02 3.069338035625115979e-02 2.002611286700651042e-02 1.227613381246952205e-02
-4.016828870607183632e-02 1.581217551744986197e-02 5.947033604057102088e-03 5.185095272038350855e-03 -2.544377674327322203e-02 2.173810964613458532e-02 1.773436336846712091e-02 2.080325274184668949e-02
-3.102088438440184573e-02 1.228991381466625239e-02 7.391808360633366631e-03 6.762108340728031040e-03 -3.372514813453823118e-02 1.912390884703034366e-02 1.471760383109684163e-02 2.413154797995699374e-02
-3.279447046434127988e-02 1.248370842275505627e-02 6.326635635739260438e-03 9.102721771954289803e-03 -3.121614215910939807e-02 1.213722926484294730e-02 2.493668857041803771e-02 1.815968275762789783e-02
-3.606587863334229094e-02 1.206339284750223596e-02 8.445862230979568966e-03 1.251592149113576677e-02 -3.322394768663485681e-02 1.362242448734255103e-02 2.352496059502180367e-02 2.173995026588814231e-02
-3.333772451226663103e-02 1.440938306398234156e-02 1.784656528297640793e-02 8.240152078909077776e-03 -3.218092179567454830e-02 1.122228305289978481e-02 1.426365205207065154e-02 1.901932236259504250e-02
-3.625066376286057573e-02 1.394049441321438230e-02 2.037366027480200584e-02 1.458632095698294238e-02 -3.326126302135008761e-02 1.313630183592561819e-02 1.503608438207231640e-02 1.457343845673603026e-02
-3.330177369733056808e-02 1.200543640379449217e-02 1.897961204427776535e-02 9.970303325320138688e-03 -3.206563308874393198e-02 9.438295899209891635e-03 1.786283844273632224e-02 1.651890427050534821e-02
-2.838495963312888393e-02 1.677468762581173223e-02 1.513077213928289491e-02 9.744535686430431942e-03 -3.446997874735864553e-02 1.054307304518001080e-02 1.431742654629219319e-02 1.406224076424051651e-02
-2.520964779428744307e-02 1.457946209980335792e-02 1.534235351481618055e-02 7.440757508574975636e-03 -3.606267737068490076e-02 1.266729977317986554e-02 1.447120932715821422e-02 1.394293531944695852e-02
-2.731942925251923740e-02 1.784958448449339152e-02 1.259162689130214653e-02 9.860425791425927317e-03 -3.618737064185706398e-02 1.861041715543632763e-02 1.504789045223619247e-02 8.153602914991122178e-03
-2.938896502321188334e-02 1.785730100569061368e-02 9.991559442879273736e-03 1.080491712011924683e-02 -3.072938623423295337e-02 1.728440823532996495e-02 1.145188635302210427e-02 8.749189459968166951e-03
-2.756123899916009673e-02 1.477588120686484409e-02 6.776944448000046806e-03 1.120903007405075341e-02 -3.042302232061128500e-02 1.758178289768424010e-02 1.339225193198287540e-02 9.072492865040209312e-03
-2.668692014171919480e-02 1.464465513592500510e-02 6.649984313748450240e-03 6.408195295116724671e-03 -2.958363989580098385e-02 2.144159623509829179e-02 1.033148715412876041e-02 1.104228026574512710e-02
-3.468276299732471479e-02 1.591860906225835148e-02 1.203713874930798129e-02 9.329626036805108158e-03 -2.761558320123611715e-02 1.502386667912652615e-02 1.427214529211707703e-02 1.310755511303983434e-02
-3.024827151513656207e-02 1.551503303385210961e-02 7.542096741586712047e-03 1.211425930299372435e-02 -2.856127491456833534e-02 1.788149548112542495e-02 1.394265483929286661e-02 7.159941461016747742e-03
-3.227140708196678254e-02 1.165833617647884374e-02 1.220486230217838163e-02 1.438253409734485157e-02 -3.039315395848251125e-02 1.347205401154088697e-02 1.781918676063816084e-02 1.052570542667961503e-02
-2.920494499884363979e-02 1.508494009287262606e-02 6.947972747823317335e-03 1.193052317336644637e-02 -2.999447064884466774e-02 1.675357619505069354e-02 1.049851936217424848e-02 1.339240658512734494e-02
-3.265933178794614561e-02 1.865686867330960605e-02 7.500692777008673325e-03 1.266999881958196308e-02 -2.637355677929672029e-02 1.195820849055518470e-02 9.683073294436617823e-03 1.412888514441131872e-02
-3.392066462499569723e-02 1.426056447970511405e-02 1.146237333386740560e-02 1.516698112196357591e-02 -2.870551378865904626e-02 1.385191436106196321e-02 1.410591940745238582e-02 1.118578845440816073e-02
-3.291759721936617783e-02 7.124448182810922021e-03 8.512234309122011441e-03 1.513152798069433529e-02 -2.530503935897503165e-02 1.496061784448059380e-02 1.915078312422300796e-02 8.729540481135516020e-03
-3.106067512940289405e-02 5.841295582065156311e-03 1.105212613601910115e-02 1.873347807836133957e-02 -3.025224906231001668e-02 1.543211297010116043e-02 1.610740522415361406e-02 1.103939558471794119e-02
-3.276809632930095112e-02 1.172942898954767131e-02 9.553991875183534543e-03 1.624461819171525365e-02 -2.862988604487146788e-02 1.584392566228089161e-02 1.513891953662557105e-02 9.636425798588124994e-03
-3.352465396563669708e-02 8.946609807449677765e-03 1.059877587522447401e-02 1.961550288016666171e-02 -3.076187878978984755e-02 1.342562031787051038e-02 1.494386716163206667e-02 1.540410191688853028e-02
-3.252811461166148221e-02 5.649097397080330915e-03 1.161920995511607838e-02 2.040936197604161992e-02 -2.970701077078894900e-02 1.754415862972578954e-02 1.199178001290000274e-02 1.263680362488162241e-02
-2.609133097227139819e-02 6.372352727867906103e-03 1.187209483771077545e-02 1.592848712842994535e-02 -2.944145754482576510e-02 1.206823611392182291e-02 1.129442785726929993e-02 1.134653921867045598e-02
-2.599084051152966354e-02 8.982564312058202369e-03 1.178975980241536020e-02 1.428801287678614466e-02 -2.891589694966172422e-02 9.408223536474373885e-03 1.019996623104204789e-02 1.313031070957374445e-02
-2.740544949999589031e-02 1.044228214415720418e-02 9.093280154381782124e-03 1.845761078816851586e-02 -3.327879979577049591e-02 1.007254525592640379e-02 1.457921302928054559e-02 1.451864047115216348e-02
-2.733524835865798475e-02 1.725859273281891981e-02 1.167591494159255817e-02 1.652434341848807789e-02 -3.559422298853048144e-02 1.070417598495281182e-02 1.122873167693462688e-02 1.347844955784405913e-02
-2.653478057373091087e-02 1.595575465941720394e-02 1.222313518071259549e-02 1.311213543416129765e-02 -3.447999826799073159e-02 7.229225697455239977e-03 1.495120524245991366e-02 1.430023860009544019e-02
-2.779305535259279925e-02 1.104149938455355022e-02 8.534740902337686203e-03 1.856099784402213959e-02 -3.103171082427045799e-02 5.959724000658812859e-03 1.655441672889160221e-02 1.366831736851520200e-02
-3.156290420834132610e-02 1.319338447624215926e-02 8.731012416635772558e-03 1.281614673755909067e-02 -3.254607412482424939e-02 1.110628881443755274e-02 2.251596227413672074e-02 1.441214607097646323e-02
-3.217043711229493341e-02 1.944808919264135946e-02 7.720202566622615808e-03 1.548788083920776479e-02 -3.555937215825465819e-02 1.425390748274205262e-02 1.884078614531437684e-02 1.310856698138806661e-02
-3.119943529569511875e-02 1.763532023943782320e-02 1.334891648222926580e-02 1.069289383515518652e-02 -3.582766621079472996e-02 1.282159162397882197e-02 1.651663825262933774e-02 1.643821846533518108e-02
-3.093362900546940339e-02 1.655867110220664642e-02 1.062685587829791112e-02 1.128393605692368587e-02 -3.707422337952789859e-02 1.666383509521601747e-02 2.009469872335955393e-02 1.412756938799067732e-02
-3.081510481826678013e-02 1.273963075487152818e-02 7.226776716916417584e-03 1.760735296684685230e-02 -3.386467808058327839e-02 1.776899169202311723e-02 1.226955579458781365e-02 1.603808992420971413e-02
-2.901341943731600495e-02 1.254793309514344070e-02 6.420579793194343583e-03 1.350290242893860751e-02 -3.234933362821705571e-02 1.984720049204841477e-02 1.294612928148105788e-02 1.299326268997237632e-02
-2.797100482032576982e-02 1.136586006662633659e-02 1.064697334155050371e-02 1.303897844731044704e-02 -3.401615130304226631e-02 1.489507055544928710e-02 1.563273956651438021e-02 1.348711116689190782e-02
-3.181110008692610708e-02 1.034463254441714448e-02 1.354600370468055960e-02 1.203605856534494152e-02 -3.168688326054918541e-02 1.363949865671462182e-02 1.535231948019208023e-02 1.645225900495581040e-02
-3.153930932138911819e-02 1.032518068162530459e-02 1.517850745426374548e-02 7.999249028890580843e-03 -3.215601035680946268e-02 1.539613166775273372e-02 1.571696767955013327e-02 1.727940794318350362e-02
-3.261422357813511391e-02 1.266723198727617676e-02 1.440901848086950134e-02 7.855353805898383432e-03 -3.172298531692194917e-02 1.299025710350670999e-02 1.900899072303413595e-02 1.604504476499081511e-02
-2.911657228813642126e-02 9.739486853405960806e-03 1.190724888742488059e-02 1.020212441507402194e-02 -3.137655857001461768e-02 1.568836670354155013e-02 1.795684139043385308e-02 1.116280197135048093e-02
-3.075218745349283384e-02 9.198243717341490072e-03 1.374167216723454037e-02 1.200818328079007562e-02 -3.489721809844831962e-02 1.772762501639823379e-02 1.833469673165675010e-02 1.419712632430064625e-02
-2.992833989170528772e-02 7.068980061821065509e-03 1.377887282763628519e-02 5.161780190381168656e-03 -3.037843397198780257e-02 1.895548389432021377e-02 1.756039007517712705e-02 1.428878927120920926e-02
-2.957445083076949005e-02 1.041093537534000003e-02 1.670976723553671203e-02 5.451260244844833083e-03 -3.488823943504025527e-02 1.590190775636720830e-02 2.029643222597540125e-02 1.488508965533249032e-02
-2.874309972411566785e-02 5.200580771414771257e-03 1.422040477298946656e-02 4.957516260146869677e-03 -3.079220970002760280e-02 1.858404939627050084e-02 2.016934653328690541e-02 1.272592856942967275e-02
-3.242815104212498634e-02 7.123793645853646397e-03 1.116664190159403526e-02 1.146857596299290412e-02 -3.299243672734942373e-02 1.641739915812862050e-02 1.874371503227907285e-02 2.012786606665984898e-02
-3.647268254755938605e-02 9.460000420375418162e-03 2.058951878547119613e-02 5.606807905031473485e-03 -3.172802985646663160e-02 1.610625829480091808e-02 2.143908989758079586e-02 1.702647405158911470e-02
-3.084137565358414587e-02 1.686783064787781769e-02 1.154067237181997246e-02 7.152614819247612304e-03 -3.414640304451816571e-02 1.566961382283431695e-02 1.737609387800876162e-02 1.554886049663825945e-02
-3.305926791636487616e-02 1.373167069987568135e-02 1.313237690149860436e-02 1.202985343827687841e-02 -3.530359173092068037e-02 1.253867593846580072e-02 2.012055059582400565e-02 1.818544963044382498e-02
-3.240781597887285037e-02 1.547313506746213034e-02 1.033483482154480548e-02 1.118884399647190712e-02 -3.109768591036586941e-02 1.034205683920079444e-02 1.664376892322571092e-02 1.755488079534564885e-02
-3.565845402848333290e-02 1.575986246874828620e-02 1.251322500318295325e-02 1.005212561552760141e-02 -3.013678210477960251e-02 1.081805462244061697e-02 1.695429098032356224e-02 1.947228312798801597e-02
-3.647441593578050478e-02 2.085706312707354820e-02 4.158516796490780570e-03 1.015076800246345404e-02 -3.055967754945828480e-02 1.487960176909868676e-02 2.309964120845876129e-02 1.535724377508221675e-02
-3.348170960335071500e-02 1.766775869631018875e-02 6.644975621914414946e-03 8.715625145081758521e-03 -3.177895312145321421e-02 1.448145404787182754e-02 2.059826797857213301e-02 1.678102756243595936e-02
-3.388150667982880310e-02 1.669388671009117142e-02 1.091861063976580157e-02 1.170251534399925283e-02 -3.266221708671384477e-02 1.235507888184585526e-02 2.138906827636230176e-02 1.364966063983735940e-02
-3.212683277666635029e-02 2.178459217297884845e-02 7.488259050142987566e-03 1.482367408688019424e-02 -3.043125533875030639e-02 1.236457446167853018e-02 1.462654257187067687e-02 9.231134735566038849e-03
-2.987683235989105693e-02 1.520815613563260976e-02 1.393943399634576391e-02 1.199713803982943236e-02 -3.302729458860086120e-02 1.329249278469077367e-02 1.567527613653887930e-02 1.031731614836256354e-02
-2.723129988556543743e-02 1.381658115516629613e-02 6.669144448800126516e-03 1.357631956650235013e-02 -3.186704551904605970e-02 1.521033752313483492e-02 1.477218936872726034e-02 1.047687671591904061e-02
-2.840394227302566951e-02 1.383144266936282667e-02 5.999716363249575808e-03 1.737447348655301455e-02 -3.334907901425281096e-02 1.056022180321752532e-02 1.464913987849908970e-02 1.654783003533466176e-02
-3.149348431455613329e-02 1.190445142115238719e-02 1.156455190352869908e-02 1.370194035141615412e-02 -3.333611610411153781e-02 1.436967351248543724e-02 1.876533266117751814e-02 1.333049928494875296e-02
-2.838660530522884098e-02 1.487900851066615085e-02 6.805373108346871383e-03 1.194331706636848206e-02 -3.408585968876219618e-02 1.113766320581438887e-02 1.969954223709514604e-02 1.574272496940095495e-02
-2.508652368436008195e-02 1.703147512945536041e-02 1.908041965774139991e-03 1.241159489518905805e-02 -3.391621104426813943e-02 1.007090796438796405e-02 1.841067158290188993e-02 1.544674276827887396e-02
-2.885325720476132269e-02 1.397622276903859838e-02 8.913790679280211501e-03 1.518650754305029930e-02 -3.036600174286729903e-02 1.661770926222485775e-02 1.179973613673095979e-02 8.143003680841184866e-03
-3.065248599679962910e-02 1.488376572040485749e-02 9.268691071516867858e-03 1.709853277208419134e-02 -3.075869710654518738e-02 1.945213178675932533e-02 1.097791337472979120e-02 6.731466804945227846e-03
-3.287379677626075386e-02 2.016011659502927461e-02 9.740422066858062805e-03 1.653551762417842033e-02 -3.053076778252274831e-02 1.495801281337712056e-02 4.834468458835264673e-03 1.561218381132775147e-02
-3.352319140850473778e-02 1.185256279007032218e-02 2.120873664343879070e-02 1.500123523016502931e-02 -3.397730321117440472e-02 1.516422478329503866e-02 8.711186817228011928e-03 1.645031670378988356e-02
-3.698322794077774783e-02 1.291707927228196058e-02 1.744418119976201900e-02 1.541532173307998826e-02 -3.266688678177655236e-02 1.257692997439351090e-02 1.504172332729001790e-02 1.852723135495119855e-02
-3.313838085976886227e-02 8.416808089626214018e-03 1.393283229728781332e-02 1.684607117144148666e-02 -2.808775526068705772e-02 1.010536219673210251e-02 1.482932939910482951e-02 1.378866129796560772e-02
-3.733893244858506322e-02 1.190165343267819524e-02 1.258023677997637674e-02 1.546059932413964763e-02 -2.630351603699237345e-02 1.373050881913069968e-02 1.464200340725190647e-02 1.387444015810792436e-02
-2.906791051556748343e-02 9.267843278912632141e-03 1.691387548843618915e-02 9.539148574392605426e-03 -2.690899052181035256e-02 1.102650032583929983e-02 1.202823622853440612e-02 1.071811906818174315e-02
-3.277562152080420316e-02 1.649133276202037132e-02 1.381569720931851569e-02 1.067182898751578742e-02 -2.693162776243664819e-02 1.655662422596262603e-02 4.761168052939819713e-03 1.347108933518089552e-02
-3.607780734087080721e-02 1.621378125675834725e-02 1.297548381326262337e-02 1.700855028491975521e-02 -2.949578345144596853e-02 1.279945345019200230e-02 1.480690701282181589e-02 1.125587312965277247e-02
-3.321359567938446389e-02 1.415026660904433568e-02 1.248251659994236221e-02 1.717299263692741162e-02 -3.002527907277137420e-02 9.101110275403292982e-03 1.184361617432140405e-02 1.634618554139586830e-02
-3.760165711790475901e-02 1.849371746860184462e-02 1.207113570028624933e-02 8.497096893711341900e-03 -2.747574497416178235e-02 1.223633423720005102e-02 1.731744435395264278e-02 1.616396617351281012e-02
-2.843637888828690757e-02 1.236288865740955631e-02 1.278759868612924615e-02 6.204767713734207941e-03 -2.972095172836659513e-02 1.429093190145918658e-02 1.290605376258718677e-02 1.435215537390950938e-02
-2.972122376101765662e-02 1.142998927634449047e-02 1.224724881981148657e-02 9.102609777744040398e-03 -3.200884149428837727e-02 2.035468552284079927e-02 1.328667616117918532e-02 1.230938628887755584e-02
-3.392351484805512102e-02 1.777013348211150395e-02 6.510006020891890254e-03 1.194191949031819452e-02 -3.338824476896429944e-02 1.873989858493092797e-02 1.578649779950141649e-02 1.741980753059221843e-02
-3.186534558999128824e-02 1.105026665694171413e-02 1.279192572232976631e-02 1.656102484069710973e-02 -3.330140091076486120e-02 1.188251434409123668e-02 1.729279675790022786e-02 1.460950930069473790e-02
-2.837331756754278567e-02 1.027605584627387138e-02 1.034809266624800786e-02 1.663342800156878895e-02 -3.163145889595882915e-02 9.057270853828024854e-03 1.350173374812817240e-02 1.607900561360614544e-02
-2.973679789129364537e-02 1.120023137814264540e-02 1.125160339930194806e-02 2.093666597568101875e-02 -3.057001133985125935e-02 1.002276633657006762e-02 1.300239516847035565e-02 1.006240294636178909e-02
-3.226932952107836733e-02 1.503905578698170806e-02 1.319353331914357649e-02 1.921504884332552246e-02 -3.267687140106041027e-02 5.488195687008311750e-03 1.934202026455470597e-02 1.201314802185781370e-02
-3.525429533020379286e-02 1.479310770614178719e-02 1.397474872249321667e-02 1.895846352696056031e-02 -2.780341699679923090e-02 9.716435218756147574e-03 1.874407364863963851e-02 5.307539715715034988e-03
-3.554530772244146597e-02 1.324692685275239562e-02 2.123412816114213231e-02 1.702672553469607858e-02 -2.949923354027185127e-02 7.115332346964816507e-03 1.380865698731224313e-02 1.211555609718169627e-02
-3.356688421782561688e-02 1.760164383662408960e-02 1.387636395475248634e-02 1.777595082683844016e-02 -3.318930748359762845e-02 9.570867998289727188e-03 1.454290997094626926e-02 1.355157913317237353e-02
-3.658608376999480938e-02 2.072635683353432623e-02 1.510993364620000570e-02 1.793883991313141579e-02 -3.259995585428096532e-02 6.247876058740465914e-03 1.820654140640703966e-02 1.335630035245219047e-02
-3.466558135386999667e-02 1.626173998747191055e-02 8.763911627679473598e-03 1.484029325215462450e-02 -2.701968640690716877e-02 7.795821210942514845e-03 1.576593492431678512e-02 1.552097647603800819e-02
-3.405308042777652894e-02 1.509010570868460702e-02 1.077945267617651942e-02 1.711855420550999554e-02 -2.381285982899414289e-02 7.240177819934660516e-03 1.321695017250595731e-02 9.610033969859110153e-03
-3.488429639525508774e-02 1.393261348919060810e-02 1.655591387640479445e-02 1.429108946322907824e-02 -2.727087551699181739e-02 1.081928494018891823e-02 6.821343643519925393e-03 1.730547100832921514e-02
-3.726489692256683417e-02 1.589606143316096842e-02 1.961463135540121236e-02 1.529519073454372290e-02 -3.041074147123467436e-02 1.302417388059240802e-02 1.264199184653974975e-02 1.224446036949758398e-02
-3.290207360937892622e-02 1.213791320104137296e-02 2.029372085266515843e-02 1.556627837920570613e-02 -3.157724052176665713e-02 1.212535688462243119e-02 5.637243675951305460e-03 1.775626436994696966e-02
-3.107254529120330802e-02 1.571636465750244488e-02 1.472378097389272916e-02 1.512836606908999661e-02 -3.215451342359409992e-02 1.499024714844851558e-02 7.705884851541792459e-03 1.276979841508175950e-02
-3.265714984225602524e-02 1.207842204360830285e-02 1.699167338748920272e-02 1.652799057433114102e-02 -3.215306935220051121e-02 1.657603439083924629e-02 8.576434660176204469e-03 1.294598100152907598e-02
-3.264713321314013927e-02 1.818056900631648265e-02 1.568923309006704792e-02 9.430812759065732367e-03 -3.265029442429610157e-02 1.838532963062902356e-02 1.211270821097052558e-02 1.079154663247648867e-02
-3.306441635661516026e-02 1.491927140718459811e-02 1.439071690913485205e-02 1.423403115203650260e-02 -3.136772888101437007e-02 1.993867591814041731e-02 8.156692864931473774e-03 1.153382017460467986e-02
-3.164409865445213382e-02 1.583169993416451427e-02 1.807914170562131481e-02 1.158719013667433746e-02 -3.296167944379654186e-02 1.157918058713119057e-02 1.251815370402046754e-02 1.366120236287959866e-02
