# ex_work for 8 qbits with connectivity c6 and unitary DM 23309441883648
-9.396235507879802107e-02 1.406706849968649420e-01 1.406706849968649420e-01 1.406706849968649420e-01 -9.396235507879802107e-02 1.406706690892610412e-01 1.406706690892610412e-01 1.406706690892610412e-01
-8.182964520483204662e-02 7.561366869185247308e-02 5.637964630104130848e-02 8.008014217880875252e-02 -8.182964520483204662e-02 8.008014217880875252e-02 7.561371319336641916e-02 5.637964630104129460e-02
-6.594155372472021437e-02 5.191887683691323585e-02 3.192738870189198302e-02 4.191452324035559868e-02 -6.593932998730378525e-02 3.812519200962793953e-02 4.909451903232582570e-02 3.833084914051185926e-02
-5.910693486796191748e-02 4.677622840996259468e-02 1.542937049158308108e-02 3.193551698446615850e-02 -5.009465786967271655e-02 2.996572497720065634e-02 2.033643082905441449e-02 3.665786881618027238e-02
-4.971036104346325535e-02 3.296203663790372995e-02 2.549829549998137990e-02 9.624007007382725035e-03 -4.977259818109269068e-02 2.532003647783726344e-02 2.819051046023905369e-02 3.276118882145136885e-02
-2.593041162930709298e-02 3.007159668329199495e-02 3.468096699967014086e-04 1.317596339896972245e-02 -4.606765489072148917e-02 7.229996146391114327e-03 2.917983874193082888e-02 2.167442362599086847e-02
-2.307040726603301617e-02 2.558691531367961874e-02 6.001264973722131649e-04 1.686451225806001250e-02 -4.247651473573900438e-02 9.104598058429544394e-03 2.775222355009748787e-02 9.405335629781842038e-03
-2.905144841303089476e-02 1.605353368489350133e-02 1.046140886846212226e-03 1.891666050601004470e-02 -3.862283067224196731e-02 1.326513670045627140e-02 2.655910250632186748e-02 1.459480290601119709e-02
-2.617388498285256118e-02 7.122308851217041235e-03 1.573145177679667259e-02 2.052045191014965561e-02 -3.578870047162905493e-02 1.453607694336150023e-02 1.855619178796048471e-02 3.790486059195810175e-03
-2.454662094580320128e-02 1.303475935915504938e-02 9.191279777364969386e-03 1.749070304019842079e-02 -3.623639459965317944e-02 7.926025838059787970e-03 1.988033872645467159e-02 1.055372608679906732e-02
-2.888258515551010361e-02 6.926537651951019184e-03 1.060645139204825262e-02 1.328063622353300825e-02 -3.435220941701358499e-02 1.585748038348308228e-02 1.688589975934931889e-02 1.784038748852711728e-02
-2.970566206021867106e-02 9.228278689119935943e-03 1.250805309255836016e-02 7.094921144526666369e-03 -2.673041147393170891e-02 9.224022739158328418e-03 1.536622765288958581e-02 1.697240602383411762e-02
-2.517033111317676722e-02 1.708817595664306396e-02 5.506056096469274901e-03 8.780857821402322447e-03 -3.245918992021464694e-02 1.222828113984733046e-02 1.322170874479871444e-02 1.573347464653935754e-02
-2.462603951195928287e-02 1.696060337825095604e-02 7.214005304585003817e-03 8.819853437843670069e-03 -3.267498265902182147e-02 1.153714842696381380e-02 1.234550846878323081e-02 1.509828278769585926e-02
-2.844931174553862532e-02 1.615792933182408700e-02 1.071054632221333895e-02 1.020653405026787294e-02 -2.783868329236996453e-02 9.426787471135527133e-03 8.651016421023133979e-03 1.483913172818122558e-02
-3.290840635175980300e-02 1.390027681224919286e-02 1.343260903769536926e-02 1.329884463107104675e-02 -2.725031693162548521e-02 1.460398609465398366e-02 6.899296436022220140e-03 1.407121006288188786e-02
-3.151870851399788537e-02 1.637769167920148997e-02 1.555476274452141996e-02 8.346938861641967772e-03 -2.714657442683362717e-02 9.418625768434916307e-03 1.057055338716228650e-02 1.356325090791535640e-02
-3.181250964443556317e-02 1.521469683469270189e-02 1.700313388025714856e-02 1.498823517120121372e-02 -2.877593570242685528e-02 4.775973642932044606e-03 1.289936724794834948e-02 1.214411774327043940e-02
-2.780058552106686245e-02 1.313419312447904920e-02 1.024177746972186435e-02 1.217317603841727713e-02 -2.625342167328874321e-02 7.417562552609696658e-03 1.510713177202425810e-02 8.494743159904947702e-03
-2.687105983452404978e-02 1.533132924939169597e-02 1.470738544578006381e-02 4.539857957192398701e-03 -2.652062837698153722e-02 1.523987990527312167e-02 9.712565108624858501e-03 6.377134547625012626e-03
-2.776475137378639491e-02 1.510429240171882320e-02 1.550959699947442906e-02 6.533469081591749064e-03 -3.051164275739265408e-02 1.448081996306883022e-02 1.070203471655569241e-02 1.085877881416279049e-02
-3.177226676292783242e-02 1.825199879815189372e-02 2.120407173632867653e-02 1.484188762401814597e-02 -3.623957182263409099e-02 1.494350005275674707e-02 9.723497069561316125e-03 1.044756605839856217e-02
-2.771347063349263382e-02 1.327479864412458785e-02 1.511642458492794446e-02 4.844983539184079084e-03 -3.386989778719321637e-02 2.175574999283788613e-02 1.257382543644911324e-02 1.146631107545226583e-02
-2.538840794150169777e-02 1.890690621571461741e-02 1.438711956489043507e-02 2.934706101681128828e-03 -3.448414255994282362e-02 1.376199697703798207e-02 1.326901145991993963e-02 1.321700426904047661e-02
-2.164865788096531976e-02 1.556480527680905411e-02 1.201690880075910114e-02 3.715528837937742690e-03 -3.389967351964466580e-02 1.216440566186690296e-02 9.099933687637088917e-03 1.735689176924247804e-02
-2.317561040170557779e-02 1.749619823611841055e-02 1.258382324456048043e-02 8.831617884393365772e-03 -3.498897049487383060e-02 9.157560905046154692e-03 1.233914002741885382e-02 1.320818134051494550e-02
-2.317259811769992878e-02 1.424041097124228300e-02 1.108520909863805297e-02 9.193751870093113884e-03 -2.556976306698471174e-02 -3.265729853751634260e-03 1.192987007662868471e-02 1.655557976194167377e-02
-2.865585406580697936e-02 1.142122474553993079e-02 1.264676775549669098e-02 1.343851934920135827e-02 -2.908634574571287990e-02 2.736131317708768301e-03 1.370078897646341033e-02 1.874191301592729661e-02
-2.879757122871592911e-02 1.163798853891013542e-02 1.737710636244349169e-02 2.143194061074300133e-02 -3.460097472265994539e-02 6.775003484546905132e-03 7.554611916283852750e-03 1.732050191423882557e-02
-3.007396660711588246e-02 1.039213853574882419e-02 2.231124009667467475e-02 1.871589113456285924e-02 -3.068029006655350471e-02 6.900602298870507807e-03 8.117657463565280257e-03 1.123637064542042791e-02
-3.037913381831450210e-02 1.265749116363252408e-02 2.097022585563859676e-02 1.724290730739604788e-02 -2.961796476385086807e-02 7.356686582600976444e-03 7.456686188354722140e-03 1.059687139350406170e-02
-2.695996516800089338e-02 1.120185356660788681e-02 1.894396221036099767e-02 1.374142441978206709e-02 -2.879664886455136560e-02 7.350593974417482350e-03 7.297919430518187006e-03 1.087709169156623849e-02
-3.044216954450119222e-02 1.286437880747797087e-02 1.602336012059041651e-02 2.152411678836379377e-02 -3.593012182359130169e-02 5.670736784483795638e-03 1.618997546169271412e-02 1.458531912081907113e-02
-2.712269341374251228e-02 1.241779185804343412e-02 1.252545105612640382e-02 2.575028350269868357e-02 -3.632693712119289264e-02 6.101337634904477163e-03 1.265371009696539609e-02 1.312093642887862330e-02
-2.834872157339261151e-02 1.350495829349433914e-02 1.143596429842771815e-02 1.967380339667242767e-02 -3.636488879106645339e-02 9.900663293335353055e-03 1.311407858290862712e-02 1.627571694300387894e-02
-2.754022092848841183e-02 1.099823488672493910e-02 1.093126517351337458e-02 1.858694065291004172e-02 -3.625904027771479493e-02 1.283567421236081821e-02 1.351957874516028502e-02 1.548921390091114424e-02
-3.205994387847647953e-02 1.395699059742393743e-02 1.608530177314995702e-02 1.663200476818197868e-02 -3.569860777820558356e-02 1.801930231011739797e-02 1.408042651807246172e-02 9.904318521907559333e-03
-2.637725298743433949e-02 1.543389030258059645e-02 1.288255272907998933e-02 1.153401217568417007e-02 -3.319080911083167190e-02 1.114571061012393713e-02 1.119938849770316797e-02 1.300539678562547333e-02
-2.580172449280103419e-02 1.501812737628722798e-02 9.140053193015735752e-03 1.326831434831675025e-02 -2.790090224860429513e-02 8.069226709151113355e-03 1.273919345325837983e-02 7.831120250806150596e-03
-2.379834527427077129e-02 1.720209712733242191e-02 1.783352462812417280e-03 1.067904344559981837e-02 -2.498491332383932784e-02 7.756391731464269863e-03 1.283651808959391898e-02 8.955116847178359527e-03
-2.367380285728424433e-02 1.547959798333860618e-02 2.320190322080929388e-03 1.219500132542591236e-02 -2.829674352636355264e-02 7.874536753277084494e-03 1.604217735668092212e-02 1.005701127415492384e-02
-2.339545555275200639e-02 1.253509376184502866e-02 3.952016282440254055e-04 1.267607571239999856e-02 -2.872065814799182326e-02 5.470778260394970269e-03 1.827547998654162689e-02 1.528762532407364205e-02
-2.700890651506587109e-02 1.270076519804672413e-02 5.838313917997624454e-03 1.094344485449320718e-02 -2.535828590085451723e-02 3.877749529270540802e-03 1.664710286352969956e-02 1.441938476817142961e-02
-3.047777052392619881e-02 1.719919732108197985e-02 1.225503411100997177e-02 8.958245523696992119e-03 -2.364507059332273189e-02 4.410854111985752779e-03 1.019220323733504609e-02 1.413088520365321510e-02
-3.038697296934415870e-02 1.640514852849914162e-02 9.556110311878297098e-03 1.779325741142007838e-02 -2.260282872685020344e-02 -1.489055105203820027e-03 1.249698810550895108e-02 1.143187577133518949e-02
-2.849640991084979522e-02 1.598366759735328144e-02 1.253667532038084224e-02 2.283983582649121852e-02 -2.833581360340885202e-02 4.549981781456874722e-03 1.187172256519327188e-02 4.009920927943225882e-03
-2.848430125452336426e-02 8.269496027604518809e-03 1.006108818812291930e-02 1.483510837034592890e-02 -3.121593176637285291e-02 1.137240709732993162e-02 1.639509169266318081e-02 1.445011153599393486e-02
-2.933671399292814633e-02 1.101652230645216481e-02 5.755285757154710198e-03 1.091559459986130194e-02 -3.326188088711561769e-02 1.768820957604692878e-02 2.098915233253118712e-02 1.418533864086752444e-02
-3.133394431192897817e-02 1.042657848163178018e-02 1.064317864320384055e-02 1.418537250878103978e-02 -3.232335895968333622e-02 1.746208410600092603e-02 1.730603530200263210e-02 1.173998023066917182e-02
-3.110352159790218812e-02 1.444773160579943851e-02 1.717668273805480345e-02 2.076252808597037203e-02 -2.906458675651723764e-02 1.006919885799353528e-02 8.521884538965516717e-03 5.657703932104357278e-03
-2.938648034531540082e-02 1.617676986995061558e-02 1.550856862611975882e-02 1.840485594233726152e-02 -3.018153300074524412e-02 7.349076800621415911e-03 6.388281265949181942e-03 1.165349410745137801e-02
-2.631308744006741196e-02 1.769839245329011407e-02 1.653099602191664477e-02 1.287360717044560600e-02 -3.232215245177719881e-02 5.990713067935990975e-03 6.610673512594243163e-03 1.449346823335620656e-02
-2.650982618983908218e-02 1.665066858960531984e-02 1.669270780822374248e-02 7.913285744349378079e-03 -3.219293059513597677e-02 7.227996489754326057e-03 1.118751031688662231e-02 1.444287673862849723e-02
-2.724608773263083317e-02 1.188899122432675141e-02 1.447890696085778368e-02 1.575718236147679099e-02 -3.222708718961859314e-02 1.215372849158564451e-02 1.385347151369090146e-02 6.971081258177091317e-03
-2.416738339293957386e-02 1.377976153368445054e-02 1.203399971347983953e-02 1.341785129617550920e-02 -3.552865910080375139e-02 1.088660952145576420e-02 1.619834132823774753e-02 9.575236768497178211e-03
-2.775460071692010047e-02 1.866810791736068370e-02 1.016222332714258880e-02 1.251022206525083044e-02 -3.329466131251052757e-02 1.340690235955231506e-02 1.415929842894036311e-02 8.799761921193664446e-03
-2.661625696935023683e-02 1.742446778324524201e-02 9.224719615205085807e-03 1.528740474049659730e-02 -3.358841353847643457e-02 6.745383913552165968e-03 1.118525646853842266e-02 1.674678474836988756e-02
-2.599086350811744689e-02 1.596362124714143307e-02 1.102919094611304156e-02 1.383645805672623248e-02 -3.782918435810578295e-02 1.046803234374546303e-02 1.311769029535549830e-02 1.833494644676823132e-02
-2.881475429612672182e-02 1.633845417426042085e-02 1.133908798375472815e-02 1.636968350500920752e-02 -3.492513500447844144e-02 6.867768311263518222e-03 1.184817621353640230e-02 1.958313069396590278e-02
-3.192766102750890095e-02 1.714478185662054663e-02 1.606553455120842896e-02 1.399343291454379148e-02 -3.534760468929629140e-02 5.858041835866119838e-03 1.380825548217375076e-02 2.140681239665059160e-02
-2.722212032075162561e-02 1.342602713527333604e-02 1.432288496561896253e-02 1.295983881676390781e-02 -3.164125738111686625e-02 4.907985899337405887e-03 1.257275528372033338e-02 1.605500761663353551e-02
-2.771211693290540415e-02 1.952883420005646978e-02 1.314765799508744136e-02 1.018437288488924404e-02 -3.159806566420447771e-02 9.107640910902260051e-03 7.255629992789284360e-03 1.583547863817558882e-02
-2.780733003394974395e-02 1.626166918826929889e-02 1.734145369074779203e-02 1.078256316738107276e-02 -3.074322210223074531e-02 7.541283161814801329e-03 3.457354873063648443e-03 1.884090403928507032e-02
-2.655001426211211699e-02 1.236802884318259112e-02 2.662049085836502155e-02 4.965803602134094726e-03 -3.411685127002028750e-02 1.024901448744514228e-02 7.450864774168956123e-03 1.667027890884449637e-02
-3.093627914544750529e-02 1.725460351539984463e-02 1.936245642691603042e-02 1.223792230158543028e-02 -2.944842729697734474e-02 1.274324282461019274e-02 2.062749379829514201e-03 1.341662063900503007e-02
-3.972080532423999388e-02 1.966147618973031891e-02 1.995234806444800071e-02 1.098274918759252657e-02 -2.721080634784112454e-02 1.065362787376286993e-02 1.044028844077224578e-02 1.667499742240307822e-02
-3.510105801782766044e-02 1.865618967291255564e-02 1.626339057434912291e-02 8.822762114037572406e-03 -2.832900891698816523e-02 9.918137874163897999e-03 1.579578387859584265e-02 1.228759655619291249e-02
-3.292445208825933722e-02 1.634150023781897124e-02 1.020833606709572842e-02 1.736805395050790291e-02 -3.408377990179653483e-02 1.039801235423112521e-02 1.665844121756166960e-02 1.642435057230861792e-02
-3.076074853363448824e-02 1.498726336765431565e-02 1.291187363826835563e-02 1.520376338778240202e-02 -3.503180076803839860e-02 1.087985401715957541e-02 1.245498244460837602e-02 1.892168118859238052e-02
-3.205906392833171581e-02 8.348746922583909214e-03 1.450754751854360647e-02 1.448266556131273634e-02 -3.105128115889444970e-02 1.863176734580129432e-02 1.252790908492607512e-02 1.239332038408900820e-02
-3.700766588126928880e-02 1.363125165579524671e-02 1.656509751905714881e-02 1.463391408946797256e-02 -3.216387787533732390e-02 1.787190384801690124e-02 1.924565081359932289e-02 9.331482345650355878e-03
-4.062289843648134169e-02 2.082095631122843002e-02 1.405803509007844988e-02 1.558827891643891315e-02 -2.654736721760585227e-02 1.390558394614274662e-02 1.388837479880408732e-02 1.052881919925912485e-02
-4.035832002011507241e-02 1.819435993974647878e-02 1.697404451702376124e-02 1.042690892251437948e-02 -2.354662366118122352e-02 1.179029974500638185e-02 1.261295547566143593e-02 1.367267892828280887e-02
-3.611928076896808032e-02 1.779777628566906258e-02 1.335910283754264925e-02 7.851761777498269396e-03 -2.523586580448149153e-02 9.484272753434035835e-03 1.085546940791206651e-02 1.954015957176516091e-02
-3.318166245896142508e-02 9.561293477952818171e-03 1.097816705757696278e-02 1.447760162145029367e-02 -3.150888017594027229e-02 1.425599729780350697e-02 1.505548484674406121e-02 1.918325799461090275e-02
-2.924073113536655374e-02 7.605339628937812443e-03 1.389026136261135858e-02 1.003998511745010994e-02 -2.961564075896889331e-02 1.477677073500908468e-02 1.359141010257088229e-02 1.406566952545707655e-02
-3.078914997443373339e-02 1.310035037471901295e-02 1.587894683646588756e-02 7.699545322608526178e-03 -2.968789513473988478e-02 1.117963758568861488e-02 1.388303005181239919e-02 1.482292748084403783e-02
-3.124991549695276677e-02 1.337664748822541862e-02 1.442147129272237059e-02 8.062932151940704895e-03 -2.751377288113134034e-02 1.085938486847630967e-02 1.204559170882537993e-02 1.509244422240851348e-02
-2.960785529251878587e-02 9.253736434046247114e-03 1.499979126368763786e-02 9.205538200233258014e-03 -2.671324834390969780e-02 7.950456413526901800e-03 1.443397747942560053e-02 1.425840762541366082e-02
-2.352110567592899035e-02 7.085789034153197087e-03 1.234101291350575384e-02 1.301113057372563567e-02 -2.958262105535202149e-02 7.426930761542847002e-03 1.571038887950754193e-02 9.793338280649713928e-03
-2.882483655798404043e-02 1.244661277248675611e-02 2.030135262409806657e-02 9.756427099802032765e-03 -3.158391046869380575e-02 7.130954001865356072e-03 1.433456714376298360e-02 1.277622310903880551e-02
-2.905531869246894688e-02 1.011956641775573797e-02 1.941899228376881004e-02 1.320542570223358879e-02 -3.125303156951906441e-02 5.715998070666774428e-03 1.590308375589485207e-02 1.226679059283587898e-02
-3.258974611337788624e-02 1.221119612449550126e-02 1.900633267144729785e-02 1.169598002910290403e-02 -2.805345814842651747e-02 8.220318791512753673e-03 1.367841162105563370e-02 1.220022344952382230e-02
-3.394658392534304070e-02 1.841131413463398606e-02 2.113691588362954024e-02 5.756190959704195892e-03 -2.810376797573678129e-02 6.061458399113394714e-03 1.740369406870650310e-02 1.132090984054060986e-02
-3.178152451480270591e-02 1.939584419198709872e-02 1.582294752590838668e-02 5.566509409871605273e-03 -2.709389010429260475e-02 6.728754758321756936e-03 1.954728384289594265e-02 7.844781949182722328e-03
-3.195198576826972087e-02 1.092324470250770167e-02 2.042654522880047591e-02 9.755056231832448868e-03 -2.694964498065506239e-02 1.089042112312006358e-02 1.632037299526434282e-02 6.255819346915966576e-03
-2.869920852415681206e-02 9.825162533892288150e-03 2.090703933866736725e-02 6.975565350131508399e-03 -2.980152315587998937e-02 1.199903972634104588e-02 1.467014422802503416e-02 9.409567916231405607e-03
-3.567825395322968274e-02 1.718838577424499151e-02 1.758740344637723177e-02 9.164114674178729450e-03 -2.869832467726231295e-02 1.261504202747622434e-02 1.561365294987511303e-02 1.108271107957114684e-02
-3.324810675769128421e-02 1.797127607144914652e-02 1.553487766525921826e-02 1.102397732161704107e-02 -3.552501766430867652e-02 1.080210322317454695e-02 1.857415907251593057e-02 1.655253455627868353e-02
-3.382670752635991152e-02 1.698320628176954242e-02 1.456358475861136738e-02 9.133289638089583939e-03 -3.379195231963026680e-02 1.418067991288341802e-02 1.650966302750233108e-02 1.701619514661495067e-02
-3.219777977078779746e-02 2.081463659380899944e-02 1.343231752106451536e-02 7.256090483119549336e-03 -3.550220730904137673e-02 1.356208960299260489e-02 2.141147404904480619e-02 1.257078127808673555e-02
-3.431732401124460569e-02 1.910659333897517589e-02 6.435318505248620487e-03 8.115549367716912155e-03 -3.083115443582977455e-02 2.193495696317940280e-02 1.478538976284614337e-02 1.453235714333908114e-02
-3.506621360131819548e-02 1.730841127565305518e-02 1.178966628860416907e-02 5.391476335799341539e-03 -3.196212163584053606e-02 1.822919814187442394e-02 1.812907036773010391e-02 1.700025487000588614e-02
-3.560117685783012464e-02 1.940658559064691382e-02 1.725209164726314304e-02 7.541134343490958451e-03 -3.071632102800972430e-02 1.328448399405558755e-02 1.426475030728225485e-02 1.472846104110017706e-02
-3.827971967537770193e-02 1.369011908731503080e-02 2.322703000401586323e-02 1.220640777480205136e-02 -3.427727050075619203e-02 1.586101501508521347e-02 2.030154907480560128e-02 1.211713730640310779e-02
-2.909331611502164947e-02 1.402953169949377674e-02 9.766232279081629025e-03 9.601440759422171997e-03 -3.365998939432723880e-02 1.534210981344084207e-02 2.072276028630882019e-02 1.110097071001601987e-02
-3.089761990441246622e-02 1.624379057258908826e-02 8.048819651882326356e-03 1.140396888536526938e-02 -3.198049528232618094e-02 1.736192482795254760e-02 1.542672085874273631e-02 1.205369603684861533e-02
-2.939789876238206243e-02 1.513731647086992947e-02 5.377980834490752628e-03 1.075715384660416718e-02 -3.061958430860673916e-02 1.874047416608669303e-02 1.463348042672768697e-02 1.147577464612260616e-02
-3.505107784152865918e-02 1.588331638700779536e-02 5.771158389654200589e-03 1.401891611665994491e-02 -2.740290135884485001e-02 1.821775189683566207e-02 1.877160093986954617e-02 7.889277982021993332e-03
-3.387082669021244941e-02 1.684699047625393825e-02 6.260972669165777542e-03 1.561593398977907145e-02 -2.907073014678791117e-02 1.878771766791695330e-02 1.564070383543136530e-02 7.937049430101594805e-03
-3.153588199465391650e-02 1.477776315362110474e-02 5.683260926663514026e-03 1.362848500057114651e-02 -3.035468263015992513e-02 1.970344545494760388e-02 1.411273247655917169e-02 1.123263697958118597e-02
