# ex_work for 8 qbits with connectivity c6 and unitary DM 22943665560320
-9.396235507879802107e-02 1.406706849968649420e-01 1.406706849968649420e-01 1.406706849968649420e-01 -9.396235507879802107e-02 1.406706690892610412e-01 1.406706690892610412e-01 1.406706690892610412e-01
-7.300213218796898496e-02 7.602171039460429991e-02 7.440452846681436250e-02 5.345652191179024737e-02 -8.397095287821129683e-02 7.161355488273508929e-02 5.262962504544221182e-02 5.254418205014233650e-02
-5.642881698515501976e-02 5.614767478424169400e-02 2.401492160249573196e-02 2.680968217333682541e-02 -6.063737861363296955e-02 3.130582390020197198e-02 3.914738819090329142e-02 2.577943346771732758e-02
-3.415148558091147396e-02 3.471866567121471153e-02 2.316980816447408720e-02 -1.132385515751650924e-02 -3.601292383082880383e-02 2.651573023039961730e-02 -2.715649495194147073e-03 3.122531398617475404e-02
-3.297637056603358596e-02 1.876983647801072283e-02 2.202615681711537002e-02 -1.901750935225359081e-04 -3.334533309734821066e-02 1.831421564444112027e-02 3.583836033850192580e-03 2.613378193571691196e-02
-3.479428380079641753e-02 2.764634494781124940e-02 2.273380029444062658e-02 -7.297670117756798261e-03 -2.498841067932938004e-02 2.099635250954223764e-02 -8.086660518674485812e-04 1.731641493505775564e-02
-3.217467784331560360e-02 2.488630548440624521e-02 2.063147354548392279e-02 -4.491615352551350977e-03 -3.671435196618518665e-02 2.070598970202288530e-02 5.891183856962015596e-03 2.652614461845079208e-02
-3.475064131702325365e-02 2.323057791136960010e-02 2.185007491453875086e-02 -1.712843679387776640e-03 -3.305817147535543982e-02 1.726685961517489612e-02 5.893934571791932357e-03 2.476332144609994998e-02
-3.599162509773006641e-02 2.736867468556213739e-02 2.532804784962576147e-02 1.534852003940392895e-03 -3.181907879147131968e-02 1.897982399987858601e-02 4.804604590745615591e-04 1.812226287959934137e-02
-3.243669907708620487e-02 1.804931282906834661e-02 2.094529332789733453e-02 7.159480684298349289e-04 -2.350599236343753687e-02 1.200317588389545644e-02 -7.968190312314269927e-04 2.106257316528251447e-02
-2.823553627089522497e-02 3.514560080184725085e-03 1.803774859341171141e-02 1.733615705382603872e-02 -2.096875634956997178e-02 -1.944719336062227010e-03 9.611035969743362412e-03 1.442019629410905279e-02
-3.005171284577081228e-02 7.344432915194936892e-03 1.622305505285430091e-02 1.341781963541551631e-02 -2.092627461978044737e-02 4.138035330261581081e-03 6.179697540414479280e-03 1.548427088740552543e-02
-2.476240215889646823e-02 9.288765642744487017e-03 1.052800449278199456e-02 9.815126749186822361e-03 -1.847803393440971068e-02 2.937100477870908423e-03 7.090766788099958423e-04 1.857314423598041553e-02
-3.451123347750703618e-02 1.022139644048709363e-02 1.609838766673842708e-02 7.538658126628274003e-03 -2.363143655470750781e-02 8.674610178318878026e-03 1.575732284343060383e-02 1.530928593870842583e-02
-3.778167664659439623e-02 1.982236348280675201e-02 1.856212293916394834e-02 9.978046100087187634e-03 -2.703669348230734043e-02 1.145944875202138148e-02 9.280456811109599052e-03 1.544394111561774377e-02
-4.311217257490321947e-02 1.962594827986051740e-02 1.913359741050176324e-02 1.550722625714911866e-02 -2.597458854349715685e-02 6.435449735796730172e-03 2.031410739257036302e-02 1.209034353276560933e-02
-4.094461835498029029e-02 2.059488172571821013e-02 1.995079301782265793e-02 1.903675949408565812e-02 -2.923735813658303803e-02 5.969842721052288567e-03 2.054534889935463737e-02 8.386600837311622078e-03
-3.870623191571120891e-02 1.462228923975143410e-02 2.316615974511440981e-02 1.865288653556090165e-02 -3.159057681857711797e-02 1.000078177411755156e-02 1.281621392468033568e-02 1.434906765868601206e-02
-2.867804824269680128e-02 1.708912133235809122e-02 1.983969382225379829e-02 7.667125251096709726e-03 -3.201999901027030582e-02 1.027301589617219714e-02 9.073516060677241230e-03 1.335477297522323289e-02
-2.719807270950250211e-02 1.182606814708909299e-02 1.618295853586125890e-02 9.980900275674402591e-03 -3.230392020180186674e-02 7.507793435313180920e-03 1.718433536067764250e-02 1.256321469924111603e-02
-2.764757240890469009e-02 1.065150330848826238e-02 9.923113553757903146e-03 1.138236397333631036e-02 -3.035527291902424818e-02 1.215298902638485209e-02 1.356004563484411972e-02 1.488091049627392713e-02
-3.397480282739050866e-02 1.718027208695024899e-02 1.454669314172396706e-02 1.344738599990891702e-02 -3.438110995569010342e-02 1.527335209075632305e-02 1.450741713094166538e-02 1.452175446639147535e-02
-3.305537980156260380e-02 1.557802630700908138e-02 1.915180981191595341e-02 8.738776509019651265e-03 -3.208833796040289066e-02 1.672502676825825610e-02 1.311142343228925873e-02 1.103155741211863348e-02
-3.505946987839849566e-02 1.242830477793575514e-02 2.183363792310444307e-02 6.171701332370605787e-03 -3.096119834478333263e-02 1.571805443191877025e-02 1.860792983260206243e-02 1.151475274423092131e-02
-3.308311854622671133e-02 7.283466968033182852e-03 1.508908202146416223e-02 9.301353954797818985e-03 -3.306144589788537896e-02 1.864087265903357354e-02 1.815631959129349049e-02 1.776584330403380846e-02
-3.306517254039840342e-02 1.015422909153006897e-02 8.607410237405922412e-03 1.215778780295464177e-02 -3.020427700543065752e-02 1.591241819309272346e-02 1.484153191524499940e-02 1.963342786367741621e-02
-3.678225911079894411e-02 1.167245966780803071e-02 1.373428806097118371e-02 1.392385099174594729e-02 -3.221526226574196461e-02 1.295073342006626375e-02 1.868188162658454207e-02 1.996332518177091134e-02
-3.798198872046880392e-02 5.570813752555929012e-03 1.693992438312091897e-02 1.817266272914766154e-02 -2.871817808891487592e-02 1.183968053430600915e-02 1.785478676517502500e-02 1.731007013177106660e-02
-3.676785348438693646e-02 1.261463362337065207e-02 1.731695462502540195e-02 9.484924874472387343e-03 -3.231228866154728374e-02 1.556026527718981645e-02 2.013396788271414745e-02 1.601712249935137097e-02
-3.426704523647880474e-02 1.668359557294854176e-02 1.068642772743758594e-02 1.119320710907220282e-02 -3.398427276480592979e-02 1.627552572773661305e-02 1.702992517725065297e-02 1.761824711282965195e-02
-3.256684726044974804e-02 1.567924197531501279e-02 1.595515563783613672e-02 3.758480794004647862e-03 -2.960876984938443091e-02 1.514325178150758081e-02 1.718619253413176950e-02 1.201625368476704793e-02
-3.742856160789493486e-02 1.724636036870463851e-02 1.075635485105555164e-02 1.519193055531619860e-02 -3.362953455835115263e-02 1.978406870400888778e-02 1.667222502522882482e-02 1.480334907709061378e-02
-3.004731180569052487e-02 1.164320212634352078e-02 1.312337551501278551e-02 6.966767350806942968e-03 -3.014098387430990539e-02 1.147736490131473150e-02 1.827669209541008324e-02 1.473583100786098055e-02
-3.145685054446385742e-02 1.184819859258685014e-02 1.556139550990639879e-02 1.061416279449564279e-02 -2.913412971505187007e-02 9.320342888458274522e-03 1.320568404260805302e-02 1.618607593537146547e-02
-3.104861707241150098e-02 6.111189735581125035e-03 1.035646039236635604e-02 1.549486939519235593e-02 -2.784138090600727158e-02 1.025776297427579385e-02 1.239202438995878029e-02 1.979285939162772276e-02
-2.956459259031870082e-02 9.561701554209312698e-03 1.035063230866546842e-02 1.125377867318545430e-02 -3.430641356223558536e-02 1.272393067480864608e-02 2.159159714248745990e-02 1.700837433323033540e-02
-3.636770570431797217e-02 1.413537370788562307e-02 9.273646617689741342e-03 1.694580159013201609e-02 -3.161266243029264150e-02 1.201047108034089886e-02 1.549601509740772785e-02 2.146828193092318107e-02
-3.609998858017128553e-02 1.204049665336674041e-02 7.430584346022581742e-03 1.343752280669073713e-02 -3.048610108189893364e-02 1.698259817282925591e-02 1.955511464842048935e-02 1.760786563657260745e-02
-3.244394654498183178e-02 1.389171383279234895e-02 7.200861123648872632e-03 1.178762594019774207e-02 -3.028817142243261235e-02 1.155920730742213999e-02 1.883318465292480731e-02 1.716678520433885524e-02
-3.488616911261441245e-02 1.384868736590032234e-02 8.864217200422503870e-03 9.251799803230891309e-03 -2.701391782009829670e-02 1.648275896798386680e-02 1.285006499821159803e-02 1.799449184805635912e-02
-3.384862394923776607e-02 7.323474560210361563e-03 9.543753918770632796e-03 1.074536540661883560e-02 -2.524405497375478008e-02 1.215967733459892390e-02 1.333489475493507964e-02 2.200887571343778520e-02
-3.187212545769450844e-02 5.274293677848183176e-03 1.029931864371827314e-02 8.944837650942847121e-03 -2.343684631345026650e-02 1.717418455315472547e-02 1.257048639017836755e-02 1.477356439069476765e-02
-3.187940484803688385e-02 1.178928789663055351e-02 4.706656838441645140e-03 8.585356055710549605e-03 -2.638432245798831219e-02 1.356173641205746412e-02 1.536454926887044839e-02 1.962904158165611895e-02
-3.180525063886887466e-02 8.447408060189598097e-03 1.017501365139435177e-02 1.066756257172714675e-02 -2.720123245306025825e-02 1.133778585571145955e-02 1.299872201600720673e-02 2.094023452077484540e-02
-3.057894111589702646e-02 9.856270574053952252e-03 1.035835717532414095e-02 6.314767549888669097e-03 -2.667391602451087487e-02 1.452041047664233246e-02 1.241050808709207552e-02 1.827894672287517369e-02
-3.144768550960874709e-02 1.812008865078936631e-02 6.854714191457481412e-03 1.257097325935017593e-02 -2.548712125799674350e-02 1.325798100085901973e-02 6.554517772920873293e-03 1.405527368398693314e-02
-2.949942001882666434e-02 1.750274669841220265e-02 2.128715441067604089e-03 1.532852353251089143e-02 -2.895901623655882523e-02 1.724361310302774050e-02 6.874841267909282891e-03 1.504089863699803638e-02
-2.809152973117243560e-02 1.828988582757688428e-02 9.197425378231737988e-03 1.223925681501891044e-02 -3.280014108853174237e-02 1.826063641224417305e-02 1.102306078558586838e-02 8.559307368674528779e-03
-2.709703802729286279e-02 8.471667390123146027e-03 1.007261231818731839e-02 9.725221312781284419e-03 -2.808847718753862757e-02 1.398546555557063885e-02 1.029374124331890183e-02 1.571823222933316222e-02
-2.615300365049270936e-02 1.509701614095380375e-02 7.736802005434070817e-03 5.845688613302555368e-03 -3.306189995447582353e-02 1.661408746946100093e-02 1.513451843297764811e-02 1.464265985281134122e-02
-3.350354290546499886e-02 1.445544089009962244e-02 1.089854752944706927e-02 1.034803973653178680e-02 -3.139569414695029398e-02 1.598791436760756482e-02 1.544443173987321977e-02 1.663872926648735789e-02
-3.044552195424589033e-02 1.193403711965890582e-02 1.138821010163839666e-02 7.567315431856697777e-03 -2.889567350319638406e-02 1.201694548620002925e-02 1.612987729731724454e-02 1.575331014364411697e-02
-2.817754236239019758e-02 1.951152890879561189e-02 1.213744761697060047e-02 7.841477194653485513e-03 -2.863191209782021615e-02 8.324702620657022101e-03 1.230900989866504439e-02 1.085992253969679869e-02
-2.830320250029247364e-02 2.118566007041131419e-02 1.203111134554586160e-02 7.160822103937814799e-03 -3.174922812633415581e-02 1.280890329231256126e-02 9.999305461798091085e-03 1.305685089332453593e-02
-3.178497720051479125e-02 1.848500394747770378e-02 1.578338111459735502e-02 1.014815083323792645e-02 -2.818436851714123045e-02 8.024955206622573500e-03 7.729860358523675881e-03 1.593477127127991208e-02
-3.240498089675200588e-02 1.600347941911505964e-02 1.862220871838981412e-02 7.502859200073647497e-03 -2.862467066145863576e-02 1.066223675645665801e-02 8.340066179952811479e-03 1.670616150126556787e-02
-3.233983334137818799e-02 1.282979259240606476e-02 2.302572184681573458e-02 1.189556654136434376e-02 -2.675984189649018713e-02 3.230894498726319571e-03 9.067969457005796430e-03 1.527792395209300047e-02
-3.117181512059796419e-02 1.208823822980036912e-02 1.586350283654403004e-02 1.756463651609863411e-02 -3.164658371383920893e-02 1.157732555984318686e-02 1.452228357964997600e-02 8.766749694817133412e-03
-3.228238430686208860e-02 1.501400607297604176e-02 1.857378590884060932e-02 2.084660827902569749e-02 -3.020211924748157292e-02 1.393389502054122667e-02 1.017997161180136598e-02 2.134854251557994319e-03
-2.855898309684203745e-02 1.572327672090549980e-02 1.276968914313650859e-02 2.016017648673176788e-02 -3.033599443101862858e-02 1.269125719832947183e-02 1.296658285125427100e-02 5.682838181872298207e-04
-2.714633299719390255e-02 1.247617522488236527e-02 3.693355213282839143e-04 1.960240984405850484e-02 -2.897146869776974498e-02 1.816061328206050249e-02 1.192833206387690706e-02 8.165508874256141580e-03
-2.694426832520768408e-02 1.389984781791876386e-02 5.660882810575744439e-03 1.142426666388504479e-02 -3.027910237213066874e-02 1.794696364804648780e-02 1.309009526964622500e-02 9.656676856321936425e-03
-2.505879933901216175e-02 1.720992235454824743e-02 4.303867658278675776e-03 1.146046033547631383e-02 -3.549624345714427059e-02 1.507866991043923036e-02 1.823739199663394414e-02 1.136847017774497703e-02
-3.109949336216448132e-02 1.798668150976271210e-02 8.234297439693652812e-03 8.444908093019579121e-03 -3.042945470342609329e-02 1.298680011157324170e-02 1.942332065194670235e-02 1.149061086879091427e-02
-2.481665386848673494e-02 1.179515862843469320e-02 2.622938086523739134e-03 1.253271946348097354e-02 -3.376326176140800883e-02 1.112161926342332061e-02 1.927758120058637933e-02 1.719394374416561427e-02
-2.719498755017229000e-02 1.560370516494152815e-02 3.752088866768531292e-03 1.486728641539679027e-02 -3.285525554310419344e-02 9.770767601870544369e-03 1.475971667197325914e-02 1.771022398084633187e-02
-2.593950780709456880e-02 1.244417003610027821e-02 8.720752900124603343e-03 1.150420406906412646e-02 -3.579163637674545595e-02 1.197035119908956662e-02 1.499205114206400742e-02 1.956613451731214343e-02
-2.989123218838737883e-02 9.808989715097802750e-03 1.454804593073297757e-02 1.007126163667637457e-02 -2.906264496138668066e-02 1.130701954127942728e-02 9.453600128500747740e-03 1.907203504305253830e-02
-2.907350675954907884e-02 9.454136170086124141e-03 1.606794692993472606e-02 7.179884643276320325e-03 -2.743249520334447786e-02 1.289898498586362734e-02 8.519989758124841064e-03 1.636322313868870601e-02
-2.391410185352991005e-02 3.750459970750249540e-03 1.737640028613638907e-02 9.718616549653599779e-03 -2.988092702124771696e-02 4.606178601542658402e-03 1.278777980270094823e-02 1.884105734426688022e-02
-2.620096025305492654e-02 8.881460900510536674e-03 1.770506331688003962e-02 7.297935522308104939e-03 -3.124999774597107816e-02 1.338737514224909789e-02 1.143459778548595353e-02 1.331138607694134189e-02
-2.647523996041351371e-02 9.630119408956033453e-03 1.232048449611872383e-02 1.331089488275837528e-02 -2.762676129280272966e-02 1.850890635525780092e-02 4.937617808253692321e-03 8.242371833959604571e-03
-2.507115932478421599e-02 1.364209013863782426e-03 1.733817990191444461e-02 1.596348370092512056e-02 -3.217439876036404245e-02 1.545771828144569017e-02 9.615248503059625057e-03 1.261292195543609398e-02
-2.560549794530350004e-02 3.257880388662327473e-03 1.551625573690594215e-02 1.825130467519457678e-02 -3.537462496160791864e-02 1.592530154699254782e-02 9.406500080377638504e-03 1.606477611601543273e-02
-3.166534568498260288e-02 1.088211655543404842e-02 1.680243074102452314e-02 2.413523436781421158e-02 -3.437291685515221629e-02 1.164590923794859255e-02 5.312504993843827558e-03 1.774520024683872918e-02
-3.485073007474859957e-02 1.561540144973362458e-02 2.078866904999469509e-02 2.116178248129256534e-02 -3.898245933721819489e-02 1.368742520692838201e-02 8.559442851809670114e-03 2.000411933178988105e-02
-3.463844058269510001e-02 1.027400177115760788e-02 2.547695139635128975e-02 1.455547705051285848e-02 -3.841496752130089953e-02 1.408559550565153043e-02 1.264250873458222166e-02 2.153849963780676141e-02
-3.113801718186499923e-02 1.078256114610809911e-02 2.060127851244004590e-02 1.382987239913910371e-02 -3.951668110377624943e-02 1.611578607676461897e-02 1.572162522162532522e-02 1.705767341666649881e-02
-3.243549019937964212e-02 1.193577186596523829e-02 2.075012722878647256e-02 1.387547273010594252e-02 -3.600173356495940669e-02 1.040819328422191124e-02 1.530953194762115464e-02 1.770624170745671577e-02
-3.421932252214884146e-02 1.694897363774091822e-02 1.847880152982800395e-02 1.349973157011559802e-02 -3.072983215584105393e-02 8.148024044815302749e-03 1.257587496055291749e-02 1.438478665256776555e-02
-3.429951413398157206e-02 1.885729840942577951e-02 1.499515683177440883e-02 1.603181721652981867e-02 -3.729010653511095202e-02 1.045993119388807964e-02 1.733470975314396409e-02 1.768222165567039095e-02
-3.376539840508165774e-02 1.600097018142285221e-02 2.049763476668959791e-02 1.591689667452281937e-02 -3.575624282457921105e-02 1.084504217257783142e-02 1.351289342984199685e-02 1.494438149877662381e-02
-2.855534454399131714e-02 1.105646013367421118e-02 1.649045405021359184e-02 1.752668552700746216e-02 -3.472116151800249545e-02 1.043402957668950436e-02 7.632022931799201625e-03 1.842058380370845475e-02
-2.687656972470669342e-02 9.960365715196404374e-03 1.291781909927924507e-02 1.902809886517652094e-02 -3.271086006421203285e-02 1.240053127382497421e-02 6.937038176551875955e-03 1.425108319800154864e-02
-2.883255680191525519e-02 1.227833119446528065e-02 1.485302060440605275e-02 1.694526119099050085e-02 -3.070940824658559623e-02 1.398117991556220921e-02 7.362086628719679941e-03 9.749190288433537063e-03
-3.036360515966620571e-02 1.302055492357066628e-02 1.491251380417662337e-02 1.872016293352569277e-02 -3.249197044349898950e-02 1.041552231255137018e-02 1.021494515482319898e-02 1.317374751750996498e-02
-3.069378950508841117e-02 1.056922969908601941e-02 1.752030902030231319e-02 1.968114072081940391e-02 -3.543325194591454008e-02 8.495957671720356583e-03 1.397823404555303614e-02 1.593770524950971490e-02
-2.952753603644820216e-02 9.651056376990809968e-03 1.541971642002526628e-02 1.836191146557617990e-02 -3.412948127119842801e-02 1.346100577851301258e-02 1.418295420220325696e-02 1.078831263454816183e-02
-2.958572411297477611e-02 1.289187831119142057e-02 1.266821994381038541e-02 2.107559312009696026e-02 -3.493729752134838024e-02 1.220079125795796478e-02 1.458529160002626328e-02 1.001698258274618704e-02
-2.623587852676247806e-02 1.269904190136871523e-02 1.462698612148360597e-02 1.693269123350175931e-02 -3.381936665274867804e-02 1.163832254108046124e-02 1.629018277578118262e-02 4.295528623737917065e-03
-2.777538971628639580e-02 1.448604097587188194e-02 1.241526871275595335e-02 1.865208778764742420e-02 -4.008716943374641267e-02 1.778016128807778998e-02 1.289815918862898675e-02 1.338498469751532235e-02
-2.714132782574252972e-02 1.761631776659644891e-02 9.970789589777749942e-03 1.763392054986774246e-02 -4.165844951262957785e-02 1.451363297298164864e-02 1.401448826737391323e-02 1.790162786376301232e-02
-2.994095434109083145e-02 1.561225889459799850e-02 1.589054555606227506e-02 1.618335747080876935e-02 -3.714475711385015200e-02 1.363201565205945064e-02 1.124317312502790510e-02 1.507733904560575218e-02
-2.543837809702406694e-02 1.260985075632737110e-02 1.194676454683936233e-02 1.700048273308650548e-02 -3.723363044846473430e-02 1.679578433029776940e-02 1.398768840088055430e-02 8.540240033435095995e-03
-2.707188170014531228e-02 5.858985505596448103e-03 1.300812673235984818e-02 1.701800342243578457e-02 -3.632961730241624637e-02 2.497466257250720301e-02 1.098534595673295901e-02 1.070094322902980996e-02
-3.209517721354308156e-02 7.448311029591866278e-03 1.070449268943002644e-02 1.550643206301756394e-02 -3.246649077119508758e-02 1.861341347174029839e-02 1.761536954719950671e-02 1.355549467733363836e-02
-2.970978035440187057e-02 1.146015265340455912e-02 1.354217742717027384e-02 1.318713857803639929e-02 -3.018731751836938731e-02 1.055520589563865505e-02 1.765563574724905715e-02 9.229389965440041449e-03
-3.177049677484298368e-02 1.320866728973048645e-02 1.761909871058575314e-02 1.408894611136386234e-02 -2.857831210140806058e-02 1.033063991350153567e-02 1.274093725959869403e-02 8.445122986012536595e-03
-3.037154819916188311e-02 1.318616325288010649e-02 1.752995028543910191e-02 1.300422009489782781e-02 -3.240373426025620202e-02 1.054267510777416594e-02 1.600019088603197095e-02 1.003267890083667409e-02
-3.223391467542698757e-02 1.234336205594060119e-02 1.570197799298533176e-02 1.502910973087190523e-02 -2.866685576526454768e-02 1.037207003690519998e-02 1.194077149103373037e-02 1.180928676011655867e-02
-3.068649232501776888e-02 6.439741538743037723e-03 1.310230163903893658e-02 1.275353913587757779e-02 -2.688277492829318702e-02 1.194935447663829191e-02 1.025132138609611068e-02 1.764999839046665908e-02
