# pops for 8 qbits with connectivity c6 and unitary DM 23314668603008
3.999999761581420898e-01 1.999999880790710449e-01 1.999999880790710449e-01 1.999999880790710449e-01 3.999999761581420898e-01 2.000000029802322388e-01 2.000000029802322388e-01 2.000000029802322388e-01
3.308003544807434082e-01 1.999999880790710449e-01 2.612382471561431885e-01 1.999999880790710449e-01 3.511797189712524414e-01 2.567815780639648438e-01 2.000000029802322388e-01 2.000000029802322388e-01
3.085445165634155273e-01 2.247744649648666382e-01 2.775173187255859375e-01 2.031979560852050781e-01 3.323820233345031738e-01 2.442585378885269165e-01 2.069717943668365479e-01 2.023532837629318237e-01
3.222275674343109131e-01 2.191259562969207764e-01 2.659127712249755859e-01 2.052273750305175781e-01 3.359520435333251953e-01 2.458836287260055542e-01 2.017083764076232910e-01 2.039622217416763306e-01
2.921575903892517090e-01 2.358655929565429688e-01 2.585192024707794189e-01 2.209106981754302979e-01 2.960753440856933594e-01 2.472523152828216553e-01 2.234767079353332520e-01 2.257423996925354004e-01
2.782792448997497559e-01 2.440957725048065186e-01 2.348458170890808105e-01 2.207739353179931641e-01 2.960022091865539551e-01 2.387561500072479248e-01 2.557193636894226074e-01 2.315272986888885498e-01
2.761758565902709961e-01 2.413033396005630493e-01 2.358928620815277100e-01 2.303104251623153687e-01 2.998510301113128662e-01 2.367456555366516113e-01 2.489056885242462158e-01 2.308150082826614380e-01
2.777991294860839844e-01 2.346521317958831787e-01 2.416552156209945679e-01 2.325650006532669067e-01 2.914234399795532227e-01 2.431028187274932861e-01 2.475764155387878418e-01 2.312256395816802979e-01
2.743006348609924316e-01 2.430728375911712646e-01 2.384932041168212891e-01 2.319085150957107544e-01 2.909922897815704346e-01 2.404070645570755005e-01 2.429741621017456055e-01 2.378510832786560059e-01
2.808542251586914062e-01 2.466097176074981689e-01 2.346138954162597656e-01 2.338816821575164795e-01 2.858161628246307373e-01 2.479656636714935303e-01 2.370548099279403687e-01 2.332036793231964111e-01
2.774581313133239746e-01 2.450877279043197632e-01 2.434995174407958984e-01 2.338289171457290649e-01 2.844602763652801514e-01 2.406547814607620239e-01 2.363934516906738281e-01 2.386170178651809692e-01
2.724738121032714844e-01 2.444064021110534668e-01 2.463779151439666748e-01 2.393730580806732178e-01 2.821880877017974854e-01 2.368201166391372681e-01 2.396219670772552490e-01 2.387384623289108276e-01
2.750452160835266113e-01 2.476073801517486572e-01 2.429589182138442993e-01 2.388945370912551880e-01 2.799933552742004395e-01 2.362923324108123779e-01 2.388094067573547363e-01 2.403985559940338135e-01
2.745046615600585938e-01 2.442901879549026489e-01 2.454254776239395142e-01 2.400878220796585083e-01 2.765898108482360840e-01 2.392060458660125732e-01 2.414739131927490234e-01 2.384218424558639526e-01
2.741376161575317383e-01 2.398284524679183960e-01 2.435303330421447754e-01 2.421645373106002808e-01 2.752343118190765381e-01 2.395378351211547852e-01 2.404208183288574219e-01 2.451457381248474121e-01
2.745573222637176514e-01 2.366416603326797485e-01 2.448463588953018188e-01 2.438208460807800293e-01 2.799547910690307617e-01 2.406486719846725464e-01 2.419984340667724609e-01 2.375316917896270752e-01
2.767208814620971680e-01 2.387517094612121582e-01 2.433778196573257446e-01 2.410157173871994019e-01 2.783215641975402832e-01 2.400721460580825806e-01 2.373161762952804565e-01 2.444236129522323608e-01
2.793195843696594238e-01 2.365724295377731323e-01 2.426009029150009155e-01 2.417055964469909668e-01 2.786051630973815918e-01 2.417148351669311523e-01 2.375691533088684082e-01 2.419120371341705322e-01
2.781751155853271484e-01 2.395459264516830444e-01 2.426745444536209106e-01 2.398028969764709473e-01 2.747611403465270996e-01 2.446386516094207764e-01 2.433549761772155762e-01 2.370463907718658447e-01
2.772849500179290771e-01 2.391268908977508545e-01 2.447335571050643921e-01 2.390530854463577271e-01 2.745716571807861328e-01 2.434960007667541504e-01 2.413281500339508057e-01 2.404053807258605957e-01
2.753018140792846680e-01 2.390334755182266235e-01 2.454205751419067383e-01 2.418026924133300781e-01 2.754126489162445068e-01 2.423195391893386841e-01 2.417570203542709351e-01 2.389518618583679199e-01
2.814045548439025879e-01 2.387449890375137329e-01 2.425985038280487061e-01 2.428078800439834595e-01 2.736023068428039551e-01 2.456291913986206055e-01 2.374711483716964722e-01 2.377410233020782471e-01
2.820515632629394531e-01 2.374196052551269531e-01 2.431436032056808472e-01 2.411631047725677490e-01 2.733915150165557861e-01 2.437259703874588013e-01 2.389381825923919678e-01 2.401660531759262085e-01
2.832682132720947266e-01 2.367677390575408936e-01 2.443399727344512939e-01 2.434843331575393677e-01 2.783641815185546875e-01 2.394239902496337891e-01 2.360521405935287476e-01 2.382989823818206787e-01
2.799324989318847656e-01 2.399498075246810913e-01 2.440054416656494141e-01 2.439725250005722046e-01 2.771376967430114746e-01 2.342390567064285278e-01 2.396729588508605957e-01 2.410895824432373047e-01
2.775667905807495117e-01 2.433423697948455811e-01 2.396549433469772339e-01 2.444556802511215210e-01 2.787636518478393555e-01 2.401307821273803711e-01 2.381628900766372681e-01 2.379223853349685669e-01
2.781575918197631836e-01 2.391778379678726196e-01 2.352816015481948853e-01 2.450203001499176025e-01 2.796295583248138428e-01 2.377044111490249634e-01 2.461362034082412720e-01 2.388920187950134277e-01
2.782116234302520752e-01 2.374460250139236450e-01 2.421175986528396606e-01 2.467893064022064209e-01 2.755043208599090576e-01 2.376132160425186157e-01 2.398586869239807129e-01 2.424588203430175781e-01
2.819866538047790527e-01 2.345257848501205444e-01 2.407615482807159424e-01 2.474597990512847900e-01 2.764870226383209229e-01 2.374826818704605103e-01 2.403625547885894775e-01 2.409334927797317505e-01
2.765620946884155273e-01 2.403853386640548706e-01 2.435479164123535156e-01 2.442383915185928345e-01 2.754991054534912109e-01 2.372090369462966919e-01 2.410870790481567383e-01 2.414705008268356323e-01
2.822664082050323486e-01 2.402436286211013794e-01 2.445214390754699707e-01 2.394959032535552979e-01 2.764585614204406738e-01 2.362323254346847534e-01 2.391517311334609985e-01 2.416294515132904053e-01
2.816224694252014160e-01 2.414579242467880249e-01 2.424767166376113892e-01 2.382537722587585449e-01 2.784805297851562500e-01 2.358380258083343506e-01 2.412242889404296875e-01 2.406456917524337769e-01
2.770746350288391113e-01 2.432485818862915039e-01 2.434222847223281860e-01 2.373362481594085693e-01 2.774893641471862793e-01 2.359560430049896240e-01 2.465680092573165894e-01 2.389042228460311890e-01
2.770672440528869629e-01 2.429816722869873047e-01 2.418823242187500000e-01 2.395493686199188232e-01 2.782429456710815430e-01 2.367498129606246948e-01 2.439806163311004639e-01 2.395453751087188721e-01
2.757443189620971680e-01 2.440254092216491699e-01 2.399929463863372803e-01 2.381842732429504395e-01 2.821620106697082520e-01 2.413272112607955933e-01 2.442267239093780518e-01 2.343364357948303223e-01
2.783699631690979004e-01 2.447637319564819336e-01 2.410513609647750854e-01 2.372041046619415283e-01 2.800393700599670410e-01 2.401190847158432007e-01 2.418429106473922729e-01 2.366088181734085083e-01
2.747887372970581055e-01 2.416732609272003174e-01 2.463842034339904785e-01 2.385429590940475464e-01 2.743702828884124756e-01 2.440624535083770752e-01 2.391429841518402100e-01 2.410344034433364868e-01
2.719994783401489258e-01 2.417861968278884888e-01 2.483596950769424438e-01 2.413075268268585205e-01 2.798475027084350586e-01 2.408915907144546509e-01 2.390547543764114380e-01 2.367525994777679443e-01
2.721481025218963623e-01 2.393947988748550415e-01 2.452534139156341553e-01 2.440797984600067139e-01 2.780643105506896973e-01 2.472948431968688965e-01 2.381491959095001221e-01 2.356149107217788696e-01
2.753658890724182129e-01 2.390903979539871216e-01 2.382918298244476318e-01 2.469930648803710938e-01 2.793911397457122803e-01 2.439006119966506958e-01 2.471781075000762939e-01 2.297882437705993652e-01
2.733306884765625000e-01 2.400211095809936523e-01 2.394958287477493286e-01 2.458396852016448975e-01 2.786523401737213135e-01 2.476654648780822754e-01 2.429480999708175659e-01 2.320460975170135498e-01
2.765464484691619873e-01 2.374048233032226562e-01 2.410080134868621826e-01 2.406936585903167725e-01 2.788091301918029785e-01 2.456886917352676392e-01 2.447215467691421509e-01 2.351269721984863281e-01
2.786700129508972168e-01 2.376062572002410889e-01 2.447803169488906860e-01 2.426037490367889404e-01 2.779391407966613770e-01 2.401579320430755615e-01 2.404864877462387085e-01 2.377554178237915039e-01
2.763756513595581055e-01 2.366592288017272949e-01 2.408048510551452637e-01 2.419477701187133789e-01 2.793837189674377441e-01 2.384980171918869019e-01 2.443838119506835938e-01 2.419461607933044434e-01
2.782757282257080078e-01 2.358860969543457031e-01 2.392434179782867432e-01 2.385677695274353027e-01 2.770779430866241455e-01 2.383441925048828125e-01 2.500983774662017822e-01 2.425056695938110352e-01
2.782939672470092773e-01 2.373374104499816895e-01 2.360993474721908569e-01 2.435601353645324707e-01 2.831890881061553955e-01 2.305496931076049805e-01 2.517634630203247070e-01 2.392060160636901855e-01
2.813189625740051270e-01 2.389993071556091309e-01 2.392932623624801636e-01 2.406236678361892700e-01 2.808788418769836426e-01 2.313783168792724609e-01 2.522093951702117920e-01 2.352973669767379761e-01
2.806653678417205811e-01 2.399154156446456909e-01 2.375899702310562134e-01 2.405932247638702393e-01 2.790478169918060303e-01 2.349430918693542480e-01 2.477322220802307129e-01 2.395120710134506226e-01
2.793670296669006348e-01 2.380044460296630859e-01 2.393078804016113281e-01 2.420846223831176758e-01 2.804900109767913818e-01 2.356302440166473389e-01 2.441403865814208984e-01 2.409745752811431885e-01
2.784162759780883789e-01 2.401715219020843506e-01 2.357382774353027344e-01 2.418092340230941772e-01 2.798552215099334717e-01 2.373081147670745850e-01 2.468168437480926514e-01 2.398835867643356323e-01
2.751447558403015137e-01 2.417957484722137451e-01 2.327579110860824585e-01 2.421846538782119751e-01 2.811270952224731445e-01 2.425089180469512939e-01 2.432052791118621826e-01 2.412746995687484741e-01
2.811899185180664062e-01 2.357767820358276367e-01 2.341993451118469238e-01 2.419679760932922363e-01 2.798485755920410156e-01 2.426993995904922485e-01 2.436152994632720947e-01 2.407017648220062256e-01
2.776984870433807373e-01 2.336129695177078247e-01 2.362913489341735840e-01 2.388928234577178955e-01 2.805032134056091309e-01 2.439487427473068237e-01 2.447865009307861328e-01 2.442649900913238525e-01
2.817440330982208252e-01 2.378470897674560547e-01 2.378294765949249268e-01 2.407413274049758911e-01 2.762352526187896729e-01 2.424444258213043213e-01 2.376143932342529297e-01 2.455430626869201660e-01
2.842314839363098145e-01 2.377149760723114014e-01 2.429827600717544556e-01 2.441643178462982178e-01 2.770576775074005127e-01 2.383371591567993164e-01 2.344365864992141724e-01 2.410740554332733154e-01
2.841300368309020996e-01 2.387699186801910400e-01 2.425723969936370850e-01 2.436211556196212769e-01 2.737646102905273438e-01 2.407555878162384033e-01 2.350900322198867798e-01 2.412952631711959839e-01
2.832737565040588379e-01 2.406701147556304932e-01 2.438989877700805664e-01 2.412507236003875732e-01 2.766467332839965820e-01 2.418046593666076660e-01 2.312533408403396606e-01 2.412007302045822144e-01
2.803732752799987793e-01 2.437946051359176636e-01 2.462857663631439209e-01 2.349374890327453613e-01 2.770517766475677490e-01 2.426065504550933838e-01 2.343074530363082886e-01 2.406420409679412842e-01
2.768393158912658691e-01 2.454493939876556396e-01 2.440711259841918945e-01 2.390313148498535156e-01 2.735154628753662109e-01 2.416178286075592041e-01 2.348999679088592529e-01 2.445745170116424561e-01
2.810249924659729004e-01 2.370650172233581543e-01 2.434378713369369507e-01 2.436200529336929321e-01 2.776487469673156738e-01 2.412278205156326294e-01 2.336521744728088379e-01 2.423222959041595459e-01
2.823324501514434814e-01 2.347646653652191162e-01 2.411699593067169189e-01 2.464160025119781494e-01 2.820762991905212402e-01 2.383322268724441528e-01 2.360197305679321289e-01 2.388876080513000488e-01
2.790965437889099121e-01 2.420107871294021606e-01 2.446134984493255615e-01 2.441853433847427368e-01 2.802967429161071777e-01 2.340169996023178101e-01 2.387753576040267944e-01 2.370036691427230835e-01
2.809066474437713623e-01 2.454848140478134155e-01 2.420832514762878418e-01 2.456917166709899902e-01 2.751885652542114258e-01 2.362776547670364380e-01 2.381488680839538574e-01 2.362173944711685181e-01
2.810492515563964844e-01 2.433601617813110352e-01 2.454330474138259888e-01 2.443239986896514893e-01 2.773700952529907227e-01 2.351234853267669678e-01 2.397323399782180786e-01 2.336065173149108887e-01
2.748805582523345947e-01 2.401949465274810791e-01 2.433131486177444458e-01 2.454900741577148438e-01 2.814891040325164795e-01 2.393124699592590332e-01 2.370854765176773071e-01 2.382331043481826782e-01
2.775610983371734619e-01 2.400413155555725098e-01 2.416882514953613281e-01 2.430181652307510376e-01 2.780337035655975342e-01 2.417122125625610352e-01 2.362923026084899902e-01 2.416517734527587891e-01
2.780931591987609863e-01 2.404837310314178467e-01 2.417260259389877319e-01 2.363435775041580200e-01 2.805908620357513428e-01 2.371720373630523682e-01 2.403719723224639893e-01 2.452175021171569824e-01
2.776836752891540527e-01 2.442978918552398682e-01 2.424966245889663696e-01 2.381421923637390137e-01 2.793279588222503662e-01 2.347811162471771240e-01 2.390656471252441406e-01 2.442037612199783325e-01
2.811775803565979004e-01 2.455617785453796387e-01 2.419141232967376709e-01 2.339668571949005127e-01 2.789097726345062256e-01 2.372699677944183350e-01 2.371541112661361694e-01 2.440446317195892334e-01
2.775518596172332764e-01 2.419005930423736572e-01 2.425955832004547119e-01 2.397639453411102295e-01 2.855152487754821777e-01 2.335267961025238037e-01 2.359639704227447510e-01 2.431808114051818848e-01
2.798208594322204590e-01 2.457535862922668457e-01 2.411030530929565430e-01 2.340249866247177124e-01 2.852617502212524414e-01 2.358239442110061646e-01 2.396874129772186279e-01 2.385232448577880859e-01
2.743987143039703369e-01 2.494362741708755493e-01 2.445065677165985107e-01 2.369240224361419678e-01 2.848097383975982666e-01 2.387881577014923096e-01 2.387418001890182495e-01 2.323935329914093018e-01
2.816800177097320557e-01 2.491282075643539429e-01 2.370804697275161743e-01 2.376041859388351440e-01 2.852625846862792969e-01 2.389779686927795410e-01 2.373163104057312012e-01 2.329490482807159424e-01
2.784909009933471680e-01 2.459881007671356201e-01 2.419042587280273438e-01 2.391095757484436035e-01 2.838466465473175049e-01 2.392884343862533569e-01 2.358323037624359131e-01 2.355384826660156250e-01
2.820579707622528076e-01 2.456010878086090088e-01 2.401267290115356445e-01 2.378737181425094604e-01 2.849615216255187988e-01 2.370840013027191162e-01 2.357055544853210449e-01 2.365881353616714478e-01
2.846983075141906738e-01 2.396471053361892700e-01 2.416667342185974121e-01 2.378173619508743286e-01 2.808375060558319092e-01 2.368431538343429565e-01 2.388350665569305420e-01 2.396534532308578491e-01
2.869471013545989990e-01 2.436177432537078857e-01 2.415560632944107056e-01 2.317085713148117065e-01 2.878070473670959473e-01 2.360122203826904297e-01 2.355443984270095825e-01 2.368054986000061035e-01
2.847283482551574707e-01 2.407132983207702637e-01 2.395559698343276978e-01 2.348885536193847656e-01 2.836964428424835205e-01 2.377367615699768066e-01 2.407653778791427612e-01 2.379138469696044922e-01
2.820630073547363281e-01 2.418067753314971924e-01 2.409935444593429565e-01 2.361316382884979248e-01 2.823255956172943115e-01 2.430557310581207275e-01 2.370182871818542480e-01 2.366040796041488647e-01
2.796064615249633789e-01 2.472060024738311768e-01 2.341670095920562744e-01 2.400154471397399902e-01 2.798381149768829346e-01 2.420237362384796143e-01 2.395426034927368164e-01 2.375992387533187866e-01
2.770998477935791016e-01 2.421093583106994629e-01 2.347252964973449707e-01 2.420221567153930664e-01 2.800728976726531982e-01 2.472444474697113037e-01 2.391837388277053833e-01 2.375408411026000977e-01
2.752139866352081299e-01 2.416782677173614502e-01 2.358925491571426392e-01 2.426825612783432007e-01 2.779001593589782715e-01 2.489009946584701538e-01 2.359610348939895630e-01 2.417689859867095947e-01
2.753723263740539551e-01 2.383250743150711060e-01 2.357334494590759277e-01 2.424959540367126465e-01 2.754083275794982910e-01 2.509325444698333740e-01 2.393424808979034424e-01 2.423884123563766479e-01
2.804602384567260742e-01 2.388480603694915771e-01 2.353367507457733154e-01 2.372817546129226685e-01 2.827166914939880371e-01 2.469135522842407227e-01 2.389568686485290527e-01 2.394846677780151367e-01
2.778185904026031494e-01 2.416588813066482544e-01 2.452648282051086426e-01 2.351291775703430176e-01 2.783947587013244629e-01 2.417796850204467773e-01 2.388119101524353027e-01 2.411407232284545898e-01
2.775957584381103516e-01 2.422190755605697632e-01 2.461901903152465820e-01 2.400440275669097900e-01 2.731425762176513672e-01 2.365204095840454102e-01 2.431809008121490479e-01 2.411056160926818848e-01
2.794972062110900879e-01 2.405793070793151855e-01 2.469482123851776123e-01 2.390243262052536011e-01 2.749676704406738281e-01 2.397506386041641235e-01 2.405951321125030518e-01 2.386360764503479004e-01
2.805686891078948975e-01 2.421905249357223511e-01 2.460118234157562256e-01 2.422646433115005493e-01 2.744027972221374512e-01 2.386628687381744385e-01 2.411762773990631104e-01 2.347209006547927856e-01
2.775212526321411133e-01 2.435370981693267822e-01 2.431035190820693970e-01 2.426927685737609863e-01 2.735835909843444824e-01 2.407306134700775146e-01 2.436963021755218506e-01 2.351333498954772949e-01
2.801767587661743164e-01 2.401134967803955078e-01 2.361079603433609009e-01 2.443847209215164185e-01 2.751065492630004883e-01 2.398067563772201538e-01 2.421592921018600464e-01 2.421430051326751709e-01
2.813608944416046143e-01 2.405604422092437744e-01 2.345688939094543457e-01 2.441090345382690430e-01 2.763279676437377930e-01 2.422686964273452759e-01 2.372917532920837402e-01 2.435108125209808350e-01
2.797788679599761963e-01 2.359166145324707031e-01 2.351325154304504395e-01 2.497712522745132446e-01 2.787523865699768066e-01 2.432471215724945068e-01 2.363511025905609131e-01 2.410485595464706421e-01
2.806259691715240479e-01 2.404864728450775146e-01 2.373020648956298828e-01 2.426278591156005859e-01 2.787577807903289795e-01 2.411857247352600098e-01 2.375600039958953857e-01 2.414525151252746582e-01
2.745822668075561523e-01 2.432002127170562744e-01 2.361822873353958130e-01 2.470775842666625977e-01 2.729431986808776855e-01 2.453849464654922485e-01 2.383964806795120239e-01 2.422314286231994629e-01
2.759637832641601562e-01 2.481404542922973633e-01 2.354964762926101685e-01 2.426674365997314453e-01 2.734473943710327148e-01 2.455406635999679565e-01 2.388978302478790283e-01 2.398443669080734253e-01
2.795227169990539551e-01 2.475496530532836914e-01 2.355721890926361084e-01 2.459231019020080566e-01 2.757294178009033203e-01 2.393168807029724121e-01 2.383304536342620850e-01 2.380540072917938232e-01
2.796593308448791504e-01 2.456493675708770752e-01 2.320401221513748169e-01 2.463216334581375122e-01 2.807632088661193848e-01 2.397041022777557373e-01 2.394303083419799805e-01 2.364302873611450195e-01
2.771023511886596680e-01 2.470778077840805054e-01 2.326402366161346436e-01 2.484441250562667847e-01 2.803209424018859863e-01 2.387101501226425171e-01 2.367680668830871582e-01 2.389346510171890259e-01
2.796889841556549072e-01 2.457039654254913330e-01 2.330649793148040771e-01 2.475832700729370117e-01 2.812387943267822266e-01 2.383581846952438354e-01 2.364092022180557251e-01 2.379508912563323975e-01
2.836033105850219727e-01 2.451114952564239502e-01 2.377774715423583984e-01 2.395489662885665894e-01 2.811846733093261719e-01 2.372658699750900269e-01 2.372014224529266357e-01 2.383051067590713501e-01
2.815084159374237061e-01 2.453445494174957275e-01 2.399601936340332031e-01 2.370349466800689697e-01 2.783645391464233398e-01 2.373640984296798706e-01 2.381010949611663818e-01 2.423204481601715088e-01
