# pops for 8 qbits with connectivity c6 and unitary DM 22686644913728
3.999999761581420898e-01 1.999999880790710449e-01 1.999999880790710449e-01 1.999999880790710449e-01 3.999999761581420898e-01 2.000000029802322388e-01 2.000000029802322388e-01 2.000000029802322388e-01
3.368194103240966797e-01 2.538969218730926514e-01 1.999999880790710449e-01 1.999999880790710449e-01 3.722684383392333984e-01 2.370151877403259277e-01 1.999999880790710449e-01 1.999999880790710449e-01
3.041612505912780762e-01 2.498545944690704346e-01 2.146571576595306396e-01 2.251403778791427612e-01 3.178118467330932617e-01 2.402495443820953369e-01 2.260818332433700562e-01 2.220432907342910767e-01
2.888343334197998047e-01 2.495356649160385132e-01 2.173086255788803101e-01 2.279104590415954590e-01 2.911565601825714111e-01 2.500743865966796875e-01 2.402608096599578857e-01 2.349190562963485718e-01
2.860748767852783203e-01 2.478817403316497803e-01 2.217642515897750854e-01 2.278681844472885132e-01 2.921910881996154785e-01 2.516218125820159912e-01 2.463911771774291992e-01 2.262067198753356934e-01
2.887453138828277588e-01 2.465980052947998047e-01 2.219187468290328979e-01 2.263269722461700439e-01 2.882782816886901855e-01 2.539184689521789551e-01 2.442215681076049805e-01 2.299925088882446289e-01
2.897437512874603271e-01 2.500367164611816406e-01 2.249240577220916748e-01 2.417863905429840088e-01 2.896828651428222656e-01 2.340219169855117798e-01 2.404290139675140381e-01 2.293751388788223267e-01
2.849963009357452393e-01 2.504287958145141602e-01 2.285560965538024902e-01 2.374573498964309692e-01 2.950280904769897461e-01 2.347452640533447266e-01 2.365860342979431152e-01 2.322019934654235840e-01
2.812750935554504395e-01 2.407575845718383789e-01 2.283933758735656738e-01 2.400316745042800903e-01 2.862364053726196289e-01 2.397273033857345581e-01 2.500668764114379883e-01 2.335115671157836914e-01
2.813986837863922119e-01 2.419641166925430298e-01 2.335074841976165771e-01 2.372898161411285400e-01 2.882332801818847656e-01 2.392656803131103516e-01 2.435409277677536011e-01 2.347998321056365967e-01
2.806237637996673584e-01 2.430084645748138428e-01 2.364425063133239746e-01 2.340853661298751831e-01 2.894744277000427246e-01 2.341811507940292358e-01 2.350764274597167969e-01 2.471076846122741699e-01
2.831340134143829346e-01 2.433640360832214355e-01 2.325817793607711792e-01 2.350802421569824219e-01 2.859441041946411133e-01 2.398569732904434204e-01 2.367629259824752808e-01 2.432756870985031128e-01
2.800332903861999512e-01 2.439229488372802734e-01 2.344819456338882446e-01 2.357219159603118896e-01 2.855112552642822266e-01 2.381931543350219727e-01 2.392776608467102051e-01 2.428576052188873291e-01
2.807742357254028320e-01 2.411409318447113037e-01 2.358206510543823242e-01 2.364242374897003174e-01 2.893794178962707520e-01 2.420844435691833496e-01 2.368770241737365723e-01 2.374987602233886719e-01
2.803441286087036133e-01 2.401913702487945557e-01 2.369722127914428711e-01 2.396443784236907959e-01 2.858957648277282715e-01 2.392722666263580322e-01 2.399527579545974731e-01 2.377268373966217041e-01
2.795903086662292480e-01 2.412806302309036255e-01 2.370078116655349731e-01 2.382258325815200806e-01 2.857289314270019531e-01 2.438024133443832397e-01 2.370079755783081055e-01 2.373558580875396729e-01
2.784221172332763672e-01 2.398406416177749634e-01 2.411361038684844971e-01 2.328937500715255737e-01 2.821377515792846680e-01 2.440815567970275879e-01 2.379326522350311279e-01 2.435552328824996948e-01
2.729530632495880127e-01 2.389095425605773926e-01 2.416712641716003418e-01 2.354969680309295654e-01 2.871699929237365723e-01 2.418742775917053223e-01 2.428742945194244385e-01 2.390503436326980591e-01
2.764735221862792969e-01 2.376552224159240723e-01 2.396776676177978516e-01 2.417120933532714844e-01 2.758740782737731934e-01 2.461560964584350586e-01 2.436732351779937744e-01 2.387777268886566162e-01
2.708795666694641113e-01 2.399186491966247559e-01 2.391638755798339844e-01 2.455564290285110474e-01 2.768533825874328613e-01 2.428194582462310791e-01 2.453460395336151123e-01 2.394622266292572021e-01
2.760196924209594727e-01 2.417388707399368286e-01 2.398015856742858887e-01 2.405991405248641968e-01 2.767670154571533203e-01 2.408164143562316895e-01 2.450575977563858032e-01 2.391993105411529541e-01
2.783182859420776367e-01 2.471838593482971191e-01 2.380458116531372070e-01 2.343313992023468018e-01 2.793455123901367188e-01 2.419977635145187378e-01 2.454661428928375244e-01 2.353107780218124390e-01
2.823089361190795898e-01 2.402650862932205200e-01 2.363096028566360474e-01 2.392372190952301025e-01 2.773678302764892578e-01 2.417777776718139648e-01 2.427922636270523071e-01 2.399408817291259766e-01
2.842840552330017090e-01 2.431409657001495361e-01 2.353617250919342041e-01 2.423163354396820068e-01 2.773453593254089355e-01 2.378746867179870605e-01 2.402956634759902954e-01 2.393808364868164062e-01
2.864901125431060791e-01 2.393444180488586426e-01 2.400455921888351440e-01 2.445536851882934570e-01 2.794812321662902832e-01 2.347499877214431763e-01 2.394545525312423706e-01 2.358799874782562256e-01
2.832147777080535889e-01 2.389030158519744873e-01 2.398154139518737793e-01 2.415158152580261230e-01 2.832332849502563477e-01 2.386968731880187988e-01 2.388586252927780151e-01 2.357617318630218506e-01
2.808894515037536621e-01 2.416383922100067139e-01 2.385773509740829468e-01 2.379059791564941406e-01 2.812864780426025391e-01 2.375604063272476196e-01 2.409711480140686035e-01 2.411703765392303467e-01
2.837055027484893799e-01 2.410119771957397461e-01 2.394544482231140137e-01 2.348392605781555176e-01 2.771916687488555908e-01 2.373950034379959106e-01 2.462553083896636963e-01 2.401464134454727173e-01
2.780511081218719482e-01 2.440711557865142822e-01 2.429484724998474121e-01 2.355815768241882324e-01 2.758549451828002930e-01 2.435254603624343872e-01 2.389597594738006592e-01 2.410070598125457764e-01
2.751039266586303711e-01 2.447795420885086060e-01 2.432662993669509888e-01 2.383657246828079224e-01 2.762452661991119385e-01 2.382740527391433716e-01 2.408807724714279175e-01 2.430840134620666504e-01
2.771440148353576660e-01 2.419386059045791626e-01 2.389189898967742920e-01 2.415298223495483398e-01 2.811220586299896240e-01 2.380349338054656982e-01 2.390840053558349609e-01 2.422271072864532471e-01
2.753537893295288086e-01 2.431099563837051392e-01 2.414930015802383423e-01 2.395747303962707520e-01 2.829714715480804443e-01 2.424034774303436279e-01 2.353707104921340942e-01 2.397224754095077515e-01
2.762200832366943359e-01 2.460848093032836914e-01 2.449478805065155029e-01 2.346013337373733521e-01 2.841036915779113770e-01 2.348394095897674561e-01 2.349274158477783203e-01 2.442749291658401489e-01
2.751647233963012695e-01 2.481296956539154053e-01 2.412786483764648438e-01 2.372810244560241699e-01 2.752131223678588867e-01 2.424043416976928711e-01 2.372027337551116943e-01 2.433251887559890747e-01
2.744015455245971680e-01 2.484139651060104370e-01 2.398727387189865112e-01 2.365397661924362183e-01 2.777157425880432129e-01 2.415056824684143066e-01 2.385802716016769409e-01 2.429697215557098389e-01
2.780049741268157959e-01 2.453892529010772705e-01 2.385754585266113281e-01 2.372583746910095215e-01 2.805391848087310791e-01 2.388971745967864990e-01 2.383108288049697876e-01 2.430241554975509644e-01
2.764429152011871338e-01 2.462718784809112549e-01 2.369027733802795410e-01 2.396104782819747925e-01 2.804486751556396484e-01 2.379778623580932617e-01 2.427152991294860840e-01 2.396295517683029175e-01
2.739043235778808594e-01 2.463213950395584106e-01 2.395226359367370605e-01 2.374220639467239380e-01 2.793845832347869873e-01 2.400849759578704834e-01 2.400553822517395020e-01 2.433040440082550049e-01
2.790187597274780273e-01 2.433050572872161865e-01 2.358765900135040283e-01 2.415369153022766113e-01 2.818128466606140137e-01 2.415090352296829224e-01 2.355290055274963379e-01 2.414111495018005371e-01
2.786439657211303711e-01 2.423181384801864624e-01 2.371820062398910522e-01 2.415932118892669678e-01 2.750805616378784180e-01 2.419866919517517090e-01 2.399209141731262207e-01 2.432738840579986572e-01
2.787186503410339355e-01 2.424859404563903809e-01 2.407821416854858398e-01 2.377505302429199219e-01 2.764029502868652344e-01 2.472364306449890137e-01 2.364590317010879517e-01 2.401635497808456421e-01
2.758723795413970947e-01 2.435229420661926270e-01 2.383317947387695312e-01 2.374874502420425415e-01 2.806626260280609131e-01 2.441039532423019409e-01 2.434712499380111694e-01 2.365469336509704590e-01
2.806980311870574951e-01 2.478599697351455688e-01 2.364376187324523926e-01 2.354257702827453613e-01 2.733940780162811279e-01 2.505227327346801758e-01 2.372861206531524658e-01 2.383749336004257202e-01
2.753278613090515137e-01 2.438797205686569214e-01 2.395337820053100586e-01 2.416800260543823242e-01 2.797644138336181641e-01 2.411540895700454712e-01 2.411847710609436035e-01 2.374745607376098633e-01
2.720475494861602783e-01 2.470319718122482300e-01 2.341439574956893921e-01 2.447247207164764404e-01 2.821250855922698975e-01 2.352707535028457642e-01 2.415552437305450439e-01 2.430999875068664551e-01
2.759130597114562988e-01 2.450998723506927490e-01 2.359228432178497314e-01 2.456883192062377930e-01 2.794411182403564453e-01 2.361488044261932373e-01 2.407448589801788330e-01 2.410403639078140259e-01
2.756480872631072998e-01 2.454598844051361084e-01 2.352382093667984009e-01 2.463478595018386841e-01 2.786865532398223877e-01 2.362618893384933472e-01 2.378765940666198730e-01 2.444801926612854004e-01
2.760553658008575439e-01 2.431000024080276489e-01 2.391325235366821289e-01 2.473572194576263428e-01 2.794687747955322266e-01 2.367468327283859253e-01 2.389693111181259155e-01 2.391692698001861572e-01
2.772066891193389893e-01 2.393304705619812012e-01 2.404849380254745483e-01 2.479845434427261353e-01 2.803205549716949463e-01 2.383121401071548462e-01 2.377118170261383057e-01 2.386480867862701416e-01
2.741907835006713867e-01 2.379930615425109863e-01 2.412238419055938721e-01 2.448731660842895508e-01 2.798725962638854980e-01 2.409311085939407349e-01 2.386521846055984497e-01 2.422624677419662476e-01
2.840418815612792969e-01 2.328260391950607300e-01 2.457633912563323975e-01 2.356495708227157593e-01 2.816713154315948486e-01 2.379269152879714966e-01 2.393977195024490356e-01 2.427224367856979370e-01
2.826066017150878906e-01 2.360972166061401367e-01 2.435659617185592651e-01 2.371378839015960693e-01 2.785466313362121582e-01 2.400712817907333374e-01 2.395433485507965088e-01 2.424302697181701660e-01
2.843128442764282227e-01 2.362907379865646362e-01 2.425728887319564819e-01 2.421865761280059814e-01 2.783980965614318848e-01 2.398979365825653076e-01 2.408582717180252075e-01 2.354817986488342285e-01
2.838400304317474365e-01 2.371123135089874268e-01 2.428136914968490601e-01 2.407402098178863525e-01 2.761300206184387207e-01 2.373433411121368408e-01 2.433584034442901611e-01 2.386611700057983398e-01
2.777900993824005127e-01 2.400608956813812256e-01 2.501395940780639648e-01 2.418250441551208496e-01 2.761154770851135254e-01 2.349825203418731689e-01 2.394547462463378906e-01 2.396307885646820068e-01
2.811749577522277832e-01 2.390159964561462402e-01 2.434310466051101685e-01 2.428056299686431885e-01 2.763108611106872559e-01 2.348514050245285034e-01 2.401333749294281006e-01 2.422758638858795166e-01
2.830286026000976562e-01 2.362925112247467041e-01 2.439953088760375977e-01 2.432991266250610352e-01 2.764942049980163574e-01 2.352277487516403198e-01 2.412186115980148315e-01 2.404430359601974487e-01
2.842849195003509521e-01 2.383099645376205444e-01 2.409818321466445923e-01 2.408275902271270752e-01 2.770465016365051270e-01 2.333376258611679077e-01 2.446861267089843750e-01 2.405244261026382446e-01
2.824580669403076172e-01 2.436511814594268799e-01 2.397934496402740479e-01 2.385015636682510376e-01 2.814215719699859619e-01 2.346781939268112183e-01 2.415748238563537598e-01 2.379201650619506836e-01
2.840948700904846191e-01 2.413980364799499512e-01 2.379842102527618408e-01 2.382749766111373901e-01 2.767041027545928955e-01 2.351021915674209595e-01 2.442314773797988892e-01 2.422091513872146606e-01
2.844122052192687988e-01 2.426662743091583252e-01 2.349835187196731567e-01 2.411536127328872681e-01 2.750384211540222168e-01 2.352624535560607910e-01 2.441932410001754761e-01 2.422892600297927856e-01
2.793648540973663330e-01 2.394152283668518066e-01 2.370611131191253662e-01 2.403362244367599487e-01 2.720934748649597168e-01 2.422758340835571289e-01 2.478701919317245483e-01 2.415820211172103882e-01
2.825647294521331787e-01 2.409184873104095459e-01 2.356509566307067871e-01 2.405160963535308838e-01 2.756798863410949707e-01 2.357543557882308960e-01 2.459006607532501221e-01 2.430138140916824341e-01
2.811884880065917969e-01 2.456416785717010498e-01 2.320775687694549561e-01 2.395522296428680420e-01 2.805647253990173340e-01 2.359808087348937988e-01 2.450497746467590332e-01 2.399436831474304199e-01
2.843741178512573242e-01 2.383316457271575928e-01 2.393306195735931396e-01 2.373865395784378052e-01 2.758756279945373535e-01 2.404323816299438477e-01 2.419210672378540039e-01 2.423468977212905884e-01
2.795102894306182861e-01 2.365877330303192139e-01 2.398565709590911865e-01 2.434682995080947876e-01 2.811160683631896973e-01 2.371701300144195557e-01 2.440309971570968628e-01 2.382587641477584839e-01
2.801566720008850098e-01 2.401748001575469971e-01 2.442156076431274414e-01 2.415236085653305054e-01 2.759113907814025879e-01 2.373693883419036865e-01 2.428548485040664673e-01 2.377926111221313477e-01
2.806768715381622314e-01 2.407191991806030273e-01 2.399679273366928101e-01 2.395266145467758179e-01 2.768437862396240234e-01 2.412457168102264404e-01 2.393066734075546265e-01 2.417120933532714844e-01
2.788848280906677246e-01 2.418661117553710938e-01 2.379271090030670166e-01 2.422125488519668579e-01 2.805689871311187744e-01 2.411248236894607544e-01 2.364831268787384033e-01 2.409313470125198364e-01
2.849043607711791992e-01 2.388103455305099487e-01 2.364970147609710693e-01 2.365283966064453125e-01 2.805431187152862549e-01 2.395556867122650146e-01 2.411338537931442261e-01 2.420260608196258545e-01
2.839823067188262939e-01 2.387821376323699951e-01 2.385564446449279785e-01 2.325780838727951050e-01 2.800982296466827393e-01 2.431376129388809204e-01 2.425290197134017944e-01 2.403350025415420532e-01
2.812443971633911133e-01 2.432280182838439941e-01 2.384837269783020020e-01 2.334658503532409668e-01 2.809064388275146484e-01 2.427344322204589844e-01 2.409057468175888062e-01 2.390302270650863647e-01
2.813714742660522461e-01 2.403674423694610596e-01 2.395048737525939941e-01 2.314196228981018066e-01 2.811911106109619141e-01 2.443688660860061646e-01 2.428505718708038330e-01 2.389248162508010864e-01
2.762555480003356934e-01 2.425368726253509521e-01 2.413757741451263428e-01 2.326198220252990723e-01 2.837481498718261719e-01 2.391283512115478516e-01 2.451034933328628540e-01 2.392307817935943604e-01
2.800940573215484619e-01 2.403257787227630615e-01 2.384910732507705688e-01 2.348493635654449463e-01 2.826101183891296387e-01 2.387671619653701782e-01 2.427641898393630981e-01 2.420969605445861816e-01
2.810073196887969971e-01 2.388090193271636963e-01 2.355981022119522095e-01 2.322382479906082153e-01 2.866049408912658691e-01 2.419817894697189331e-01 2.391032278537750244e-01 2.446560859680175781e-01
2.809414267539978027e-01 2.428452223539352417e-01 2.331364750862121582e-01 2.401187717914581299e-01 2.874088287353515625e-01 2.411901801824569702e-01 2.383202314376831055e-01 2.360376417636871338e-01
2.833623290061950684e-01 2.361505925655364990e-01 2.361438572406768799e-01 2.440461516380310059e-01 2.840755581855773926e-01 2.407724410295486450e-01 2.362252175807952881e-01 2.392226159572601318e-01
2.865585684776306152e-01 2.397555410861968994e-01 2.343372851610183716e-01 2.432451844215393066e-01 2.860077619552612305e-01 2.358478009700775146e-01 2.400185763835906982e-01 2.342280298471450806e-01
2.906588315963745117e-01 2.373135983943939209e-01 2.334587275981903076e-01 2.440032064914703369e-01 2.806816101074218750e-01 2.384102493524551392e-01 2.375957816839218140e-01 2.378766536712646484e-01
2.830411493778228760e-01 2.393473982810974121e-01 2.369684129953384399e-01 2.393241673707962036e-01 2.798171639442443848e-01 2.428470700979232788e-01 2.403394132852554321e-01 2.383138984441757202e-01
2.773061990737915039e-01 2.434071302413940430e-01 2.375064939260482788e-01 2.396429479122161865e-01 2.846952378749847412e-01 2.385367304086685181e-01 2.398206293582916260e-01 2.390832901000976562e-01
2.797060608863830566e-01 2.428256422281265259e-01 2.384154647588729858e-01 2.457565367221832275e-01 2.807722687721252441e-01 2.338256537914276123e-01 2.333795428276062012e-01 2.453174889087677002e-01
2.811951935291290283e-01 2.447251975536346436e-01 2.370860278606414795e-01 2.440792471170425415e-01 2.803266048431396484e-01 2.353432476520538330e-01 2.361434549093246460e-01 2.410997301340103149e-01
2.823214530944824219e-01 2.407571822404861450e-01 2.346056699752807617e-01 2.417113780975341797e-01 2.744862139225006104e-01 2.396404147148132324e-01 2.433378696441650391e-01 2.431384027004241943e-01
2.766874432563781738e-01 2.430883347988128662e-01 2.337915599346160889e-01 2.385667860507965088e-01 2.752252817153930664e-01 2.429491281509399414e-01 2.424347102642059326e-01 2.472553849220275879e-01
2.769687175750732422e-01 2.401743382215499878e-01 2.365207821130752563e-01 2.420061230659484863e-01 2.751287519931793213e-01 2.425490170717239380e-01 2.432398796081542969e-01 2.434110045433044434e-01
2.765506505966186523e-01 2.374103367328643799e-01 2.365060150623321533e-01 2.429996579885482788e-01 2.745680809020996094e-01 2.428332269191741943e-01 2.450953871011734009e-01 2.440352737903594971e-01
2.758748233318328857e-01 2.367455065250396729e-01 2.376935631036758423e-01 2.431527376174926758e-01 2.781236767768859863e-01 2.435618340969085693e-01 2.428713738918304443e-01 2.419750988483428955e-01
2.828280329704284668e-01 2.374971807003021240e-01 2.356492131948471069e-01 2.410798072814941406e-01 2.823055088520050049e-01 2.408961206674575806e-01 2.406034767627716064e-01 2.391391396522521973e-01
2.823541164398193359e-01 2.438151240348815918e-01 2.360461354255676270e-01 2.378674000501632690e-01 2.743580937385559082e-01 2.441855669021606445e-01 2.408677488565444946e-01 2.405043691396713257e-01
2.830029129981994629e-01 2.450034320354461670e-01 2.392120659351348877e-01 2.393077611923217773e-01 2.754618227481842041e-01 2.386393547058105469e-01 2.438698112964630127e-01 2.355013489723205566e-01
2.817251384258270264e-01 2.442080229520797729e-01 2.456427216529846191e-01 2.393926680088043213e-01 2.747575640678405762e-01 2.400872260332107544e-01 2.395122945308685303e-01 2.346727997064590454e-01
2.774865627288818359e-01 2.413104176521301270e-01 2.415230721235275269e-01 2.385958433151245117e-01 2.799538373947143555e-01 2.416604161262512207e-01 2.416335344314575195e-01 2.378347814083099365e-01
2.807824015617370605e-01 2.379349470138549805e-01 2.400203049182891846e-01 2.401782274246215820e-01 2.778410911560058594e-01 2.448562383651733398e-01 2.401483952999114990e-01 2.382368743419647217e-01
2.791241407394409180e-01 2.376371622085571289e-01 2.406657040119171143e-01 2.421266287565231323e-01 2.739598751068115234e-01 2.448639273643493652e-01 2.431045472621917725e-01 2.385165393352508545e-01
2.785647213459014893e-01 2.395722270011901855e-01 2.391819059848785400e-01 2.484678328037261963e-01 2.740680575370788574e-01 2.399079352617263794e-01 2.434580326080322266e-01 2.367777824401855469e-01
2.806406021118164062e-01 2.408389300107955933e-01 2.403157204389572144e-01 2.439914196729660034e-01 2.795993089675903320e-01 2.348660528659820557e-01 2.429619431495666504e-01 2.367844879627227783e-01
2.844650149345397949e-01 2.419260740280151367e-01 2.394279986619949341e-01 2.386759519577026367e-01 2.800763845443725586e-01 2.358426451683044434e-01 2.423959523439407349e-01 2.371883541345596313e-01
2.830176651477813721e-01 2.366613447666168213e-01 2.427388876676559448e-01 2.420771569013595581e-01 2.799973487854003906e-01 2.380624115467071533e-01 2.408820986747741699e-01 2.365614175796508789e-01
2.836616933345794678e-01 2.376926094293594360e-01 2.390602529048919678e-01 2.416836321353912354e-01 2.830382585525512695e-01 2.335732579231262207e-01 2.400064915418624878e-01 2.412821799516677856e-01
