# pops for 8 qbits with connectivity 5 in chunks 2
1.999999880790710449e-01 1.999999880790710449e-01 1.999999880790710449e-01 1.999999880790710449e-01 3.999999761581420898e-01 1.999999880790710449e-01 1.999999880790710449e-01 1.999999880790710449e-01
2.066442370414733887e-01 2.198058515787124634e-01 1.999999880790710449e-01 1.999999880790710449e-01 3.517488837242126465e-01 2.218009829521179199e-01 1.999999880790710449e-01 1.999999880790710449e-01
2.074376493692398071e-01 2.235838174819946289e-01 1.999999880790710449e-01 1.999999880790710449e-01 3.511690497398376465e-01 2.178094238042831421e-01 2.000000029802322388e-01 2.000000029802322388e-01
2.105726003646850586e-01 2.235350310802459717e-01 2.000000029802322388e-01 2.000000029802322388e-01 3.479600548744201660e-01 2.179322540760040283e-01 1.999999880790710449e-01 1.999999880790710449e-01
2.149345874786376953e-01 2.208766043186187744e-01 1.999999880790710449e-01 1.999999880790710449e-01 3.429254889488220215e-01 2.212633192539215088e-01 2.000000029802322388e-01 2.000000029802322388e-01
1.957707107067108154e-01 2.195526212453842163e-01 2.000000029802322388e-01 1.999999880790710449e-01 3.667510449886322021e-01 2.179256379604339600e-01 2.000000029802322388e-01 1.999999880790710449e-01
2.276067286729812622e-01 2.217433452606201172e-01 2.000000029802322388e-01 2.000000029802322388e-01 3.258607387542724609e-01 2.247892022132873535e-01 2.000000029802322388e-01 2.000000029802322388e-01
2.264331728219985962e-01 2.106676995754241943e-01 2.000000029802322388e-01 2.000000029802322388e-01 3.586005568504333496e-01 2.042985558509826660e-01 1.999999880790710449e-01 1.999999880790710449e-01
2.235068380832672119e-01 2.167296707630157471e-01 2.000000029802322388e-01 2.000000029802322388e-01 3.439518213272094727e-01 2.158116698265075684e-01 2.000000029802322388e-01 1.999999880790710449e-01
2.184429466724395752e-01 2.111016809940338135e-01 2.000000178813934326e-01 2.000000178813934326e-01 3.574387133121490479e-01 2.130166739225387573e-01 2.000000029802322388e-01 2.000000029802322388e-01
2.259648889303207397e-01 2.122953534126281738e-01 2.000000178813934326e-01 2.000000178813934326e-01 3.408129215240478516e-01 2.209268510341644287e-01 2.000000029802322388e-01 2.000000178813934326e-01
2.239208817481994629e-01 2.158581018447875977e-01 2.000000178813934326e-01 2.000000178813934326e-01 3.535255193710327148e-01 2.066955566406250000e-01 2.000000178813934326e-01 2.000000178813934326e-01
2.074322700500488281e-01 2.211624681949615479e-01 2.000000029802322388e-01 2.000000029802322388e-01 3.611888885498046875e-01 2.102164030075073242e-01 2.000000029802322388e-01 1.999999880790710449e-01
2.148720920085906982e-01 2.104740887880325317e-01 2.000000029802322388e-01 2.000000178813934326e-01 3.502607941627502441e-01 2.243930250406265259e-01 2.000000029802322388e-01 2.000000029802322388e-01
2.032768130302429199e-01 2.372484654188156128e-01 2.000000178813934326e-01 2.000000178813934326e-01 3.549901843070983887e-01 2.044845819473266602e-01 1.999999880790710449e-01 2.000000029802322388e-01
2.063824087381362915e-01 2.217896878719329834e-01 2.000000029802322388e-01 2.000000178813934326e-01 3.591799139976501465e-01 2.126480042934417725e-01 2.000000178813934326e-01 2.000000178813934326e-01
2.146854698657989502e-01 2.103048861026763916e-01 2.000000178813934326e-01 2.000000029802322388e-01 3.499498963356018066e-01 2.250597774982452393e-01 2.000000178813934326e-01 2.000000029802322388e-01
2.314336299896240234e-01 2.127845883369445801e-01 2.000000178813934326e-01 2.000000178813934326e-01 3.485120534896850586e-01 2.072696685791015625e-01 2.000000178813934326e-01 2.000000029802322388e-01
2.106533497571945190e-01 2.161381542682647705e-01 2.000000029802322388e-01 1.999999880790710449e-01 3.641145229339599609e-01 2.090940028429031372e-01 2.000000029802322388e-01 2.000000029802322388e-01
2.216240167617797852e-01 2.094493657350540161e-01 2.000000029802322388e-01 2.000000029802322388e-01 3.534903526306152344e-01 2.154362499713897705e-01 2.000000029802322388e-01 1.999999880790710449e-01
2.149805873632431030e-01 2.237988114356994629e-01 2.000000178813934326e-01 2.000000178813934326e-01 3.438924551010131836e-01 2.173281311988830566e-01 2.000000029802322388e-01 2.000000029802322388e-01
1.950628459453582764e-01 2.206605374813079834e-01 2.000000178813934326e-01 2.000000178813934326e-01 3.649009466171264648e-01 2.193756699562072754e-01 2.000000029802322388e-01 2.000000029802322388e-01
2.166460454463958740e-01 2.217877507209777832e-01 2.000000029802322388e-01 1.999999880790710449e-01 3.471094667911529541e-01 2.144566774368286133e-01 2.000000029802322388e-01 2.000000029802322388e-01
2.276230752468109131e-01 2.109590321779251099e-01 2.000000178813934326e-01 2.000000178813934326e-01 3.453378677368164062e-01 2.160799801349639893e-01 2.000000029802322388e-01 2.000000029802322388e-01
2.132297754287719727e-01 2.123923152685165405e-01 2.000000029802322388e-01 2.000000029802322388e-01 3.489170074462890625e-01 2.254609018564224243e-01 2.000000178813934326e-01 2.000000178813934326e-01
2.100584805011749268e-01 2.216377258300781250e-01 2.000000178813934326e-01 2.000000178813934326e-01 3.679678738117218018e-01 2.003359347581863403e-01 2.000000178813934326e-01 2.000000178813934326e-01
2.093795835971832275e-01 2.112409174442291260e-01 2.000000178813934326e-01 2.000000178813934326e-01 3.489394783973693848e-01 2.304399907588958740e-01 1.999999880790710449e-01 2.000000029802322388e-01
2.170325070619583130e-01 1.981587111949920654e-01 2.000000178813934326e-01 2.000000029802322388e-01 3.483498096466064453e-01 2.364589571952819824e-01 2.000000029802322388e-01 2.000000178813934326e-01
2.066642940044403076e-01 2.323959767818450928e-01 2.000000178813934326e-01 2.000000178813934326e-01 3.419247567653656006e-01 2.190149724483489990e-01 2.000000178813934326e-01 2.000000178813934326e-01
2.168246507644653320e-01 2.179574072360992432e-01 2.000000178813934326e-01 2.000000178813934326e-01 3.479540050029754639e-01 2.172639369964599609e-01 2.000000178813934326e-01 2.000000178813934326e-01
2.141741812229156494e-01 2.304033339023590088e-01 2.000000178813934326e-01 2.000000178813934326e-01 3.489179015159606934e-01 2.065045535564422607e-01 2.000000178813934326e-01 2.000000178813934326e-01
2.290975004434585571e-01 2.188077121973037720e-01 2.000000178813934326e-01 2.000000178813934326e-01 3.449144959449768066e-01 2.071803063154220581e-01 1.999999880790710449e-01 1.999999880790710449e-01
2.158770263195037842e-01 2.238170802593231201e-01 2.000000178813934326e-01 2.000000178813934326e-01 3.480326235294342041e-01 2.122732698917388916e-01 2.000000178813934326e-01 2.000000178813934326e-01
2.186112254858016968e-01 2.107659280300140381e-01 2.000000178813934326e-01 2.000000178813934326e-01 3.564490973949432373e-01 2.141737341880798340e-01 2.000000178813934326e-01 2.000000178813934326e-01
2.113862633705139160e-01 2.033151090145111084e-01 2.000000178813934326e-01 2.000000178813934326e-01 3.445175886154174805e-01 2.407810389995574951e-01 1.999999880790710449e-01 2.000000029802322388e-01
2.289303839206695557e-01 2.154493033885955811e-01 2.000000178813934326e-01 2.000000178813934326e-01 3.601222634315490723e-01 1.954980790615081787e-01 2.000000178813934326e-01 2.000000178813934326e-01
2.240276038646697998e-01 2.263925373554229736e-01 2.000000178813934326e-01 2.000000178813934326e-01 3.387785553932189941e-01 2.108012586832046509e-01 2.000000029802322388e-01 2.000000029802322388e-01
2.317725121974945068e-01 2.113419473171234131e-01 2.000000178813934326e-01 2.000000178813934326e-01 3.534949421882629395e-01 2.033906430006027222e-01 2.000000178813934326e-01 2.000000178813934326e-01
2.093961238861083984e-01 2.212732732295989990e-01 2.000000178813934326e-01 2.000000178813934326e-01 3.555546402931213379e-01 2.137759327888488770e-01 2.000000178813934326e-01 2.000000029802322388e-01
2.156501710414886475e-01 2.232788354158401489e-01 2.000000327825546265e-01 2.000000327825546265e-01 3.522988259792327881e-01 2.087721526622772217e-01 2.000000029802322388e-01 2.000000029802322388e-01
2.115231901407241821e-01 2.125747650861740112e-01 2.000000327825546265e-01 2.000000327825546265e-01 3.408150076866149902e-01 2.350870370864868164e-01 2.000000327825546265e-01 2.000000178813934326e-01
2.288810014724731445e-01 2.263692617416381836e-01 2.000000327825546265e-01 2.000000476837158203e-01 3.527390360832214355e-01 1.920107007026672363e-01 2.000000178813934326e-01 2.000000178813934326e-01
2.176007926464080811e-01 2.113347500562667847e-01 2.000000178813934326e-01 2.000000178813934326e-01 3.552876114845275879e-01 2.157768458127975464e-01 2.000000178813934326e-01 2.000000178813934326e-01
2.172063291072845459e-01 2.070802450180053711e-01 2.000000178813934326e-01 2.000000178813934326e-01 3.683030307292938232e-01 2.074104547500610352e-01 2.000000178813934326e-01 2.000000178813934326e-01
2.228654623031616211e-01 2.176400423049926758e-01 2.000000178813934326e-01 2.000000327825546265e-01 3.540738821029663086e-01 2.054206132888793945e-01 2.000000476837158203e-01 2.000000178813934326e-01
2.111080884933471680e-01 2.174228131771087646e-01 2.000000178813934326e-01 2.000000327825546265e-01 3.440750837326049805e-01 2.273940593004226685e-01 2.000000178813934326e-01 2.000000178813934326e-01
2.276734709739685059e-01 2.079511880874633789e-01 2.000000178813934326e-01 2.000000178813934326e-01 3.473179340362548828e-01 2.170574069023132324e-01 2.000000178813934326e-01 2.000000178813934326e-01
2.200838625431060791e-01 2.190910875797271729e-01 2.000000178813934326e-01 2.000000178813934326e-01 3.595222830772399902e-01 2.013027817010879517e-01 2.000000178813934326e-01 2.000000178813934326e-01
2.190950214862823486e-01 2.154043912887573242e-01 2.000000178813934326e-01 2.000000178813934326e-01 3.497500419616699219e-01 2.157505303621292114e-01 2.000000029802322388e-01 2.000000178813934326e-01
2.148683667182922363e-01 2.164542078971862793e-01 2.000000178813934326e-01 2.000000476837158203e-01 3.475844264030456543e-01 2.210929989814758301e-01 2.000000178813934326e-01 2.000000178813934326e-01
2.090983092784881592e-01 2.187602818012237549e-01 2.000000327825546265e-01 2.000000327825546265e-01 3.515843451023101807e-01 2.205570489168167114e-01 2.000000476837158203e-01 2.000000476837158203e-01
2.297985702753067017e-01 2.121859490871429443e-01 2.000000327825546265e-01 2.000000476837158203e-01 3.298871517181396484e-01 2.281283140182495117e-01 2.000000476837158203e-01 2.000000178813934326e-01
2.311704456806182861e-01 2.152546197175979614e-01 2.000000476837158203e-01 2.000000476837158203e-01 3.492096662521362305e-01 2.043652683496475220e-01 2.000000327825546265e-01 2.000000476837158203e-01
2.145891487598419189e-01 2.240932285785675049e-01 2.000000476837158203e-01 2.000000178813934326e-01 3.419379293918609619e-01 2.193796932697296143e-01 2.000000178813934326e-01 2.000000327825546265e-01
2.203225642442703247e-01 2.032807022333145142e-01 2.000000476837158203e-01 2.000000476837158203e-01 3.532797694206237793e-01 2.231170237064361572e-01 2.000000327825546265e-01 2.000000327825546265e-01
2.223830074071884155e-01 2.150198072195053101e-01 2.000000178813934326e-01 2.000000178813934326e-01 3.487311601638793945e-01 2.138660252094268799e-01 2.000000476837158203e-01 2.000000178813934326e-01
2.262042462825775146e-01 2.113332748413085938e-01 2.000000327825546265e-01 2.000000327825546265e-01 3.427228331565856934e-01 2.197396457195281982e-01 2.000000178813934326e-01 2.000000178813934326e-01
2.083258926868438721e-01 2.202716469764709473e-01 2.000000327825546265e-01 2.000000327825546265e-01 3.642212152481079102e-01 2.071812599897384644e-01 2.000000178813934326e-01 2.000000327825546265e-01
2.326197475194931030e-01 2.073196917772293091e-01 2.000000476837158203e-01 2.000000476837158203e-01 3.494698405265808105e-01 2.105907201766967773e-01 2.000000476837158203e-01 2.000000178813934326e-01
2.105882465839385986e-01 2.268130034208297729e-01 2.000000476837158203e-01 2.000000476837158203e-01 3.415797352790832520e-01 2.210189998149871826e-01 2.000000178813934326e-01 2.000000327825546265e-01
2.113195359706878662e-01 2.098169177770614624e-01 2.000000476837158203e-01 2.000000476837158203e-01 3.639360666275024414e-01 2.149275094270706177e-01 2.000000178813934326e-01 2.000000178813934326e-01
2.234018296003341675e-01 2.035837173461914062e-01 2.000000327825546265e-01 2.000000476837158203e-01 3.509376645088195801e-01 2.220768332481384277e-01 2.000000476837158203e-01 2.000000327825546265e-01
2.015915215015411377e-01 2.193458080291748047e-01 2.000000476837158203e-01 2.000000476837158203e-01 3.559535443782806396e-01 2.231091856956481934e-01 2.000000476837158203e-01 2.000000476837158203e-01
2.128860950469970703e-01 2.329027354717254639e-01 2.000000476837158203e-01 2.000000476837158203e-01 3.435796499252319336e-01 2.106315493583679199e-01 2.000000178813934326e-01 2.000000327825546265e-01
2.138741314411163330e-01 2.133619934320449829e-01 2.000000476837158203e-01 2.000000476837158203e-01 3.481082916259765625e-01 2.246556580066680908e-01 2.000000476837158203e-01 2.000000178813934326e-01
2.207004576921463013e-01 2.022476196289062500e-01 2.000000476837158203e-01 2.000000178813934326e-01 3.495204150676727295e-01 2.275315225124359131e-01 2.000000178813934326e-01 2.000000178813934326e-01
2.167581468820571899e-01 2.095900177955627441e-01 2.000000476837158203e-01 2.000000476837158203e-01 3.674374818801879883e-01 2.062144130468368530e-01 2.000000476837158203e-01 2.000000476837158203e-01
2.152665853500366211e-01 2.117623686790466309e-01 2.000000476837158203e-01 2.000000476837158203e-01 3.375606536865234375e-01 2.354104518890380859e-01 2.000000476837158203e-01 2.000000327825546265e-01
2.259164899587631226e-01 2.164731621742248535e-01 2.000000476837158203e-01 2.000000476837158203e-01 3.547183573246002197e-01 2.028920352458953857e-01 2.000000178813934326e-01 2.000000476837158203e-01
2.209663093090057373e-01 2.207942306995391846e-01 2.000000327825546265e-01 2.000000476837158203e-01 3.470078110694885254e-01 2.112316936254501343e-01 2.000000476837158203e-01 2.000000327825546265e-01
2.158265113830566406e-01 2.175871878862380981e-01 2.000000476837158203e-01 2.000000327825546265e-01 3.509916067123413086e-01 2.155947536230087280e-01 2.000000327825546265e-01 2.000000625848770142e-01
1.909031569957733154e-01 2.236692458391189575e-01 2.000000476837158203e-01 2.000000476837158203e-01 3.693820238113403320e-01 2.160456031560897827e-01 2.000000476837158203e-01 2.000000476837158203e-01
2.164299041032791138e-01 2.243472337722778320e-01 2.000000327825546265e-01 2.000000476837158203e-01 3.478894829750061035e-01 2.113334089517593384e-01 2.000000327825546265e-01 2.000000327825546265e-01
2.196606397628784180e-01 2.136053591966629028e-01 2.000000476837158203e-01 2.000000476837158203e-01 3.614579141139984131e-01 2.052761316299438477e-01 2.000000476837158203e-01 2.000000476837158203e-01
2.143726944923400879e-01 2.151361703872680664e-01 2.000000476837158203e-01 2.000000476837158203e-01 3.548840284347534180e-01 2.156071066856384277e-01 2.000000476837158203e-01 2.000000476837158203e-01
2.174021303653717041e-01 2.142211645841598511e-01 2.000000476837158203e-01 2.000000178813934326e-01 3.440447151660919189e-01 2.243320345878601074e-01 2.000000327825546265e-01 2.000000476837158203e-01
2.233031988143920898e-01 2.097857296466827393e-01 2.000000625848770142e-01 2.000000476837158203e-01 3.550082743167877197e-01 2.119028419256210327e-01 2.000000476837158203e-01 2.000000178813934326e-01
2.056440711021423340e-01 2.210708111524581909e-01 2.000000476837158203e-01 2.000000476837158203e-01 3.521575927734375000e-01 2.211275994777679443e-01 2.000000476837158203e-01 2.000000476837158203e-01
2.147544920444488525e-01 2.055816948413848877e-01 2.000000476837158203e-01 2.000000476837158203e-01 3.584757745265960693e-01 2.211880981922149658e-01 2.000000327825546265e-01 2.000000625848770142e-01
2.216133177280426025e-01 2.253411710262298584e-01 2.000000476837158203e-01 2.000000327825546265e-01 3.391837775707244873e-01 2.138617932796478271e-01 2.000000476837158203e-01 2.000000476837158203e-01
2.246713638305664062e-01 2.071355730295181274e-01 2.000000476837158203e-01 2.000000476837158203e-01 3.501882255077362061e-01 2.180048674345016479e-01 2.000000327825546265e-01 2.000000327825546265e-01
2.219988405704498291e-01 2.046079337596893311e-01 2.000000476837158203e-01 2.000000476837158203e-01 3.582467734813690186e-01 2.151464670896530151e-01 2.000000476837158203e-01 2.000000476837158203e-01
2.099173963069915771e-01 2.210881859064102173e-01 2.000000476837158203e-01 2.000000476837158203e-01 3.472622334957122803e-01 2.217322289943695068e-01 2.000000476837158203e-01 2.000000327825546265e-01
2.172248363494873047e-01 2.263403832912445068e-01 2.000000476837158203e-01 2.000000476837158203e-01 3.506379723548889160e-01 2.057968825101852417e-01 2.000000476837158203e-01 2.000000625848770142e-01
2.299956083297729492e-01 2.164810895919799805e-01 2.000000476837158203e-01 2.000000327825546265e-01 3.469722867012023926e-01 2.065510451793670654e-01 2.000000476837158203e-01 2.000000476837158203e-01
2.102333903312683105e-01 2.185346186161041260e-01 2.000000476837158203e-01 2.000000476837158203e-01 3.656191229820251465e-01 2.056129127740859985e-01 2.000000476837158203e-01 2.000000476837158203e-01
2.152507901191711426e-01 2.194265425205230713e-01 2.000000476837158203e-01 2.000000476837158203e-01 3.571786284446716309e-01 2.081440389156341553e-01 2.000000625848770142e-01 2.000000476837158203e-01
2.059790790081024170e-01 2.369427680969238281e-01 2.000000476837158203e-01 2.000000625848770142e-01 3.408586978912353516e-01 2.162195146083831787e-01 2.000000476837158203e-01 2.000000476837158203e-01
2.044472098350524902e-01 2.082480192184448242e-01 2.000000476837158203e-01 2.000000476837158203e-01 3.628316819667816162e-01 2.244732081890106201e-01 2.000000327825546265e-01 2.000000327825546265e-01
2.200962007045745850e-01 2.084127068519592285e-01 2.000000476837158203e-01 2.000000625848770142e-01 3.494139909744262695e-01 2.220772206783294678e-01 2.000000476837158203e-01 2.000000476837158203e-01
2.156422436237335205e-01 2.271162122488021851e-01 2.000000625848770142e-01 2.000000476837158203e-01 3.570470213890075684e-01 2.001946568489074707e-01 2.000000476837158203e-01 2.000000476837158203e-01
2.069551050662994385e-01 2.087612748146057129e-01 2.000000476837158203e-01 2.000000476837158203e-01 3.597332239151000977e-01 2.245504856109619141e-01 2.000000476837158203e-01 2.000000476837158203e-01
2.156487405300140381e-01 2.194602191448211670e-01 2.000000774860382080e-01 2.000000476837158203e-01 3.580785393714904785e-01 2.068126201629638672e-01 2.000000476837158203e-01 2.000000476837158203e-01
2.319794297218322754e-01 2.100211232900619507e-01 2.000000476837158203e-01 2.000000625848770142e-01 3.496733307838439941e-01 2.083262354135513306e-01 2.000000625848770142e-01 2.000000625848770142e-01
2.090561985969543457e-01 2.037498056888580322e-01 2.000000625848770142e-01 2.000000476837158203e-01 3.680691123008728027e-01 2.191249877214431763e-01 2.000000625848770142e-01 2.000000476837158203e-01
2.029285281896591187e-01 2.230106443166732788e-01 2.000000625848770142e-01 2.000000476837158203e-01 3.492661714553833008e-01 2.247947305440902710e-01 2.000000476837158203e-01 2.000000476837158203e-01
2.149822115898132324e-01 2.206115275621414185e-01 2.000000476837158203e-01 2.000000476837158203e-01 3.528206348419189453e-01 2.115857452154159546e-01 2.000000625848770142e-01 2.000000476837158203e-01
2.067831456661224365e-01 2.099318653345108032e-01 2.000000625848770142e-01 2.000000476837158203e-01 3.634443879127502441e-01 2.198407053947448730e-01 2.000000476837158203e-01 2.000000774860382080e-01
2.167209088802337646e-01 2.097460031509399414e-01 2.000000476837158203e-01 2.000000327825546265e-01 3.453199863433837891e-01 2.282132059335708618e-01 2.000000625848770142e-01 2.000000476837158203e-01
2.300328016281127930e-01 2.124164253473281860e-01 2.000000476837158203e-01 2.000000625848770142e-01 3.563256561756134033e-01 2.012251913547515869e-01 2.000000476837158203e-01 2.000000476837158203e-01
2.055560052394866943e-01 2.202783823013305664e-01 2.000000476837158203e-01 2.000000625848770142e-01 3.510838449001312256e-01 2.230818867683410645e-01 2.000000625848770142e-01 2.000000625848770142e-01
