# ex_work for 12 qbits with connectivity c7 and unitary DM 23400663671104
-8.680106917424235125e-02 1.348041174442052847e-01 1.348041174442052847e-01 1.348041174442052847e-01 -8.680111343724494777e-02 1.348041324481576153e-01 1.348041324481576153e-01 1.348041324481576153e-01 -8.680106917424235125e-02 1.348041324481576431e-01 1.348041324481576431e-01 1.348041324481576431e-01
-7.783358707454841874e-02 7.493287047299744541e-02 8.709098431369054205e-02 8.709098431369054205e-02 -6.750788597500358146e-02 5.236180541801980365e-02 3.433466479123490483e-03 7.067897600256980994e-02 -7.761283487297783446e-02 8.709097129912037050e-02 3.492253814662740069e-02 8.709099732826088014e-02
-7.885986395697493212e-02 1.686920228499879867e-02 6.435514808079256799e-02 5.946498772763547658e-02 -3.499361408938367335e-02 1.757729826195542078e-02 1.881331020269960685e-02 5.294520385207123619e-02 -6.033101839510261050e-02 6.021793747581823814e-02 2.394979683809702470e-02 4.505503866455986411e-02
-6.402095566364843227e-02 1.023408193865742513e-02 4.369378519217578805e-02 4.154450907465006421e-02 -2.731667075865201050e-02 2.049300129576355628e-02 1.125276433576928928e-02 6.530183630424380402e-03 -3.790409534253941226e-02 3.595671185226308186e-02 2.139304660510584627e-02 1.961333507500892873e-02
-4.592194216172838100e-02 9.139758596605665475e-03 2.864015730340119942e-02 2.741508182594546567e-02 -2.230155548547145539e-02 2.227963113481903901e-02 2.822809574126328852e-03 -3.803958701142052048e-03 -4.177710500404469007e-02 2.414856894068279081e-02 2.837387238406667567e-02 2.178069448802812114e-02
-3.872755833398948411e-02 1.089779333108285321e-02 1.463801897196413161e-02 2.253965029052661107e-02 -2.035851040613968765e-02 1.805195116536544020e-02 7.233815201476304600e-03 -4.245546388737098283e-03 -4.153343132236934215e-02 2.450967536859365026e-02 2.674792298972210672e-02 2.017512261993521100e-02
-3.326354911678938014e-02 6.439697538033797505e-03 2.148000925343625592e-02 1.977334153079187556e-02 -2.271508145055323516e-02 1.577970256749453709e-02 7.633514486455733432e-03 -8.045387672725962808e-03 -3.093660760253999151e-02 2.213586136305959948e-02 2.212422851906481122e-02 7.876666517580812460e-03
-3.008855029284580873e-02 4.538544522560142985e-03 1.433364066625001688e-02 1.687987186872436096e-02 -1.858178095561264023e-02 9.783336353868044358e-03 4.401297083686033125e-03 -3.976678888644688201e-03 -2.485340711461348634e-02 2.120159253199888419e-02 1.382972955808270919e-02 1.148376835853519122e-02
-1.966754364116378440e-02 3.785511771961828746e-03 8.120576231252280355e-03 3.708365834768431821e-03 -1.488315334196852434e-02 1.039200757747751197e-02 6.649160047313676727e-03 -2.790245246382073822e-03 -1.766046116069360655e-02 1.149143326692838099e-02 3.632196879392460189e-03 1.607084760557573114e-02
-2.046126212550510720e-02 7.990344115569649255e-03 7.805310682433215172e-03 -6.663907047244949002e-04 -1.233610686787615408e-02 5.194481240249620470e-03 8.376684047908023595e-03 -1.278024277624532955e-03 -1.411463515406610400e-02 1.058818336473646426e-02 9.356266348725301475e-04 1.548923487713410076e-02
-2.041103810451297407e-02 3.674538405648306374e-03 8.123854653348356117e-03 1.210554976452123122e-03 -1.287289694470105349e-02 3.207577938688387954e-03 8.071319593014641275e-03 3.402536255760931806e-03 -1.408278072557320529e-02 8.440554131021838630e-03 2.492986051174132626e-03 1.593722180421201784e-02
-1.803169432174459019e-02 5.266803288652505133e-03 7.631841473005508344e-03 9.290100231300506880e-04 -1.480479159760462148e-02 4.133171206201782799e-03 7.135144693478173705e-03 1.922361562208591348e-03 -1.419640492652182902e-02 9.025536625942796529e-03 2.031215376371489807e-03 1.589241426056785950e-02
-1.398764710974001978e-02 2.088923965667621296e-03 5.981673506028692758e-03 5.999411825140979048e-04 -1.669360619367993986e-02 4.124297907442375441e-03 7.564705257387328158e-03 3.699330533341777666e-03 -1.291863880619994846e-02 7.125347287498239382e-03 2.100132758681720092e-03 1.636035067892823228e-02
-1.389031772784654964e-02 1.594964109129116698e-03 6.531012489422648344e-03 2.343282471221880931e-04 -1.292323399941723919e-02 2.583283929623315413e-03 3.536223922751424980e-03 4.772573959986392035e-03 -1.183076035649194800e-02 6.939963442531052983e-03 3.460909373242253371e-03 1.358570394844794797e-02
-1.187579746681885831e-02 1.739890131854667172e-03 5.535009772589963815e-03 2.626524301592537709e-03 -8.949180293573973446e-03 6.632325847888841282e-04 3.062401340679609708e-03 3.774848600170718597e-03 -1.098045378361471591e-02 5.955629216894339772e-03 -2.654763031984311555e-04 1.190906733121331780e-02
-1.203783463534509844e-02 4.929868183845497430e-04 3.143654605575610991e-03 8.077715013828574639e-03 -9.595369916088893406e-03 2.667315928155715443e-03 2.592240680049501516e-03 3.233839429712241555e-03 -1.352004561332015818e-02 5.763149755245560064e-03 1.988522744403789858e-03 1.093784940874069009e-02
-1.188056766897624059e-02 1.325481758959193767e-03 3.494962791261357112e-03 6.417467899343824722e-03 -1.003078639598452802e-02 2.667973114038134103e-03 3.759207735972103660e-03 2.573020069639561126e-03 -1.162625586148675373e-02 6.627639570604818876e-03 1.710606443499073769e-03 8.148472253766424894e-03
-1.253885557260995924e-02 7.970776955905802376e-04 5.496561777193135004e-03 5.662116841269015412e-03 -1.042749311241307660e-02 4.830678276978274226e-03 2.354602435706413133e-03 2.855798433504754767e-03 -1.106514924409928921e-02 4.233108680173244300e-03 3.333015470592183647e-03 7.685813055514860610e-03
-1.302280375398535278e-02 1.903337235527913099e-03 5.465230676987517869e-03 6.440917602215719996e-03 -1.192119887560696111e-02 5.275922364889668557e-03 2.130745133192396210e-03 3.033115300994278837e-03 -1.084747042098340233e-02 3.685924519839922989e-03 3.481749032475487272e-03 7.924864290136009182e-03
-1.280079908324577125e-02 7.862167108921558605e-04 5.367383401597771407e-03 6.419099973614674284e-03 -1.245884042541082690e-02 4.947882980160706740e-03 2.604702141068386545e-03 4.531188145977927892e-03 -1.086035974349574412e-02 3.168484601536219331e-03 2.598650635819867768e-03 9.404102543106709899e-03
-1.004077210864054437e-02 1.852080256395414321e-03 4.031814852653740032e-03 5.043546156867584340e-03 -1.129230964124422476e-02 3.099727755497823194e-03 2.688190144942510709e-03 3.147335004754699909e-03 -1.054628519179247673e-02 1.135511233878505393e-03 2.408911488343093085e-03 1.149859587321182264e-02
-1.133795509163038409e-02 2.063009443887216243e-03 3.556208142607952295e-03 5.422168279307549091e-03 -1.121576068353996244e-02 2.711334244416632039e-03 3.394579837672394990e-03 4.125834036518519210e-03 -1.146455791172053089e-02 2.250409121265973915e-03 3.379340296122930205e-03 1.040303184356876180e-02
-1.163992949668946758e-02 3.916964459219463880e-03 5.447848058831143876e-03 4.858413052870479490e-03 -1.328063326941140813e-02 3.440665369749728534e-03 2.907360464287108218e-03 3.343222192918208178e-03 -1.039770427795926565e-02 1.916788223490465282e-03 2.807467607042258596e-03 1.022466231807998144e-02
-9.960919326036004121e-03 3.075878688588600408e-03 6.192990038225348014e-03 1.884522440935728705e-03 -1.316361596824555495e-02 3.401113749925202979e-03 3.171285243632164606e-03 3.372981476980797030e-03 -8.860545003740770767e-03 8.106617849919008642e-04 3.419298773198490779e-03 9.658128971345778316e-03
-9.842433714420728563e-03 3.520699760233724027e-03 4.858497134824425745e-03 2.103016840019939111e-03 -1.194021464928141096e-02 3.885240761719631255e-03 3.258539844943844892e-03 2.853700755089052295e-03 -8.804141325070763413e-03 2.611161485976129428e-03 2.398497912863911501e-03 7.673001104102059045e-03
-1.011490346750256938e-02 4.020029135568510027e-03 4.675534761605857660e-03 2.101867022104091879e-03 -1.251478585894228585e-02 2.422709161484386080e-03 3.676555137415943395e-03 4.543823731855716440e-03 -8.294210275199914717e-03 2.109908916650788009e-03 1.825532910062119566e-03 8.253040218869956562e-03
-1.014770396627286131e-02 4.407002505306513787e-03 3.974573630397167968e-03 2.512545636674233009e-03 -1.285528107427433807e-02 2.043339966510826153e-03 3.921681067807137287e-03 4.069057012535159598e-03 -6.541186313883189454e-03 2.879391284865594029e-03 1.154855886530869319e-03 7.088640311229126890e-03
-9.656563323892286207e-03 3.589121766497924831e-03 3.069199536777058451e-03 3.963687116986040239e-03 -1.238834602537817152e-02 2.475274568183105130e-03 3.683044304107811317e-03 3.431453279752022870e-03 -6.849721095527871659e-03 3.157716947626911918e-03 1.046892138884440628e-03 6.826990972379831830e-03
-9.171378094107009507e-03 3.665451863986394707e-03 3.398994960090320414e-03 4.179953688887888714e-03 -1.135758959157802568e-02 9.086393616140874549e-04 3.181425309248914115e-03 3.134764785316650204e-03 -6.557936959020748552e-03 3.068974528541555061e-03 2.448016952674267940e-03 5.112098483371322818e-03
-8.754600304430025862e-03 2.995224200416114584e-03 3.642507411429293102e-03 3.438370436190257146e-03 -1.016742968094536299e-02 2.146873214094741165e-03 2.213506222828644926e-03 2.310436220194873966e-03 -8.275206010254240394e-03 4.449228429517378645e-03 1.830664157289257432e-03 6.157973027805220545e-03
-9.754561328686944116e-03 3.585251919971043592e-03 5.043575705517258125e-03 3.176259339751263434e-03 -8.845091647640036456e-03 1.174501244822659211e-03 8.428509123206486290e-04 2.927668050824969691e-03 -7.166834167474664744e-03 4.978835363974310792e-03 1.259199132383099183e-03 4.610832419442537598e-03
-9.816017637983547733e-03 3.513395434308093715e-03 5.325621693445801649e-03 2.119482211712630289e-03 -9.769963123446480033e-03 2.731897320908613109e-03 1.572362115605351572e-03 2.467876478353417998e-03 -5.027085536094942457e-03 3.960022835169395121e-03 1.377248439980234291e-03 3.247933423765455175e-03
-9.663515278101442174e-03 3.303642377117244847e-03 6.184738433142025239e-03 1.847732232419154819e-03 -9.404317035011620918e-03 2.853154717897495897e-03 7.779685954809582469e-04 2.283740902127203050e-03 -6.507264483128684211e-03 3.929717454406568035e-03 1.506506975861722931e-03 4.716261139294655041e-03
-1.029404787878066170e-02 2.072819011125707610e-03 5.473597982959013848e-03 1.463869583346487672e-03 -8.403734519828414198e-03 3.613246200269139459e-03 1.895888247265199505e-03 2.304445402052418719e-03 -6.357368487095800720e-03 4.256449478202089728e-03 9.049654610648776628e-04 4.827469829730709518e-03
-1.073825762054019493e-02 2.523813621822347704e-03 5.160130230442270920e-03 2.608073951536330013e-03 -7.976978787028946374e-03 3.390201948204295268e-03 1.517851027351454184e-03 3.287004298482798428e-03 -8.291563819314310899e-03 2.910026335706644360e-03 1.531527696760798122e-03 6.073102953836719171e-03
-9.867758942368092326e-03 2.220917837069248755e-03 5.597414910268428551e-03 2.421017801598542019e-03 -8.190886969273596802e-03 2.977626400294341221e-03 2.290662111577940196e-03 2.304460829180354081e-03 -8.679429746596771175e-03 3.925243338987610686e-03 2.125280230953300979e-03 4.783158023875255099e-03
-1.015044358611390425e-02 2.035967903742456377e-03 5.128403753151873461e-03 2.713834436354582713e-03 -8.561219908792367869e-03 3.861323221438473299e-03 2.632374430918958327e-03 1.871781091843716105e-03 -8.537102315688823578e-03 4.558149865595669849e-03 1.844312389155104703e-03 4.586624321863589683e-03
-1.260455137815873726e-02 4.139958423866729915e-03 3.590869460857593846e-03 2.993840298596662369e-03 -7.186136037646700947e-03 4.985759325394436420e-03 2.487266896207351950e-03 1.314407713844393611e-03 -8.478013559104631905e-03 3.805000645135950092e-03 3.269220132505989453e-03 3.889960730587446909e-03
-1.220295820151762536e-02 4.033560244349088976e-03 2.872452893517316724e-03 3.001874988399651049e-03 -7.430543975132790011e-03 4.934871564344064931e-03 3.681909354753119812e-03 8.513580732243420388e-04 -9.213489551539260497e-03 3.933867604967649506e-03 2.539691054721922477e-03 5.292604120577170876e-03
-1.258300229553271400e-02 3.216310199611686991e-03 2.711575366871181361e-03 2.383048399036764593e-03 -8.806623353091761960e-03 5.555405823631431525e-03 4.137542245388872546e-03 8.085510876074370563e-04 -8.568845212966877053e-03 5.299181899249360769e-03 2.712933715284057083e-03 5.635962589320151275e-03
-1.403182468809529085e-02 3.691750639638819928e-03 1.866797705387827693e-03 4.374318509364454564e-03 -8.762143143488094685e-03 6.307463298542620445e-03 2.955589127359243597e-03 1.253456495304394085e-03 -8.529746042692175692e-03 4.617288190240991137e-03 3.750089629355223171e-03 5.290568250299576038e-03
-1.383446853090625379e-02 3.398919122301693324e-03 2.660404578831468327e-03 4.719688373594388593e-03 -8.680461296152627154e-03 5.624377352169550315e-03 3.125362570399669356e-03 5.530438699176879304e-04 -7.811676826867065306e-03 4.315059606745544861e-03 3.219530821915869961e-03 5.334274331962192937e-03
-1.228167589782595479e-02 1.887517094163370475e-03 3.412719371756731991e-03 3.764660024931965315e-03 -9.307636242054715889e-03 4.908814007409475870e-03 4.362557900771866365e-03 6.425669339229347693e-04 -7.984909603531280611e-03 4.433740379657533093e-03 3.748964622190350485e-03 4.819413785153213968e-03
-1.255705574756610550e-02 3.201404265372616385e-03 3.431611781974214757e-03 2.701985107434475442e-03 -8.803021635586721558e-03 5.317485143209262424e-03 3.418697031613624968e-03 -4.905863654195565882e-04 -7.003703317454281624e-03 4.702457295333217248e-03 3.108822179354727051e-03 5.277666013254570486e-03
-1.332549007838433608e-02 3.433967987439408894e-03 3.824645539887000338e-03 2.923012639319433337e-03 -8.495721109609877947e-03 4.979857463612430424e-03 2.413726137292231122e-03 5.345179762367483194e-04 -7.279386576391620733e-03 4.113501016015212904e-03 3.962032654875988387e-03 5.321841400618155735e-03
-1.309932447760464233e-02 3.246854758393336385e-03 4.748138704514241921e-03 2.883210741494765961e-03 -9.246659020641968124e-03 5.593770861012543893e-03 1.216207822003124170e-03 1.022253638998633397e-03 -7.322257111957025666e-03 4.710427220748952641e-03 3.350238150710387487e-03 5.404637045757155339e-03
-1.359331185726079215e-02 4.179453655253610560e-03 4.874304326746757565e-03 2.988692800495577201e-03 -9.207708752624513271e-03 6.010392999324572563e-03 1.663665960236098904e-03 1.641332033361948307e-03 -8.490411238825507773e-03 4.985377898510195104e-03 3.587205122509781394e-03 4.095637895923383287e-03
-1.195592958872812410e-02 4.657422609445107699e-03 3.909499676734038039e-03 2.667345961528822494e-03 -9.192394302239755358e-03 3.814865319702801742e-03 2.841138505645167227e-03 1.507056234159587227e-03 -8.255037609736304641e-03 5.401552112070109705e-03 3.224392132974559719e-03 3.713335077044683033e-03
-1.141478170170739763e-02 4.168055186024251929e-03 4.205852768554393245e-03 2.288135147030075783e-03 -9.696460367588493126e-03 4.635507458606955011e-03 2.639179616878105199e-03 1.431044327021408673e-03 -8.603670712110945626e-03 4.616174941126569703e-03 3.819893534923905071e-03 4.272173161378855361e-03
-1.160731655107306338e-02 4.729476023400572965e-03 2.886106011003362112e-03 4.293182511895106586e-03 -9.021530721697439484e-03 3.223321600718456227e-03 2.672850313913688498e-03 1.038654197370529608e-03 -8.739673803473348504e-03 4.938979478284782898e-03 3.956320973325270357e-03 3.948708361799244636e-03
-1.103395502067827660e-02 4.554920610511507297e-03 3.106758481648933239e-03 3.255386614225779050e-03 -9.103913498020066095e-03 4.551778603413297007e-03 3.910025353420317450e-03 9.370624392900571377e-04 -9.784208960279778405e-03 3.055944226001077769e-03 4.241527713496585743e-03 4.692360032520916102e-03
-1.102601242314308477e-02 5.293316558912032274e-03 2.318464755297739831e-03 3.281162838069710212e-03 -8.781729345524978692e-03 3.421195713005056611e-03 3.869030952563501900e-03 1.291039576182452346e-03 -8.422144558127522829e-03 2.581392352285365437e-03 2.441824535838379301e-03 5.896643256144825859e-03
-1.172292429480469717e-02 5.969819157590662215e-03 1.325158562957073644e-03 3.665735053372141602e-03 -1.020759502455687549e-02 3.882916227546895534e-03 5.213266226287953040e-03 1.796210261185262995e-03 -7.821941722395269261e-03 2.980906298815978652e-03 2.836333420709676641e-03 4.515008504910984592e-03
-1.148370885165685834e-02 5.696781750977992186e-03 1.406848661277493740e-03 4.305160114202287100e-03 -1.020242706173952844e-02 4.051418209987942172e-03 4.334058968513804753e-03 2.114086723557679747e-03 -8.815316028299102769e-03 3.714738213325675682e-03 2.992341861450375801e-03 4.387130231625015545e-03
-1.012582778173109870e-02 5.480837067522579230e-03 8.829578959543917015e-04 3.956189634260462440e-03 -1.052192501716877129e-02 4.504138560076650401e-03 3.512447005636798458e-03 2.342372563180987639e-03 -7.675317791150374457e-03 3.666856195936272003e-03 1.211013686796170649e-03 4.967852152445897083e-03
-9.482171459467392260e-03 4.700759361288244648e-03 2.791935553315420121e-03 2.139567726551766438e-03 -1.120203682291762322e-02 4.574968960667101861e-03 4.367030672598939262e-03 2.153210855241496999e-03 -8.366296426925583923e-03 3.542006623166761136e-03 2.865789366473202576e-03 4.159676101341614959e-03
-1.044132640333927074e-02 5.389612868948849729e-03 1.774207391367812591e-03 3.503272613514875171e-03 -1.005699838316386450e-02 3.253749341295773118e-03 3.942517703232216800e-03 2.687562011357391700e-03 -8.904318794290095110e-03 4.354664379316693784e-03 1.868790602880377946e-03 4.932933436094197668e-03
-1.128033942877453184e-02 5.155023011508535341e-03 1.472530596875939839e-03 3.292819914454450745e-03 -9.927883278171727166e-03 3.571475094508301962e-03 4.915762615367151069e-03 2.908739311308441728e-03 -8.146857097428940320e-03 2.969822063163413302e-03 2.616149317718309032e-03 4.769319449057524835e-03
-1.102528813644013291e-02 4.721122788433350197e-03 1.076396917732950912e-03 3.892444509263673445e-03 -9.497444937610368537e-03 4.478626412427821370e-03 4.206937214160176575e-03 2.295830141582291470e-03 -1.016819304337256320e-02 4.065383627336451554e-03 3.544416583070800295e-03 4.920164214711788588e-03
-1.085398135680203102e-02 4.441288309021344805e-03 9.672015967628668767e-04 4.088413367730720817e-03 -9.768417743994025834e-03 5.156143270457960032e-03 3.341299957756755246e-03 2.279308181773138930e-03 -9.686421919885526005e-03 3.841631016752351975e-03 3.369930272155711743e-03 5.282390354180807601e-03
-1.146517704165531809e-02 4.425505443780048884e-03 2.162838259957867992e-03 3.524741355277815485e-03 -9.379655909546669515e-03 4.093390868585212138e-03 3.162620656053576583e-03 3.076882110687647384e-03 -8.916406623564748432e-03 4.041478955989967134e-03 3.010767907514687661e-03 4.599613655402034519e-03
-1.090526314041126085e-02 4.818739596585908981e-03 5.627891482329253460e-04 4.135582422178488843e-03 -8.829591053921720736e-03 4.562556110220173863e-03 3.883424989713581826e-03 2.220364374080858582e-03 -9.161874973190240606e-03 3.687851931411795584e-03 2.162638533041214613e-03 5.124360097862426175e-03
-1.003515832008633479e-02 3.436247348808122489e-03 1.064938105994932965e-03 6.176237460175698114e-03 -1.067343273340473804e-02 3.914151302177293866e-03 4.457455024122532021e-03 2.889360751962107270e-03 -9.941853282151837112e-03 3.917704141436619512e-03 3.077119150654112137e-03 4.228712487110254832e-03
-9.916819101470917067e-03 3.568098693870361791e-03 1.386021532842573751e-03 5.977329983072454146e-03 -1.072035436624193053e-02 3.256524431063895306e-03 4.587194476418864596e-03 2.635303471233701230e-03 -1.030437124823486636e-02 3.937031601184892357e-03 3.977982171245697009e-03 4.164999901501504481e-03
-9.809783559190519281e-03 3.185602646966973102e-03 1.126981552279778757e-03 6.488595671153395660e-03 -1.117692992932049247e-02 2.701430689321878114e-03 4.494665650112672148e-03 3.615809954656499028e-03 -8.845676546992690958e-03 5.214474850582842200e-03 1.917757635707635156e-03 3.515485419504411294e-03
-1.036144733193927921e-02 3.691265011223213762e-03 1.943874546839142277e-03 5.816739037638995677e-03 -1.234685680019916541e-02 3.197216762764924693e-03 4.178152610964450987e-03 3.478324657481142099e-03 -9.740012721904835538e-03 4.561247643559236328e-03 4.327248319372886329e-03 4.063983504662478652e-03
-1.120451208294454860e-02 3.591428665116193700e-03 3.512149807868399348e-03 3.763314240783176626e-03 -1.170321279894155804e-02 2.483816417646191304e-03 3.956733692377751958e-03 4.276984609786870471e-03 -9.649118928718940225e-03 4.380973916513189806e-03 5.717825366814304790e-03 3.677290039370931587e-03
-1.139229261556670009e-02 2.933022192615812596e-03 3.642074684223206224e-03 4.437042457949260527e-03 -9.895383407134751910e-03 3.182248331657833943e-03 4.292370698067181529e-03 3.489445619124808152e-03 -9.766846490672465367e-03 4.086765509168827776e-03 4.639802290060459321e-03 2.878729107446699551e-03
-1.107406231200280637e-02 2.198064292684643456e-03 3.537123703414096158e-03 4.965319546829690192e-03 -9.104917990666101801e-03 2.768627112195870717e-03 4.178664615099176791e-03 2.810946323158761834e-03 -9.062363699485868895e-03 4.776966438054881976e-03 3.660002694215416363e-03 2.607142948525232543e-03
-1.102081850252609532e-02 1.986596084629031842e-03 3.341387148623890888e-03 4.112574625732070242e-03 -9.159207700555942189e-03 3.580719148867580158e-03 3.389441076319946872e-03 3.970747869881178539e-03 -7.813785379707107945e-03 4.943796348604962039e-03 2.580772029253418972e-03 2.173108037791808295e-03
-1.081599642962856496e-02 1.641142168684595970e-03 2.884781413139627868e-03 4.535531715095740199e-03 -8.489746001955442156e-03 3.720071347372069185e-03 3.374448550430256006e-03 3.294373716016950771e-03 -8.540827122941614322e-03 4.982844587463990810e-03 2.235270780614817283e-03 3.236897255447860645e-03
-1.043492936214570482e-02 1.440645141061100464e-03 1.769540051610642194e-03 4.425708737338388682e-03 -8.206399967092267017e-03 3.542122532329203700e-03 3.944845895386797467e-03 3.021680149301827090e-03 -8.555873376711460934e-03 5.705137309433917607e-03 2.306501606849482855e-03 3.030505912898011703e-03
-1.059340963241790085e-02 8.759322912308164285e-04 1.868549356666067938e-03 3.618303174623118713e-03 -7.055575462985589665e-03 3.315258900699407599e-03 4.228717084842995369e-03 3.166670388569268677e-03 -8.574716854862527576e-03 5.644944859207999717e-03 2.506658402223175923e-03 2.875213806725291331e-03
-1.029394084516672796e-02 1.261509344449188424e-03 2.359767200942526968e-03 4.377848377668525082e-03 -8.373280897418681340e-03 3.837091150094560851e-03 3.563500531679589939e-03 3.434991814705114221e-03 -8.987896343251410361e-03 5.298541965823332263e-03 2.247691096462028915e-03 3.310101934610719301e-03
-9.866703943324825477e-03 3.351416422715905973e-03 2.830234643949253778e-03 4.150731822208344329e-03 -9.491091887997930507e-03 4.964982540296918045e-03 2.212091666736280132e-03 2.088660792648179294e-03 -8.952784907746780610e-03 5.609626089383735158e-03 2.796145201439571935e-03 2.435091897999483272e-03
-1.136738429370559404e-02 2.840057371155487852e-03 4.006574004468926690e-03 5.182901890049805733e-03 -1.064276561618452029e-02 4.550206498342719737e-03 1.823246918054634421e-03 2.444825999373518265e-03 -9.086054005967136166e-03 5.677811964268855358e-03 3.627340295512207317e-03 3.532958134894716596e-03
-1.035287563577187014e-02 3.176376613143217474e-03 3.670277836424996106e-03 4.091955874861150956e-03 -1.053223253370443556e-02 3.810656811799520774e-03 2.389662124640815760e-03 2.490316020696380604e-03 -1.025390674638388538e-02 6.376416141663272460e-03 3.790179705526758834e-03 3.911309616379150811e-03
-1.157291833472718669e-02 3.606111699344308977e-03 3.753309200398313207e-03 4.879796251899643986e-03 -1.033830743591128073e-02 4.518902287451949384e-03 2.632005198443230359e-03 1.340441976879150213e-03 -8.882046938303553990e-03 6.177312068111896239e-03 3.392887024149783114e-03 3.051575946772942111e-03
-1.180048361134003118e-02 4.147796914393148474e-03 3.016147138742950994e-03 3.293683259712318866e-03 -9.543075260406009078e-03 4.739791915979618686e-03 1.730495297772876966e-03 3.239427297387671798e-03 -1.003237836502670656e-02 7.073529919069849146e-03 3.010385563867985694e-03 3.787912024373004966e-03
-1.127341778072802128e-02 3.715538711674304124e-03 2.136387603232753687e-03 2.205766774939500654e-03 -9.143422967701106754e-03 4.120326744407098139e-03 3.672437299635701851e-03 3.202392467763438312e-03 -9.381953290750887076e-03 5.646287805425460535e-03 4.125147181272367791e-03 3.331765565860255775e-03
-1.117742824806425457e-02 2.662324608286416663e-03 1.652434176504243013e-03 3.636021995971096092e-03 -9.486123491295043661e-03 3.727536724604300650e-03 3.073216526998672274e-03 3.467378492429691768e-03 -8.861203054489055417e-03 6.056357363187783727e-03 4.514729757358117504e-03 3.065000835763230340e-03
-1.155618980825146545e-02 2.560393241291506524e-03 2.542206200694402916e-03 3.267673005827604910e-03 -9.165868892761106987e-03 3.579977610582514482e-03 4.135762134963525023e-03 2.237694414627224189e-03 -9.214951615059290696e-03 6.844134446205576809e-03 4.656773821594070890e-03 2.540534289931297394e-03
-1.131998635505884580e-02 2.641958030759979006e-03 2.138459589841804412e-03 3.292980803544023026e-03 -8.414611644574623503e-03 2.723174236811786407e-03 3.509098035157122864e-03 2.880376027575670510e-03 -8.923575865082288353e-03 6.231169947446307117e-03 3.983602823012561897e-03 3.460712200333335761e-03
-1.163978832950141908e-02 2.925898222678640845e-03 2.478576425417580199e-03 3.021679517289300575e-03 -8.596283637010766754e-03 2.823647348003352139e-03 3.009821883289159894e-03 4.026990692799110004e-03 -8.908139142545023342e-03 5.814355260449310774e-03 3.762087226975002058e-03 3.548416202027541815e-03
-1.105037752770475327e-02 3.210032203369526764e-03 3.062121339648934092e-03 2.016725455871807779e-03 -7.943659116826522898e-03 2.491866652929276751e-03 2.976302077564510918e-03 3.791896992732864125e-03 -9.295044128868848454e-03 5.945581967096867995e-03 3.274112087683863671e-03 3.660164690218810097e-03
-1.009288026908183346e-02 3.757779411457920406e-03 3.902686894047872022e-03 2.893001492658240671e-03 -8.979462510990071991e-03 1.913916015070980803e-03 2.221244881175528200e-03 2.778046845583787179e-03 -8.494361259542126258e-03 4.725975663661198360e-03 4.248960173638474669e-03 3.119891666802633145e-03
-1.151310465268881415e-02 3.481440054151018447e-03 3.847990986849322229e-03 3.598801707771704089e-03 -9.719026493298740799e-03 3.574899826348871146e-03 1.891491813282212327e-03 3.518971586587282298e-03 -8.770697829037577345e-03 4.311312578237343728e-03 4.761237047485914267e-03 3.392978099322967872e-03
-1.115077292001595902e-02 3.268529779419050620e-03 3.845154346521125095e-03 3.385631338314062152e-03 -1.015972740525037353e-02 5.957023000252376771e-03 9.093089865779835357e-04 3.869064855897780351e-03 -1.010862318926325672e-02 4.404322187635655722e-03 5.258163439797680638e-03 3.171526832930430823e-03
-1.038001157157627391e-02 3.577502934439380240e-03 3.204641626612949289e-03 2.415553889115889391e-03 -9.437645100924693664e-03 5.704395748556427906e-03 1.456139705957839670e-03 3.613343110410289615e-03 -1.070379739618805386e-02 4.112877526884374697e-03 4.997370051044232320e-03 3.921686585262014815e-03
-1.099536035656330062e-02 1.753436893506524989e-03 3.692970049289560994e-03 1.369172464907076909e-03 -7.921374406663234460e-03 6.300705313658345151e-03 2.313358246977494613e-03 3.404744705102450298e-03 -1.051352509508694279e-02 4.453085763779309619e-03 4.473632553435248106e-03 4.037864352188511377e-03
-9.876408999321961701e-03 2.920622162689181459e-03 2.098707256513927290e-03 5.656591480370620328e-04 -8.466667035855074755e-03 6.555687863368337906e-03 3.051054767524202273e-03 3.057525744070573991e-03 -9.633248638920706777e-03 4.490000180516403108e-03 4.483915547290489613e-03 2.888911032298982582e-03
-1.089569870529872968e-02 4.127279597460375635e-03 2.200419864271065205e-03 1.785312515481973132e-03 -8.830484233875550426e-03 6.273367944681395789e-03 4.060298427646732641e-03 2.076920032996421028e-03 -9.831041028489913985e-03 3.825710749813234467e-03 4.566651807126079210e-03 2.994716058967168085e-03
-1.118508698296579243e-02 3.482123492724969929e-03 3.167575828500480625e-03 1.757562514246462093e-03 -7.888423581008174174e-03 4.795797159497655615e-03 2.384267582177405052e-03 4.215033414275947722e-03 -1.027901271407989300e-02 4.592319994637266735e-03 4.026365396336187459e-03 3.233481423133408809e-03
-1.039380116418818847e-02 2.000688153043825475e-03 1.344072625750122483e-03 3.251121396786280527e-03 -7.965052954369474317e-03 5.852376434552590372e-03 2.850018538223366218e-03 3.709890871056734096e-03 -1.007785466032476950e-02 5.067311608558071681e-03 4.315637720637662163e-03 2.239435748298318832e-03
-1.021531855090790884e-02 1.767766788415046182e-03 2.570639567936435724e-03 2.736610323547570677e-03 -8.777809403729403340e-03 6.046085296205650807e-03 2.846754370781586808e-03 3.574377653346052716e-03 -1.115820464176223159e-02 4.601150261020667785e-03 5.666561164830529948e-03 2.800834615438483038e-03
-9.416164953786049577e-03 1.809407921560751177e-03 3.103238845204631460e-03 2.716821731899030003e-03 -8.762949968733550754e-03 5.344991737996318028e-03 4.333332116487067891e-03 3.507114176596627490e-03 -1.113182560201289410e-02 5.864203584496366362e-03 2.993158405734378490e-03 1.956016089219717209e-03
-9.942531641303214637e-03 2.819612009215030201e-03 3.510378112248873153e-03 2.625474266071310854e-03 -8.023353288794334362e-03 4.640070172596432417e-03 4.086188205629804997e-03 3.293343943089438799e-03 -1.134074837231177635e-02 5.767937236715453553e-03 2.506122516453718717e-03 2.361835177948581714e-03
-9.377899160338579523e-03 2.317988939171183524e-03 3.969798257150868384e-03 3.418998880624224065e-03 -7.630379540846929376e-03 3.804124681452655896e-03 2.799429208045685694e-03 2.703151729415828076e-03 -1.137673596724072742e-02 5.235434402046790572e-03 3.045300692001359343e-03 3.240137348028147672e-03
-8.431016056014040139e-03 4.057514687182563369e-03 3.664885327298003908e-03 4.588232176459613662e-03 -9.571000119664911307e-03 4.589412002265361688e-03 2.724631196911567708e-03 3.326610265703529735e-03 -1.187490791594848598e-02 3.705910314936910078e-03 3.206516820033729256e-03 2.383360828399180582e-03
-8.515718245173621234e-03 4.219360313644161115e-03 2.655983976146997650e-03 2.538915426046937842e-03 -9.046662460435337880e-03 4.542662838036373198e-03 4.043014747878078199e-03 2.591667643304355721e-03 -1.182644484050479443e-02 3.146334592730518076e-03 4.855408365990147336e-03 3.098402545969093386e-03
-8.798685169757129027e-03 3.438005328143675481e-03 3.761371374334860750e-03 1.965957707750804959e-03 -9.405909862311132713e-03 4.048777817548998917e-03 2.809438613452158902e-03 3.489715677230953179e-03 -1.108802801302150726e-02 3.224468287457470019e-03 5.411463290477627232e-03 3.409830755320075561e-03
