# ex_work for 12 qbits with connectivity c7 and unitary DM 22706145739136
-8.680106917424235125e-02 1.348041174442052847e-01 1.348041174442052847e-01 1.348041174442052847e-01 -8.680111343724494777e-02 1.348041324481576153e-01 1.348041324481576153e-01 1.348041324481576153e-01 -8.680106917424235125e-02 1.348041324481576431e-01 1.348041324481576431e-01 1.348041324481576431e-01
-6.750787643134610605e-02 8.709096325915180459e-02 8.709098928829113462e-02 3.433451140450956545e-03 -7.761285286014221740e-02 8.709096325915192949e-02 8.709096325915192949e-02 3.492250286702373169e-02 -7.783359737712189363e-02 7.493285025769762242e-02 5.236179923338318831e-02 7.067891304439477551e-02
-4.444926136774905723e-02 1.243453910197846700e-02 5.273602162690638195e-02 9.003904418957009784e-03 -6.325408078869453055e-02 4.620394939596549067e-02 5.123298562716325361e-02 1.773969222821460481e-02 -5.554543241511655793e-02 4.102386668862699481e-02 2.520985201732338712e-02 3.627876646928125670e-02
-3.937363954771348068e-02 1.772824285082674062e-02 3.528949251341224891e-02 9.492524568095996040e-03 -6.163347445800322622e-02 3.974337517947441889e-02 4.827267279254088272e-02 1.849303270071655375e-02 -4.949117937839782322e-02 3.865561541578026866e-02 1.552477371833485900e-02 2.999748339465397803e-02
-2.578534860544342069e-02 1.156210593670180080e-02 3.300517122391444236e-02 1.257375399743010033e-02 -4.662064564947952100e-02 2.281049197571598589e-02 2.175123160621762752e-02 1.473204388395675871e-02 -3.375506774296648665e-02 2.069588596267825029e-02 1.378739228548520393e-02 -9.471153772737268004e-04
-1.829470495562487281e-02 1.357963875176849446e-02 1.645953788154753614e-02 1.034327051001815781e-02 -3.577040198620301537e-02 1.934473276934639552e-02 1.479045043509423334e-02 1.086958710962505383e-02 -3.320896014157558029e-02 2.085959175834266668e-02 1.141302200918933689e-02 -2.954945542139339552e-03
-1.329511435923457982e-02 1.780812306782663182e-02 1.032459921562407096e-02 6.136279620551827498e-03 -3.252157297990865975e-02 1.317810201129167129e-02 2.302955855058518020e-02 4.451288662985641506e-03 -3.516369226582970187e-02 1.881830510944975179e-02 1.200282864985244280e-02 1.034528340827681832e-04
-1.534136963214129470e-02 1.738233872228931581e-02 1.104406050669673109e-02 8.440304627055640954e-03 -3.518891445323424350e-02 1.584090798743832684e-02 2.105002740248026333e-02 7.297699042104552856e-03 -3.376100515125794732e-02 2.101007806699841524e-02 1.095443141741408652e-02 -2.211508780827252298e-03
-1.679537999366733855e-02 1.862380762274500751e-02 9.791817283754200227e-03 7.782650701539941054e-03 -2.790522473411920917e-02 1.835069110040255663e-02 1.536910429411871698e-02 -2.365410779282229540e-03 -1.730656351157115747e-02 1.982113939220577978e-02 -8.761006747053679336e-03 -4.374374632099268427e-04
-1.534342755850987700e-02 1.309487390048479950e-02 7.241556941993765664e-03 5.627045283644690858e-03 -2.706812747393227969e-02 1.726883982005622195e-02 1.307942578838496364e-02 3.627173121758145696e-03 -1.713073843680808575e-02 1.371726489472558860e-02 -3.384460964770164091e-03 1.830258278244293680e-03
-1.688991746350475276e-02 1.472322665505754018e-02 1.059190620028685643e-02 2.338075642965414206e-03 -2.589268339974374472e-02 1.578865368571666025e-02 1.302514966895748812e-02 3.603386389836979627e-03 -1.659957061351725535e-02 9.661023540617048877e-03 1.032997489975436434e-03 5.450025819728504962e-04
-1.534751802474087351e-02 1.364474799538108706e-02 1.103221356824473157e-02 9.944048577766096721e-04 -2.296418303911124115e-02 1.273017813405945449e-02 9.593370170358593921e-03 6.897447588491934130e-03 -1.836962555203777367e-02 1.096640398839360785e-02 5.055518776528438937e-03 -3.618875423540314062e-03
-1.681105775117191017e-02 1.503532375747991881e-02 1.105539162345443860e-02 3.959650033586061338e-03 -2.147394554398114608e-02 1.194646244469052890e-02 9.011259324575504256e-03 3.847377329822480006e-03 -1.916044806685167703e-02 1.307949693577086132e-02 3.442452013178019365e-03 -3.162794650992473925e-03
-1.687734864009381858e-02 1.534671388682300706e-02 8.843659901140332735e-03 5.162326703118798495e-03 -1.739577046990791950e-02 9.227191952244726686e-03 7.229237914402296405e-03 3.751917586793286716e-03 -1.874136269813745856e-02 1.270727105998604653e-02 3.948710885726668465e-03 -4.094174362812846510e-03
-1.559530251456866037e-02 1.097598947534647595e-02 1.027044236317062147e-02 6.384332415482595752e-03 -1.736147785490429682e-02 9.714740775485529445e-03 6.483531662565800678e-03 3.024339428853700835e-03 -1.798801588988270181e-02 1.236171779707199297e-02 2.395318890439452654e-03 -2.532662074619670012e-03
-1.564267747779711504e-02 1.167409148169632968e-02 1.040791209917599908e-02 4.483996796169309809e-03 -1.521999480306349302e-02 6.298317666517323429e-03 5.743121697156630505e-03 5.495030535490494535e-03 -1.749191356927623509e-02 1.033477786820377782e-02 2.927235540661704029e-03 -1.871513247909689951e-03
-1.508939442671017490e-02 1.296583595985196548e-02 7.211650109496841286e-03 5.815141254094055925e-03 -1.517393570148434234e-02 5.462575347585928685e-03 5.300823795514205371e-03 6.767155135645664364e-03 -1.885518062153159966e-02 1.120849208834726225e-02 1.766354806412446729e-03 -4.442881688947569572e-05
-1.339068350013008536e-02 1.198234146514325256e-02 6.886518485898950742e-03 7.475342993537842547e-03 -1.290747593475159022e-02 4.963822511278705683e-03 4.084521599029842034e-03 1.589513050745443518e-03 -1.989155337008697427e-02 7.647807158040407539e-03 5.441352276347970543e-03 2.525629877273868288e-03
-1.393667365385745614e-02 1.203219396559335186e-02 8.535783459907592824e-03 6.415545854782721963e-03 -1.272890384655812022e-02 3.765433280835587745e-03 1.724979444789677928e-03 2.021999570909335884e-03 -1.977150220797805127e-02 5.377362252040381735e-03 9.720569010076214253e-03 3.428102884453161463e-03
-1.348736008546136053e-02 1.241681078293439822e-02 7.282427214165033968e-03 6.700964031004234996e-03 -1.219588424182182877e-02 3.862099634932337523e-03 -2.779023174404287168e-04 3.282696140473888909e-03 -1.906597698700608981e-02 5.253699528581114338e-03 8.586418980920699009e-03 3.784274808481472106e-03
-1.457931481700769361e-02 7.909212931377328226e-03 6.510666867459317074e-03 6.352058822790554275e-03 -1.046076155338498785e-02 3.878107314109952020e-03 2.874397945716590866e-03 4.679735220496117863e-03 -1.874551023351943291e-02 5.121553149539942972e-03 8.636297886372936231e-03 3.398637645505853556e-03
-6.738367026289241932e-03 1.084193305259846009e-02 3.916451540069951914e-03 -3.253652389083203696e-03 -9.873775143487634534e-03 2.435593348320538431e-03 4.544950996898643354e-03 4.384398883776349266e-03 -1.290712838078690410e-02 -3.994869329056253125e-04 6.655830615103235440e-03 3.435423680675306866e-03
-6.389557349788261426e-03 8.384156034565328278e-03 5.705434786314677979e-03 -3.127486873684154605e-03 -7.726715205154423283e-03 4.018624503520982875e-03 1.316463761446014452e-03 3.646448817481349591e-03 -1.251661476815263928e-02 1.082187932890403868e-04 5.361911985764670867e-03 3.657742506699669487e-03
-6.350372980014520018e-03 9.282793912253690244e-03 3.263669105437774689e-03 -1.561046901404171319e-03 -8.709798577402302552e-03 3.160801632644508804e-03 2.188284924792522484e-03 5.751889109706052015e-03 -1.403992217493649566e-02 -1.110447876407734446e-03 5.853027246562250881e-03 5.162331896355198436e-03
-5.848760100129185048e-03 9.436629039826720244e-03 4.171093145274591685e-03 -3.135564186089529609e-03 -9.184535878468291781e-03 4.053797439523696561e-03 2.447168380965377300e-03 5.059951996699865034e-03 -1.297876940792259438e-02 -5.863935291439794414e-04 4.538640050514862294e-03 4.753117874876493579e-03
-5.785673019510706276e-03 1.040415690800119107e-02 3.271884801000546350e-03 -3.242682656377645582e-03 -9.648273748783497625e-03 3.283427758978364752e-03 3.942743280214410992e-03 4.820691381375824362e-03 -1.230789087308661878e-02 -4.212693534422456802e-04 5.856917861552475742e-03 2.554207386477815207e-03
-6.195360649402488831e-03 9.457622586846264889e-03 4.665181971793692407e-03 -3.266476493815585139e-03 -1.016082583068910437e-02 3.953251387126672373e-03 2.806880011399992374e-03 4.303523828769128916e-03 -1.199942399560764358e-02 -1.174161962790907501e-03 7.212520646627685467e-03 3.210616476951387143e-03
-6.123705312803626004e-03 9.365946162478279088e-03 3.532158061936901006e-03 -2.199683878806886223e-03 -9.831827413167348872e-03 4.118098850478114741e-03 3.144913947488363858e-03 3.766768256706068928e-03 -1.172888954340813548e-02 -5.552346104619486139e-04 6.712099916913950165e-03 2.371106532940712389e-03
-6.802698160736617844e-03 9.091826004070222358e-03 2.930453980619645779e-03 -9.934642546058525692e-04 -1.050315004983918936e-02 4.461810114171323519e-03 3.246315338151675983e-03 4.421509196341381204e-03 -1.181439817878154191e-02 -5.793305868144128963e-04 5.471414052326716709e-03 3.731142816195156826e-03
-8.240685227095357474e-03 8.525575499384987002e-03 3.673972197969393224e-03 -9.616984165900046601e-04 -1.047646140705876805e-02 5.362847339167297125e-03 2.228813327283310324e-03 5.944500900502472200e-03 -1.254996549328488316e-02 2.154584439604896508e-04 5.965073088264057077e-03 3.287510579350152052e-03
-8.993081840897124493e-03 8.611373874194104550e-03 4.119359184620365391e-03 4.498400673188511934e-04 -9.931605797217942302e-03 3.868954580318583088e-03 2.312857153160871766e-03 5.502449186466511037e-03 -1.172417093173367016e-02 3.564873957331640697e-04 5.740271859802502548e-03 2.439241014718256974e-03
-7.283404871441047194e-03 8.558111829322175360e-03 2.247635767377494445e-03 5.625997291818635431e-04 -9.773449620085547171e-03 3.733456533854232103e-03 2.913103519017669341e-03 4.848944085312559098e-03 -1.255347770790576391e-02 -6.881664625515829031e-04 6.144595080042835299e-03 3.971705899924107309e-03
-8.968790346631800442e-03 5.450365270105189501e-03 3.872188129029026545e-03 1.026206435499223482e-03 -9.602175345693542488e-03 3.612963950953458191e-03 4.100697607258170334e-03 3.333268088247069282e-03 -9.684844254319790666e-03 -1.483370913899310743e-03 5.592063219908718387e-03 5.027569010352565988e-03
-7.551323014135749405e-03 5.844724154835090855e-03 1.994872348591408308e-03 2.526115594399846401e-03 -8.689361599089123409e-03 2.937298066518803132e-03 3.454876088087916689e-03 1.979116878976000873e-03 -9.245813074170571022e-03 2.671056078806528355e-04 4.812597947987442941e-03 3.448529315393177811e-03
-8.178571960215357678e-03 4.313864382400259614e-03 2.167885788498508277e-03 9.407773160038004467e-04 -9.890157112063088091e-03 5.674474137831022301e-03 5.097017053805396464e-03 2.706767200793847375e-03 -1.079121544458612469e-02 6.250767840808644886e-04 5.299082228685198480e-03 4.355117874643875918e-03
-8.613798177177181548e-03 6.442885647251227199e-03 1.527895485733387574e-03 1.686289948723193426e-03 -1.043754292877799306e-02 3.929890322341191185e-03 4.679431336527234420e-03 2.990472760288961657e-03 -9.757627651070705649e-03 4.009672015699243378e-04 4.049811778151807262e-03 5.411939935905463531e-03
-9.472926925886897970e-03 6.661290687620781761e-03 1.427683417597508560e-03 1.892912210949559320e-03 -9.564686840648647242e-03 2.800962062652787195e-03 5.708188180541236799e-03 2.755898161989336556e-03 -9.498480146551659814e-03 -2.324063447602993534e-04 4.667026097945795038e-03 5.162299614640291322e-03
-8.318179788840434144e-03 6.063207065774673180e-03 4.858464756956416331e-04 1.787473899339536579e-03 -1.078332849312545194e-02 3.747897326953469541e-03 5.452450390952771203e-03 3.778968444762859525e-03 -9.195651482546205249e-03 -2.500753999728093152e-04 4.017837767581021111e-03 5.506871878816501330e-03
-8.967526328069037184e-03 6.480905055382573006e-03 4.558353347369016920e-04 2.078544577369042211e-03 -1.121100284811561709e-02 3.235421893540958715e-03 4.944829591533696569e-03 3.816052621929958387e-03 -7.471979202021868972e-03 -9.276454673053744632e-04 5.170531698439988916e-03 4.646151025904894823e-03
-9.038130977918853656e-03 6.396520708983037366e-03 -3.480661373171782557e-04 1.518007995926317364e-03 -1.098838181028477523e-02 3.481022178031464420e-03 5.355344120915346041e-03 3.535372885534856114e-03 -8.006848466172590550e-03 5.368604349288941214e-04 4.575375950177709532e-03 5.260048398691779918e-03
-7.375754556718993812e-03 6.025518826527525781e-03 -7.064991048856280416e-04 4.955735288912326963e-04 -1.177652142734816887e-02 3.740673525753387355e-03 5.066048937187724206e-03 4.389751512663663154e-03 -8.060048971524442704e-03 1.342658933513320293e-03 4.242428308336800881e-03 4.814284669032055722e-03
-7.030547533629693223e-03 5.564013490554172402e-03 -1.661384750244549119e-04 2.129588108693495469e-04 -1.183884287254161928e-02 4.006858352865749935e-03 4.694263412686283318e-03 4.369564176563587796e-03 -8.078265454005421203e-03 1.338099055070224785e-03 4.250649239300942350e-03 4.818288011709359608e-03
-7.579655904659175943e-03 5.175317020377359981e-03 -3.167743885053761715e-04 1.312149496866721245e-03 -1.073166255647386644e-02 5.118555699052900962e-03 4.923209621114684430e-03 3.204206026730886409e-03 -8.521233809577109797e-03 -6.096003997750309685e-04 5.659562697823117793e-03 4.500756402771054210e-03
-8.391223157212475414e-03 4.928139466324765045e-03 7.958865317046227026e-04 6.895826727563373996e-04 -9.174697233537126156e-03 4.585094707793301028e-03 4.361608196367902299e-03 3.228925739627872514e-03 -9.651522164183657174e-03 9.335453261730449609e-05 4.690662817813946728e-03 5.946011062647159340e-03
-7.578194822825042379e-03 4.549713840114514782e-03 3.662787845453398727e-04 5.899366881601336926e-04 -9.404764836402859651e-03 4.247519229734319189e-03 3.879155255652881693e-03 2.669319876708567581e-03 -8.466315480195024668e-03 9.627974176049955510e-04 4.555760356549128608e-03 5.449621844570731906e-03
-8.161381182794309741e-03 4.259936908631577722e-03 1.413169080998796789e-03 4.714627575187145514e-04 -1.003117665741311802e-02 4.302155382474654594e-03 3.807068202487381720e-03 2.810099643731496857e-03 -8.672034317458445288e-03 1.145755766021958576e-03 5.209968700423928643e-03 5.445389565400284015e-03
-7.997475586702919303e-03 2.712425829225829574e-03 1.537960720381496968e-03 9.514675369150714336e-04 -7.855673263874372522e-03 3.510853957750563296e-03 3.847388018664544933e-03 1.848969502980546756e-03 -7.918128956251799938e-03 5.971382336802110195e-04 5.243684862982773975e-03 5.078918241361210506e-03
-9.769970973195042999e-03 4.144015549834915470e-03 2.398247582504483069e-03 8.097430629332518469e-04 -9.265101151188495296e-03 3.981628446951410855e-03 3.131439481628982540e-03 3.483360957320106883e-03 -8.149106714667045739e-03 7.455886562367633258e-04 4.518515875047789294e-03 5.997240964268483673e-03
-1.048844911921184564e-02 4.454268750794876733e-03 2.020447675998132393e-04 4.738244868127759746e-03 -7.550931736082394131e-03 4.350641629556080588e-03 3.287621583068850266e-03 3.916916966653887465e-03 -1.133427451578077928e-02 2.452929159747195900e-03 3.558739591881085376e-03 4.778691012782349673e-03
-1.119206184185701260e-02 4.920613481794717733e-03 -9.660560876428030304e-04 4.467487051546352277e-03 -7.805973869938175221e-03 3.447225964462354540e-03 3.647487481715965332e-03 4.303309188490745535e-03 -1.076518723149357676e-02 3.254611160468187051e-03 3.946759059024381941e-03 5.215505850177275422e-03
-1.060699861344432081e-02 4.989032563639165738e-03 -9.126746058304921472e-04 5.951411240586174448e-03 -8.648867366418877198e-03 2.985426152867102449e-03 4.004474726253827097e-03 4.180445375892389778e-03 -1.100202064587094304e-02 3.272574955231847497e-03 5.230434405860047778e-03 3.111898052468148410e-03
-1.077865813533148732e-02 4.800229137912365163e-03 -8.236140710013121081e-04 6.248734516716493090e-03 -8.721405417432987264e-03 2.666289659423613442e-03 4.153708599817956468e-03 4.407848707401567680e-03 -1.113873015586294875e-02 2.907189997335416637e-03 5.235513615051421051e-03 3.668303040497089985e-03
-1.067662639012728620e-02 5.218254518308131952e-03 -1.266321051216859686e-03 5.801643916296200798e-03 -9.118877306736057620e-03 3.902791141509038067e-03 3.801605082191451563e-03 4.295446735194391116e-03 -1.071189739860830756e-02 3.917636385268744373e-03 4.116046862962010819e-03 3.309428283551843139e-03
-1.086756356130458984e-02 5.783829077674609680e-03 -1.031153992775920864e-03 5.369732240317637642e-03 -9.390723541092700286e-03 2.885272197810765521e-03 5.042620458895962290e-03 4.254911989862483757e-03 -1.107183723875428301e-02 4.625802545091807667e-03 4.047281554446196215e-03 3.085644545362780343e-03
-1.075124264669030140e-02 6.664292892068057923e-03 -8.487114222493488073e-04 4.180522251860827217e-03 -1.025393273124077312e-02 2.119067018909577115e-03 6.139194759919276538e-03 4.024060299419675128e-03 -1.016788031793539916e-02 3.486737429836614822e-03 4.307599833309781918e-03 3.822862091153342474e-03
-1.066315107985372004e-02 6.191116228617034138e-03 -5.888079017161271158e-04 4.288693982117577040e-03 -1.117473847692057078e-02 2.805839151427519038e-03 5.790847583759113973e-03 3.285169963502575143e-03 -9.467963089795347620e-03 3.601091012494572925e-03 4.240421256814085917e-03 4.405844389529793743e-03
-9.916619129236763433e-03 5.151172999596512203e-03 -5.020895049527361424e-04 4.304481047923671734e-03 -1.203304446942088726e-02 1.591340849597616116e-03 6.619270184795768980e-03 4.201719754735495048e-03 -9.298889449746362834e-03 3.734122239035725550e-03 3.761962098990478346e-03 5.131315112849720028e-03
-1.008409236279379957e-02 5.224868670888348048e-03 -1.607191750902528093e-03 5.478331038910344043e-03 -1.084710251233645534e-02 8.788029455593426636e-04 6.113862823976162764e-03 4.090329081596724356e-03 -8.019951880625113619e-03 3.551723476876171050e-03 3.498532571777705855e-03 4.160222214245320148e-03
-9.721267480621619342e-03 5.921751833153913319e-03 -1.324438606897227182e-03 4.097906092379438418e-03 -1.091722810408457013e-02 2.486726190706547643e-03 5.323080907851229955e-03 4.041707544695560643e-03 -8.257652958323933104e-03 4.114291209832556667e-03 1.391897142686145897e-03 5.238813847052342480e-03
-1.062930104972864033e-02 5.974309096829745307e-03 -4.701019124908223270e-04 3.959383673045485143e-03 -1.040546674975043225e-02 2.056840424895175785e-03 5.270519158942645922e-03 5.472547556639886443e-03 -8.671459625593401152e-03 4.357802234938621538e-03 4.923295643635116616e-04 5.114470648102767067e-03
-1.156037894754156220e-02 5.564905802306475795e-03 1.024517591925321654e-03 1.904524318852097390e-03 -9.097141841064934273e-03 3.075199817145869013e-03 4.294969562929721110e-03 5.921296087311181226e-03 -9.673700118901921649e-03 4.047747829516346214e-03 3.245038519417974346e-03 3.757080965121611417e-03
-1.164687689920249243e-02 5.945928184408874953e-03 9.099229007893262344e-04 2.618364247225743111e-03 -9.103854843802805172e-03 2.464138468287608175e-03 4.923431738676116616e-03 5.031992684370244391e-03 -9.626327707264320521e-03 3.427487961276293703e-03 2.376937554336433934e-03 5.208282664255412669e-03
-1.114689806786101946e-02 5.041937518232323182e-03 7.084655156458341107e-04 3.190132252137541351e-03 -9.631238112169055593e-03 2.758133777910283784e-03 4.757667733021428425e-03 5.469229890916430838e-03 -1.000156448596137455e-02 3.948156390174358508e-03 2.518938255253878444e-03 4.947834275617180033e-03
-1.111187147277552245e-02 5.621212968961247607e-03 1.496453376628946582e-03 3.312670432575010732e-03 -9.365251291705947376e-03 2.220827063063315291e-03 3.096194571522650849e-03 5.845893268080496613e-03 -1.010481311268301291e-02 3.919597693673147060e-03 2.470949127984794266e-03 5.128920101071234201e-03
-1.087446758128733822e-02 5.705143660139494477e-03 2.179967529732534850e-03 4.382888804316764815e-03 -9.548636059803891976e-03 2.434969361159662008e-03 1.122487211241676849e-03 5.689330790904114157e-03 -9.737132471105476583e-03 4.189044408744125626e-03 2.456002811176173205e-03 4.468734556910321058e-03
-1.082699223139671658e-02 6.534294371575649976e-03 3.442677646708354727e-03 4.524825597150532695e-03 -9.704421390401053032e-03 1.644258421478789157e-03 5.060104303958744189e-04 6.207632209747687355e-03 -9.317208055476467604e-03 2.430196918569822555e-03 2.800762851392803957e-03 4.233347640661088568e-03
-1.222747222711221757e-02 7.654439553216724028e-03 2.926193770026915171e-03 2.778690126466636101e-03 -9.909394718482024064e-03 3.930115792265797756e-03 8.794764892298965239e-04 6.538182173385261031e-03 -9.245405890915815023e-03 3.372746288060184464e-03 1.779868291246474409e-03 4.301908322118477845e-03
-1.215130064847116768e-02 6.170831239386136667e-03 3.017243450753359299e-03 3.316926921675757405e-03 -9.504193273926963767e-03 4.269056283069249703e-03 1.327849371692512359e-03 5.979392889006594942e-03 -8.988652419439682392e-03 2.051339077854723650e-03 3.507185123822788297e-03 3.580205758512306716e-03
-1.164369064310921166e-02 5.839413761239474129e-03 2.862576962428243360e-03 3.203608566750591052e-03 -9.144154958695997412e-03 4.158771253548212282e-03 2.229565485788772249e-03 4.737299574882496145e-03 -8.582913491263232525e-03 2.629999839661849217e-03 2.692988131222109460e-03 3.332958888700362013e-03
-1.280778100243780415e-02 6.831686774236414572e-03 2.643540555088966324e-03 3.819318361574447398e-03 -1.050710880068711148e-02 4.580142119450303535e-03 2.131587330401800862e-03 5.999651084232910520e-03 -9.441266029627699841e-03 3.359445606620218433e-03 2.299664532727989201e-03 4.033227302805089502e-03
-1.099074821261534704e-02 5.337704796174764545e-03 2.267941799975160648e-03 3.627780006739409532e-03 -9.667185143824075927e-03 4.655098019242853713e-03 1.930320021715571308e-03 5.125846970367680180e-03 -9.663744480870572681e-03 2.838523087346847551e-03 3.654536288727164468e-03 3.328893948284480323e-03
-1.213994115183104384e-02 6.665416225901914758e-03 3.019404463771243469e-03 2.842028717599064721e-03 -9.629905502174934684e-03 4.934846622077654690e-03 1.804255317987972810e-03 4.988325018190640885e-03 -9.722318920489280911e-03 3.288175457841496872e-03 1.997858622160273746e-03 4.658796856869764150e-03
-1.145267710353560509e-02 5.326335548533390335e-03 3.707856630250682631e-03 2.687846207563811436e-03 -9.388388411943809908e-03 3.654925884260618561e-03 1.284783190271540990e-03 4.821101614323799675e-03 -9.356944310329280354e-03 4.288337240802231158e-03 3.417206308018909313e-03 3.443944823378025048e-03
-9.458198078735666550e-03 5.649086077305244882e-03 2.874808558236071048e-03 3.291531938766042217e-03 -9.474174794809341743e-03 2.881487468062637110e-03 1.067059453880858655e-03 3.553687508121386365e-03 -9.215948843174249019e-03 2.882785620444820208e-03 4.638851738178432701e-03 3.412016994145538815e-03
-9.130241247777736574e-03 5.321499608654234152e-03 2.192827752785053100e-03 3.968299645463378711e-03 -1.003276345825796813e-02 2.958169696467454965e-03 1.176433946425822644e-03 3.971935143402641546e-03 -9.415294667262878031e-03 3.232375114789533786e-03 4.512372511784192020e-03 3.411758081942579002e-03
-1.049879374303355761e-02 4.091661431038026361e-03 4.543450064437421637e-03 4.998866806070358278e-03 -9.071406140880469357e-03 2.049078981734079631e-03 9.466732409539678050e-04 4.018760857047152558e-03 -9.846150395123664384e-03 1.607950616295644427e-03 5.205538334463100450e-03 4.295443150348220336e-03
-1.085823522326384571e-02 4.852551870030775809e-03 3.823790752524732720e-03 5.367879855095927973e-03 -8.430160233872689354e-03 2.465937410399531276e-03 1.127809445394990112e-04 3.792023030530811654e-03 -1.064737079500485857e-02 2.346753265907365171e-03 4.595132202831458262e-03 5.037176084148446871e-03
-1.188024819163254094e-02 4.284918406096350531e-03 4.269692764345146482e-03 4.534157127661924899e-03 -9.104779663299129508e-03 2.640110098356856280e-03 9.081383862423677178e-05 6.473046117279654399e-03 -9.706835326625726929e-03 1.874735694362031618e-03 4.932007971085061726e-03 4.207232494653887281e-03
-1.052150038996101621e-02 4.265992360609905353e-03 4.915484105771734599e-03 2.664629109191543350e-03 -8.904651993209805605e-03 3.116097043310044751e-03 7.300487857144651332e-06 5.060379952976276283e-03 -1.003568184148310137e-02 3.041670556573639397e-03 4.535548735493055705e-03 4.206780483330954494e-03
-1.060754494103474319e-02 3.720054345520782107e-03 4.909407295423355230e-03 3.015309257361537335e-03 -8.324742679269799689e-03 2.682686574207932169e-03 1.263929590187754144e-03 3.865193504093618251e-03 -1.027370766645850642e-02 2.951274804572219870e-03 4.433208357902030175e-03 4.638158456967162759e-03
-1.008381096789592347e-02 4.931174108419636958e-03 5.007832775027474745e-03 3.509739916450838829e-03 -9.590603964610054655e-03 2.711306009559316579e-03 4.501947705615737564e-04 3.634173097305234707e-03 -9.400332694777829845e-03 2.792094935918188608e-03 3.782645947983945961e-03 4.518116479252100651e-03
-1.035519007523618730e-02 4.266928298151587313e-03 5.208774261383698756e-03 2.983001867597819858e-03 -8.699125848362809083e-03 2.229519854520143566e-03 1.585381533126886027e-03 3.298751676197845921e-03 -9.904721750643639272e-03 2.394935971667315130e-03 3.716044488674045184e-03 5.520001447228641347e-03
-1.054856278716314461e-02 3.500624481284119252e-03 4.617035499380376697e-03 4.360551826123995438e-03 -8.811326597302665195e-03 3.065605629673582699e-03 1.747901091911803094e-03 2.662434773003902189e-03 -1.075996646830038213e-02 3.772586547101777592e-03 4.429595621222266917e-03 4.361675862857328743e-03
-1.115428347760381508e-02 4.214073145272443852e-03 4.090740617061888393e-03 3.917244523690108053e-03 -8.469816242701743922e-03 2.509515970505235994e-03 2.406471421654310296e-03 2.974697504699328875e-03 -1.023782484416964518e-02 4.295965988821880827e-03 3.824013501777854315e-03 3.978965560444511218e-03
-1.083199401413935913e-02 4.055098759416340612e-03 4.223216683429136323e-03 3.140731324856082477e-03 -8.741042877771746863e-03 3.441448758223879679e-03 1.436442624379052164e-03 3.769822206814227999e-03 -1.037417330770753522e-02 3.493545887616049915e-03 4.769030497964298759e-03 3.986745564167680327e-03
-1.064503970094597511e-02 4.177908194011177925e-03 4.412067966349073229e-03 4.205242374206530007e-03 -8.807179002242268920e-03 3.166614840181745244e-03 8.762987965805373904e-04 3.060412464300439010e-03 -9.704247466195511929e-03 3.084294354792848757e-03 3.762834892150547072e-03 4.667860404388275708e-03
-1.063465732175341433e-02 4.771365909896042694e-03 4.152331488981864972e-03 4.908517340523991211e-03 -9.707044474712274440e-03 3.841619143608617729e-03 1.545045345289978132e-03 2.161091606983278277e-03 -1.053553034557085447e-02 3.311150670164035061e-03 4.593966505262506855e-03 4.121135726722058995e-03
-1.064156430923283818e-02 4.285254168768333136e-03 3.874699995682748602e-03 4.883563853329508236e-03 -8.903992208947069179e-03 3.702939020614629938e-03 1.714471765137812664e-03 1.972884300057210685e-03 -9.837205018907373838e-03 4.066072990763884565e-03 4.181108712011483847e-03 2.986040648150266666e-03
-1.031537393531126688e-02 4.602976605473182818e-03 4.397204009072347951e-03 3.752488777977410362e-03 -1.020258746627256477e-02 3.400252881861795268e-03 3.129186492770533960e-03 1.452173334258835850e-03 -1.064332527779135798e-02 4.082343586334681758e-03 4.346236595965609177e-03 4.557107387597584582e-03
-1.029195404098807998e-02 4.649476595645286175e-03 4.250112704589833861e-03 3.179269701121310507e-03 -1.031153099358718579e-02 2.961078236695277328e-03 3.777761612549421048e-03 1.396077824129145911e-03 -1.002398181064155860e-02 3.905261183348395643e-03 3.364034558316048897e-03 5.629894230171223965e-03
-1.078639061446531530e-02 3.281871789822363335e-03 3.805506375297545377e-03 4.622496736634347514e-03 -1.059541066626915919e-02 2.471419412364434572e-03 3.273521967713149787e-03 3.580557199651700391e-03 -9.378959205429783508e-03 4.290531519295086305e-03 2.600010239924611249e-03 5.327477165992089599e-03
-1.069872398409437222e-02 5.113202907601554527e-03 2.740269650982250782e-03 3.748633284352024045e-03 -1.079671352327236065e-02 3.082639597543688440e-03 3.709814121393328196e-03 2.728344273687678592e-03 -8.719169685415441989e-03 3.820713565565092909e-03 3.186888135805472904e-03 4.487933633869380969e-03
-1.055603273886886531e-02 4.087768225659998804e-03 3.555974701664894964e-03 3.821993651110567030e-03 -1.043559583147004796e-02 2.534827119181692207e-03 3.085238492081613000e-03 3.538510317319082821e-03 -9.970732684786905511e-03 3.996874284423491790e-03 3.620860021057405870e-03 5.226604344194705001e-03
-1.082285523162989163e-02 4.569399141801277348e-03 2.467665710104766184e-03 3.578960713683153761e-03 -1.053257260780487981e-02 3.248103341769490761e-03 4.085398207472878788e-03 3.067384293695832233e-03 -9.584523680701241208e-03 4.116900981457275420e-03 3.142227704050133338e-03 5.177752260806783163e-03
-1.153833245878115553e-02 3.146191951177644032e-03 4.003771271096088005e-03 4.747579776083716424e-03 -1.161293195191274476e-02 3.663095252778654238e-03 4.008001912362452700e-03 3.525243045984436264e-03 -1.005708345690377488e-02 4.061117820079849887e-03 3.346475661794724287e-03 5.615198595967374473e-03
-1.027908140138040181e-02 3.428109772102243182e-03 3.588068080170987283e-03 4.215007840104944593e-03 -1.118967370234788886e-02 1.523039721449679631e-03 4.334388284106278216e-03 3.294953184932650561e-03 -9.652847605414020121e-03 4.506313016284762239e-03 4.557652902828912903e-03 4.229532845354713570e-03
-9.518921565037353344e-03 2.364571213660624123e-03 3.748716693779306601e-03 4.848117874510610506e-03 -1.136060253658335156e-02 1.193286892991575433e-03 3.693377125263267932e-03 3.632837646227352318e-03 -9.169649578762659528e-03 4.520432797040364707e-03 4.274925787398548872e-03 4.179033296978378921e-03
-9.227729543321268671e-03 2.242164077357956462e-03 3.678682865933213548e-03 3.941994662056058293e-03 -1.086011930505273622e-02 1.309115868141069684e-03 4.148542751259327171e-03 3.240109394214471961e-03 -8.884341030742202647e-03 3.760089489781845602e-03 4.474443785702956512e-03 4.400201315538012671e-03
-8.463797433289385608e-03 2.516542238380394068e-03 3.554680785876723672e-03 2.918100339337133774e-03 -9.634963744560064505e-03 1.893473526322385966e-03 2.343486228737844297e-03 3.091044872393144960e-03 -8.877449176396710537e-03 3.754854879295221881e-03 4.065582458692012201e-03 4.740608290177712909e-03
-9.124820774331025147e-03 2.943506096813187489e-03 3.142193029156494649e-03 3.638498965297326006e-03 -9.959884663632786322e-03 3.135567433741504213e-03 1.978472397913167476e-03 3.927024807303307850e-03 -9.280911931059166592e-03 3.501246555537686992e-03 3.650249238873541982e-03 4.540942151402024667e-03
-8.697578635282693718e-03 2.938489566251935390e-03 3.526978976320029654e-03 2.843460476511276529e-03 -1.146645578672275678e-02 1.937741212788076641e-03 2.899245459288689493e-03 4.285192021721949060e-03 -8.901466372091307658e-03 5.953426468154554563e-03 3.567721638280057540e-03 3.374046815896925879e-03
