# ex_work for 12 qbits with connectivity c7 and unitary DM 23021151732032
-8.680106917424235125e-02 1.348041174442052847e-01 1.348041174442052847e-01 1.348041174442052847e-01 -8.680111343724494777e-02 1.348041324481576153e-01 1.348041324481576153e-01 1.348041324481576153e-01 -8.680106917424235125e-02 1.348041324481576431e-01 1.348041324481576431e-01 1.348041324481576431e-01
-8.081935550721944250e-02 4.697636261026799653e-02 6.493190329764035595e-02 6.910160575439716624e-02 -6.908787948680690516e-02 4.319258873110504854e-02 6.041740184182615298e-02 5.273833984850731516e-02 -6.086558487687061120e-02 4.851340647181658083e-02 4.862248971081594567e-02 4.963642793179360441e-02
-7.073832932444368282e-02 4.382859904452131999e-02 3.218864804830098847e-02 5.088564305512013886e-02 -4.958935729983771079e-02 3.379200962874799596e-02 1.934882727510271391e-02 3.811778497488443884e-02 -5.085004806804802047e-02 1.230613189129863179e-02 4.423409621678251608e-02 4.191391628871032199e-02
-4.875036773412019103e-02 4.401213824042409656e-02 2.693897226059028399e-02 5.232116616219769853e-03 -3.605871583018847859e-02 3.491475936584553796e-02 -1.782770766464020652e-03 2.564434719517107164e-02 -5.108661114693278937e-02 1.159085907756127361e-02 2.893382997089915740e-02 4.153615110704138302e-02
-4.457144442377729276e-02 4.161121885051560082e-02 2.036996057631995302e-02 1.216683405957645278e-02 -2.455259119425612716e-02 2.879993551194904092e-02 -1.652637287133530697e-02 2.336952720809952477e-02 -5.061843312385143345e-02 1.241260382009511457e-02 3.440896040346699825e-02 3.113491172805252921e-02
-3.960522303865050137e-02 2.517750991243684552e-02 2.645077003490193049e-02 1.363432618791249676e-02 -2.708829267278406103e-02 2.693289353335803077e-02 -1.110355686450026705e-02 2.704424162794485595e-02 -5.158322215370063357e-02 1.052690386878206603e-02 3.193026420201081766e-02 2.873884528837853530e-02
-2.403743222240803737e-02 2.078568536703480699e-02 2.574207883805203212e-02 8.321977600750566197e-04 -2.345078579189689011e-02 2.274582023554636012e-02 -1.264123098398802977e-02 2.256610305716159545e-02 -5.379566724807434419e-02 1.279188764404028990e-02 2.805159120253976693e-02 3.097210001701130797e-02
-2.195138460299506794e-02 1.528550627016996878e-02 2.248001037157827328e-02 2.391432814407688616e-03 -8.955755883861726135e-03 1.540937983764654497e-02 -8.672767530644486314e-03 1.746921362955419213e-03 -4.154210891821018964e-02 1.643654166120713661e-02 1.985815610041122975e-02 1.271232281607839222e-02
-2.077958417595159729e-02 1.634408924727731929e-02 1.811443630883574629e-02 2.663962857685356518e-03 -1.318093659316476804e-02 1.238381892370747639e-02 -3.806282157972847285e-03 7.139140379075304549e-03 -3.486910884733677302e-02 5.920367740124766326e-03 1.087534917006469960e-02 1.753490122766783801e-02
-1.787877349512240199e-02 5.529621766844878585e-03 1.090940358504312660e-02 5.164862957736764126e-03 -1.584094889758394173e-02 7.866532081004296018e-03 1.585490962212685560e-03 7.088182995948358670e-03 -2.089185359345427720e-02 -4.590324774456851741e-03 1.693663549036340463e-02 1.423628770867736530e-02
-1.485070099253336419e-02 2.874711213571195731e-03 8.974837671752007584e-03 6.098141986886306681e-03 -1.392044240483468476e-02 6.169894272142754064e-03 3.194411297381229749e-03 6.588247637118047756e-03 -1.805041143510737953e-02 -4.861234710528139664e-03 1.153532085744705081e-02 1.347602353966140427e-02
-1.507259894457742451e-02 3.217515517022236440e-03 9.617493692017323181e-03 6.438390341350259255e-03 -1.207226022949023023e-02 3.884455920523636682e-03 4.471400885023545275e-03 4.134742410430825889e-03 -1.648528594707907372e-02 -4.554185029815548992e-03 8.140921385857964251e-03 1.460788108847096457e-02
-1.514233489135942932e-02 1.888562718018793173e-03 8.296616738402172453e-03 5.929116568820337954e-03 -1.068317923568710102e-02 4.987399100887433823e-03 4.652701313267513031e-03 4.403183497830875232e-03 -1.575912970593149054e-02 -5.236971130656126530e-03 8.096243115899055473e-03 1.447366978686276222e-02
-1.462699953868553532e-02 1.213485415102877676e-03 6.974614951046536303e-03 7.508065045758123383e-03 -1.089859037149716256e-02 4.782647297961258211e-03 6.087910594862581265e-03 3.546892821662106683e-03 -1.823323769544709164e-02 -4.525035842077710681e-03 1.028025108637463901e-02 1.444720040543112129e-02
-1.518753620272756885e-02 1.430462131272293783e-03 7.940027922496688956e-03 6.818964262485628126e-03 -1.165969164513979035e-02 4.557094383735699715e-03 7.435105881679112544e-03 4.058192416719882088e-03 -1.653073170098853795e-02 -2.671506166429939415e-03 6.334251276309372895e-03 1.345628370592767339e-02
-1.570694771712692964e-02 7.423351238417133600e-04 6.649524605465722236e-03 8.466094694034654797e-03 -1.026327639532544772e-02 4.964149835197432213e-03 8.025787762130951603e-03 2.352194940350645601e-03 -1.534347910894564432e-02 -3.213978610355540128e-03 5.903322920407797630e-03 1.305739773228770106e-02
-1.724062808696950541e-02 3.028991355017212651e-03 6.413986532498376983e-03 8.163303732397073770e-03 -1.015482153769688145e-02 4.320532443365256159e-03 7.179304254106199691e-03 3.804908917173748916e-03 -1.679708582868067943e-02 -1.159608578262597651e-03 6.044283790209953149e-03 1.247394133405805607e-02
-1.576781570565337701e-02 5.476056660013570686e-03 6.541693124196910902e-03 4.439829254283181488e-03 -1.081499213145571334e-02 1.154013630037815279e-03 5.708004307744776740e-03 5.017803807323360440e-03 -1.115986691614825888e-02 2.221556127488843232e-03 3.428378091713678039e-03 7.809446978299787803e-03
-1.583405398135722883e-02 5.012694986298642415e-03 6.997127686398626860e-03 4.462457292314659860e-03 -1.028301053973698469e-02 1.521022843237562370e-03 4.475357600629814234e-03 5.247711138790277403e-03 -9.957125842021767245e-03 1.283897200516529152e-03 3.391685880392482193e-03 7.445512409643090766e-03
-1.574266085441329566e-02 5.643042003113137375e-03 7.677371399512660476e-03 4.510220562124109961e-03 -9.962415283784387121e-03 1.212544937842873318e-03 3.437336301712147924e-03 4.852484092156921641e-03 -1.080230863190480110e-02 1.888929791866025571e-03 3.322175937691841836e-03 7.830705900944655989e-03
-1.587476055800620192e-02 6.727512367111471159e-03 6.869133210653315461e-03 4.424073135286821397e-03 -1.190570402529950340e-02 2.307297859037709276e-03 5.212153898673884192e-03 4.094290205312188687e-03 -9.953145173928104605e-03 5.416271889092506928e-04 4.488151365098187046e-03 7.161050726361331727e-03
-1.526504392422488657e-02 5.219452321749046102e-03 6.704029697786470336e-03 5.361628380808545515e-03 -1.067697518587821560e-02 1.521590478127718806e-03 3.680487427463379445e-03 5.044442223573785897e-03 -1.040794515827433986e-02 9.375944544943353234e-04 3.478942005226822506e-03 8.208237396090879018e-03
-1.671547519061251583e-02 6.782395761216964553e-03 6.991120267901402424e-03 5.217161761359880197e-03 -1.111853941765325766e-02 3.850893974624223213e-04 4.612818478078753101e-03 5.330099273592390531e-03 -1.066892095800255069e-02 3.749224176617947050e-03 2.380744270290932607e-03 7.362965409347705867e-03
-1.640752184486615403e-02 6.312449232251317495e-03 5.860820907019003399e-03 6.223919407701413928e-03 -1.028234980768683027e-02 1.891812415920561324e-03 3.989325139800793500e-03 4.566401952358892583e-03 -1.256412766593820347e-02 5.900651393350235009e-03 3.505073253281604934e-03 5.321432478587505635e-03
-1.492599820505942365e-02 6.119834287848379024e-03 5.368190553415503642e-03 5.106341755920063875e-03 -9.924646685154327880e-03 2.171539684183097872e-03 3.712468434975314466e-03 4.006075215013284521e-03 -1.052933626929374554e-02 5.299144073400931590e-03 1.718843213185777038e-03 5.364085018726844935e-03
-1.662998638822279704e-02 7.309268681163761522e-03 4.925945485623270913e-03 6.465858249794415730e-03 -1.195049102982216442e-02 4.883089735061500562e-03 3.622169760105614037e-03 6.300140098928978805e-03 -1.126562030672143173e-02 4.114778434691991095e-03 -2.563671751195961994e-04 7.053321287002299947e-03
-1.621570256193980569e-02 8.258589867375008831e-03 4.612870461816769539e-03 6.120980374927616555e-03 -1.195256311921531235e-02 4.258465176737432321e-03 3.378428466821352567e-03 6.807319561060703149e-03 -7.966934054767822390e-03 4.034174744110529884e-03 -1.904895533874134065e-04 2.780632585825823944e-03
-1.554225700002392907e-02 8.333615538081052751e-03 3.703747677436345590e-03 6.263270703475417277e-03 -1.030491305642475437e-02 1.615078897206582076e-03 4.112252945133080574e-03 5.090865989230599319e-03 -5.881902367222217529e-03 2.462199659212360031e-03 1.634331307304059738e-03 1.675029483943212948e-03
-1.645465803832199536e-02 8.190942538149025010e-03 1.972192520070005506e-03 7.030180227141791943e-03 -1.039049588486764056e-02 2.730455623957295675e-03 4.014235355729377924e-03 6.386413904301154430e-03 -5.460365151784554553e-03 1.410976497618012101e-03 1.662091442928400643e-03 2.314160591993319818e-03
-1.653302439588436729e-02 8.615513000239775204e-03 1.848607779962404716e-03 6.764311519182006696e-03 -9.806703471926150883e-03 3.333370370060677410e-03 3.790033840058200897e-03 5.420796790640058926e-03 -6.126236238910023890e-03 1.897995885920365907e-03 1.830020291725944093e-03 2.340638239759604017e-03
-1.642375812462452608e-02 7.232113909393250890e-03 9.589992598927774220e-04 5.385682020653941374e-03 -9.623832756409871070e-03 5.426301465949966672e-03 3.929283111284486395e-03 6.450500580898084479e-03 -5.371009230583542217e-03 1.288654046076389203e-03 1.994722982517183052e-03 1.973857421218766332e-03
-1.670858210775836086e-02 7.080747475406094782e-03 3.503534960731580650e-03 3.537709263029374749e-03 -1.078153331432926514e-02 6.322225718339577819e-03 4.482015065663756334e-03 6.059255554004465937e-03 -5.005086488423468073e-03 2.092730341422504962e-03 1.206015943152505916e-03 1.621294269040746182e-03
-1.595088139930603624e-02 5.293270657943894772e-03 3.754456043348169871e-03 3.441336676918563871e-03 -9.836666076560697872e-03 5.379363334653395994e-03 5.570404371057403707e-03 6.797011339286995572e-03 -5.971379877777258614e-03 2.970078589827866364e-03 7.747066618742606727e-05 1.631918850428094479e-03
-1.596785028142301208e-02 6.610178146670121768e-03 3.164301559297862370e-03 3.184947919958884283e-03 -9.520976982113982592e-03 4.286306888970443409e-03 5.381592881304009951e-03 5.967964287479923628e-03 -7.347915738412398937e-03 1.533740610127832605e-03 2.351164631450851014e-03 3.564194065721960555e-03
-1.521178179356497996e-02 8.237244195017650802e-03 2.810397932155049832e-03 2.904264988070662332e-03 -1.053103029250278093e-02 4.948452795700713537e-03 4.278046162471122252e-03 5.799873484450750877e-03 -9.124860382970270342e-03 1.840961487101837281e-03 2.944155110722765107e-03 4.587206546562834844e-03
-1.458798364044879350e-02 7.816506195506342861e-03 2.819807761347193319e-03 4.530196529259578227e-03 -1.013743730784359871e-02 3.224629720182187447e-03 3.624583331808786842e-03 5.713650169594968950e-03 -8.458220810520234931e-03 1.734515280203922623e-03 3.451945113557784803e-03 3.409412676962748131e-03
-1.499141666954663388e-02 7.298738409934722379e-03 2.062661669009741624e-03 4.290830658100653651e-03 -9.516960737919398852e-03 3.574831856295579251e-03 4.551261794320786251e-03 5.737315111394233891e-03 -8.707858339085307320e-03 1.611710257438991921e-03 3.430083290882497780e-03 3.823423633303684940e-03
-1.562414799175391826e-02 6.663859315207391713e-03 4.390978462802004427e-03 3.260947553151510858e-03 -8.957471202068528413e-03 2.068973742727904779e-03 4.564340713986172332e-03 6.054412154699326601e-03 -7.979985084246774690e-03 2.027955062975610526e-03 3.453489710406727926e-03 3.184787677779239972e-03
-1.223327906763778741e-02 8.093892149436151054e-03 2.540199627850453414e-04 3.014683462790238629e-03 -1.019145030905584288e-02 2.135471204637068906e-03 5.627904850843600849e-03 4.996984083611404580e-03 -8.528322792879674749e-03 3.679278937318087531e-03 2.219473155175389050e-03 3.674972448354666202e-03
-1.232306373477072906e-02 8.226113166734659241e-03 1.692155306720315253e-03 3.376085143210645189e-03 -1.000652081763490214e-02 2.281007299176856726e-03 4.408730163480473543e-03 4.370089209644290387e-03 -9.529558227012914148e-03 3.392925693934956133e-03 3.052052161352575375e-03 3.868856799358422281e-03
-1.183276534454555731e-02 8.673114983591195468e-03 6.700675606866251599e-04 3.343243515481802725e-03 -9.941855185904126604e-03 1.998570504431096146e-03 4.246158425212872602e-03 4.769599547338045781e-03 -8.330749287614895582e-03 4.599667634364516637e-03 1.359740533165146705e-03 3.060261696924769514e-03
-1.047055510556530941e-02 6.369069195032388449e-03 9.439174177229789917e-04 3.849979646231056415e-03 -1.077001381901224186e-02 1.781766731159805392e-03 4.525347892098481768e-03 3.473452727995374190e-03 -8.826147747627334506e-03 3.797706772641349857e-03 2.721896389966804632e-03 5.067588658011283956e-03
-1.159980033215759869e-02 6.088808822468050504e-03 1.276629944208349139e-03 5.504474949417828729e-03 -1.148839139547042955e-02 2.160444589757487717e-03 5.102968505516868210e-03 2.958998804644107864e-03 -9.500771641679377905e-03 4.098896910051442501e-03 3.458176482119003012e-03 4.829240336199558913e-03
-1.183894205249541587e-02 6.711635498008702502e-03 9.836768103479865809e-04 5.464113994703478916e-03 -1.155597959741184837e-02 3.026919131734940975e-03 4.978610397847675444e-03 3.689194572964749671e-03 -9.720237563520285617e-03 3.603891397339037666e-03 2.378458695438484972e-03 5.284123869723216134e-03
-9.568351611358518610e-03 5.076919481520201366e-03 -5.291044015766231185e-05 5.828093694274928682e-03 -1.227547696730097414e-02 3.710427501594604476e-03 4.917707925609337768e-03 4.451857351070735887e-03 -9.071992224369241145e-03 2.059830536731565784e-03 1.831763096122823167e-03 5.781018270338793633e-03
-9.801552813321037089e-03 4.712873961321867831e-03 9.293418779577366541e-04 5.427553938386457839e-03 -1.164317493003997651e-02 3.720988857428251390e-03 5.824955569927848555e-03 3.249719516616824712e-03 -9.547679484352847648e-03 2.210464316487264439e-03 1.968794933670151882e-03 5.584322257117385613e-03
-9.289607200552194716e-03 3.831489015275067224e-03 4.802541431678952364e-04 6.201013780446640485e-03 -1.144345368670143283e-02 3.323530153315613998e-03 5.725342685339121843e-03 3.507181227680368323e-03 -9.266930409979510022e-03 1.792826644141562757e-03 1.785677561849137798e-03 5.869512775226937672e-03
-9.335077181125590873e-03 3.893701650547831163e-03 8.403999116989015151e-04 5.783741062127668690e-03 -9.946928916634187670e-03 3.210283779923998188e-03 5.586542632859145194e-03 4.011305070536037680e-03 -9.678772448995212954e-03 1.899624526909366546e-03 1.822590675061488280e-04 5.905100727985486929e-03
-9.245799160091253480e-03 5.176025451457950781e-03 5.544808340515059916e-05 5.575450762949202103e-03 -8.469922193073473396e-03 3.632912944023627359e-03 3.521984711284656313e-03 3.686948099613334730e-03 -1.106626847455894486e-02 3.527303276798853231e-03 1.365997731296745253e-03 4.525324988446783464e-03
-1.044551333990332773e-02 6.222180624649185574e-03 -5.880892577450897839e-04 6.537297028104559551e-03 -8.763515151842952641e-03 4.773968681431639376e-03 3.926209711937920024e-03 2.519793856544623629e-03 -1.070246156322758949e-02 2.559556519181210334e-03 5.849677877126556675e-04 5.970543561915294707e-03
-1.005608972577827151e-02 5.366803207806308471e-03 -5.295972654451007195e-04 6.291639671921854873e-03 -7.895176222437046490e-03 4.881907154297991484e-03 4.596869978593132698e-03 1.317638518692931153e-03 -9.938964667379210707e-03 2.751475107071999892e-03 5.165896147022721804e-04 4.959455223994685413e-03
-9.286980969891851095e-03 4.438546310734568963e-03 1.549203878663669466e-03 5.309024604456115230e-03 -9.278687091879385049e-03 5.366173459511933835e-03 6.162982213028442117e-03 1.580624615348386703e-03 -9.562490015975082247e-03 1.552093482881129445e-03 9.590475892886314363e-04 3.411989077169953408e-03
-1.032246971984066009e-02 3.767643387154271956e-03 3.546739678016697182e-03 4.977502165043402524e-03 -9.362753754038029633e-03 3.791137455973992917e-03 6.424271010292230237e-03 3.115049162452896564e-03 -9.590318614632473843e-03 5.579134072892907772e-04 1.926623748430120100e-03 3.496522893504823253e-03
-9.919634643093063267e-03 3.328195309682603284e-03 2.831765348206086771e-03 5.699289393596670625e-03 -1.039635037321366869e-02 2.285844943691962231e-03 6.605256163613997672e-03 2.533687699602418710e-03 -8.627232150445144493e-03 2.118503082515980039e-03 2.694888352614721160e-03 3.117381519549452737e-03
-9.812919495424307290e-03 3.564355178722241821e-03 1.931005210065589667e-03 4.874462234547667291e-03 -1.002567786580780586e-02 2.586805044108051160e-03 6.613216998750131095e-03 2.897398098179809148e-03 -8.941302524602656385e-03 2.506948620312988204e-03 2.643684408522199887e-03 3.385582767659869961e-03
-8.746805384517220006e-03 2.826936678340776291e-03 1.965840223664092404e-03 4.434476585872995646e-03 -9.131783458751627919e-03 2.511532637961522065e-03 6.252089627041917258e-03 2.658982153433116745e-03 -1.045124989743110439e-02 3.382610008994906686e-03 2.108464512693093706e-03 4.342709097425178320e-03
-9.166663252410027149e-03 2.542407587564637569e-03 1.464045017800519061e-03 5.694745779697724108e-03 -9.969963412436940592e-03 3.433317818977609653e-03 6.145995296173024057e-03 2.744517250390644553e-03 -9.665084524339966413e-03 2.640769688952378496e-03 2.295877848643018259e-03 4.080752083623904666e-03
-9.347982958978286877e-03 3.612736894937060295e-03 1.572831715387087905e-03 4.263389028197221708e-03 -9.098866649919887598e-03 3.865417569445355351e-03 4.497274126824901165e-03 3.413226446703825079e-03 -1.000355420030862863e-02 4.130996454566879424e-03 1.768782972057384448e-03 3.455674718407454344e-03
-8.840951602150929484e-03 4.309795141017080770e-03 7.890215116236920815e-04 3.788266243513456564e-03 -9.830136015047171577e-03 4.251399223338983915e-03 3.650580462674767913e-03 3.003315724441272486e-03 -8.643594635706797202e-03 3.117732774660356490e-03 3.163715529062961947e-03 3.204400582184597449e-03
-8.952699245203254996e-03 3.616351561458544007e-03 1.304795800592054326e-03 4.083494618466144629e-03 -1.059062680336029377e-02 5.904847721565330450e-03 2.939740629451828048e-03 2.885462758342304847e-03 -7.673789409694372482e-03 2.663170851697325807e-03 2.637228467154150574e-03 3.173907245666673319e-03
-8.738830360530436617e-03 3.455965180138409910e-03 1.600707432848600970e-03 4.349013551002178443e-03 -1.119816372528428285e-02 4.992836145344258826e-03 4.147369269834979590e-03 3.328504772029735638e-03 -8.212745205950210473e-03 4.262809349171154880e-03 2.672424222431735424e-03 1.473738858959975024e-03
-8.092711451628882557e-03 2.944752594028076861e-03 1.765490367888166530e-03 2.720242545599299133e-03 -1.014804569100861455e-02 5.300011513913287231e-03 4.535339961252754688e-03 2.734284809480581110e-03 -8.535606136623023060e-03 4.123253835075877706e-03 4.011074711215383351e-03 5.820703514994794410e-04
-7.777787545237291496e-03 1.538949392790484559e-03 2.281883863365659088e-03 3.224818362619326882e-03 -9.095549836780899428e-03 4.004107819814094020e-03 4.068361682836212426e-03 3.316979911134093368e-03 -8.215890271732910477e-03 4.415723454379747240e-03 2.740375093707662912e-03 1.161834252902842158e-03
-9.095810497240404413e-03 3.522344073441087582e-03 2.228264665352865017e-03 2.771341925796089178e-03 -1.043372488748435523e-02 4.477344419181935979e-03 4.225166096393630742e-03 4.202587080795978230e-03 -8.675739079426396036e-03 5.171477958742376133e-03 2.580850291913489459e-03 1.149951678772361636e-03
-7.770550508840557563e-03 3.319906077069701821e-03 3.263464422720564057e-03 2.911991410287848893e-03 -1.015594705732361484e-02 3.668773465349824386e-03 4.145406169011489617e-03 5.606237545336791375e-03 -8.442488213289153429e-03 3.179565996248233297e-03 1.425036109421409401e-03 7.309230436841374383e-04
-6.707732860876633105e-03 2.032754825663781167e-03 3.060148903920028186e-03 3.234978623651355717e-03 -9.625365857915936518e-03 3.211529810647772293e-03 5.363974582365825354e-03 4.222543224684353197e-03 -7.903914979364380991e-03 2.345483158250651502e-03 9.018824855858144059e-04 1.463593404162626122e-03
-7.586209769812634653e-03 2.602964407347699120e-03 3.612080722410799735e-03 3.093540610429323934e-03 -1.040524585099693831e-02 3.022516052504747343e-03 5.831912641579583591e-03 4.143499373160985759e-03 -8.573486249812051208e-03 3.183094243202033626e-03 1.029993085848513725e-03 1.953587285399767306e-03
-7.064068034673804362e-03 2.038707427979311558e-03 3.561355397352101732e-03 3.154617150740824522e-03 -1.066151448988952519e-02 2.768249273379527319e-03 6.582929324932949855e-03 3.918392027248959741e-03 -8.055241769687457309e-03 3.621433410465094930e-03 1.309450755216697753e-03 6.897439455600019734e-04
-7.621289736718515027e-03 3.318564514673878578e-03 3.349024630624159154e-03 3.462238984419187520e-03 -1.059566847092851920e-02 3.546210714317573134e-03 6.744754145553540949e-03 3.079471548654970272e-03 -8.961423146611456961e-03 3.269617972811835263e-03 2.064130141580170722e-03 3.808261493569866469e-04
-7.398488951899041301e-03 3.464231049097822503e-03 2.951524798460747681e-03 3.532195895974308761e-03 -1.118031389812860696e-02 4.063526446012861656e-03 5.559433898556341222e-03 4.410082253857829787e-03 -1.038311054249955664e-02 4.008939385737867421e-03 1.490085487837137807e-03 1.762403035030783022e-03
-7.890101756753921738e-03 3.228181588220373124e-03 2.157729419643874928e-03 3.764503198095308159e-03 -1.135317449712933656e-02 5.271468519231300824e-03 4.927815215850690940e-03 3.340047905263491407e-03 -1.016151368756398020e-02 4.537624010215552013e-03 2.414945901118570326e-03 2.092207250764251819e-03
-8.547622858665761270e-03 4.164261423219681353e-03 1.942251520205171998e-03 4.546764860317573272e-03 -1.133968838949657269e-02 4.635630663267260518e-03 4.272533938483996478e-03 3.694426363160542657e-03 -7.759593946094805322e-03 2.223536741267163018e-03 2.586940420409044195e-03 1.648345503974235019e-03
-9.117515622334284447e-03 4.201941170797719553e-03 2.734370757642180620e-03 3.619497730042061691e-03 -1.085772401499098851e-02 4.335018364384590588e-03 5.230169486188856326e-03 3.390550144311943893e-03 -1.063416842845521341e-02 4.640179731162746152e-03 2.896202833119776356e-03 2.040478653625892209e-03
-8.626386782944773027e-03 3.308122215318686637e-03 2.752778252570920771e-03 3.527139678735533371e-03 -1.056516108927616632e-02 3.414890746406435643e-03 3.846567729933372815e-03 4.389272858130227953e-03 -1.248281224882254355e-02 4.710650602463885457e-03 5.800522338589519065e-03 2.620348817366998512e-03
-9.771180124222631283e-03 4.439842119973836689e-03 1.940354458489439377e-03 4.389533761154093897e-03 -9.906384404551776476e-03 3.198604938577140778e-03 3.513450269516797328e-03 4.203439151219004119e-03 -1.117725104028437569e-02 2.707101830571406742e-03 5.887899197698425596e-03 3.103169115087186115e-03
-8.171447701468693980e-03 3.736402358122741310e-03 2.115926455760044900e-03 3.197494424524375666e-03 -1.011630557181275071e-02 3.938451630769368092e-03 4.283631450554828239e-03 4.343818893646475554e-03 -1.167266922792768377e-02 2.212329514423008823e-03 4.872979152177514886e-03 3.655435920440587745e-03
-8.997699206915902442e-03 2.836635276886112673e-03 2.649957209356659273e-03 4.417185663417672048e-03 -1.006055581259086319e-02 2.697408137620408656e-03 3.718555716768246009e-03 6.086567141577660378e-03 -1.048684760671488719e-02 3.922960998470938383e-03 3.447235706299646690e-03 2.087585488858558110e-03
-9.168270582637956176e-03 3.233418394267589552e-03 2.311306678955273898e-03 3.965739090336354092e-03 -9.175752756185328457e-03 4.706598423018908302e-03 2.749378534198082709e-03 4.722365929892977793e-03 -1.185660319437198060e-02 2.594586815124287366e-03 5.014902336191847700e-03 3.334250393318831471e-03
-9.098380811187238570e-03 2.935061189760100955e-03 9.768534162156957724e-04 3.920539580956491042e-03 -9.088794195585489510e-03 4.010871423743806591e-03 4.277328958894886617e-03 2.949036404650435921e-03 -1.123057904275617802e-02 4.365851728539505219e-03 5.342112099442007135e-03 2.957014437869815490e-03
-9.979685761941947328e-03 4.439783638841639409e-03 5.500629951467366418e-04 3.851950366471186982e-03 -1.095555258208549300e-02 6.554289308514214644e-03 4.189418565866737457e-03 2.563696631482335030e-03 -1.035901652133186003e-02 3.634995090118912139e-03 5.147952371009419277e-03 3.022111912638051571e-03
-1.030317324087791191e-02 4.272222861112190233e-03 1.453487227472539771e-03 4.404094924748034982e-03 -1.211122730288243660e-02 4.850169910635527583e-03 4.506979075045171833e-03 4.399382222042784625e-03 -1.156884139059407603e-02 5.584562165296094900e-03 5.039445800107416988e-03 2.570842640565942569e-03
-1.075378414256206693e-02 4.808408423824221505e-03 1.587490565830888215e-03 4.189787401569229630e-03 -1.202781639216096710e-02 5.296421512893455946e-03 5.215960931194443990e-03 2.731421286779400510e-03 -1.061343093773929949e-02 4.883736290839235140e-03 4.560775468917465172e-03 3.105855354230609069e-03
-1.035821158379006228e-02 3.967258239363235378e-03 1.554862299508153693e-03 5.138433510641773200e-03 -1.025423760696952263e-02 4.222241973456184426e-03 4.067314614700175135e-03 2.462066336460385328e-03 -1.147608860990232023e-02 3.770192061153965473e-03 5.873685002939510631e-03 3.781934288514592676e-03
-1.005279125517316401e-02 3.237312963629767996e-03 2.156238715523109504e-03 4.878925112279498301e-03 -9.778457694245462281e-03 3.642565468497729279e-03 5.194461246441691750e-03 1.363755720243552214e-03 -1.053404529043594148e-02 4.538243399060631726e-03 5.345866234411105443e-03 2.479899264369326596e-03
-9.497192179845966031e-03 2.895324492994751260e-03 2.030767045196116543e-03 5.093386142367546665e-03 -8.087698131852222652e-03 4.088486874391501595e-03 5.024358514803437328e-03 1.334305103514817417e-03 -1.091638996512111354e-02 3.965984297250165977e-03 4.894569214760686321e-03 1.389025973646177683e-03
-1.048110457808544213e-02 4.287337545586303138e-03 2.357657249870198299e-03 3.192379046805996542e-03 -8.612674539583923400e-03 3.765640199233354427e-03 5.138104383340683090e-03 2.186703757901514895e-03 -1.073425540800104598e-02 2.517689913242723669e-03 5.174040682852219623e-03 3.576113912567530778e-03
-1.064927452160019036e-02 3.934330347990092243e-03 3.531673590813270633e-03 2.570906134260053568e-03 -9.252613028851341265e-03 3.102109511673028196e-03 5.025382699809058037e-03 2.508122564906427841e-03 -1.076350931997758879e-02 3.345469732076128671e-03 4.244450024956855465e-03 4.880246690354211707e-03
-1.046244411835560092e-02 2.732056177316387335e-03 3.773790536054775178e-03 3.448295114753591271e-03 -9.430763690890063902e-03 2.871019940475985979e-03 3.992997422554998670e-03 3.878889577537142190e-03 -1.141171589072349432e-02 3.672828482725285035e-03 4.359949435386524692e-03 5.150792526094375920e-03
-9.945500771849830057e-03 2.776718690029394369e-03 3.179611690113507295e-03 3.645772451405080664e-03 -1.040520306253222595e-02 2.607085066122913873e-03 3.509774492229508248e-03 4.709220762896612275e-03 -1.089078362548486986e-02 3.321486408198420174e-03 5.384230052162814265e-03 4.677630338528110387e-03
-1.040889590491944454e-02 2.303105851353120549e-03 3.404356758581770625e-03 4.375731663538640591e-03 -1.054897288088508037e-02 2.946131757346778009e-03 3.991111045846830983e-03 4.024604591658289404e-03 -9.964588618878836984e-03 3.469330155851550919e-03 4.890533359093766734e-03 4.019541715787771675e-03
-1.025600145366576538e-02 2.585368495107249684e-03 3.068612648347219737e-03 4.295173260792646379e-03 -1.071154148169679333e-02 3.085892592587847951e-03 4.899976175619862734e-03 3.181306055775369630e-03 -1.066622633122016328e-02 2.873066694544147096e-03 5.613455466041718939e-03 4.675927411471724610e-03
-1.013122945962447417e-02 3.267796784451890927e-03 2.841104745283162987e-03 3.730235290374428209e-03 -1.119215985617570165e-02 2.065382068214063459e-03 5.248219520499686035e-03 3.722326994509332285e-03 -1.091999917876761671e-02 3.482919517193290050e-03 4.993529152551232086e-03 5.656058680764175332e-03
-9.956168461705824230e-03 2.412217906149022491e-03 3.148055154970356723e-03 4.055573403056301693e-03 -1.004485300627735653e-02 2.154799497269997526e-03 4.472381654582855900e-03 3.739843027286263166e-03 -1.118646317040527041e-02 3.754101048794341103e-03 5.366785671157302262e-03 4.655717282410728672e-03
-1.022608669910654057e-02 2.506685247294376199e-03 3.637458771576229655e-03 3.747243714756371205e-03 -9.105595469551815146e-03 2.148929142693484142e-03 3.961066067735770184e-03 3.298954867869987023e-03 -1.141984534211091737e-02 2.928773935777554370e-03 5.120056739794880303e-03 5.928087580127745608e-03
-1.001697515181292249e-02 2.669533904130758951e-03 2.563133153062429042e-03 4.388292177612221172e-03 -9.141925114884116507e-03 2.360701741819521381e-03 4.433533311096924182e-03 2.603687657183811205e-03 -1.007620563293574155e-02 1.927546536580050391e-03 5.154842345863746254e-03 5.413784804983192561e-03
-1.019833749082633273e-02 3.138491097283293597e-03 1.946284620132934101e-03 4.433221621369344209e-03 -8.911305327439632273e-03 3.649979400366618141e-03 4.083230357120330029e-03 3.170696527885047064e-03 -1.020452082665962955e-02 1.713531591865549101e-03 4.343485787032448121e-03 5.111722954657352269e-03
-9.141091912572030589e-03 3.911972828323017487e-03 2.090951760837076248e-03 3.836057284388889963e-03 -8.876647186322993155e-03 3.463106856425934594e-03 3.135226607948443829e-03 2.881293181314806967e-03 -1.189573217871056979e-02 2.220924640390787262e-03 5.276061862502829866e-03 5.505898305428126756e-03
-9.862303701682640159e-03 5.320037718847770054e-03 1.966978710416325028e-03 3.317875127860881682e-03 -8.412739160096098512e-03 2.172793420677811716e-03 3.133273219463108064e-03 3.653550009719630249e-03 -1.107941161806947662e-02 2.470974636338283629e-03 5.746734251546432859e-03 3.889302010477067861e-03
-9.611266311195841919e-03 4.293376174450525863e-03 1.002786857412112749e-03 3.349328192654600980e-03 -9.399735122433321502e-03 2.859411415526684746e-03 4.441471374154697463e-03 4.141394152799253783e-03 -1.053293610740745068e-02 2.736731845477301944e-03 5.721836009209228108e-03 3.327420098397004290e-03
-1.014156286015998991e-02 4.178128625250565435e-03 2.395817221471866626e-03 2.677113168511686871e-03 -9.835651953442749174e-03 2.987811460802357582e-03 4.359948851334632773e-03 4.610177371786827911e-03 -1.131784237949953927e-02 3.324332403323088624e-03 5.141007899308752856e-03 4.204720343301087543e-03
-1.061338160369352732e-02 4.315634866499539271e-03 2.006202551010563898e-03 3.397196206995406823e-03 -9.356991384052767285e-03 3.292014375828032548e-03 5.128977796974303234e-03 2.997459184495674441e-03 -1.028064932924041205e-02 2.762438324842446218e-03 5.279586882288546217e-03 3.490928274465242981e-03
