# ex_work for 12 qbits with connectivity c7 and unitary DM 22901714288960
-8.680106917424235125e-02 1.348041174442052847e-01 1.348041174442052847e-01 1.348041174442052847e-01 -8.680111343724494777e-02 1.348041324481576153e-01 1.348041324481576153e-01 1.348041324481576153e-01 -8.680106917424235125e-02 1.348041324481576431e-01 1.348041324481576431e-01 1.348041324481576431e-01
-8.081931840101225228e-02 5.273830951833740482e-02 4.319258354941728217e-02 6.910158668962275430e-02 -6.086559573156232611e-02 4.851338875739173717e-02 4.697635724299346893e-02 6.493188450686399049e-02 -6.908786975289882282e-02 4.862251376200336234e-02 6.041738334743287225e-02 4.963641014389166828e-02
-5.623255411396416853e-02 2.011052023026226737e-02 3.309856360704671596e-02 5.460270849285586009e-02 -3.542044789313409520e-02 3.272533383364520376e-02 4.077560213086843521e-02 3.350050163543392273e-02 -8.711449919417027510e-02 6.197441044249992620e-02 6.053422245405842839e-02 5.492335765963195227e-02
-4.994821809797680284e-02 1.862872619899927015e-02 2.493937917671926532e-02 4.756502259827072310e-02 -3.391667397366576048e-02 3.278738091589757792e-02 3.021004383878986982e-02 3.938864803334811253e-03 -7.148428506011643424e-02 4.842447631588851775e-02 2.470783868219761370e-02 5.061676623517657320e-02
-3.760421283732992559e-02 4.113022663497924170e-03 2.113223795494742138e-02 4.058058943965484749e-02 -2.425816396111716428e-02 3.344726170869583015e-02 4.668640883225464930e-03 1.135017343023429076e-02 -6.216634702788781386e-02 3.731860565192317292e-02 3.313001608135823089e-02 1.391725974341767938e-02
-3.133126699802388226e-02 7.858856681098617611e-03 1.640629646720877591e-02 2.469735066369338483e-02 -2.375069839853247156e-02 3.340793058360713719e-02 3.510582686878496294e-03 1.697864933695971898e-02 -6.343277044180643809e-02 2.779286913888080746e-02 3.254329630570792359e-02 2.400611725153911288e-02
-3.180231556032832307e-02 1.146596644192615644e-02 1.030055925148214147e-02 1.992672955504861190e-02 -2.165997298104173699e-02 2.566082337412281533e-02 3.350241236916111625e-03 9.295839062550137130e-03 -4.405264605726467997e-02 2.070682156096509061e-02 5.318273527206348120e-03 2.819757953906905368e-02
-3.085186336926722464e-02 -1.395377388302015487e-03 1.708485727926580336e-02 1.995897771248867497e-02 -1.956933073346951366e-02 2.048410055512695296e-02 -1.736004931855862849e-03 6.836911214271899039e-03 -2.654669505604288771e-02 1.212465606987957710e-02 1.023805652691685275e-02 1.450384840125070254e-02
-2.389573451787805475e-02 -8.553443882097432841e-04 1.191646800727139653e-02 1.470467428243294426e-02 -1.799221586783145838e-02 1.841873961925141398e-02 -5.139586176456951289e-04 4.417198729616484201e-03 -2.457022273045417551e-02 1.124483502811426255e-02 1.091928869585276178e-02 1.095837342016143384e-02
-1.571521424969297975e-02 1.710806760390681889e-03 1.186691075511077040e-02 5.071963368327983210e-03 -1.546485007642038438e-02 1.200763947547424382e-02 3.326354774127426341e-03 7.321070694312801857e-05 -2.616889659752099501e-02 1.091574021409041743e-02 9.684154859637529936e-03 1.359746864426662760e-02
-1.418050714010845800e-02 2.750290421369337712e-03 8.200345437488737455e-03 4.661949822999512591e-03 -1.015128817769204647e-02 5.547457478607801390e-03 5.144926379579367257e-03 4.721449665140758293e-04 -1.563385016568978950e-02 4.965415816260309277e-03 1.211484928499664653e-02 9.944007106388954870e-04
-1.649819169221129062e-02 5.172777491275144628e-03 7.776909071109575078e-03 5.313047437221788717e-03 -9.264699425885541614e-03 5.857895252250538282e-03 3.263500213280984795e-03 1.223897195278786246e-03 -1.582835097497433882e-02 4.510162644589100697e-03 1.399429240835618239e-02 -4.707922892973208552e-06
-1.741733344024552418e-02 6.490733751499284943e-03 7.244169825650729165e-03 9.161594876680759572e-03 -1.026077986992676022e-02 3.507080795553912771e-03 2.905638860650040702e-03 1.966756587704658003e-03 -1.532847771974623491e-02 4.694991574156388153e-03 1.383544833219700274e-02 -8.701443461396848357e-04
-1.585956694775042530e-02 5.295116155960540374e-03 7.382075860700731268e-03 9.833304057846242729e-03 -9.742507788710079095e-03 1.129531931321730914e-03 3.265187156643195067e-03 -5.071680353155518135e-04 -1.223461462154401373e-02 1.586213402498892885e-03 9.119528236105872709e-03 5.194716710711567119e-03
-1.275016962504298482e-02 6.275379585563901387e-03 4.411860535521498761e-03 9.069780923185687127e-03 -1.156136763504707517e-02 1.513689056426712832e-03 3.329209385169522653e-03 1.122923512422704809e-03 -1.357359738731967781e-02 1.509963529913402238e-03 8.678643048345738645e-03 6.164030725067807907e-03
-1.456404654012181249e-02 3.980142023289388528e-03 6.341655988022993143e-03 1.145400667248508593e-02 -9.066896894576724833e-03 3.188565799840678040e-03 2.639302225197554669e-03 -9.774661445797036736e-05 -1.277412066898012469e-02 -3.209669729095885617e-04 8.049825662389291023e-03 5.357950204796122981e-03
-1.366903660113112130e-02 3.316503016120019107e-03 5.368490678499427717e-03 1.026483643541909775e-02 -1.131671096548156168e-02 2.106785475711241574e-03 5.524848417285494959e-03 2.238505440537329281e-03 -1.180909406499440137e-02 -1.451921325068071533e-03 6.918510382744943489e-03 6.577323593703781821e-03
-1.356506203514107681e-02 2.656457753156434443e-03 3.170875908951367381e-03 8.246684259144704612e-03 -9.997152383916619450e-03 3.482797908613325354e-03 2.988872394261209674e-03 5.102054527195925768e-03 -1.266572645678971584e-02 1.214623449535058011e-03 7.679071178259999630e-03 5.414555199071218426e-03
-1.352229124921132571e-02 3.601678439347360660e-03 3.077641401834926328e-03 7.406975180079400714e-03 -1.096156137619742378e-02 1.705897982579298797e-03 4.901128492814209835e-03 4.240708312012663253e-03 -1.361027450395056217e-02 2.826243023699768261e-03 8.966056194324379530e-03 5.453895990929386560e-03
-1.385275668348457702e-02 4.045832502717554291e-03 3.167204886988702825e-03 6.256317644887938144e-03 -1.156656470784751291e-02 3.412142527954220225e-03 4.505324046186190944e-03 4.571267278454554071e-03 -1.360619778215358538e-02 2.740211746534537956e-03 8.277214139396506243e-03 6.240568242033507108e-03
-1.428220734058438871e-02 4.403960591391591246e-03 3.252317414588526932e-03 6.920791759814430913e-03 -1.063866192670220694e-02 3.534144053280246448e-03 3.178136824287770227e-03 3.984670673316498095e-03 -1.406904540905613323e-02 2.254113196732477828e-03 9.804202550343229031e-03 5.974053194267687009e-03
-1.259054561007026327e-02 3.479205660025289602e-03 3.304375597708067956e-03 5.765677750475922160e-03 -1.028166957728836664e-02 3.961382351243511110e-03 3.253442650390598202e-03 3.401338822764624938e-03 -1.229860013832802940e-02 2.047391152236777839e-03 8.180110984897652135e-03 5.178660514853652627e-03
-1.271931780231801493e-02 2.887118333081607584e-03 4.083121785116552820e-03 5.188415088640551537e-03 -1.148484784824101851e-02 3.322265371625852514e-03 3.655318435183004498e-03 2.773923156636744127e-03 -1.045288904962855467e-02 3.359960475273135027e-03 8.773980058495410572e-03 3.914019134625980854e-03
-1.144444470557813218e-02 5.202010900765295653e-03 4.023190280126033753e-03 4.847554847389706593e-03 -1.136462305103996817e-02 2.817579098311380481e-03 2.094112824441791715e-03 2.372352036651434373e-03 -9.538410822713460496e-03 4.074675696554193489e-03 6.359023956082037431e-03 3.374488833222976866e-03
-1.118881585499412017e-02 2.734666594190332100e-03 1.617507719874074429e-03 5.256388377174858913e-03 -9.796057923794324399e-03 2.931414259747499359e-03 2.376239987695373014e-03 4.291887454395088702e-03 -8.315232696960040554e-03 3.720309345138909408e-03 5.523087237598495007e-03 3.160164354817653152e-03
-1.140888705034140936e-02 2.327084286457531837e-03 6.255940897919499586e-04 5.816195644037213883e-03 -1.040730492716831351e-02 3.364037390523910796e-03 3.221286063772277677e-03 4.358167562225299767e-03 -1.021030297576664379e-02 2.930333998894141690e-03 6.730743171467018504e-03 5.474970926926274462e-03
-1.193857841057025145e-02 3.284687150049673317e-03 7.795720220571385282e-04 7.266678314090326170e-03 -1.019976055192813556e-02 2.014935700121748153e-03 3.481534608119511882e-03 3.292916831351964165e-03 -1.000880120781280289e-02 2.023186161637313511e-03 7.720618289935988685e-03 5.218423438016210787e-03
-1.173716807518084687e-02 3.292416795700825374e-03 2.941816708251636901e-03 7.269734342533153669e-03 -1.077423307802666610e-02 2.370680093253254520e-03 3.045163309411060611e-03 1.527875545627368310e-03 -9.122184029908882857e-03 2.517636726485796179e-03 6.945148889971629325e-03 4.512532647943507530e-03
-1.128965685028176201e-02 2.488932283638499530e-03 3.728120798700434915e-03 5.175208797583348910e-03 -1.056001724041289065e-02 3.414563910208117010e-03 2.246917216964041970e-03 2.640406927169313203e-03 -9.962127365317968025e-03 2.501592269779609207e-03 6.614542136432193832e-03 5.742317507391804174e-03
-1.068704285041860956e-02 2.253546462607286180e-03 2.964490857342298030e-03 6.339756732476536233e-03 -9.994642616228659876e-03 2.234277096079384257e-03 2.445525230885830029e-03 2.835166051405641104e-03 -8.800054820249158388e-03 1.331783550174083387e-03 6.202857788281998692e-03 5.274169574282721630e-03
-1.047171668587349933e-02 1.401500844905715889e-03 2.325784537262489717e-03 6.815114546078210149e-03 -1.069401186403414090e-02 2.544412447982140769e-03 1.795141481869351593e-03 2.757423837291563505e-03 -9.873767861046217273e-03 3.148246910394069970e-03 5.839226790338205783e-03 7.113317626166345414e-03
-1.072593292912155973e-02 1.920792486646172737e-03 2.283818119519426433e-03 7.322768328633406411e-03 -1.070533772115979214e-02 2.286418846260278564e-03 1.348488217095712184e-03 2.615066848410310413e-03 -9.296472219673303922e-03 2.597999688468266045e-03 6.799909543790899277e-03 6.233512872298473985e-03
-1.124233035813601567e-02 8.265158050095423132e-04 3.355676628394184055e-03 5.885497065964428315e-03 -8.915907063694845230e-03 1.982011647381075933e-03 1.896884140262954186e-03 2.323236805634591815e-03 -8.492828764730250488e-03 2.572038047425770357e-03 6.860872398322045984e-03 5.268084352474718818e-03
-1.013623266170107957e-02 9.699658956153627302e-04 3.005961471487398305e-03 5.202202778286603088e-03 -8.385826884727391045e-03 2.756017441995039455e-03 1.602612382684579992e-03 2.876471936127219815e-03 -8.892749390904971726e-03 2.118336964303811458e-03 6.593062839725890613e-03 4.362121887664528741e-03
-1.025366590241653074e-02 2.972617542342678894e-03 1.117960511240079875e-03 6.572165569289135402e-03 -9.245469619802985928e-03 2.486651505427039943e-03 1.849477761676058792e-03 2.567398696935394627e-03 -9.272239234227028226e-03 1.380732878232894577e-03 6.970712774432117828e-03 5.192532199826401657e-03
-1.016975502419521955e-02 2.564392083472829750e-03 2.210659076653239113e-03 4.919584043159254232e-03 -9.606373136485369529e-03 2.569209629882482360e-03 2.081763482957114768e-03 2.628705426283631935e-03 -8.772351768709621411e-03 2.295733603959593597e-03 6.713139730586342203e-03 4.779488622697773692e-03
-1.106194009772762214e-02 3.666819086712480059e-03 1.700893318082282281e-03 4.759687258569289536e-03 -9.385261056212901298e-03 2.283339737939928463e-03 1.705794352292388681e-03 3.597340896994793633e-03 -8.251033282923278186e-03 2.897745475552652560e-03 7.157375185219700363e-03 3.195766308307067000e-03
-1.175431277468164289e-02 3.880024310969908824e-03 5.712129237997170400e-04 4.754593105913888437e-03 -1.026588808972683266e-02 3.795253315267341481e-03 2.122399300064665463e-03 4.381521968910365335e-03 -8.299987480621714292e-03 2.767940913167525521e-03 6.471718481627479654e-03 4.110236503598223637e-03
-1.079786458517982030e-02 3.654243736125755565e-03 1.340550603391630312e-03 4.707870358933381565e-03 -1.003242175736106592e-02 2.546498052868231398e-03 2.514238373923794942e-03 3.404894054152878251e-03 -8.880882919605316908e-03 2.459769210577066306e-03 6.478249580886677461e-03 4.999986414489242074e-03
-1.233041576351717392e-02 3.532826745210017154e-03 2.342757056131683502e-03 4.605957674537660904e-03 -9.264449098715633879e-03 2.385887303139022295e-03 2.690218418925949782e-03 3.475297805413138114e-03 -8.679362679336595152e-03 2.767565128459003460e-03 7.000083774631822922e-03 3.983746255618592080e-03
-1.118783517934129890e-02 4.226139159030220700e-03 1.871793537257012818e-03 5.263093312064971024e-03 -9.830594321256075352e-03 2.436590422371699011e-03 2.546543650200986438e-03 3.904918576227168255e-03 -9.470957278127111953e-03 2.264417704996654710e-03 7.124062346077831773e-03 3.385189918503084174e-03
-1.090013125493410895e-02 4.913546218756117794e-03 4.969997326399904804e-04 5.677150101630386997e-03 -9.327364231610265136e-03 2.342628116103170292e-03 3.994954558478125937e-03 3.330998991913412897e-03 -1.055751193837544191e-02 2.322328237792211075e-03 6.190895277704018713e-03 4.113303208826813925e-03
-1.001430455687121919e-02 4.160020232369902350e-03 1.225204628163645369e-03 4.680015155466538991e-03 -8.676593138090020127e-03 2.812006614944807022e-03 3.648321215197894169e-03 2.458388348342683410e-03 -1.057073988355619609e-02 2.570105772505794622e-03 5.207608089699999887e-03 4.792572737448973566e-03
-1.036729633688626868e-02 6.030631922640766578e-03 2.219554647650300895e-03 4.374594576860236540e-03 -9.129505883727453627e-03 1.826247313818538023e-03 1.391386627102244580e-03 3.846725264922096037e-03 -1.163774447884169394e-02 2.060833092197118192e-03 7.330474610000733103e-03 4.762565170255740783e-03
-1.091119992769212441e-02 5.882260093101831198e-03 2.546020216164583162e-03 4.722044671215351423e-03 -8.173596528171187328e-03 8.651519160636178497e-04 1.774961976243305843e-03 3.370717673784406811e-03 -1.065156128534616026e-02 2.352329071263579898e-03 6.379319866642215939e-03 4.302943857680426726e-03
-1.169585688298905093e-02 5.526122342642621373e-03 3.720830960566358283e-03 4.503261240771062532e-03 -8.661128848309952374e-03 6.316418503616290456e-04 1.389285276856945224e-03 4.892458967373994848e-03 -1.116448043250013560e-02 1.329857830077916603e-03 7.036607698767847682e-03 5.309754814614613475e-03
-9.510748480602036758e-03 2.608180800723538129e-03 2.075811704479044867e-03 4.834413699992112096e-03 -7.966472865491099412e-03 1.063565925562561746e-03 2.781982412325573542e-03 4.037668034205422682e-03 -9.914351643333573980e-03 1.561885688425495265e-03 7.241408236107574857e-03 3.272644945303691561e-03
-8.460450203049869888e-03 1.198738950417728866e-03 1.952068961436563338e-03 5.243991908452779946e-03 -8.303075323820768849e-03 1.295631075879782922e-03 2.371034232727406085e-03 3.101415666098974750e-03 -9.611224850814389237e-03 2.555497052034748362e-03 7.444109442956867335e-03 3.164967994727744920e-03
-8.951536668450861892e-03 2.593874093255848709e-03 2.237229737044587555e-03 5.714366138942827966e-03 -9.026936249738539905e-03 2.428590652483743578e-04 2.522975321297357427e-03 3.222725811008560724e-03 -9.739993211788040839e-03 2.821208903391986614e-03 7.604285837174159547e-03 2.920872323987169263e-03
-9.804689821628529214e-03 2.036327548595637336e-03 1.745810867401677378e-03 4.951980468715050203e-03 -8.307435264251979840e-03 1.801946750932003878e-03 2.806941801131823937e-03 3.294373257375061113e-03 -9.051172344526903224e-03 1.143488338037117625e-03 8.484143198196866451e-03 3.005620074012500201e-03
-8.265728776977034759e-03 3.531457385505570607e-03 2.121898071012591740e-03 3.256937447661362086e-03 -8.894411675727341773e-03 1.796118260902447193e-03 1.396555029855350459e-03 2.300287376051553864e-03 -9.315925667473055199e-03 2.383315710657653384e-03 7.645037842208554993e-03 3.986433361420073720e-03
-9.016160763999424982e-03 4.287630344189232411e-03 2.119389546566632834e-03 4.612860817011675205e-03 -1.010439726583051492e-02 2.401447711856258532e-03 1.234498792470305846e-03 1.984025573546481947e-03 -1.006802761374612533e-02 3.629385016971926631e-03 7.013467793214994347e-03 4.237404104368075117e-03
-1.033578545057217517e-02 4.221290512044268035e-03 1.821064833849686190e-03 4.004689944041229382e-03 -9.235221372523380254e-03 3.181357089290313966e-03 1.663704863270751766e-03 2.226991996962708782e-03 -9.829253968999784527e-03 2.537094500655573577e-03 6.797396956745712857e-03 5.302199033629189338e-03
-9.219162920099374658e-03 3.856669038023846727e-03 1.651773149071398931e-03 2.894307696864991970e-03 -1.077915756465463309e-02 4.766161379936071849e-03 1.753125247771858061e-03 2.685930923778142524e-03 -9.918397151374745008e-03 2.979122156132191657e-03 6.813577962840189871e-03 4.951644084231837488e-03
-8.367118996069764641e-03 1.935644008291487108e-03 2.292526332184930196e-03 4.466775209483577272e-03 -1.050270719736002070e-02 3.659721149387786324e-03 3.816621812151840213e-03 1.374757216786522704e-04 -8.948131808003235294e-03 3.146724796081229632e-03 6.778280995155097459e-03 3.727236743414421259e-03
-8.008114596388742415e-03 1.956265471396848206e-03 3.000185145432883883e-03 3.307673911679665912e-03 -8.759847840843415154e-03 1.959029718834485578e-03 2.979168150279152757e-03 7.789060997603979670e-04 -9.557153922877080834e-03 2.851336329044071825e-03 6.982395351755277431e-03 4.418604989420621409e-03
-6.587779383497352134e-03 2.082993388613757924e-03 2.313993713085611692e-03 3.849040627145448607e-03 -9.740155246776125916e-03 2.686319026735362134e-03 3.258295202004784456e-03 -1.821335870785008163e-04 -1.018461118099247414e-02 4.923014564752427845e-03 6.651546976394391054e-03 2.929313759120799870e-03
-5.977793721202702068e-03 2.696461858501448573e-03 2.903671558470567130e-03 3.400515834224346074e-03 -9.392104630331736537e-03 2.781534262755440239e-03 2.942473503646292343e-03 -9.987991073453883050e-04 -9.995485772048196341e-03 5.153658693362215930e-03 5.307854913726372213e-03 3.017831329241441301e-03
-7.017774006600896106e-03 2.316474816242173468e-03 2.411398920055686079e-03 3.136381767968579506e-03 -9.676612713344329153e-03 3.802350049975295083e-03 4.043072609799907603e-03 -5.208265980068833281e-04 -1.002426184715805683e-02 3.818221823397575931e-03 7.325260322614286952e-03 2.427493033429758713e-03
-8.004433582881600659e-03 2.808138869725173778e-03 9.013131230727512580e-04 3.811632246298288316e-03 -8.251612240723836880e-03 3.313266905298134675e-03 3.296414048556378217e-03 5.555179189184252398e-04 -1.054978021480355681e-02 3.885084177963998159e-03 5.567284412882369388e-03 4.642445992448182047e-03
-7.280498955106834598e-03 2.950655955152855624e-03 8.923499381659314063e-04 3.784371014207262452e-03 -7.818296521894051165e-03 2.257707973349253484e-03 3.432359083724538865e-03 1.219995736571164742e-04 -1.058779201772550201e-02 4.980942614660130441e-03 6.383355432219896437e-03 2.761788318746597089e-03
-7.877631548079652365e-03 3.406190024614376421e-03 1.478009284698198573e-03 4.988608062327853226e-03 -8.174639010252608695e-03 1.145214740143707258e-03 3.247733047197641672e-03 1.115941499207911188e-03 -1.047050670926913916e-02 4.642571720545871083e-03 5.679169736042887634e-03 2.766093608592827460e-03
-8.961742417162360183e-03 5.085102625380600802e-03 2.112481066280239364e-03 4.723766149966486180e-03 -8.294667111410507915e-03 1.907432001450101028e-03 2.019356815380802302e-03 9.031338479990125637e-04 -1.099738235278638690e-02 5.244436624975822719e-03 4.795196094823287077e-03 3.656080215506853168e-03
-8.539988531746195780e-03 3.948424717100804809e-03 2.839244908510632059e-03 4.625777878703405364e-03 -7.315417284399989076e-03 1.854268246801093947e-03 2.573257944021860484e-03 9.163977206028407459e-04 -1.077364070210010995e-02 4.732963791796129284e-03 4.271718451041872124e-03 2.793906932220614151e-03
-8.135209991214526273e-03 3.857610829115874513e-03 1.518033675051877907e-03 5.635947095320475130e-03 -8.378706097217129833e-03 1.679702937649180669e-03 2.955389708038775719e-03 1.827720810927893321e-03 -1.043638461108661354e-02 4.847245599085539883e-03 4.397179436483622875e-03 2.209241603042533253e-03
-8.099837354347865642e-03 3.902194937289991603e-03 2.286363956680660062e-03 4.728327851285107561e-03 -8.378026003750422071e-03 2.439578709408455563e-03 1.394504963675011070e-03 2.699325516882739549e-03 -1.097404038867249784e-02 3.857935717177170785e-03 5.543572188649872716e-03 2.638473275330769155e-03
-7.602426370734561775e-03 3.349789845858702677e-03 2.792362488498044155e-03 4.242233715925738599e-03 -8.567724528287209637e-03 3.847595170535529803e-03 2.205546071057073489e-03 3.168591272920374350e-03 -1.124028881433129269e-02 3.559291230098329296e-03 4.542545100310817208e-03 1.711277235677628218e-03
-8.028186166427659504e-03 3.034459643130790144e-03 3.175850932115043598e-03 3.859258081458194749e-03 -8.637083700135446407e-03 4.605127418118418019e-03 1.307400884800951268e-03 4.120898563292167693e-03 -1.033196741523501050e-02 3.954414307661380593e-03 3.048578585974052405e-03 1.825515098275936211e-03
-7.763781784702051582e-03 2.868498259781923545e-03 3.845122834767484166e-03 2.588806255583876465e-03 -1.052857385877859278e-02 5.403412540337901825e-03 2.594327920072576725e-03 1.890306593153021509e-03 -8.715396058499460738e-03 5.182223163849359986e-03 3.042094738731209846e-03 1.562278420977694605e-03
-7.614004873136175945e-03 2.910877444569900940e-03 2.658263207817698065e-03 3.807553809679063792e-03 -9.323437316017302995e-03 7.138884197519962047e-03 1.919269387164592843e-03 1.934716683960750619e-03 -1.005922051650420118e-02 3.815093247986184408e-03 3.087317871900266842e-03 1.725485661276110385e-03
-6.883792154316970349e-03 3.787691407503300349e-03 2.196681441633745440e-03 4.735039998428590587e-03 -9.997975884357402504e-03 4.985375699691239199e-03 2.398434040614322738e-03 2.273749627063469114e-03 -1.137456838549819743e-02 4.188678365422133024e-03 4.414026515850653573e-03 1.469296534963684172e-03
-7.008926745387554155e-03 4.706096178788371151e-03 1.904843230558538655e-03 4.215630739358028518e-03 -8.845173790651408505e-03 4.451369634434540652e-03 2.989508554638759495e-03 9.766895112309048176e-04 -1.150612451657019412e-02 3.828479155810897688e-03 4.458352258543251539e-03 1.895463256366951114e-03
-6.891722929091767362e-03 4.253281195412007137e-03 2.871499146736500134e-03 2.409474907612560619e-03 -9.035452236174966109e-03 3.294746215536523831e-03 3.084257718961768129e-03 1.449509363934364066e-03 -1.020792178667747838e-02 2.598863386528349993e-03 3.859327620757808507e-03 4.130064272256642709e-03
-6.706820718037968983e-03 3.649449712971967411e-03 3.225447644722555067e-03 2.448309806541678138e-03 -8.842641413782994023e-03 2.544910075331045709e-03 3.850983948379892510e-03 9.404483894972960481e-04 -9.981546270218036310e-03 3.187217151057148128e-03 3.001168906137015920e-03 4.423338977249956054e-03
-7.696698765819710679e-03 5.151039700018003251e-03 3.221332934196984455e-03 2.500428819694043830e-03 -9.069010953673200051e-03 2.467172327003094856e-03 3.926710385808431132e-03 7.678104949511156381e-04 -1.023101227430141258e-02 4.086639671952193090e-03 2.370455965393120958e-03 4.467918358278448118e-03
-8.151429328137321101e-03 4.958419076044755062e-03 3.382054945939247728e-03 3.030446518302576213e-03 -9.628527637276507178e-03 2.580104184026547638e-03 4.183187518595129183e-03 5.656139247933882107e-04 -9.892682052400313120e-03 4.604868451467620041e-03 1.513872304783938846e-03 4.931007154734264736e-03
-8.702505628588808745e-03 4.381018666670979250e-03 3.157450283352489055e-03 3.591878183218269720e-03 -9.016118933356256915e-03 2.729414803278929370e-03 4.229083427607178633e-03 8.551410341615699661e-04 -1.002422012175651495e-02 4.396977802069323982e-03 2.476637142129787823e-03 3.963197793842445672e-03
-8.330365551770703078e-03 3.151611000451110846e-03 3.568453885902959141e-03 3.974308222858035158e-03 -9.380751090400320583e-03 2.561902479327882089e-03 2.854682688332322877e-03 2.726325930840330525e-03 -8.828887566191922012e-03 4.515335507637605224e-03 3.099814092434693795e-03 1.917965488877551713e-03
-8.189683095203945107e-03 3.678101001007245095e-03 3.088790792894344911e-03 4.146129225545685561e-03 -9.980027268324965367e-03 2.392195502805369994e-03 3.209172589704972507e-03 2.338755246065301902e-03 -8.746542334451323786e-03 4.600079671157802051e-03 2.709814668620350551e-03 2.645250899527100841e-03
-8.027426723490866875e-03 4.222582078094846460e-03 2.963860219543101165e-03 3.537233930824620811e-03 -9.778800552717887770e-03 2.562677997673063705e-03 1.639678555529338775e-03 1.296341282140975413e-03 -8.259904401540363664e-03 4.494465536089596765e-03 3.013948692169645185e-03 4.135948745933092606e-03
-8.244695173131758731e-03 2.632569980018566701e-03 4.139489976825523783e-03 3.336543044652919357e-03 -9.458242443063537633e-03 2.646242217086168958e-03 2.119976568529357685e-03 1.222589859146631496e-03 -8.209973276468581285e-03 4.058913435322135908e-03 2.797313568760399077e-03 4.731048079385346238e-03
-8.170188910860852124e-03 2.777536256839296513e-03 3.132498478620497455e-03 3.413898411282891270e-03 -8.589406591996548088e-03 2.486284267927357881e-03 2.112348855701362202e-03 1.142659707800609435e-03 -8.413153031659882652e-03 4.864923407806534365e-03 1.965800230228657505e-03 4.960460056336559419e-03
-7.876639365655350999e-03 3.239266543469316618e-03 3.432320559092746481e-03 2.341966900892982623e-03 -8.878684110046195649e-03 2.989519010399292048e-03 2.685866734801498155e-03 3.722459814336427945e-04 -8.368788627584305972e-03 3.996371325731550538e-03 3.506573976098273197e-03 4.226328344862551392e-03
-8.561869561501492601e-03 3.543643057921287091e-03 2.852108627907791200e-03 3.686202258362720943e-03 -7.859578723408311429e-03 1.925247221467974975e-03 2.070674622718768256e-03 5.748342686246156940e-04 -7.364892031940874911e-03 4.208881727351109284e-03 2.819825718311692007e-03 3.599471490143489084e-03
-8.087581503550229228e-03 2.640199615358524311e-03 1.602567288331195995e-03 3.285134278737708146e-03 -7.734281682847355885e-03 2.551317642584658221e-03 2.222128150687751203e-03 8.313860369138821463e-04 -8.097694837060159800e-03 4.643815507275599920e-03 3.695593989996573923e-03 3.961090062812264515e-03
-7.591810893665492353e-03 2.038916278785812570e-03 8.657347461336617478e-04 2.427470366401557247e-03 -7.395978956391387193e-03 2.164142470334675262e-03 2.215732874502717841e-03 1.182270583164022303e-03 -8.853500102011477649e-03 5.207651740384293577e-03 4.536809903622156422e-03 4.760514590057331533e-03
-6.508448005919252946e-03 1.600743490599269934e-03 1.076186721721568819e-03 3.041010618484429710e-03 -8.662116906848624925e-03 1.261499483146161660e-03 1.812865342081893937e-03 2.325093991653046002e-03 -8.940706770771333564e-03 3.890605355236598489e-03 4.632412415670339977e-03 6.092381525084264275e-03
-6.735313819340706110e-03 1.416140325655669725e-03 -1.492871058230082430e-04 3.574990570355316040e-03 -7.960637914396566719e-03 1.264724348281130338e-03 2.629266459675756989e-03 3.039407046702160848e-03 -9.714800022545549626e-03 3.737051690835161994e-03 5.225579142714795004e-03 5.358109012778488993e-03
-7.796319357840611648e-03 1.250822354918617457e-03 3.594323910040016072e-04 3.795965780610094896e-03 -7.018629131420890850e-03 1.896908451314695135e-03 2.558638580177388135e-03 1.973145128410879953e-03 -8.903177021408600553e-03 4.312917862614857462e-03 3.960536820640166676e-03 5.154326204487777278e-03
-8.169649707079050874e-03 2.030199204132994689e-03 1.227295975395348900e-03 3.526378727290472789e-03 -7.455808705813202555e-03 1.513603464452656106e-03 1.317460912736552253e-03 3.115960108964924841e-03 -9.195251290226429466e-03 3.689548429808721126e-03 4.278723960609373198e-03 5.800540984786160467e-03
-8.607824716614906335e-03 1.893991973844763544e-03 1.955325938879687916e-03 1.443482259655685896e-03 -7.076444713380043716e-03 1.978032178475716205e-03 3.054252070669397773e-03 2.433356401913512688e-03 -8.806015092030392358e-03 3.891373073143715097e-03 4.109462116203341578e-03 5.338277492097814533e-03
-8.567197272077340178e-03 2.226947359966550011e-03 2.173039893265157462e-03 9.679767922569843582e-04 -8.070857481229260291e-03 1.510573620671508410e-03 3.708487664176856637e-03 3.250832070084619472e-03 -9.162088379555127435e-03 3.730022971661663828e-03 5.564777717114562962e-03 4.461332874698627042e-03
-9.605676036257520048e-03 3.074521765135458228e-03 2.033242549427066118e-03 1.410729544028367600e-03 -9.282111761584868961e-03 2.976800902604511030e-03 3.257298966736967005e-03 3.565239095190918511e-03 -9.117383932443113778e-03 3.797709072469384467e-03 3.950804911893078010e-03 6.023793220649214554e-03
-9.227849831624869437e-03 3.225744714024734745e-03 3.297151672562169920e-03 2.762995036914263607e-03 -1.020494875184470122e-02 2.306104592101615360e-03 3.141735525324368308e-03 4.005940100047870531e-03 -9.186387241105712503e-03 2.378689897292124520e-03 3.452771551871581732e-03 6.216451291928038608e-03
-9.696046402096611047e-03 2.543284478156989086e-03 2.695125312789365627e-03 3.351289556502990742e-03 -9.522552662850212318e-03 2.756360916727885243e-03 2.677018986320538023e-03 4.435960532291598028e-03 -8.515251646900170307e-03 1.900807809672332453e-03 3.719296563995964922e-03 5.689622165495553975e-03
-9.375627852980950722e-03 1.824664120677489849e-03 3.078786568112575669e-03 3.339789069685501419e-03 -9.075592176725232052e-03 2.806727770948071188e-03 2.767375788777346260e-03 3.810325548166469071e-03 -9.125349535123138123e-03 3.036968092307588355e-03 3.876188078639228839e-03 5.019746307346238147e-03
-1.012780195238344692e-02 1.544615991265708022e-03 3.393204610048375890e-03 4.094249175712102312e-03 -9.059954531162319261e-03 3.390799126969280906e-03 2.519854135410244840e-03 3.446583096065712268e-03 -7.953158835846524041e-03 2.983095596051114125e-03 3.195621371680727480e-03 4.506343046349494015e-03
-9.913860660348669876e-03 1.020096147828566295e-03 2.689333480297043371e-03 5.236681910470095992e-03 -8.314350588128502362e-03 4.206834543459013476e-03 3.001299720089923261e-03 3.122700711684905841e-03 -9.225192096904135872e-03 3.479213843179356294e-03 3.279517596715322576e-03 3.412648909157884724e-03
-8.552998374192856412e-03 1.027275263208599684e-03 2.478938269258007358e-03 4.004616193042426567e-03 -8.583517912770947944e-03 4.218362463690899719e-03 3.037548414390912367e-03 3.365961466895552381e-03 -1.053012927178629057e-02 3.501116196882612507e-03 3.178650422883789062e-03 4.886626214367453293e-03
-8.220394732740917212e-03 1.344157881650541973e-03 4.129352375266339900e-03 2.700967744966933926e-03 -9.148180136399878051e-03 4.136541929230480412e-03 3.005620502061635835e-03 3.566051295423305813e-03 -1.019452495213111522e-02 2.791142076334646432e-03 3.906160852573927356e-03 3.980380910595592361e-03
-7.533240895650645738e-03 8.851676256599364748e-04 3.960411568699401426e-03 3.947335132649132730e-03 -1.046036095880470591e-02 5.848417322711422540e-03 3.208838559757350595e-03 1.414438304536578964e-03 -9.443290796782716212e-03 4.476433214156617067e-03 2.866262272793430269e-03 2.885434380965922960e-03
