# ex_work for 12 qbits with connectivity c7 and unitary DM 22746380588608
-8.680106917424235125e-02 1.348041174442052847e-01 1.348041174442052847e-01 1.348041174442052847e-01 -8.680111343724494777e-02 1.348041324481576153e-01 1.348041324481576153e-01 1.348041324481576153e-01 -8.680106917424235125e-02 1.348041324481576431e-01 1.348041324481576431e-01 1.348041324481576431e-01
-6.259838874583800727e-02 4.042477173295599968e-02 4.987127905520152144e-02 4.569029268992342435e-02 -7.074896760681854968e-02 4.680164664845258560e-02 5.747036010342330276e-02 4.579830724452437635e-02 -7.074898758141107136e-02 4.579829509125966230e-02 4.680164664845259254e-02 5.747031851749527520e-02
-4.223011528490581978e-02 3.302666647528761795e-02 4.425847346515272146e-02 1.334815270389674846e-02 -6.204850769295974094e-02 3.590534457260047968e-02 4.212670758438033514e-02 1.656916635117097400e-02 -5.910432987718067938e-02 4.490150455879624025e-02 3.510833229050667331e-02 2.297467206122084590e-02
-2.606156387171657332e-02 1.684684616230818638e-02 2.993915884622818865e-02 1.611326097105554925e-02 -5.490603664653777305e-02 3.583550972578130461e-02 3.402361210777801043e-02 1.816391595456649452e-02 -5.641857286560922335e-02 2.815987077607045794e-02 3.907892084281841538e-02 5.572985618045462816e-03
-2.012472712697861363e-02 1.242916427141747479e-02 3.445739877417149100e-02 1.177358954950091536e-03 -3.417114054304276616e-02 3.710250800608853872e-02 2.604064975761744352e-02 -6.591324983830105892e-03 -5.539203963296222138e-02 3.012164056553354521e-02 2.009419013170527651e-02 1.345854128682252501e-02
-2.311004969676106607e-02 7.545138395021140643e-03 2.427675634846643976e-02 7.576462203545002855e-03 -2.171287603237065378e-02 1.957358214914491426e-02 -3.910623269955279709e-03 1.246416871936762913e-02 -3.958402349122658315e-02 1.576470066018238400e-02 1.328735407003388790e-02 1.451785195379682279e-02
-1.827736615728169089e-02 3.196194286801655633e-03 1.746199491958407707e-02 8.835056961932118147e-03 -1.717757342386359506e-02 1.730134352312138329e-02 -5.252068058343531756e-03 8.248480454342349208e-03 -3.597609505315261386e-02 1.752435090635398249e-02 1.651909875149248919e-02 7.360134217377548201e-03
-1.771102765531380394e-02 5.040701127340767133e-03 1.755724456256474442e-02 6.830576976294864926e-03 -1.512977360606046484e-02 1.562576017887507343e-02 -3.080512142406071404e-03 2.570005219426674519e-03 -3.192968225971227342e-02 1.082803483024161358e-02 1.099302320175785976e-02 1.378553032942862917e-02
-1.764443433456594143e-02 5.758933565881899433e-03 1.122978654237463854e-02 6.694257006143584238e-03 -1.276094769383234045e-02 1.056165290223994892e-02 1.230454264304112206e-05 4.861938273817781493e-03 -2.560351233431258991e-02 6.117722812309525984e-03 1.005313901157549490e-02 1.073707788943039677e-02
-1.657799988942292718e-02 5.471193095822521855e-03 1.007886140422034789e-02 6.498603897374779885e-03 -1.387989942396220151e-02 1.012607320379785118e-02 6.871466631931148154e-04 5.537497366367636481e-03 -2.144849176895232204e-02 8.569164149477932410e-03 7.681898697136342949e-03 5.266870456607314344e-03
-1.510343492780154111e-02 7.352568879028883835e-03 1.123676491486338969e-02 3.717449883750819977e-04 -1.588468600650197460e-02 8.171067261804759035e-03 7.221884122846661258e-03 4.813377939605416669e-03 -2.202362431659368389e-02 9.865081094653706251e-03 8.278656753173128588e-03 4.144059261759424316e-03
-1.486637805353421653e-02 7.017163781578105060e-03 9.151463522830857039e-03 1.057611062822751960e-03 -1.569782439260677953e-02 8.042871363644468752e-03 7.550637898145913345e-03 5.836826207360717826e-03 -2.279741582575764772e-02 9.080180951601591124e-03 8.189805909341249524e-03 5.881915340382965450e-03
-1.341976831351427216e-02 3.866327652133928587e-03 6.828772760981130854e-03 4.723336809998177760e-03 -1.528641775110420840e-02 6.276270296861203614e-03 7.812533293251707617e-03 6.715373513744931321e-03 -2.240445218705607033e-02 8.135831556289037023e-03 8.720410596719952584e-03 5.675977991472031664e-03
-1.060907423340098736e-02 4.085751607367862047e-03 5.253443107709272926e-03 5.301189187232109579e-03 -1.735763864225216974e-02 6.281243515333859509e-03 6.924074825191028904e-03 7.803326776967487929e-03 -2.343126077595977796e-02 1.053143393627759689e-02 7.465012831298236014e-03 5.818662962653091408e-03
-1.235304509115228364e-02 3.706482863822608154e-03 8.219734219444234727e-03 5.394361810898596829e-03 -1.644075723777427278e-02 5.391534446612265309e-03 5.503025941894546663e-03 7.983051653286631077e-03 -2.125625357746388153e-02 7.083439424777640547e-03 9.177068644968561228e-03 4.899500830599176453e-03
-1.086489553386838815e-02 5.011452250410945025e-03 9.198220465571558743e-03 4.262027653598524091e-03 -1.733306264477067760e-02 4.922581399122230583e-03 5.620723766860347137e-03 6.797400155829689747e-03 -2.276501458929149763e-02 9.420488885643741803e-03 7.586347396522486082e-03 5.982253964237856970e-03
-1.312005218881744442e-02 4.198735502148736969e-03 5.918169536591248898e-03 6.208318106776643079e-03 -1.604109756717745500e-02 3.451199556560733978e-03 7.312566084196248442e-03 6.267765365248889955e-03 -2.080408350361465444e-02 8.855925135337096299e-03 6.528879882999744956e-03 8.423086758600381932e-03
-1.366776912157261110e-02 3.126481522932583485e-03 6.594693107800520676e-03 7.248442314312580209e-03 -1.215953280738102382e-02 6.005645479271417468e-04 7.059246403742409220e-03 5.873359179755999887e-03 -1.332692649672134397e-02 7.913765832444781198e-03 6.942304861135005153e-03 -1.648301564932194577e-03
-1.220778682748835733e-02 3.047362945375183593e-03 6.106775407742913268e-03 6.140833045887873418e-03 -1.400600499141035384e-02 -6.397351030226560526e-04 6.972572967527461592e-03 4.884574508595005554e-03 -1.177329108579398820e-02 7.216484645189079686e-03 1.846529667471632184e-03 6.550583565809021611e-03
-1.217491556505698007e-02 1.946538910595822748e-03 5.602450329924738709e-03 7.599869320477977905e-03 -1.289845509663903669e-02 1.833077742819349230e-03 5.071614049453113809e-03 2.935009925790796597e-03 -9.781929508964011533e-03 6.398747347669702691e-03 4.374654770881768260e-05 6.934654915653887947e-03
-1.104919567556708788e-02 2.290955500591549451e-03 5.857627894076616361e-03 6.649153411283414104e-03 -1.335005802651233198e-02 2.189585222068288640e-03 4.087187187824700176e-03 3.132416122511191142e-03 -1.052373213382239506e-02 5.780782961373254376e-03 1.567603956087747262e-03 6.767566183507583294e-03
-1.124368424776704158e-02 3.552876387435023250e-03 6.279126740907342748e-03 5.002528891525154058e-03 -1.110771675430378448e-02 3.565579343586153162e-03 2.340105009145742199e-03 1.554978827663393379e-03 -8.898884843557667429e-03 3.120235706471812757e-03 3.236921083860384591e-03 5.244401351567134877e-03
-1.040217334966007760e-02 2.742157452046469542e-03 5.709026434304474186e-03 5.469861265190210410e-03 -1.104996123723716445e-02 3.456179455931678458e-03 2.685042965743658552e-03 1.250026615689483990e-03 -9.355490857027413606e-03 3.925483695767915948e-03 2.662645172847444199e-03 5.475042792012426406e-03
-1.193190197569179815e-02 3.936408316121403107e-03 5.704282899012848296e-03 7.622884249489648469e-03 -1.124916012638264677e-02 2.374056597251025368e-03 3.339376732031481242e-03 3.485094675609188490e-04 -8.851127947491994885e-03 3.801471402858917943e-03 2.512161265232675834e-03 5.281881187035976540e-03
-1.150458141293902309e-02 4.887977170046865424e-03 6.509944053061623818e-03 6.017503768802522079e-03 -1.248968558539634115e-02 2.506761874048105306e-03 3.756394992438104492e-03 6.237480710034767851e-04 -9.932295485892490144e-03 4.522986431857917156e-03 2.834760047551143549e-03 5.443530689596000338e-03
-1.098502772868957360e-02 4.310506320266011167e-03 5.058189897376526648e-03 7.267530629135016997e-03 -1.194397989707550456e-02 2.262646879434688802e-03 3.283841669608122439e-03 8.615665261262510973e-04 -9.302159603267644988e-03 3.990420771576482992e-03 2.072144868838715539e-03 6.019840077334422113e-03
-1.082931326216197108e-02 4.271501304651008010e-03 4.917448378626849970e-03 7.292023132653552980e-03 -1.219951447059318579e-02 2.017690230133306444e-03 3.316149384809737467e-03 2.638688596170657256e-03 -7.450368480550458548e-03 3.820677801729556629e-03 2.679128167457367222e-04 4.583324851555101338e-03
-1.115593888398930603e-02 3.031072878623934565e-03 4.990519504306983878e-03 7.849189158663451640e-03 -1.109776741956252852e-02 2.266567704072620394e-04 2.680968302623194452e-03 3.568755346754332557e-03 -7.683872178882967044e-03 5.651019496595448971e-03 9.474244997314750470e-04 3.586474433219470799e-03
-1.164855585173354621e-02 3.103499682995553791e-03 5.600950638306990970e-03 7.292798197198206191e-03 -9.955139982978313332e-03 1.143492794014263920e-03 2.192700866100311813e-03 3.049465519786019249e-03 -8.258774086073287363e-03 5.543579420057928413e-03 1.862363919823121442e-03 2.590540566633812037e-03
-8.887291440295120096e-03 1.895361496351725484e-03 5.035521899883393764e-03 5.332067857296793681e-03 -8.969694609260630072e-03 3.335253197133325551e-03 1.480070959697468626e-03 3.208399367986649198e-03 -8.125431343518400157e-03 4.937664353530406801e-03 2.326396595826340683e-04 2.383214155271034564e-03
-8.867102999609502781e-03 1.329453463170006226e-03 4.248740111711220117e-03 7.058070086343428556e-03 -1.042951154626574513e-02 3.851520708264858425e-03 1.810908721782047504e-03 3.705865929433818998e-03 -9.330914140738444384e-03 5.256987584192971200e-03 7.305280598214207487e-04 2.918875357784912403e-03
-7.967170497459355807e-03 1.989286763363890594e-03 5.535440081025732977e-03 7.219359318587501712e-03 -1.148635065264397292e-02 3.583645870042274223e-03 1.565569917169278838e-03 2.388126275378704613e-03 -1.023659770393829833e-02 4.645794570983092370e-03 7.483863226562734172e-04 4.514097414890851610e-03
-9.334457419525024960e-03 1.957432570392714233e-03 6.809143550465438129e-03 5.522923019782614677e-03 -1.036921736320086523e-02 3.179694992736166546e-03 2.122602475443492644e-03 2.880162016718453791e-03 -9.425091005722516235e-03 5.768729787113783224e-03 8.914131735549472673e-05 3.180339298178356047e-03
-1.004785591462019345e-02 3.330863436792242879e-03 6.343497032910165936e-03 5.435727905832155385e-03 -1.081771280257694083e-02 2.432875275842867786e-03 3.492086347293811045e-03 2.809548832164514200e-03 -1.112392352725642859e-02 4.910338052066295922e-03 2.082782615787110575e-03 3.898724673686702023e-03
-1.037242446224773650e-02 2.985634007251947771e-03 6.022619707153068630e-03 6.359075354009173162e-03 -9.911416480447436325e-03 2.798358058137496041e-03 2.459432506049651079e-03 2.423080016707901754e-03 -8.691612576414034161e-03 4.611190886975738770e-03 1.701255892719249476e-03 1.913793728594799948e-03
-9.004732571665310242e-03 1.917712276325044029e-03 4.996719752288183297e-03 6.525999749855035045e-03 -9.242645917753755658e-03 3.108308657617788514e-03 1.714992875432592989e-03 2.614853488683026219e-03 -1.018585672289902717e-02 6.221224536673161665e-03 4.098653505749577154e-04 3.189569483086356246e-03
-9.521042050388671060e-03 1.206064335638750915e-03 5.606688037562008488e-03 7.185447977829604801e-03 -9.075057467119229671e-03 2.718285109415948930e-03 7.235085597869167842e-04 3.362806083720454049e-03 -9.241467537996117879e-03 6.095454450693014309e-03 7.896498849809293740e-04 2.382347399450544627e-03
-9.314450818970226864e-03 1.566126994046530569e-03 5.659380233733200642e-03 6.577837710986116776e-03 -8.733839087601249357e-03 1.752507963105848698e-03 1.641180037270659545e-03 2.662310406356009802e-03 -1.091869073540935146e-02 6.629102334496888085e-03 7.795363764012557027e-04 4.098392014018175690e-03
-9.774462222632604447e-03 2.135611594613505502e-03 5.023637748619379229e-03 7.919091872484388187e-03 -8.731544337961241395e-03 1.802144723415730846e-03 2.331626591945387943e-03 1.138974489945377084e-03 -1.023493967205842473e-02 6.093647098797987799e-03 9.202252340069116054e-04 3.752614626358161554e-03
-9.036354507517089032e-03 2.291154297348150549e-03 4.953571613898805417e-03 7.772879781410603657e-03 -9.836235185417620958e-03 1.137405409064512505e-05 2.868894490824286034e-03 2.860493500265662205e-03 -1.042978072281756236e-02 4.971676011899696032e-03 2.517710273230870481e-03 3.471109117099053110e-03
-7.448946049379468956e-03 1.514664235583475021e-03 4.364438738415698377e-03 4.985631873524214684e-03 -1.073793477562273377e-02 2.297047419658338006e-03 9.901063328193095842e-04 5.829179437504387190e-03 -1.053355237822727747e-02 6.169071533454293689e-03 1.422036519449262470e-03 3.480017443361607590e-03
-7.527430599627339854e-03 1.008210818816076410e-03 4.795131737843719502e-03 5.427301771627496101e-03 -1.194174721722227051e-02 3.829755358817261285e-03 1.445893077779569855e-03 5.172701759426487009e-03 -1.047444467067130958e-02 5.684253678594871489e-03 1.063995514949512807e-03 4.054615830844910361e-03
-7.951597605867362709e-03 1.076108100132002832e-03 3.997027460767142541e-03 5.830976799142653828e-03 -1.061222931547494905e-02 3.700229719589127192e-03 2.761706377156485353e-03 3.234114057648297767e-03 -1.047111770508767775e-02 6.047635297535987157e-03 1.742509894261540845e-03 2.960474305241567964e-03
-7.562045476577068485e-03 1.479754598414768918e-03 3.679644724107534928e-03 4.977857623804553613e-03 -1.076557724876731244e-02 3.386741293344203499e-03 3.538199514559907822e-03 3.330263074973113628e-03 -1.149321991792357639e-02 4.538330104338381826e-03 1.652740191322450486e-03 5.672041648817886632e-03
-8.076493185984499196e-03 1.295933152359694286e-03 3.985212465275217789e-03 4.838644467385499678e-03 -1.121501985691910307e-02 3.324649298558677614e-03 2.857293533300440166e-03 3.644271582480172311e-03 -1.057610203082243183e-02 4.744161701436255645e-03 1.423480581088420842e-03 6.200250006750085766e-03
-7.570828954087821701e-03 1.425341430718054430e-03 3.730359490362938988e-03 2.265225938258595868e-03 -1.139093464514209092e-02 3.305171140965809315e-03 3.128504004770736157e-03 3.261232470829230397e-03 -9.602202659400673607e-03 5.720179697118838932e-03 1.844346509278484581e-03 6.138250556618897284e-03
-7.881776403720912663e-03 2.441100779987939989e-03 3.397590976272889599e-03 1.840924103635976829e-03 -9.637176799709530270e-03 3.361596232759209157e-03 3.724425918262792585e-03 2.844184922023666219e-03 -1.102372794388379110e-02 6.748889706297247354e-03 1.900936295176898537e-03 4.506702792494150615e-03
-7.711579010076951082e-03 3.755113014554698186e-03 4.029226347913046798e-03 2.524511674033411666e-03 -9.881238755599940776e-03 4.736361895148323217e-03 3.730617241493414983e-03 2.016842858750415857e-03 -1.203340230990537080e-02 6.084692256121561511e-03 1.079808419174382948e-03 4.089638971492418236e-03
-8.216674881915162626e-03 3.379083441867307240e-03 3.793824669031745263e-03 3.461757487780455552e-03 -9.129321916231451089e-03 4.783649717259210420e-03 2.504255030838203888e-03 2.553589853954356653e-03 -1.169283326174918626e-02 6.564987269232143083e-03 2.634876305251744859e-03 1.666938962588483284e-03
-9.007631142606241370e-03 3.920913627425133378e-03 3.917834456717329134e-03 3.467389325529027320e-03 -9.296951788499692101e-03 3.485754978035049845e-03 3.126454766524116614e-03 2.538926217692047491e-03 -1.100645269161797633e-02 5.687934024046250626e-03 3.687461925418785390e-03 1.756599747074189585e-03
-8.701759911771097741e-03 4.402785448651081769e-03 3.154498935177674820e-03 3.972168621262562975e-03 -1.021902647757541929e-02 5.365642512447451988e-03 1.597492194646892407e-03 2.741536492442350498e-03 -1.181808685067322652e-02 5.048888975595287355e-03 3.111853642857191887e-03 3.880311206701332269e-03
-8.991364413390665403e-03 3.403489882605175570e-03 3.535071810438999203e-03 4.248475209547292533e-03 -1.003588649929594741e-02 5.248888216326317267e-03 2.335280588570220247e-03 2.123640702406224320e-03 -1.184911887800349506e-02 6.459047761406227876e-03 2.154760148433949949e-03 3.953447501403018621e-03
-9.342326384466923331e-03 4.084777073061109619e-03 3.382199409035653668e-03 3.934856629556959980e-03 -1.012654928459033425e-02 3.559676899651305175e-03 2.129536148085923314e-03 3.037791110488310964e-03 -1.168352842703043737e-02 7.042630930907080831e-03 2.349931749732244151e-03 4.249689894826956527e-03
-9.728592331135143059e-03 4.838287526992815848e-03 3.690827905686847391e-03 3.427264917323017204e-03 -1.050544056278883247e-02 3.460787411308847115e-03 3.414244802140204392e-03 1.958789284479816716e-03 -1.135990200934221782e-02 5.828235678065609056e-03 3.211730219622810269e-03 4.412449746209663216e-03
-8.956045892348911061e-03 2.822392368358652565e-03 4.062178698993267403e-03 4.172877587764085849e-03 -9.592398636326573275e-03 3.087126979685204421e-03 1.607396022246988625e-03 4.041068732825380330e-03 -1.071819624018497188e-02 4.783458650740293229e-03 2.849117394907204562e-03 4.099293763227174550e-03
-9.414196241121179989e-03 4.360423395701929113e-03 4.372635424867982526e-03 2.794041950286885352e-03 -1.003549630067550151e-02 2.732257840417918939e-03 2.217257819725960977e-03 4.236924844401353078e-03 -9.379860168373031076e-03 4.720486987212022499e-03 2.267592508250280102e-03 3.309713620683921512e-03
-8.981743839234597113e-03 4.665848091961655522e-03 4.158142109325401251e-03 3.037796848833208743e-03 -1.056989600395193477e-02 2.717779904501387012e-03 1.570460716591040064e-03 4.658180104518750905e-03 -8.006261601050352478e-03 2.993294963173393115e-03 3.692135524910764195e-03 2.084293502737544386e-03
-8.445856162088099736e-03 3.866818283713731059e-03 2.671888193473019157e-03 4.728337480057329817e-03 -8.998416508748507264e-03 1.527133669996272184e-03 1.261354135211150774e-03 4.843815872177369836e-03 -9.026532107837751187e-03 2.191078599306889221e-03 4.613927365408586508e-03 2.641287250453175969e-03
-8.898286118885840451e-03 4.163737070769002457e-03 3.361367232660443950e-03 4.736517831575821208e-03 -9.088969001798586148e-03 2.427161272067794671e-03 2.040226106985195461e-03 3.964184850197722057e-03 -9.275642739261773934e-03 1.765708827847047154e-03 3.363888433348464959e-03 3.386836277843938668e-03
-1.009769704513779030e-02 4.392682602612397666e-03 3.273668221307059461e-03 4.516101849294388085e-03 -8.872292439436629818e-03 2.532755739819226963e-03 3.864723185136813895e-03 3.203634317582452866e-03 -9.280622609718111593e-03 2.433918891479372720e-03 2.997373775863003409e-03 3.114830014881435783e-03
-1.041231482560508841e-02 5.532932364679910356e-03 4.147263199316632634e-03 4.379031800294723963e-03 -8.379379927776303000e-03 1.068522876685735210e-03 3.279664652767552962e-03 4.161819475502550290e-03 -9.773775274887682232e-03 2.599449518136978405e-03 2.545257298297021620e-03 3.035701474797130456e-03
-1.052075497044446112e-02 5.272349901403208111e-03 3.872656243541034923e-03 4.566789107219084223e-03 -8.315820625915418263e-03 1.856017169113453012e-03 3.270204670141821889e-03 3.560196857388127790e-03 -9.413583397068950309e-03 2.501388922085118986e-03 2.539179187628685941e-03 2.926693401123719486e-03
-1.047535930480400848e-02 4.938609149262772335e-03 4.904632266246829186e-03 3.770933677659273498e-03 -7.077538165797860222e-03 2.928460978055998087e-03 2.204532465960169253e-03 2.206934551897056073e-03 -8.847293566740585882e-03 1.522450989839070146e-03 2.540075097630115509e-03 3.263363682287671267e-03
-1.007147758563458652e-02 4.264288917933552713e-03 5.145816540440888327e-03 2.746685312906691455e-03 -8.502902278552004062e-03 2.438694715617403374e-03 2.655353979157362449e-03 2.973385258526045887e-03 -9.365305554807551447e-03 3.200750067536722778e-03 4.165427832768978100e-03 2.400519111062579970e-03
-1.013713630970944878e-02 3.359708333308116229e-03 6.222430862425720396e-03 3.177547527136507372e-03 -9.854606831541944806e-03 3.749007050839022175e-03 1.587541108231849086e-03 1.830051911034864592e-03 -9.140225967581709285e-03 2.649994091512461371e-03 3.454838070028332531e-03 5.385750865526483730e-03
-1.069060606757090033e-02 4.718249335320013824e-03 5.088218327763049595e-03 2.779858252537269810e-03 -1.003313191004542339e-02 3.350479152399081159e-03 2.767558133806547697e-03 2.006677998373702834e-03 -9.028640160979366225e-03 4.006301553146037094e-03 3.343934238448887600e-03 4.025521447636368731e-03
-1.073051733037802373e-02 3.350202755657363113e-03 4.134622211970852453e-03 4.175960514474865749e-03 -9.970041961510753628e-03 3.154847527314300851e-03 3.460861751024223686e-03 2.158969768556495521e-03 -8.762478900342913699e-03 3.938673513773688697e-03 2.640177948337683617e-03 4.727482127593277822e-03
-1.004943216395365845e-02 2.358183382203872525e-03 4.560909068635720515e-03 4.732069580651749978e-03 -1.081382598886591884e-02 2.810264251375837932e-03 4.146507565712880851e-03 2.080201196100416126e-03 -9.478641832555499691e-03 3.888456022445664021e-03 2.482642967017721289e-03 5.735230477224966157e-03
-1.004914207601018301e-02 1.655436878367613817e-03 3.375348168097648018e-03 5.027585817615540589e-03 -1.017814335304162952e-02 4.006975694109553114e-03 4.730753775164584299e-03 1.193384091043077399e-03 -9.565431728454431431e-03 4.129971908533156336e-03 3.453304654540442602e-03 4.587564828512636673e-03
-1.016509142786453483e-02 1.785402607553527405e-03 3.188508544970062621e-03 5.129238308050473524e-03 -9.492912590893789679e-03 3.336343725123808081e-03 4.058473973931301867e-03 1.819788245900876185e-03 -9.260855963630340582e-03 3.956240444874152030e-03 2.654743938630806533e-03 5.212378343586896064e-03
-1.082012367581396475e-02 2.000974772715068996e-03 3.795041468578431131e-03 4.991458567707171036e-03 -9.598368060873793337e-03 2.256802549169416566e-03 3.206941577321696137e-03 1.404453156905447137e-03 -8.050860818868006349e-03 4.452887655079152372e-03 4.083143520113571151e-03 4.453598412635023825e-03
-1.104939533455907320e-02 2.704119659847313561e-03 3.778352302911157975e-03 4.553643242135681744e-03 -9.569295788907333788e-03 2.357548404447471716e-03 2.915063251204393947e-03 1.532030477510003524e-03 -8.108838927304832037e-03 5.472704144205945039e-03 2.849298029646739599e-03 4.786395601510480026e-03
-1.115856571559803272e-02 2.410959463829288191e-03 3.505411512975086397e-03 4.171271264970134209e-03 -9.807406138997007763e-03 2.500600195879068132e-03 3.169944071447115645e-03 2.420603818359671599e-03 -7.482740010575590628e-03 5.244203448920150418e-03 3.934959136548594506e-03 3.254561111475453867e-03
-1.023071764841744155e-02 2.204646534797014175e-03 2.165028941498108473e-03 4.740098742725676849e-03 -1.000720183447773373e-02 2.281835909168497718e-03 3.399500065865575325e-03 2.623534459313907503e-03 -8.163822830086788634e-03 5.501620432736888458e-03 2.240021523835818932e-03 5.421814213198728263e-03
-8.763906840020959169e-03 3.870904240156311602e-03 1.436870832363203784e-03 4.094263194434722558e-03 -1.084320580704375633e-02 2.199260578896980022e-03 2.840883028181323804e-03 2.241071821176569313e-03 -7.742170336159179961e-03 4.919772359003376713e-03 3.590069675139021931e-03 4.161050917607170274e-03
-8.571482578088367166e-03 3.403170515007735309e-03 2.700223002325017208e-03 2.962208450966093056e-03 -1.055953329934858527e-02 2.145394132921956982e-03 2.755754785599948391e-03 2.203600102416429941e-03 -8.322308449441619821e-03 5.567555237207829841e-03 3.260727949513203897e-03 4.457863470579760332e-03
-8.177347783407593745e-03 3.055416150831545205e-03 2.384007617264506489e-03 3.208924490269250262e-03 -1.008601527442578444e-02 2.699521627575252915e-03 2.867787738767664778e-03 1.433490752905074595e-03 -9.088862640493394068e-03 5.436654512290229301e-03 4.285504494331493150e-03 3.967479264430616610e-03
-8.770342660282814951e-03 4.220325682943119189e-03 2.833355437566996600e-03 4.392511603164711738e-03 -1.098927800785846377e-02 1.676128328925128056e-03 3.324935817813451291e-03 9.076831816562179033e-04 -9.073647537611211414e-03 5.902927415699019999e-03 3.627104040655328415e-03 4.202319185904314011e-03
-8.986967644869911162e-03 4.220168370796769861e-03 2.777263353785831227e-03 3.827122333189445728e-03 -1.193843606799047281e-02 3.489965380311392008e-03 2.684319009413251977e-03 1.602029355859953524e-03 -8.369621196450828526e-03 5.929663524764920701e-03 2.841797347441977172e-03 4.247580767228094356e-03
-9.234022966216693176e-03 4.202985078266547117e-03 2.245951166331968969e-03 3.884962749572098452e-03 -1.186383734540890494e-02 3.805085573869227897e-03 2.876827754656588725e-03 1.756488188636302602e-03 -8.191789707008829621e-03 4.497157074323927112e-03 4.186924076705869809e-03 4.132263477241701621e-03
-8.921080785544108563e-03 3.286826056613507789e-03 1.692827798082289538e-03 4.737240745697190829e-03 -1.139538247628712163e-02 3.766336942875869731e-03 3.147521432171327283e-03 1.331728714163176418e-03 -9.037883330662212916e-03 5.710302142788032699e-03 3.283947516414103054e-03 4.729544551106789133e-03
-9.084329317526998113e-03 3.276263050217406800e-03 2.203180796106711265e-03 4.911440382756504866e-03 -1.114956317550626526e-02 3.326362563562990354e-03 2.341227646344284929e-03 1.780429843808893891e-03 -8.727053641705791176e-03 5.967250909388731317e-03 3.179034637360833235e-03 4.235127104685959543e-03
-1.128716765620956831e-02 3.245389518934167772e-03 2.277906288610748696e-03 4.726334761456059234e-03 -9.567990004928476205e-03 2.086050538623993381e-03 3.804749463524546935e-03 2.366403105780410902e-03 -8.412934221929423140e-03 5.377155673473888418e-03 3.460127000745987814e-03 4.214131459417800978e-03
-1.171451152081043161e-02 3.201621401819203759e-03 3.161632639915598099e-03 4.350995686711758501e-03 -9.056576614308965018e-03 1.976865220929280905e-03 3.490819393657879771e-03 3.382440020267721108e-03 -8.895287304272338214e-03 5.468367984541678238e-03 4.480168254571608236e-03 2.505060745193291982e-03
-1.183492016493998926e-02 3.446815208582970115e-03 2.589399649692374593e-03 4.820892314000597458e-03 -9.380952032047407824e-03 2.136524941688722982e-03 3.878156853816639143e-03 3.188294376011781544e-03 -8.739432659720389532e-03 5.590778247477020020e-03 3.886534685536876046e-03 2.820730973971819020e-03
-1.064010084346062035e-02 3.380134090906261601e-03 2.921716327591913215e-03 3.471043796751129961e-03 -9.422926197263764223e-03 3.160864291048953376e-03 3.973490317495114929e-03 1.877600233048091561e-03 -9.436410977105938805e-03 5.807955503146843695e-03 4.339106437278827423e-03 2.868663710906276150e-03
-1.132064486636687357e-02 2.395792495986268002e-03 3.165619508988473055e-03 3.665634497745330275e-03 -7.958704856988442489e-03 2.752971818103723545e-03 3.824589435214989681e-03 2.723142565506027433e-03 -8.776079624425846964e-03 5.597635514452047045e-03 3.032028575789166760e-03 2.998305532862928849e-03
-9.671413494913568693e-03 1.940938091450121906e-03 3.265156626569290337e-03 2.212690355671795631e-03 -7.308554499779675202e-03 2.815251612377710558e-03 4.062820650205670528e-03 1.684982524772024679e-03 -9.153442026472280446e-03 4.188771952663845367e-03 3.643129377691707929e-03 4.124717213412600059e-03
-1.068486856393264725e-02 3.072367934524449472e-03 2.892568558253264671e-03 2.570916134487369071e-03 -7.674900372598935337e-03 2.676631668513771746e-03 3.064620672316956118e-03 3.246629184544348127e-03 -9.416208607024766086e-03 4.963973893744818601e-03 3.697752597242144959e-03 3.622631148113756357e-03
-1.109450835248067257e-02 4.403433403282377111e-03 3.634046443064736526e-03 3.970343562092044226e-03 -8.833962098570067797e-03 2.501760901361338441e-03 2.315185338786986732e-03 2.433530625742115396e-03 -9.000276785125091439e-03 5.006973023232386133e-03 3.401455386072470277e-03 3.473697382101550903e-03
-1.055475349675079159e-02 5.040333114908009463e-03 3.333388701736782894e-03 3.580484117005635313e-03 -9.399857632406864033e-03 3.051503752789310603e-03 2.463772577911427404e-03 1.569537140199279241e-03 -9.414724941640801106e-03 5.276563962486515574e-03 3.677218021180577150e-03 3.661348269228297241e-03
-1.086667741017618288e-02 5.384227760961778943e-03 2.511195044560162772e-03 3.920842711739443327e-03 -8.999718762434482169e-03 2.650658313606019806e-03 2.864098998134953413e-03 1.678586752510498716e-03 -1.028129566066863371e-02 4.815511815657676567e-03 4.463877967986824152e-03 4.283115843739067861e-03
-1.028860506752258229e-02 4.434262803792029042e-03 2.088924016413365708e-03 4.662104456789628072e-03 -9.436431427774286812e-03 3.462935286332121960e-03 2.880438728682693100e-03 1.297753372861231705e-03 -9.925507399662941710e-03 5.862374760759307170e-03 4.121862254009750308e-03 3.191203401486654781e-03
-1.064197445521754617e-02 4.465140168888181472e-03 2.946987560576115779e-03 4.535542918772256238e-03 -9.390419485887688267e-03 3.933505442760371236e-03 2.072734520155395440e-03 1.234534704150239007e-03 -1.017412191728015933e-02 5.118641555550329861e-03 4.713286635911639010e-03 3.620501453237205073e-03
-1.005519900877166646e-02 4.380357060762319309e-03 2.699616001725488844e-03 4.876228441175541224e-03 -9.794670468130362712e-03 3.374196737705377567e-03 1.913818960047533298e-03 1.649933681080355220e-03 -8.916073039158589619e-03 5.187061888007909148e-03 3.625357668088112235e-03 3.257116164957119149e-03
-9.611108895206447317e-03 4.212952997074121027e-03 2.509307249112703673e-03 3.514902059849204456e-03 -1.016235581994190049e-02 4.321222546370742483e-03 2.609534775587794668e-03 2.221981456825726162e-03 -9.081734847072040276e-03 5.048782354394442534e-03 3.314795780235663125e-03 3.285480928190252434e-03
-1.028871086530240911e-02 3.132865426783113492e-03 4.239293614584927969e-03 3.652448894502841568e-03 -1.056351514820056542e-02 3.386579964701584046e-03 3.787933741987564544e-03 2.470996117840273607e-03 -1.022113429501885634e-02 5.132302772152950131e-03 3.956434367078272285e-03 3.838449380689218718e-03
-1.045616489795939651e-02 4.441529033182951662e-03 2.681336289322509402e-03 4.079951500107646331e-03 -9.902206681168991206e-03 2.889676291662333918e-03 3.264314839302190612e-03 2.786951909402348316e-03 -1.053443193961206038e-02 5.782427691499271612e-03 3.287685921209120531e-03 4.193427892932212117e-03
-1.052740863242257637e-02 4.445328458988964150e-03 3.767233821857058577e-03 3.087544122550504259e-03 -9.708172575442384003e-03 2.733377328845237007e-03 2.351454788571447508e-03 3.293970163795280522e-03 -1.128538957756824827e-02 4.972743279173229627e-03 4.520009084579943923e-03 4.974502784694701148e-03
-1.017192072638373190e-02 3.632858895288487103e-03 3.592278364371818272e-03 4.180714958366390024e-03 -9.188424960547799877e-03 1.828027598209537759e-03 2.344841632385096398e-03 3.019923217475337096e-03 -9.870977734361418426e-03 5.153523094580577009e-03 3.395273358619868478e-03 4.332288757771089044e-03
-9.494872221718995281e-03 3.004742459921696564e-03 3.526500760886998494e-03 3.970055398091460082e-03 -9.052195288380424434e-03 1.182190080261154123e-03 2.815577038343679891e-03 3.241280179278257199e-03 -1.055835200366939466e-02 4.804665628078854181e-03 5.242546089102096199e-03 3.566125361620096999e-03
