# ex_work for 12 qbits with connectivity c7 and unitary DM 22672833134912
-8.680106917424235125e-02 1.348041174442052847e-01 1.348041174442052847e-01 1.348041174442052847e-01 -8.680111343724494777e-02 1.348041324481576153e-01 1.348041324481576153e-01 1.348041324481576153e-01 -8.680106917424235125e-02 1.348041324481576431e-01 1.348041324481576431e-01 1.348041324481576431e-01
-6.580193322263881706e-02 -4.195415150364198605e-03 8.374203391656229178e-02 8.374203391656229178e-02 -7.902858977194207601e-02 8.374203391656229178e-02 3.203733113306043295e-02 8.374203391656229178e-02 -6.947720382131945815e-02 5.018140810391779477e-02 4.931080342106004127e-02 7.017357337459904920e-02
-5.541148382618240470e-02 -1.543842097976395574e-03 4.540685404826285548e-02 4.807556830961354916e-02 -5.989978075739332830e-02 6.064377756901528915e-02 1.856683429404005006e-02 3.663163732202714268e-02 -4.481665787631149145e-02 3.933139669589733045e-02 4.702437377007884223e-02 -3.477230539296012352e-03
-3.417204037514075254e-02 -6.939766270158094670e-03 2.223210044395791674e-02 2.028947846442838779e-02 -3.073294744102832848e-02 2.796082025812817590e-02 1.573516915218817203e-02 1.836367095332296084e-02 -4.589409673372878140e-02 2.714305037233206291e-02 3.911664847889897989e-02 -1.580350335665221860e-03
-2.910220060071119774e-02 -1.172739488728473563e-02 9.756427308506510077e-03 2.516387066832053224e-02 -2.157064066959850368e-02 2.153328687321475962e-02 9.986717499352152499e-03 2.424399201515330809e-02 -4.855940137061540152e-02 2.897384300455938325e-02 3.878859406172723706e-02 -5.207482773251538577e-04
-2.653815506157776102e-02 -6.543856390845452162e-03 1.165149189763006049e-02 2.090811656747265657e-02 -2.331959079904325285e-02 2.684605082236720189e-02 5.348881834943874231e-03 1.544780302399190695e-02 -4.500000772596127879e-02 2.403306857175691383e-02 3.347996383116708108e-02 2.317800008895343298e-03
-2.442646468537595233e-02 1.989465330260764640e-03 1.322908587075915382e-02 1.230678593573592862e-02 -2.956404882660463099e-02 2.072205683194098744e-02 8.480259321009294207e-03 6.165378317302185399e-03 -3.395614633570775975e-02 2.243670119374683442e-02 2.228108436943519038e-02 7.023271014812312169e-03
-2.874966334796436040e-02 3.274183912450417369e-04 1.380262847398395012e-02 1.112380188543055266e-02 -3.007091181504670599e-02 1.758927298278917944e-02 1.508049089009509680e-02 2.003244464440685508e-03 -2.380959434390541099e-02 1.653497931232405724e-02 1.778929631137535564e-02 1.106185328279919201e-02
-3.020800950705592944e-02 8.820216178195706535e-04 1.109353433015281866e-02 9.807555857648295183e-03 -2.695526250632299115e-02 1.452103298253081855e-02 1.479533796084125767e-02 5.729420569147884897e-03 -2.254034111885610744e-02 1.645302814535296379e-02 1.710885591111028017e-02 9.874921773383636692e-03
-2.846956656804950844e-02 4.033337459665520611e-03 9.792127531492339151e-03 6.897008726406884775e-03 -1.494995547343522420e-02 9.064100450248500224e-03 1.073721883856107104e-02 2.406847026654785737e-03 -1.364365436124274043e-02 1.296028761115367890e-02 9.998436468657112552e-03 2.084137070640574348e-03
-2.464508723252509248e-02 6.742697729117526524e-03 5.903130368782569075e-03 6.693366623012991963e-03 -1.582457596669751762e-02 5.544669003507803756e-03 9.365643506084377415e-03 5.760219075742021612e-03 -1.647481109504034952e-02 1.277343332020730755e-02 1.111183991660325693e-02 2.913178018638424346e-03
-2.408329630473163285e-02 6.284159660189245385e-03 5.955332858221415622e-03 7.718338014417785477e-03 -1.493701600899615886e-02 3.833656786137562989e-03 9.311427475048853278e-03 5.082450612195935080e-03 -1.663925538649217023e-02 1.077039782766441543e-02 1.160661203898102380e-02 4.442192717794949536e-03
-2.237817316711921897e-02 4.702650406081146199e-03 4.919825219243782050e-03 8.111794086302782925e-03 -1.361937842259129325e-02 3.875572805265540752e-03 8.294334614067045905e-03 4.470941397467030620e-03 -1.672490775595415757e-02 1.121121795719272514e-02 1.122510149651303676e-02 4.266038425028081081e-03
-2.057319648141438945e-02 4.093685810850365703e-03 5.236118583743042294e-03 1.068777038363696863e-02 -1.351272705168219193e-02 1.272599480828744351e-03 8.394443414290317027e-03 6.262885862763478868e-03 -1.601583055461467189e-02 1.012422982763791154e-02 8.301498560967061902e-03 3.231342806528818452e-03
-1.981601599337120753e-02 4.415628474218068894e-03 6.624122263384249823e-03 8.946647594351625488e-03 -1.170651986531116504e-02 2.415254500627235772e-03 5.081188525406296966e-03 5.257049354770865213e-03 -1.607274889426889980e-02 1.029489331131136151e-02 7.923369530224337945e-03 3.330236059005134853e-03
-1.928988860295707819e-02 5.304618029041476349e-03 6.377329241303113065e-03 6.274071450488780816e-03 -1.332806184091934847e-02 3.487831020557148262e-03 5.856396059856784284e-03 6.520925858826806011e-03 -1.532703067570571030e-02 1.000908190571183666e-02 7.705379521349588548e-03 2.987162033997120894e-03
-1.812439581374541281e-02 6.234359259960154179e-03 5.351502845029496198e-03 6.160637791036736172e-03 -1.443400333195088772e-02 4.011695076738650174e-03 5.629867346852122749e-03 5.901618443524524367e-03 -1.533294455285585077e-02 1.067652630598227986e-02 6.325114214177668392e-03 4.048678334769600061e-03
-1.723994592102759058e-02 5.719884887327316390e-03 5.149271632993842641e-03 5.845138979946293105e-03 -1.267434097558685531e-02 3.518786009725220505e-03 6.214437150072157565e-03 7.749620169273112487e-03 -1.662156933994550154e-02 1.105305764443360525e-02 5.193123213345409925e-03 2.304919177922043743e-03
-1.798685863688650327e-02 6.263823506978626575e-03 5.365819490551290531e-03 6.064527872344536129e-03 -9.001395729812839211e-03 2.583024953572850193e-03 6.957126466444423993e-03 6.985252128292716682e-03 -2.057148402711443669e-02 1.027421006052501098e-02 6.126720290097095213e-03 3.838453053060221932e-03
-1.743509498420883416e-02 5.328283182681132872e-03 5.495071004695621306e-03 6.123733298959590718e-03 -8.471548206763599917e-03 3.595386390537302912e-03 7.143914504635108347e-03 5.074816287249735505e-03 -1.977894454432892885e-02 8.495354949314706805e-03 4.617289106167287750e-03 6.071106091089681529e-03
-1.775597332062542680e-02 5.958935463490338397e-03 5.672668099835229995e-03 5.715624826540656976e-03 -9.114452941332748179e-03 3.245087332964318675e-03 7.296919178952430800e-03 6.005215465516511135e-03 -1.975579204774667239e-02 8.806852482071733657e-03 4.564352242947303587e-03 5.835504208079005453e-03
-1.688780690738335769e-02 5.086830039743649862e-03 6.054522771501416253e-03 5.792622559076009321e-03 -9.053309095802805628e-03 1.690014583325648951e-03 5.768840788717399456e-03 5.431767424594000256e-03 -1.870570308397647569e-02 9.681177073006667563e-03 4.471275540205346850e-03 6.611389374516582311e-03
-1.648084705063019434e-02 4.516819414296945751e-03 5.581428107690799244e-03 6.363223156365092198e-03 -9.009638299366346317e-03 3.171897574352270949e-03 6.871066278654694263e-03 5.258054650744668941e-03 -1.877364961540228111e-02 8.792423852802728340e-03 2.606990227964389121e-03 6.918925539551951109e-03
-1.733441203424842397e-02 4.983356109884659081e-03 6.604576204405113518e-03 5.888550268825758736e-03 -9.189529864789139704e-03 2.422882966153366412e-03 7.447267707896843177e-03 5.707912744774369662e-03 -1.908193036168959536e-02 8.011070677236675069e-03 4.248628139534113383e-03 6.449407288296346748e-03
-1.924547756243956409e-02 4.464033897484295278e-03 6.644784838778752985e-03 5.767577449231260124e-03 -8.464047848852950320e-03 3.929843545581786918e-03 7.902544454978299021e-03 5.787107984687664408e-03 -1.823404449398451782e-02 8.893960009589741561e-03 2.874482895699513509e-03 6.067065624361159086e-03
-1.831734482249331233e-02 3.846516641078369120e-03 5.049510733616159250e-03 6.941966171682868378e-03 -7.576141923925906047e-03 3.747567833171914532e-03 7.113033027026571462e-03 5.802361755234555253e-03 -1.960236141249195943e-02 7.643303591402525639e-03 4.765726321583619619e-03 6.916919087602679990e-03
-1.844165261289127528e-02 4.207705634876331147e-03 5.729381162271316580e-03 7.261392611149007463e-03 -7.892388996777768145e-03 3.299557506599992262e-03 7.232715359793359840e-03 5.032347414936079802e-03 -1.758491170752001995e-02 7.507696332284009670e-03 2.604503966625183308e-03 6.876590345028158087e-03
-1.808032319373753180e-02 7.919339004399126095e-03 5.617254031231588840e-03 6.180176964937347805e-03 -8.741660456192205594e-03 4.177828862739509791e-03 6.718778395816763817e-03 3.875590794618344586e-03 -1.784376244396288294e-02 5.171468203391796706e-03 3.661882616827204749e-03 7.235557619468051607e-03
-1.304297728513100288e-02 2.574064445769087481e-03 5.523466852501695418e-03 5.359689664542642215e-03 -9.060293082094907774e-03 4.700113151949125712e-03 7.382529707185409712e-03 1.411518085785441095e-03 -1.031646156447701621e-02 5.704473934230768969e-03 4.500000021078444205e-03 -1.630984036755512082e-03
-1.236985095227919468e-02 4.453878881128723460e-03 6.538089717536285997e-03 3.695950428202551038e-03 -9.503507567233521885e-03 2.522909552471724014e-03 7.888338706965552019e-03 1.523714981750577549e-03 -9.677169388366161501e-03 5.576213420771898230e-03 2.820204625989494816e-03 -5.664277021602939820e-04
-1.299043598597368968e-02 3.714168565383276117e-03 8.272070811749533334e-03 3.447901233102527042e-03 -8.888489929164935383e-03 3.351839747966448013e-03 7.581344601668231140e-03 2.324584046430081333e-03 -1.069796307996682613e-02 6.215429371057783203e-03 1.234522676753875428e-03 -4.003330109361392594e-04
-1.227573602469964401e-02 3.948393459527340353e-03 7.213480726228301866e-03 3.387618798524407848e-03 -8.425111495387490462e-03 4.192949325454211826e-03 6.839706130939899632e-03 9.916361820012718591e-04 -9.223151772149856820e-03 5.399364113249450862e-03 1.819795688943469684e-03 -1.185403773564830485e-03
-1.293651471160058020e-02 2.860317121585745186e-03 7.764594291091556771e-03 4.684755333992357725e-03 -9.064409234894387629e-03 3.589215579005798802e-03 7.130016401771723834e-03 3.460403187838372594e-04 -8.255327097179923634e-03 5.696964945893489077e-03 3.231546081617413853e-03 -2.175071333059752296e-03
-1.235747990890543636e-02 3.573010209377997740e-03 7.397775162842451860e-03 3.722166163236192635e-03 -8.961361673729812544e-03 4.272657378500672662e-03 6.525080453484116520e-03 1.976933157367074395e-03 -9.847998717568281005e-03 6.612216075118243844e-03 2.456632845583550922e-03 -2.427582109633094880e-03
-1.306092341973465187e-02 3.321141119899667128e-03 7.452073897702636215e-03 4.654960719628918608e-03 -8.592452443888305008e-03 4.832937798770801929e-03 6.231288002000073475e-03 2.004225013969309320e-03 -8.728426190848674604e-03 5.123189691481997744e-03 1.819843077200220633e-03 -2.232086755762076064e-03
-1.286114596670981207e-02 2.864713369606584122e-03 7.991975277892622229e-03 4.403221746024758160e-03 -9.163637280649505890e-03 5.004101131909698824e-03 6.366588258778065230e-03 2.338526233991790413e-03 -9.284465467403590216e-03 4.229977025521382966e-03 4.188086084369322011e-03 -3.069914312173835369e-03
-1.376206426679208068e-02 3.087721012341485775e-03 8.697680394696347822e-03 4.438994834045130629e-03 -9.521512196236196768e-03 5.652732937293933162e-03 5.877420066815948127e-03 2.680540677131449355e-03 -9.405226368164296830e-03 5.207485168310255035e-03 2.705956208218868175e-03 -2.397435509277619486e-03
-1.280663514610249319e-02 2.296157367599718953e-03 7.982899133558846172e-03 4.523953091233696641e-03 -8.483210539397156857e-03 5.090488142924958111e-03 6.154199047576410647e-03 2.097468336748029103e-03 -8.863246267817939672e-03 5.916399011476471820e-03 2.267313178190626718e-03 -3.285599745508827139e-03
-1.201037189568187474e-02 1.931712867243454493e-03 6.248790215385571951e-03 5.749551717245192373e-03 -9.201569833922711855e-03 4.253102987878721458e-03 5.983336573890958750e-03 3.396393504379884801e-03 -9.970423786491504695e-03 5.805476403806609197e-03 2.961823256460776807e-03 -2.280240167484190363e-03
-1.283965089729857678e-02 1.556251934748159333e-03 7.691962802275384252e-03 5.675989308879748375e-03 -9.779968425293144446e-03 3.080280253603589861e-03 5.050371060865862377e-03 4.555271861452687455e-03 -1.069886818896444852e-02 6.653163852235766465e-03 3.989772394074488256e-03 -1.670181552193330523e-03
-9.747967678398694602e-03 1.139125959451627468e-03 7.264330829986647385e-03 3.850527130973945954e-03 -9.543348208019901760e-03 3.452031500466597354e-03 4.462416427308741641e-03 5.957777202776045125e-03 -1.335427992948506719e-02 6.637351655402524454e-03 3.348081396055853625e-03 -3.695810049568232117e-04
-1.082393705925052338e-02 8.517223647045443031e-04 8.074039968976006940e-03 5.625224395427127523e-03 -9.444258371754223405e-03 2.955339934688364437e-03 4.463960201069096592e-03 5.672157456336895942e-03 -1.272717457635560469e-02 5.336189802800201179e-03 3.206484485412196446e-03 -4.530010501883238559e-05
-9.971036219576064757e-03 1.120581363677738800e-03 7.224115816890590465e-03 5.533465138590648938e-03 -9.412800124318804196e-03 2.601123910209409903e-03 4.310211256016289322e-03 5.825898630733971489e-03 -1.311302201641184086e-02 5.660638154816738377e-03 3.093118705378438121e-03 1.627965954295949706e-04
-9.265917123604344025e-03 2.665111792206121839e-03 6.191084448905452217e-03 5.502324093384023881e-03 -9.538319594045746586e-03 3.557062193602084609e-03 4.622245477779730362e-03 5.836317810806872751e-03 -1.174306236295659389e-02 3.922249999218244652e-03 1.126738820724975569e-03 -2.370274366723928582e-04
-9.473703680333787555e-03 2.062789321416236710e-03 6.649306071050325138e-03 5.359940606233091175e-03 -9.860440396585989573e-03 4.696963398148603676e-03 4.825359535433302281e-03 5.447139265072819744e-03 -1.265448144380135198e-02 3.755952934696854106e-03 6.807036078715121910e-04 1.385293499586477987e-03
-8.813307359866703536e-03 2.234008348753967546e-03 5.508545578911191662e-03 5.807397274418871040e-03 -9.890209908092448959e-03 3.167633903924270498e-03 5.462205833154937760e-03 6.025275252732695958e-03 -1.084156199711165322e-02 2.691795902323010879e-03 1.037849191001664981e-03 8.316024831575853627e-05
-8.866085230337394235e-03 2.464284151029051424e-03 4.771271317970969539e-03 6.309146680130931460e-03 -8.928553420011104552e-03 2.837328526979280164e-03 4.682351581202636760e-03 6.054161530720330274e-03 -9.923676930304853316e-03 1.725204024661160414e-03 8.396741244947914266e-04 2.183459907446837732e-04
-8.782166845003167369e-03 2.290714568634363239e-03 5.545508970292169736e-03 6.186006477558587263e-03 -9.524391232016433950e-03 3.645220428770882745e-03 4.337053821579420383e-03 5.841863307408187538e-03 -1.218235491291772346e-02 3.603073626415704937e-03 1.789248671649022000e-03 -1.198762291459483256e-04
-9.478353026232318526e-03 2.882841769491799842e-03 5.359693476885116041e-03 6.111910787910516257e-03 -9.848981656686048997e-03 4.457852812645196790e-03 4.111954342771510958e-03 5.904419485656134392e-03 -9.873807785459397246e-03 2.082089512938883284e-03 6.100480445790376974e-04 8.656517088515865285e-05
-8.312619967013743644e-03 3.670142633040841471e-03 5.900964118671138750e-03 6.171438946584921134e-03 -1.103641912929504386e-02 4.905828650042829558e-03 2.340362216144292913e-03 4.934333318690856639e-03 -1.065806098198615083e-02 2.789349218263237774e-03 2.650481970040559701e-03 -8.017052066974046307e-04
-7.301940144793769676e-03 3.160008187884068287e-03 6.242079769476816670e-03 5.474881722629745123e-03 -1.034079270806391448e-02 5.649730928500946645e-03 1.776267769554676270e-03 3.816949068479999919e-03 -1.227114317275661629e-02 1.457035849642727456e-03 3.575800967077730035e-03 1.302313403964005514e-03
-7.046324126311846042e-03 1.780499826923297472e-03 5.962617556022594204e-03 5.978494916362553542e-03 -9.019908708694839017e-03 4.808012186862996827e-03 2.509854181507297204e-03 3.198165599914843272e-03 -1.068775598502056529e-02 2.112752765845102038e-03 1.285017656634537169e-03 1.147457495937567653e-03
-7.132693462548229599e-03 1.699575838975288158e-03 5.431847678893423313e-03 6.689310072220940560e-03 -9.195125212605868847e-03 4.986024065068494354e-03 1.605377310145488564e-03 7.178549181641643564e-04 -1.041535486354289858e-02 4.023021098116818378e-03 1.729396660723483102e-03 1.913472989101381574e-03
-7.899373996847768725e-03 1.105966250007961275e-03 5.188098406847290595e-03 6.952606136353719178e-03 -9.759509765245571317e-03 3.867592379095594318e-03 2.745254695339201505e-03 2.752691451476920338e-03 -1.093538905726188122e-02 4.692502402677259030e-03 2.659601435230567884e-03 9.229287262223236478e-04
-8.350801730293962166e-03 2.132194567768991994e-03 5.387070958608171888e-03 4.549797583087799788e-03 -8.521023291907646457e-03 4.220054819324729582e-03 2.728846553358791997e-03 2.624367947959954303e-03 -1.051020101562232315e-02 4.570913274282175330e-03 2.082753927651700369e-03 1.114846016576600835e-03
-7.170144606331955821e-03 2.554790563084004696e-03 5.727050265301886385e-03 4.985441202206773205e-03 -9.186440025702161463e-03 4.255271688827842562e-03 2.914697068651273416e-03 1.747332374579976507e-03 -1.054451501366447316e-02 3.627060596947934319e-03 2.158478399118540867e-03 9.245250597782760137e-04
-6.986090368639957457e-03 2.840105184759633260e-03 2.953262545651774533e-03 4.497205587930440222e-03 -9.503611725001023108e-03 4.096558516988630869e-03 5.185519166123395834e-03 2.711650200194972490e-03 -1.010074101026391634e-02 2.272489775791030741e-03 3.398612478235535014e-03 5.566398817601714375e-04
-8.647940595588900908e-03 2.411743732150330860e-03 4.875594748696894000e-03 4.802240232664008873e-03 -9.220169715720724288e-03 4.194709114716599525e-03 5.564005862901742587e-03 2.865762060834720938e-03 -1.019760089551827696e-02 2.405525103058843948e-03 3.075850898071348823e-03 2.346520753300472087e-05
-7.769781899151301068e-03 7.788099254004265254e-04 3.708831304445943822e-03 6.724764842813021025e-03 -8.162524239728989259e-03 3.304289514843850896e-03 4.387335818707088254e-03 3.828379894670979038e-03 -1.215704974272002747e-02 4.278406670986842700e-03 2.202380163965775295e-03 1.120410847286160789e-03
-8.067835928910572357e-03 -7.253134150395634805e-04 3.807798631916756594e-03 6.458549612870619766e-03 -8.006571800138084782e-03 4.494572120608224426e-03 4.380289259242675821e-03 4.373318478169813811e-03 -9.977258101877035587e-03 2.392969875945628964e-03 2.911737177653771647e-03 -6.988873728027377146e-05
-9.477279651919683079e-03 2.299323088273879344e-03 4.332573537114649785e-03 4.363647677478509936e-03 -8.239766169335268828e-03 5.441439601680934414e-03 5.359786451924804934e-03 2.721449793269304761e-03 -9.759248692095632421e-03 2.325388047592090706e-03 1.946229164038968881e-03 7.441548968443868588e-04
-9.751389088325354906e-03 2.417824325426103874e-03 4.303879597170993249e-03 5.715110812803315780e-03 -8.869232266034001583e-03 4.783939107535939428e-03 5.087507973857658371e-03 2.842125968815621077e-03 -8.725721095742483904e-03 1.408533512063989742e-03 1.924481025625400261e-03 9.113214512655301363e-04
-1.103859114096086835e-02 1.704100377137756197e-03 4.441300834580659378e-03 6.403780480259500980e-03 -8.455693374376105007e-03 5.074089157388010987e-03 3.950954284105094930e-03 4.763940608156009421e-03 -1.132150755657447376e-02 3.183226431305923206e-03 3.787727917996383184e-03 1.442665957260428678e-04
-9.009507149397065831e-03 1.896740731664173750e-03 3.632861404210227605e-03 4.732384744481092295e-03 -8.162637385584004326e-03 5.110318872948292623e-03 3.160631163335476772e-03 5.093932679505773498e-03 -1.047981134595598121e-02 2.704226498181712575e-03 2.361342346999517876e-03 1.028517763113919120e-03
-7.995094977291122493e-03 3.615525110829387410e-03 2.186425708884022750e-03 3.698810321945049905e-03 -8.478675217993303717e-03 5.374693212599316455e-03 2.128765682660950682e-03 5.356382893168880679e-03 -1.010434089978322174e-02 2.348702207716706937e-03 2.704053121676863562e-03 1.078550027084388937e-03
-7.904690257035881101e-03 1.940160152529703513e-03 2.645663272601154244e-03 4.742630960077676497e-03 -9.387362269154547398e-03 4.634608710997348800e-03 1.012892649310988052e-03 4.791817832327529246e-03 -8.819764169229200867e-03 2.556562083463476652e-03 3.398877845596324099e-03 2.216057683990281524e-03
-8.469954354054419488e-03 2.455265600576131673e-03 2.553351917880308797e-03 4.902969849199551901e-03 -9.705426011914529763e-03 4.035454580469297579e-03 7.552297903717987730e-04 4.232791797793916504e-03 -7.526296393788066419e-03 2.341021173989883686e-03 4.294385951622478256e-03 1.911003671805837183e-03
-8.630459717979410347e-03 9.259449287883905408e-04 2.722591500013226036e-03 4.251003041015447709e-03 -8.687676469015763805e-03 4.359613902298005439e-03 1.067440431138658857e-03 4.749742446081935653e-03 -9.062142929404850417e-03 2.295214986147838584e-03 4.883440757522593441e-03 3.001953380595442228e-03
-8.999880688156391279e-03 1.491441505342077679e-03 1.791626688598039639e-03 4.090673112413785277e-03 -8.079440388607674051e-03 3.851206929755345010e-03 2.075417693326862042e-03 4.432455879992197242e-03 -7.982590579459812943e-03 2.439929900110804871e-03 4.968192731538213433e-03 1.601699132608180344e-03
-7.879663709396340573e-03 2.092323267718352794e-03 3.111678586214681390e-04 3.777140888333987978e-03 -8.564160102755411300e-03 3.065710869211278177e-03 3.648709076626446054e-03 4.125703758167755669e-03 -7.817318960733876318e-03 2.433149666188889546e-03 4.169741783113626275e-03 2.201754244460195787e-03
-8.032379733249384035e-03 2.229538450244731348e-03 8.286550317171377869e-04 3.294438102014827369e-03 -8.004745314616569518e-03 3.609449928789681700e-03 2.815963485723844278e-03 3.844834747095014424e-03 -8.984572101576653036e-03 1.958023347216290583e-03 4.733132059030564429e-03 3.362487346044215793e-03
-8.335149681389404999e-03 2.986852925704444432e-03 1.796724059581061416e-03 2.971800380421245856e-03 -8.134847573659953479e-03 3.118835097159876422e-03 5.062044663520034841e-03 3.450663368193656634e-03 -9.725311514371880531e-03 2.333048936368515604e-03 4.002658328737176453e-03 2.276353189056855297e-03
-7.976446460977653502e-03 2.877677110366004889e-03 9.447247468197850261e-04 4.388914619236609742e-03 -8.041734388037664535e-03 2.037793211576073484e-03 3.911303254646195278e-03 2.802007346108255793e-03 -9.990990709653469609e-03 3.578420387491832583e-03 3.676099418142971149e-03 3.584377394266076954e-03
-7.964269462468457142e-03 2.780028609517861456e-03 2.013196801687485143e-03 3.403279759134280984e-03 -8.789968763482420080e-03 2.750436092257641831e-03 3.449639564858440408e-03 3.342716062387552072e-03 -9.823914934663287302e-03 3.306268775471402598e-03 4.090406065705792793e-03 3.274501389133007041e-03
-8.182787132945255892e-03 2.956776909334812246e-03 2.661779223096780601e-03 3.132375271830026980e-03 -9.511917477148761416e-03 2.139244552500261902e-03 4.207465411070344073e-03 5.223023112066976607e-03 -1.033100986014823253e-02 3.219882593255321470e-03 3.803195337437812601e-03 2.750861731201975115e-03
-8.367973865055746557e-03 2.268234891637485682e-03 2.993698226102209370e-03 4.921143866792807887e-03 -1.035513774285385345e-02 2.736173182223948334e-03 2.568511813869174629e-03 6.039725425816230495e-03 -1.069750289219306705e-02 2.450784076847541907e-03 4.755573817488555066e-03 3.015218222216291006e-03
-8.882965731026672834e-03 2.156471875672167238e-03 2.417807597492173475e-03 3.547637533234448536e-03 -9.983046686653644294e-03 3.243859468846856716e-03 3.102462307111611590e-03 5.087498284622007580e-03 -8.508832098792442136e-03 2.874416789940854779e-03 3.841155678624981907e-03 3.062904443416605057e-03
-8.547107134798646172e-03 2.060368893731637664e-03 1.581154512351759089e-03 3.380397398647326350e-03 -9.976530440389368148e-03 3.197341118047283132e-03 4.022508147239168066e-03 4.934359916131883170e-03 -8.206259822048849600e-03 2.389924386242264168e-03 2.207483058745518100e-03 4.859068797250469876e-03
-8.934408314284649974e-03 1.872982939203670597e-03 1.131897613847110927e-03 3.174083717551565761e-03 -9.741424383214427468e-03 3.196591585197624229e-03 4.634799759305255167e-03 5.360257405665960241e-03 -8.480651340128488383e-03 3.636182123396361227e-03 2.912124829909019420e-03 3.200433056183562067e-03
-9.859021750195750070e-03 1.132085567086521961e-03 2.517088344439789849e-03 3.530137005396907345e-03 -1.021142674652230145e-02 2.532799356063381545e-03 4.830621199754643602e-03 4.536194343193525151e-03 -7.945446740030693081e-03 3.640236966674628618e-03 3.692244261218237053e-03 3.693411702506939082e-03
-9.624019144419885055e-03 9.652874501172643189e-04 2.284385302158705063e-03 3.107550545316488302e-03 -9.798733758297423560e-03 3.147700550252555997e-03 4.388018605773009485e-03 4.523161516902730189e-03 -9.001162641316319546e-03 3.155713470161618499e-03 3.731253909726797713e-03 5.269588668822301758e-03
-9.727537628250198035e-03 1.187722779274616620e-03 1.999805050076393885e-03 2.723383868400894824e-03 -8.015025231406180950e-03 4.694880667331115080e-03 2.595685337791288350e-03 3.301745800222905761e-03 -8.381554588713079415e-03 3.087487521600334409e-03 4.053126975862327355e-03 4.287621944358814378e-03
-8.898258781622070054e-03 1.591475054342605467e-03 2.598609729643908649e-03 8.235551400689646853e-04 -8.027275240601643158e-03 5.476322427400305733e-03 3.974735729234085517e-03 2.046650207834547000e-03 -8.026070020775617070e-03 3.855002084510652117e-03 3.740328661711670496e-03 2.519100061399582712e-03
-9.409480096568473284e-03 1.820888923710093548e-03 2.596929920696402355e-03 1.901547659461500991e-03 -9.242108918473230378e-03 4.745200493869865775e-03 5.081396592217088046e-03 2.306329488684183155e-03 -8.738553888289316701e-03 4.877599450333613106e-03 2.722872707273657922e-03 3.333664947486092694e-03
-9.290746423957564268e-03 2.311718159971949248e-03 1.957238304437729400e-03 1.883846422896778578e-03 -9.147253121533660894e-03 3.889178399658940136e-03 4.071120041902736610e-03 4.020987334985987038e-03 -7.746143921497728423e-03 3.227253676307409187e-03 3.768253754376989315e-03 2.848976989983602933e-03
-9.372579660909487534e-03 3.169563996043555168e-03 1.856794627952823790e-03 1.228320398487603134e-03 -9.460936249578659474e-03 4.798173803059377872e-03 3.621466540741480940e-03 3.272509453663671134e-03 -7.533158655318281278e-03 4.795560676078427544e-03 3.100261904683837381e-03 2.377447168890576418e-03
-8.656575887153645371e-03 2.304452360863110897e-03 1.539400907570765299e-03 1.656694435701900996e-03 -8.901050042517065150e-03 4.962101031778977031e-03 3.677186762701116496e-03 3.863519580580441516e-03 -8.981185079323649248e-03 3.875476018567451057e-03 3.263290024213954914e-03 3.251463001220624306e-03
-8.828683858653716202e-03 1.822457922488484455e-03 1.858666453608097836e-03 2.058049463835577315e-03 -7.890831061596926405e-03 5.013984140823864698e-03 4.041269683569723506e-03 2.631043894850701361e-03 -8.760918269819208126e-03 3.569975182033913522e-03 3.619238676039582703e-03 2.575605376712461047e-03
-8.871957863036785893e-03 1.085010428852122401e-03 2.215245379742264778e-03 3.294581868544445985e-03 -8.178680815299802301e-03 6.221613865457873739e-03 3.624834219492563403e-03 1.333852089947123055e-03 -7.715633543070131786e-03 2.921229531946304293e-03 3.966584942904726949e-03 1.774524017816074117e-03
-9.617933644011526784e-03 2.566349699403603062e-03 1.493282249805725440e-03 3.359438196139765635e-03 -8.240615668243444700e-03 6.539153743587920210e-03 2.567482353706438975e-03 2.179511104712242211e-03 -8.491785604860468961e-03 3.773942811159027716e-03 3.452381599975116924e-03 2.289228141331158504e-03
-1.005522973270786373e-02 2.233018907427626338e-03 1.722958736238857551e-03 3.521396838178863543e-03 -7.270945880884506843e-03 6.995487991182949838e-03 3.477730835215489709e-03 1.496752706553545987e-03 -8.413820799432297076e-03 3.857614235294729542e-03 2.193254277133618521e-03 2.077636112405177940e-03
-9.375497297679516451e-03 2.294999424409833923e-03 2.259404925366140064e-03 2.347719767719893148e-03 -7.039570860663869369e-03 6.098915290786897925e-03 3.832628054665051381e-03 1.557363209551753096e-03 -8.177669936461908276e-03 3.529801783905637397e-03 1.847893720461927722e-03 2.461396286508692882e-03
-9.572379894578457102e-03 2.593398096173661280e-03 1.357341627249455040e-03 3.664048882599070262e-03 -8.211804393539644947e-03 6.821114405438519213e-03 3.818024016590218506e-03 1.764977238233907467e-03 -9.840621278554069484e-03 3.999281212969275391e-03 2.686147579585896478e-03 2.993693039517532871e-03
-1.029970577997752976e-02 3.205683383098106593e-03 1.933504837875310101e-03 2.915760790799486104e-03 -9.449721723607674984e-03 6.874320494088262228e-03 3.021152990041189694e-03 3.335958435431698055e-03 -1.118393410722803502e-02 4.483315791005956785e-03 4.374457608975586102e-03 3.358517063600653055e-03
-1.108692376691456163e-02 3.369597423737677542e-03 3.057803087965551940e-03 2.475242875622037445e-03 -9.305172890074301165e-03 6.173415088817083701e-03 3.650147136659124408e-03 2.488633756588910523e-03 -1.101447218023167418e-02 5.015673316604836104e-03 4.530179006097120702e-03 3.279832609048116514e-03
-1.125559001828633707e-02 3.579439066962213783e-03 2.833789666227615796e-03 2.328664439384631364e-03 -9.530225829136047822e-03 5.071060488288731995e-03 4.751696580842921201e-03 3.043021366344107314e-03 -1.047236013477524826e-02 4.524545477712765655e-03 4.962394732502565728e-03 2.753608397843605119e-03
-1.161751798341742817e-02 2.927582339592367001e-03 2.667085981261683916e-03 2.731834252439828414e-03 -8.661894094452726733e-03 4.698795551675048927e-03 3.951434090569881652e-03 4.081836434683792578e-03 -1.078405194137618817e-02 4.754579833949768713e-03 3.845720885361007552e-03 3.961327358129761687e-03
-1.150219054718720595e-02 2.067385061880484386e-03 4.467379712162823126e-03 2.944584414887882386e-03 -8.942252165909292741e-03 4.397818858385591292e-03 4.908072578031399957e-03 3.862032009319001351e-03 -1.068553498580261142e-02 2.727554395894447089e-03 4.140333584143821369e-03 4.185768326267100443e-03
-1.064435130903370295e-02 2.749015317087230657e-03 3.613862336325721417e-03 2.546708171836380152e-03 -9.114964001833265883e-03 5.031929802011969079e-03 5.294742474783897812e-03 3.521128192570323941e-03 -1.114968540710595257e-02 4.459450396041777717e-03 2.568624882206799187e-03 3.655926434287993469e-03
-8.795173861005685031e-03 2.110727808166733797e-03 3.621396845282556006e-03 3.114824214649243670e-03 -8.833488339375722420e-03 5.252182627142755467e-03 4.939576091272046554e-03 1.220269998070373481e-03 -9.206944097000789237e-03 3.713196201450532676e-03 1.781904260342054291e-03 3.003049257550048385e-03
-9.797969387618857273e-03 2.810822305550058492e-03 3.856352873957629313e-03 3.258484270767294730e-03 -9.292543312798056884e-03 6.155292525355452425e-03 3.743996847450630806e-03 1.626380965122831016e-03 -8.482276971119306896e-03 3.114216500963045732e-03 1.991190912076217390e-03 3.041950925181643832e-03
