# ex_work for 12 qbits with connectivity c7 and unitary DM 22754876641024
-8.680106917424235125e-02 1.348041174442052847e-01 1.348041174442052847e-01 1.348041174442052847e-01 -8.680111343724494777e-02 1.348041324481576153e-01 1.348041324481576153e-01 1.348041324481576153e-01 -8.680106917424235125e-02 1.348041324481576431e-01 1.348041324481576431e-01 1.348041324481576431e-01
-6.908786832244069587e-02 4.963641258967860237e-02 4.862252847190624144e-02 6.041738589036032420e-02 -6.086557380456564942e-02 4.851337892159902215e-02 4.319257375234136775e-02 5.273833667044049850e-02 -8.081936396552813484e-02 4.697634741823208948e-02 6.493188709054338592e-02 6.910158931097634682e-02
-5.089382402439183301e-02 2.996657976588371075e-02 4.008411185886968237e-02 1.703091916087639884e-03 -5.139121886303840703e-02 2.067398871042662803e-02 4.166516199734055653e-02 3.823102608435637040e-02 -5.323224783307856783e-02 3.855915754705376008e-02 4.179049928779889761e-02 1.048386544335589733e-02
-4.550288567697152731e-02 2.462552240685191018e-02 3.798329931985349600e-02 4.238684326351572877e-03 -6.547016027419746975e-02 3.299564910738480433e-02 4.938492331044366107e-02 4.322946530765836570e-02 -4.780731354792479293e-02 4.010257438179480605e-02 3.077943555657616098e-02 1.470241750795208552e-02
-2.269803873049011309e-02 2.543199349567861617e-02 9.234120090807014427e-04 8.627663749291504536e-03 -5.003407401239680363e-02 7.283512009985788904e-03 3.886456684636888786e-02 3.569345471712724593e-02 -5.136384029543522578e-02 3.489196674770044665e-02 3.865080999820913465e-02 6.171405856017986996e-03
-1.379141834146330528e-02 2.417615329889291967e-02 7.926330937095908344e-03 -6.042118548116363896e-03 -4.300335141395646849e-02 3.460922853326026116e-03 3.034256549994787319e-02 3.144821964691254385e-02 -5.281235720112348320e-02 3.636208465418121899e-02 2.706723456350110593e-02 1.468246611725750918e-02
-1.438448352201142019e-02 1.929003921838953403e-02 8.023199272264162560e-03 -2.355820040545757513e-03 -2.771583809619893729e-02 1.058575846104797130e-02 1.645908916861994753e-02 1.359018099422300112e-02 -5.527138938397724993e-02 3.297296433137841126e-02 3.294951723570094249e-02 1.294387426542405184e-02
-1.697108322466196056e-02 2.271222605232801547e-02 9.389260701432958559e-03 -1.540539967374753494e-03 -1.928444023123597820e-02 2.168296242135493192e-03 5.774678738791539333e-03 1.892029708159255821e-02 -5.458678375898343843e-02 3.239572463607803127e-02 3.347060870844800751e-02 1.124615454276434688e-02
-8.213088022166425278e-03 1.347573372065541571e-02 6.028655693713921328e-03 5.057824210624854190e-03 -6.031512804329607416e-03 -1.317857829028590646e-04 2.417709379857747561e-04 3.036256494797000228e-04 -4.246091316455535142e-02 2.941005083999549338e-02 3.062475572347949163e-02 -4.973853909371247009e-03
-6.386251527815032906e-03 8.866835565349704545e-03 1.287490434488749308e-02 2.027563808482000553e-03 -8.263200122933467284e-03 2.382299364748619811e-03 -2.176305263548601577e-04 -5.027970202682288149e-03 -3.189507818079829332e-02 2.455859637233141421e-02 1.413927539837211457e-02 -4.081514618573562768e-04
-5.948485298226168470e-03 5.496342206079439519e-03 1.460074363638718883e-02 2.702403673658503036e-03 -9.035673728445678052e-03 -9.294382160786029143e-04 -3.840340064539221978e-04 -1.842717229591055595e-03 -2.841168193608212267e-02 2.408831025142888979e-02 6.292592020503145686e-03 3.550609346103643284e-03
-1.008017856409008754e-02 3.043397645040383289e-03 1.290666868350600141e-02 2.925944209306193238e-03 -1.004781902549643606e-02 2.749240253086938143e-03 1.860803281171977694e-03 9.781834379125231745e-04 -2.694548229297040465e-02 2.065737517325793790e-02 6.163118815908702995e-03 4.973018126527947030e-03
-7.391535178070110165e-03 7.240952243277911857e-03 9.229099591379547052e-03 -2.467439074116311920e-04 -1.075971624561470469e-02 3.722154627833905178e-03 2.466763060490335252e-03 -8.463293262412331869e-04 -2.181832810417065269e-02 1.421542434563435701e-02 8.757577932420086350e-03 1.568814796077555194e-03
-7.820784490769193409e-03 7.585710740489508969e-03 8.035712442555544704e-03 9.284546026837782072e-04 -1.310755951840012444e-02 4.934259649498775810e-03 3.550804322451063966e-03 6.621504207150035251e-03 -1.805943645503651704e-02 1.002372809108413587e-02 1.046341068788162604e-02 -7.418935010880281684e-03
-6.294006736890864727e-03 5.893802588488197478e-03 9.203305810350746741e-03 -3.336706785352335294e-04 -1.278988576851856039e-02 4.605177364197314029e-03 3.394330316917369608e-03 6.555472610055665394e-03 -1.683950742636683429e-02 6.978648882938234300e-03 9.511097472651114035e-03 -5.152839521292302931e-03
-6.827524562768502552e-03 7.893325574063114400e-03 6.703318765682083485e-03 -3.324081890465920941e-04 -1.206449987791185542e-02 4.246331973969748493e-03 3.060930470213594524e-03 7.362222051431718123e-03 -1.618990149273445353e-02 6.180375845928336165e-03 8.259036871581063380e-03 -4.016559482417842927e-03
-6.379235235229514279e-03 7.356848558758817894e-03 6.361836398149720712e-03 1.199505982634037712e-05 -1.201468239873795286e-02 3.896352915348749116e-03 4.105859673802551846e-03 6.555418447371052018e-03 -1.540929795017198164e-02 6.585574587713048655e-03 8.100835454568950864e-03 -5.119482823260485677e-03
-6.525294442590943121e-03 7.893097996676954470e-03 5.892292126623458609e-03 1.347652042419687031e-04 -1.266967099535503891e-02 4.795061417578853208e-03 3.633606552876395869e-03 6.168823883262530318e-03 -1.596657729551064289e-02 6.058184454207028204e-03 8.557649222036355086e-03 -3.757098303693498682e-03
-8.518583421893750549e-03 7.397518590274584915e-03 6.352048396773370999e-03 5.459915909585304943e-04 -1.245543186451582990e-02 5.578942423603603512e-03 3.454578872162858676e-03 7.094516524367010246e-03 -1.561864859322738275e-02 4.776678123237927155e-03 8.855140509986902594e-03 -3.155517530376190493e-03
-9.517855477413499771e-03 7.057753425766847936e-03 5.797037287971820545e-03 1.607054593226691199e-03 -8.378127258768386029e-03 2.650018327957028366e-03 5.819736175044044196e-03 4.160445241670110601e-03 -1.748159904719517529e-02 5.636218816664605863e-03 9.371720062679698288e-03 -2.577392114546119082e-03
-8.958835179466499016e-03 6.489478618523192646e-03 4.872490146626239950e-03 1.923499044102005857e-03 -7.803781260425080024e-03 4.371372885153322271e-03 4.009460873271778955e-03 3.653045988283715878e-03 -1.622727830742485416e-02 4.438185408414063726e-03 8.256473657645257980e-03 -1.576492761490393829e-03
-8.751460500265647452e-03 5.400914461234133067e-03 4.763136819320862303e-03 1.640359115694976040e-03 -8.512449571922948294e-03 5.098156748604033318e-03 3.981558185057048303e-03 4.631369793938884018e-03 -1.346632553911783665e-02 3.009619600662856095e-03 4.204902918845109319e-03 6.618753855096818229e-04
-9.507716473883031164e-03 4.006781715086897740e-03 6.660668039392632182e-03 1.922185770859374246e-03 -9.291878268078682460e-03 5.079012497208448829e-03 5.500660479437264293e-03 2.561826967885828463e-03 -1.374653654587724289e-02 3.152798853166252115e-03 6.339415477004606975e-03 3.553008748102208080e-04
-8.528084651533924046e-03 3.401005956338076352e-03 6.319788011598462436e-03 1.786282112242831063e-03 -9.622606654563973030e-03 5.031492270682110662e-03 5.048210165237118283e-03 1.829765773342981790e-03 -1.282574670808511730e-02 2.193641071413834562e-03 8.083055898165231873e-03 1.065109415933413508e-04
-9.286502105543735508e-03 4.339262185057101567e-03 6.837225310412293686e-03 1.084006025656307796e-03 -9.119291487377612082e-03 3.933404285275801833e-03 4.478225853891197941e-03 1.982482633434859507e-03 -1.145635706413997493e-02 7.974851894098190048e-04 6.566590317339112207e-03 2.371489116590018952e-03
-9.110876482492155995e-03 3.824262241820446627e-03 5.876768711120936538e-03 2.406384608046505634e-03 -9.295969875734380258e-03 3.601434006607028438e-03 4.511970971051508864e-03 2.519231554480563275e-03 -1.246542972796847899e-02 -5.539017378617595204e-04 8.814696546488452050e-03 2.666251437217393057e-03
-8.615335170177255975e-03 2.417576963280120873e-03 5.536275232007514119e-03 2.446447017741022224e-03 -1.023212975175968355e-02 3.973355454773295006e-03 4.391265711568516882e-03 4.350714563153400966e-03 -1.133465287822069990e-02 8.423750499223801652e-04 7.592790302474629847e-03 1.202699703295179254e-03
-1.001504330647740200e-02 3.782591696416699560e-03 7.208506877919905118e-03 5.439042206436294109e-03 -1.163888135321166153e-02 3.494127598658650947e-03 4.734607824205127810e-03 3.033786345518667618e-03 -1.412620213352971249e-02 1.956448953245703681e-03 6.799550819255381108e-03 2.887869251421401866e-03
-1.015750648333275941e-02 3.998003692458150689e-03 6.907313928185478992e-03 6.187852544308794847e-03 -1.221460589958722580e-02 3.595380789621199173e-03 4.112643092937833672e-03 3.172938892473274250e-03 -1.287816899315412725e-02 1.984816376029955795e-03 5.340026144312507578e-03 3.337755357635603833e-03
-1.049890007760728890e-02 4.868990354618353035e-03 5.372660090045321482e-03 4.120729247457256134e-03 -1.097265193697224278e-02 3.627293164626990175e-03 3.469680937069400100e-03 5.318643544381038146e-03 -1.123033860063003646e-02 7.271610776790587548e-04 2.823390767482618965e-03 5.254799289307477382e-03
-1.049952117940136306e-02 3.763604656577961959e-03 5.889866012483866917e-03 4.684729198418548408e-03 -1.056489993797538572e-02 4.384268484032444527e-03 2.888263293580589815e-03 4.679800404786786140e-03 -1.044372373762259346e-02 -1.158905341299618346e-03 4.863824092889438427e-03 4.262954012422808664e-03
-8.545028513873953457e-03 3.733730026524713624e-03 5.525390553299226563e-03 2.717655914806744490e-03 -9.316156394668156579e-03 3.938657476217724898e-03 1.803985496750203608e-03 3.516298913293661784e-03 -9.499801931939336891e-03 1.061550088755997424e-03 3.599641935071716450e-03 3.455973331603342646e-03
-7.537929112706478335e-03 2.753401510285179501e-03 5.070384862712484612e-03 2.477379926169572498e-03 -1.002678744770653906e-02 5.164420609750017266e-03 2.409555083175528387e-03 2.992772700975175788e-03 -9.815905183487089875e-03 2.598119371627408396e-03 4.081806297365356620e-03 1.840597438007485339e-03
-8.429549620564214321e-03 3.047903060411120361e-03 3.953262766296992796e-03 4.031066864007062760e-03 -1.071521046289607322e-02 5.281402156854856506e-03 1.374498934786354265e-03 3.765981072314011392e-03 -1.066982701001134050e-02 4.504704067102373137e-03 4.175934950897681845e-03 2.059535365173895387e-03
-8.013938033992414750e-03 2.780343913343847825e-03 4.996594032624208925e-03 2.776790001966584348e-03 -1.043421834319049370e-02 4.376159992417339405e-03 2.651985854512478070e-03 3.035679328655832045e-03 -1.005521889959628580e-02 4.267950465788589512e-03 3.875003676307075574e-03 1.897355960137031821e-03
-8.437906052485916880e-03 3.365116626171054271e-03 5.799526462779983765e-03 2.644110915013157554e-03 -1.111032179907507460e-02 3.235433778094429398e-03 3.507383103633385495e-03 3.370247076462047891e-03 -1.075426965540688708e-02 4.393573491270031176e-03 5.357879747089083593e-03 1.113640829207560631e-03
-8.384115696065536083e-03 4.125971429371733459e-03 4.320649709895292047e-03 3.320996829457848864e-03 -1.202100587924434874e-02 1.813172208727978959e-03 3.483729080273000132e-03 3.230302163023893430e-03 -1.055882941176422042e-02 5.052957950268033814e-03 6.187179149799920848e-03 2.036597987360944106e-03
-7.920900259261535667e-03 3.166856911448483539e-03 5.367454801986797953e-03 2.702324875259074725e-03 -1.193629621636421202e-02 1.172072099003104891e-03 4.061594595835086099e-03 3.158772134557752322e-03 -9.487748836321826737e-03 4.826405934088822541e-03 5.276392860896393644e-03 1.978232077562435548e-03
-8.871780780625705687e-03 3.736034795818659292e-03 4.009604771159544154e-03 3.238427373112980935e-03 -1.142666815340582544e-02 3.018560637915597943e-03 3.524285610127290101e-03 2.639753601854315408e-03 -1.092132681743926935e-02 4.855229668691187460e-03 6.159351853178586349e-03 2.642630079399098386e-03
-8.138983706736550167e-03 2.083002752241992685e-03 2.109413951219072346e-03 5.246180579558572601e-03 -9.986121692942087971e-03 2.313069176524304351e-03 4.558201401215831831e-03 2.859819035314228527e-03 -1.119030453029345139e-02 3.825120235241368048e-03 3.566045689308821719e-03 5.066232428913694866e-03
-8.143722179988426013e-03 2.205532590066448893e-03 1.882096396674491417e-03 5.018923921166900358e-03 -1.036864401933309740e-02 2.930900030370821047e-03 4.142389296932624115e-03 3.362350448192381273e-03 -1.048291610917371011e-02 4.244518358997802915e-03 3.298235753361404565e-03 4.142025452476458779e-03
-7.983941540741581328e-03 1.808560936330665418e-03 3.124064847368736124e-03 5.485229504283606512e-03 -9.823413911264115839e-03 9.485510530180504048e-04 2.772133737367447025e-03 3.689349616630938338e-03 -1.076164904102684672e-02 3.074742567193553943e-03 4.403580472009302992e-03 5.487381591575247498e-03
-6.829281391389122914e-03 1.817978349186635378e-03 2.647965804209626364e-03 4.745741284804693219e-03 -1.001646826714636465e-02 1.425123152380541923e-03 2.508065900761185553e-03 3.685863659052511076e-03 -1.158591419973434809e-02 2.605346921449086875e-03 5.403685862055648305e-03 5.853906962161948939e-03
-7.363603927223922457e-03 1.956045841619619922e-03 3.220589062957874421e-03 4.567380075072234244e-03 -1.051031394724794184e-02 1.982732816713901006e-03 2.333345154179118381e-03 3.800033065317132315e-03 -1.033367566083733501e-02 3.451296477094145405e-03 3.427058245353927467e-03 5.615645789990588409e-03
-6.960516810709679002e-03 1.826992171921286391e-03 2.948927739348560298e-03 5.258182626501277206e-03 -1.107728974390445945e-02 2.070056477514575430e-03 2.180036963505981376e-03 3.845703801042456120e-03 -1.113776439960374211e-02 3.417960233563475687e-03 4.886620723506806922e-03 5.086101932277460949e-03
-6.545760938795144347e-03 3.115361015746996240e-03 1.958963550093964501e-03 4.765312074519188409e-03 -9.389386815761369479e-03 2.231751371418633830e-03 2.021164423123688637e-03 3.330137313204358223e-03 -1.166251421389396387e-02 4.146286553711336226e-03 4.113489774866944601e-03 4.000791344118119486e-03
-6.722387844513363561e-03 3.953984388704940428e-03 1.109263575529736371e-03 4.940276816772080047e-03 -9.143899387577274565e-03 2.818680348293564619e-03 8.109770053071738063e-04 3.673549864124691852e-03 -1.073595552470146125e-02 3.538309976343767017e-03 3.036316541418747784e-03 4.670493197233636928e-03
-6.787608095395071713e-03 3.845927484423783058e-03 1.392696695519839330e-03 4.833116572903240621e-03 -8.652996260175002674e-03 1.790991517840953302e-03 2.512616152544107622e-03 2.479100655284444035e-03 -1.133931641082369483e-02 3.481835051143725070e-03 4.434546557813939284e-03 3.973911556390401743e-03
-7.157292641228409774e-03 3.756307839018627106e-03 2.060909401383662076e-03 4.676699605473243898e-03 -1.006160660149614701e-02 3.690446614173732275e-03 1.175123829749122198e-03 3.449083778680519293e-03 -1.109519310353470310e-02 3.947431075891041224e-03 3.896289124200172111e-03 3.826430602775150128e-03
-7.847404283681490289e-03 4.278478111047114701e-03 2.054483545413850545e-03 4.873661315052891380e-03 -1.013603156713357989e-02 3.402294471839809997e-03 1.695356206179475262e-03 2.458816063040522842e-03 -1.009976206621668662e-02 3.517917012589650855e-03 3.191534209129688170e-03 4.712929851170167585e-03
-7.123761697562923378e-03 3.797509235330762817e-03 1.414394062140137028e-03 5.163330589779873206e-03 -7.935519748986203173e-03 1.526801267377890818e-03 2.068228420011003054e-03 1.571149065381300617e-03 -1.007445392656684292e-02 2.733430844761409063e-03 3.954269905627912779e-03 4.630757266201776003e-03
-7.493629692972619306e-03 4.409160330613880532e-03 1.440371519360514850e-03 5.514572069175258107e-03 -7.804766724906386094e-03 7.619185599722084600e-04 2.464049551066185145e-03 1.216598678798828936e-03 -9.669204219554992930e-03 2.565111557075913304e-03 3.061556193946564537e-03 5.267983767135922882e-03
-8.183467940592223724e-03 4.513116325033588762e-03 1.375602304459174526e-03 4.509346625459149764e-03 -8.111969627237770528e-03 2.859589448082091451e-03 2.792275527001596754e-03 1.528849505963556302e-03 -1.026232215105175698e-02 3.658793228881726534e-03 3.719577336153654344e-03 3.478652185263018080e-03
-8.588864116889947248e-03 4.077867730852591764e-03 2.682771616977313450e-03 5.099229809538906658e-03 -1.054587243105593701e-02 1.787971692318905074e-03 3.035717147291408079e-03 2.336957197966801989e-03 -9.111989842472759116e-03 2.918617480917126521e-03 4.350464620629545219e-03 4.069532753840456041e-03
-7.860949122111580284e-03 4.312547901562545881e-03 1.587090981926282457e-03 5.032171620714408905e-03 -1.036674145039700144e-02 3.040601145157223028e-03 4.000927049185338570e-03 2.377422360594413833e-03 -9.488290329670785381e-03 2.052562982153980937e-03 4.206821574086931116e-03 3.154556691165358220e-03
-7.797035577933082370e-03 4.101701187075937338e-03 1.546977875407368067e-03 5.200340132282545505e-03 -9.775823237616193540e-03 2.829190190521330139e-03 3.487485163083120163e-03 2.582523489271193202e-03 -9.694002184097652228e-03 2.600319780214323511e-03 3.946208156290124600e-03 2.941383848631034473e-03
-7.369962684924677605e-03 4.405739214660904166e-03 2.676346890227728360e-03 3.497033046042946885e-03 -1.002952377061310484e-02 2.797996386144644982e-03 2.351141072508409601e-03 3.892688691594850883e-03 -1.082603464529614638e-02 3.629120393398993939e-03 4.503410171781459075e-03 2.589372022389070573e-03
-7.912792515252389455e-03 3.363867837624102877e-03 3.891150506623717708e-03 5.387273974169031615e-03 -1.069244896962604635e-02 2.219418265617713500e-03 2.535683558543235482e-03 3.109851719631931150e-03 -1.046806826057472203e-02 3.194332069065569917e-03 4.792177512129079490e-03 2.833381832218729961e-03
-7.696653970086362283e-03 3.875332497058885366e-03 3.508577713075403115e-03 4.904081403701996550e-03 -1.106247479320779381e-02 2.586603504997539698e-03 2.557851630351712542e-03 3.248876995166618317e-03 -1.022169405872724000e-02 2.014613985042466599e-03 6.329021343335372064e-03 2.240724776571122873e-03
-7.353118352247148617e-03 4.035696639462056298e-03 2.765710813026459308e-03 5.076635573019257393e-03 -9.415591480251431569e-03 2.003148347200136865e-03 1.381008039053060240e-03 3.219392878076421643e-03 -1.050645039549117331e-02 2.166547746737713769e-03 5.958812097352129793e-03 2.702329527225285407e-03
-7.056866239025060342e-03 3.289413635200832183e-03 3.217924418605624601e-03 5.093297439408098551e-03 -9.505560061964134916e-03 3.295792867279414597e-03 2.183100370628456195e-03 3.588847276698848773e-03 -1.190554550413343120e-02 2.231976094511985576e-03 3.809559028514189830e-03 3.952915156961937793e-03
-7.661123955820518805e-03 4.457667446130432302e-03 3.122251540992028451e-03 4.693697847532081989e-03 -9.832397382803092709e-03 2.845573420013791655e-03 2.698483144509408564e-03 3.908656748403010507e-03 -1.230209925684585051e-02 3.374146115954525238e-03 2.859690218845726932e-03 4.223342035218387823e-03
-7.312746280177316420e-03 4.086503101328441308e-03 1.762500509196825074e-03 5.677164422489448109e-03 -1.028168650817555367e-02 2.206935858382945165e-03 1.781341083286735452e-03 3.220976906836476097e-03 -1.036732316734034591e-02 3.208445279986290536e-03 4.297941291886003649e-03 3.837416412852063478e-03
-7.247442514180243295e-03 4.229267393172047966e-03 2.819616394993729180e-03 4.384514864439557208e-03 -1.009061666617882581e-02 2.014595710466737626e-03 1.743004189757691369e-03 3.239227670729149210e-03 -1.040261120369492809e-02 3.463694675668877419e-03 4.985672607732328891e-03 2.924405588249705170e-03
-6.959971154167810155e-03 4.058238102640171138e-03 1.848269322749961129e-03 4.355581518145488183e-03 -9.639015448197351538e-03 2.339392989055173733e-03 1.133455580072255647e-03 3.891285151772161215e-03 -1.036171231858988920e-02 2.439476499497328366e-03 5.638175237116488381e-03 3.243240611113055224e-03
-8.268554106721497099e-03 4.864679894273796733e-03 2.246201098735948858e-03 4.530935055442589579e-03 -9.756712520889507592e-03 3.537988106206352897e-03 1.473322694722914829e-03 3.550562661853608540e-03 -9.153162427689841285e-03 1.170980991544493498e-03 5.922077609406768521e-03 1.895823707898550798e-03
-8.061181478874034773e-03 4.557638078592591777e-03 1.275523191658053121e-03 4.501155676972354650e-03 -9.712446147864374837e-03 4.821843307939740683e-03 1.487678700968849245e-03 3.251984341729463601e-03 -8.592241754917276722e-03 1.142030562825639868e-03 4.626873704940763846e-03 2.589255973953316376e-03
-6.964369398711913947e-03 4.466013628939547592e-03 1.524504610685963914e-03 4.780476048409027304e-03 -1.067338273811027291e-02 3.474449537819727235e-03 2.390045352453614835e-03 3.215987166251304836e-03 -1.014265945097828601e-02 1.402737421224686896e-03 5.599261147187495173e-03 3.046681894217400516e-03
-6.642337186157237089e-03 4.593842200213112473e-03 1.799125415592450804e-03 4.766577476673350237e-03 -1.022340560379706928e-02 2.681193097320077462e-03 1.971189253301967436e-03 3.109476460628090265e-03 -1.099979951983605896e-02 1.912310554014187789e-03 5.784322306647911652e-03 3.397027754461781190e-03
-7.977281582179057695e-03 4.513809647634348630e-03 3.149582127006114122e-03 5.110243250993010654e-03 -9.939556393677424426e-03 2.158457306237322737e-03 2.854495803433692701e-03 3.619304795812873770e-03 -1.159916970976080167e-02 2.628162874484760939e-03 4.492683256220661794e-03 3.320333352790558017e-03
-8.565248605390953646e-03 3.455843059156311469e-03 3.826519379570076772e-03 5.186235004019657847e-03 -1.050083292173386272e-02 3.289396997499020436e-03 3.228636159715368107e-03 3.512484850315941969e-03 -1.199645717346403684e-02 2.950288346145085814e-03 4.437794670457721573e-03 3.734280422248379035e-03
-9.092776970483986906e-03 3.390144920318854428e-03 4.289002984795700808e-03 5.594704877763062578e-03 -1.078094612193117134e-02 3.154991969987397914e-03 2.914698223853966468e-03 3.941739990666839888e-03 -1.018170606533312997e-02 2.099445566572286179e-03 3.957785494575027756e-03 3.096883846036477782e-03
-8.601319141135807533e-03 3.334283813367770657e-03 3.785955631081412524e-03 4.438770761602906477e-03 -9.925171010029702756e-03 3.477713005770202790e-03 2.421489589691392264e-03 4.448906555386264623e-03 -1.213656984017822023e-02 2.470672337886878345e-03 5.371665064554134901e-03 3.427476649535348297e-03
-8.525683101312827097e-03 3.670627410618590002e-03 5.085783320547923245e-03 4.831592480732143334e-03 -1.078691943542272463e-02 3.275280691254251527e-03 1.890821875972275830e-03 3.979557583704550726e-03 -1.106695780409726326e-02 1.995851892521762535e-03 5.006346729868318621e-03 3.116542100001752028e-03
-8.670727729054779689e-03 4.304342682130816305e-03 5.128598827894893103e-03 5.593534928903444448e-03 -1.150772331802963656e-02 3.728037355819325410e-03 2.205209775478130137e-03 2.756059386434111212e-03 -1.050307184652803962e-02 2.078375478576060381e-04 6.180142309279987485e-03 3.186596115947566091e-03
-7.814192129105248380e-03 4.381964504737623570e-03 5.067755341159100278e-03 4.404655072899229563e-03 -1.218504753405570858e-02 4.208226196814790834e-03 2.102074721591332910e-03 3.392450841876713287e-03 -1.135340880473042699e-02 2.217678229041770196e-03 3.920462611965518616e-03 4.321782906563697950e-03
-8.190161952114341851e-03 3.243824764937939566e-03 5.935815251720745478e-03 3.895798684483450618e-03 -1.230548275028454409e-02 4.001517701559665838e-03 3.101864227858062029e-03 3.846782781996955017e-03 -9.852705400912719486e-03 4.964116523064086373e-04 5.016020895455094129e-03 3.342579260472803085e-03
-8.508585707209416829e-03 3.905840275679654285e-03 4.389695473262943473e-03 5.163455857050957068e-03 -1.184392022375111049e-02 1.296379477324792169e-03 2.947704963424618938e-03 4.277972614468706497e-03 -9.972393103102545134e-03 1.072340780296100271e-03 6.672883619569410646e-03 3.145581554094284936e-03
-9.526559139084527297e-03 4.308095589581930653e-03 4.734316993073757474e-03 5.203747763938010827e-03 -1.122422431389958827e-02 2.479880755666284166e-03 2.415465586638944340e-03 4.862759914243343709e-03 -9.308945176840046840e-03 5.459325672970414319e-04 5.559285556533892503e-03 2.420353889725947085e-03
-1.001736900806970282e-02 4.291957301433952342e-03 5.157867188334628282e-03 5.171518987874761976e-03 -1.151249519043061505e-02 1.154695955776135607e-03 2.777711924939460508e-03 3.918058879915601624e-03 -8.502180635187098906e-03 3.178046034919841233e-04 5.900143976499498503e-03 3.850557503442699099e-03
-1.013740832704651020e-02 3.321177771587224478e-03 5.220807210035990388e-03 4.215389497366914956e-03 -1.065683291008394373e-02 1.333147012205594195e-03 3.486130415422429574e-03 4.092831282486217477e-03 -9.691413131477626813e-03 1.754726677284547095e-03 4.887708296288082767e-03 4.656733130266299189e-03
-1.005648153964945959e-02 4.089696683420651971e-03 4.336819010078647556e-03 4.268975879006220615e-03 -1.027716104659236011e-02 1.266346639713024315e-03 2.675878029490577972e-03 4.598001656593800161e-03 -1.075186864488172911e-02 1.914209043969060864e-03 6.878122909372732033e-03 3.676089364142803590e-03
-1.077892490681460654e-02 3.715536559396356246e-03 4.803914544795361008e-03 4.558809254742558249e-03 -1.008522476007718376e-02 1.517710874929157142e-03 1.968434130479930055e-03 4.262346080393282499e-03 -1.051829689388310285e-02 2.350256485431685954e-03 6.929804107739188576e-03 3.946145390723783918e-03
-1.026128777834955583e-02 4.354937654518716700e-03 4.531711299111175831e-03 3.576455701606573705e-03 -1.080233186840451852e-02 2.004171565390661276e-03 2.372559105091795722e-03 4.064583649605532645e-03 -8.541329993260550479e-03 1.079122682738549791e-03 5.592001182807409057e-03 4.396005903836338810e-03
-1.076800512812809904e-02 3.904888280621221595e-03 5.667005910584064013e-03 3.464899621655310579e-03 -1.096762997195271754e-02 2.586278056583375153e-03 1.937747837774099957e-03 4.121706500430916478e-03 -8.838729691293433985e-03 2.387683048910557281e-03 5.388470455563790056e-03 3.620155622708839255e-03
-9.931038903767341885e-03 3.225503367994273732e-03 4.583482794198534896e-03 4.020829640674344375e-03 -1.051375683563869103e-02 3.029537580027226017e-03 1.968795579099071394e-03 3.232069467363521322e-03 -8.916085775747376735e-03 2.394598389931193189e-03 5.834853708905939247e-03 3.358451089159722285e-03
-8.974572954144270642e-03 3.389098353934570998e-03 3.916525629678676082e-03 4.680013414364025091e-03 -1.036368385364615750e-02 2.814925883218979529e-03 9.832243496773194254e-04 3.086419631160931647e-03 -9.288064252955474664e-03 1.533085331529701698e-03 6.251333905409837792e-03 4.193351930409909382e-03
-9.613664213790194812e-03 3.823936145215400904e-03 4.219459096873599477e-03 4.151881538776743333e-03 -1.078888110201424097e-02 3.375854776837162053e-03 2.282315519932175043e-03 3.489104751417991881e-03 -9.260227814658314113e-03 2.182162258345335219e-03 4.514336815470022975e-03 3.930903992457512354e-03
-9.041979480303635741e-03 3.474632159213511800e-03 4.523199674249239223e-03 3.970160648657258470e-03 -1.073143965896978559e-02 2.792350407488693696e-03 1.766031980317669427e-03 4.085571750464950247e-03 -8.688293220637176642e-03 2.571199636233457552e-03 4.544249592475253091e-03 2.871649136188546107e-03
-9.789624608390515292e-03 4.869990109655095156e-03 4.083098381388953688e-03 4.458494979060242079e-03 -1.049175523786210866e-02 3.300194744991049537e-03 9.386865369765346259e-04 3.143136490198708381e-03 -8.783369210269956900e-03 3.422781141641274838e-03 3.661066969326050996e-03 3.424878697077628383e-03
-9.802740768639029920e-03 4.905956877597465564e-03 4.503577772711532708e-03 3.851655889848598722e-03 -1.164714872399270212e-02 3.800378350991213180e-03 1.108715089274899240e-03 2.638169909927383112e-03 -9.546973376373312989e-03 5.043190328324754883e-03 2.848267497389003929e-03 4.875671532459549366e-03
-1.088677951150708936e-02 5.525929467337511308e-03 4.439309570470902078e-03 4.458969538113855685e-03 -1.068573982315300548e-02 3.719058273326635976e-03 6.884221130021965247e-04 1.435473148415158462e-03 -9.266233623478834988e-03 4.213676059031392154e-03 2.736358244863996200e-03 6.231223197557220726e-03
-8.835684241398680458e-03 5.165815745950061953e-03 4.138898196524894678e-03 2.897858788262765075e-03 -1.116840131644183075e-02 3.863865018919304239e-03 7.251759029278288544e-04 2.947381428893957028e-03 -9.883255904017996391e-03 3.816504255040964987e-03 3.613145320058646151e-03 5.118335492478410381e-03
-9.045462649260215676e-03 6.109460719509495971e-03 3.254788796661833069e-03 2.129665997620266982e-03 -1.033576729163471208e-02 2.792053595637031954e-03 2.401872187757731879e-03 2.341269372142898084e-03 -9.886730812637821442e-03 4.787260842423875229e-03 3.070542657479979204e-03 4.672234305561360872e-03
-9.419236371207239528e-03 5.606059192751727815e-03 3.796767032224941836e-03 2.465939834851627824e-03 -9.457744165187600277e-03 2.043002434160194700e-03 2.464774065392813431e-03 1.249572727578282137e-03 -9.910025361046492440e-03 5.273812072254279067e-03 3.770640868645765142e-03 4.342811067737454775e-03
-7.956406459306687370e-03 5.755496157498417656e-03 4.730472290056923247e-03 2.305615816795615093e-03 -1.026010974948999947e-02 1.837189810069241860e-03 2.777848222730171408e-03 1.328240729217989224e-03 -1.096514344149768921e-02 4.382642106761766056e-03 3.297077798187010231e-03 5.095327460813992189e-03
-7.947494678043932892e-03 5.162325392681385398e-03 4.268269408341722297e-03 2.647337761805448626e-03 -1.146942412415406613e-02 3.190850404404218729e-03 4.038408323276234183e-03 2.261115501729019615e-03 -1.026878514490386918e-02 3.627315084909409244e-03 3.609849667076114009e-03 3.228379969883786969e-03
-8.644811012452034704e-03 5.245883509367946056e-03 5.610175219807573416e-03 2.131287449857156673e-03 -1.072447303136921971e-02 2.917488969244326491e-03 3.231380178997084792e-03 2.550844006829041267e-03 -1.249324775795387053e-02 4.284996513303497047e-03 3.354671528013069941e-03 5.291877677816013772e-03
-9.151421395999151734e-03 5.708672398178366719e-03 3.822394927855523108e-03 3.943000397585193391e-03 -1.005626539861636387e-02 2.710308116565284583e-03 2.299478184959912169e-03 1.488471805711340853e-03 -1.170213279741432431e-02 4.542406420071564907e-03 4.402539183710243650e-03 4.561324453812136588e-03
-8.514458617120910719e-03 6.158634288806071576e-03 5.700835642781868981e-03 9.708692084545778901e-04 -1.075622859228977241e-02 2.363983748242031325e-03 1.365452779917678472e-03 1.560293700200555446e-03 -1.102155373089840767e-02 5.488341460028594958e-03 4.331296933216520657e-03 4.929295695741444695e-03
-9.150450672991583545e-03 5.175619181994872524e-03 5.916805002754637471e-03 9.932189905585905865e-04 -1.056997145498203387e-02 2.796569663169028424e-03 1.337439857346909558e-03 2.327942883968560188e-03 -1.042434459761835616e-02 4.919157394654547280e-03 3.645500585944112543e-03 5.531925211893327574e-03
