# ex_work for 12 qbits with connectivity c7 and unitary DM 23021509551872
-8.680106917424235125e-02 1.348041174442052847e-01 1.348041174442052847e-01 1.348041174442052847e-01 -8.680111343724494777e-02 1.348041324481576153e-01 1.348041324481576153e-01 1.348041324481576153e-01 -8.680106917424235125e-02 1.348041324481576431e-01 1.348041324481576431e-01 1.348041324481576431e-01
-5.914701721954543356e-02 6.791245941728205060e-02 4.976977987570373879e-02 5.132279549862699825e-02 -7.926747218167495834e-02 5.559171320618568751e-02 7.212570229465203875e-02 4.594668889214684193e-02 -7.926742478488418842e-02 4.976977987570396778e-02 7.212570229465203875e-02 6.791244676431106020e-02
-4.488534052919808393e-02 6.030011471113191912e-02 3.614404061434890736e-02 -1.538561141518702494e-03 -5.115319999722528488e-02 3.244480479697957331e-02 1.019361263284203171e-02 4.009003487291853268e-02 -6.527315750082167412e-02 4.020011264050903782e-02 2.279951925335446661e-02 5.050706469538495530e-02
-4.371245483389751829e-02 4.803269680323976609e-02 2.230679350984371423e-02 1.466289557204288052e-02 -2.981746412663834403e-02 -1.546482339698668218e-02 3.806982803921753894e-02 3.135776739413936864e-02 -6.841685318020720996e-02 2.917192086803455792e-02 4.524323498794544096e-02 3.928721523661636572e-02
-2.801398266826909608e-02 3.229331095637456850e-02 1.683521635087212309e-02 1.156169223112329063e-04 -2.739266857636768124e-02 -4.952397034705099781e-03 1.880879929733889067e-02 2.914776153668581157e-02 -4.761112685066803268e-02 -1.408379803276725486e-04 3.328043424276284912e-02 2.480958410757976018e-02
-2.444782722197674091e-02 2.835529078853614091e-02 6.346725418907172081e-03 2.865991860017382854e-03 -2.114646792009344106e-02 9.486783180479919572e-03 6.148184317298923361e-03 2.094960258244591214e-02 -4.068066376107613152e-02 -4.941110658450671234e-04 2.007915613657265327e-02 2.197379464304993410e-02
-2.719234237612339761e-02 2.225535642599002148e-02 1.417746744714488451e-02 2.464613607647390351e-03 -1.523521313444377127e-02 9.359877297983491135e-03 7.005838155116217957e-03 1.173208385163045792e-02 -3.449197665250049172e-02 -3.781492253574877255e-03 1.733358043124670969e-02 1.867618804945064825e-02
-2.693227886566211884e-02 2.331102258565588559e-02 1.117291482418923676e-02 2.978755513282880206e-03 -1.863802903371434075e-02 8.721181896916646581e-03 3.847417598506102428e-03 9.949639776248438497e-03 -2.650200901431485831e-02 4.230147303913653865e-03 1.276095843114001364e-02 1.227143832574586514e-02
-2.277149106148536675e-02 1.634089471383564501e-02 1.014921206403410735e-02 1.594537364500480184e-03 -1.360224983338869861e-02 3.943583735025108991e-03 5.301552029218327584e-03 9.862206444310120043e-03 -2.515981540223359916e-02 4.230808418647057957e-03 1.218456509106075232e-02 1.020425444787961301e-02
-2.418946303946383630e-02 1.680761440006955584e-02 9.583382684771662649e-03 3.535818170247811976e-03 -1.222333836765455463e-02 3.982771167337145410e-03 3.920729952840496142e-03 9.956721691690101003e-03 -2.686225624466982709e-02 4.556633987148693554e-03 1.204516019112346001e-02 1.226450234723637164e-02
-2.486489902923608858e-02 1.415560752440502522e-02 1.221565757795945069e-02 4.051481336516023386e-03 -1.348129458509890813e-02 3.572734464869935667e-03 3.664027469894483389e-03 1.232240930218281641e-02 -2.583983223983725777e-02 4.398972280645731606e-03 1.431708913050084436e-02 8.997426891424542897e-03
-2.460750098685397444e-02 1.426674663862523458e-02 1.288599538674528935e-02 2.857920330881323114e-03 -1.288394003387207006e-02 4.862679981436320194e-03 2.600292104354631414e-03 1.127496398939174804e-02 -2.510140591001642357e-02 5.035042885979747890e-03 1.018548945094603295e-02 1.142547356734567240e-02
-2.127882196692163635e-02 1.254246282230328524e-02 1.197371010152367861e-02 -1.719597316695327957e-03 -1.257294532975243746e-02 5.553167533125548394e-03 4.402178134688372081e-03 9.435133464433306111e-03 -2.413953117843095283e-02 5.470585262175064675e-03 1.023950860340376405e-02 1.102358890508264681e-02
-2.111756090629971286e-02 1.141990562554486000e-02 1.207901683254360148e-02 -1.150568905043678272e-03 -1.475400518349530114e-02 4.090825906104304625e-03 5.894995889289391354e-03 1.114695366765511460e-02 -2.073267658365461272e-02 6.222258137451166377e-03 9.033568407161020677e-03 7.764421491853798658e-03
-2.254990471565925317e-02 1.213271770411439646e-02 1.207836303717057212e-02 1.344893381207913977e-03 -1.371869539066257471e-02 4.638463502284959072e-03 4.402848433724220606e-03 8.542677958285850234e-03 -2.028572347012957966e-02 5.263391502641918615e-03 9.291659662056514501e-03 8.692909377876064173e-03
-2.216763761926825865e-02 1.118909578287776742e-02 1.016129676593809789e-02 3.542884271971566412e-03 -1.321924325334227109e-02 4.711995106363328807e-03 3.605490334368226073e-03 8.976954135402039070e-03 -1.968164155088894529e-02 3.891600934629192883e-03 7.846218653541799093e-03 1.033649984886286788e-02
-2.168233127030453136e-02 1.088430643447180386e-02 7.501579289707576044e-03 4.441334022276343003e-03 -1.289949894132281540e-02 6.398674082501105802e-03 3.679448959452626816e-03 6.742213454114969091e-03 -1.682290086797978354e-02 2.177128945147282016e-03 8.315180704563090303e-03 9.154854186902611907e-03
-2.138577467369510293e-02 9.324711578425133596e-03 8.346875464009953852e-03 4.765905220356069297e-03 -1.296603158601631819e-02 6.638049294937091276e-03 4.308363961095713381e-03 5.907017898449493272e-03 -1.667104297159396203e-02 1.416897138519387228e-03 9.060731127249272571e-03 8.988083656772219085e-03
-2.068074666904171077e-02 1.006173702089403245e-02 7.864323220437976353e-03 3.682727187708082373e-03 -1.295833083211188341e-02 5.333810392570543374e-03 5.226985285658485546e-03 6.231348536718121604e-03 -1.691061143270558911e-02 2.381661952042479335e-03 8.611014370400051077e-03 8.663738576594337201e-03
-2.176802308059364727e-02 9.529573375603301449e-03 7.857288566622195811e-03 5.498495915084381479e-03 -1.313374739111308059e-02 5.232245312760970719e-03 4.292068171420194457e-03 7.174203372701384168e-03 -1.621619696163885058e-02 8.724219259873986984e-04 9.518555728698731289e-03 8.969383902622052665e-03
-2.321914669210662849e-02 9.880313478481343031e-03 7.679523280162668837e-03 5.963652678972229844e-03 -1.302052796630832204e-02 3.451487604374885686e-03 7.358470622336014955e-03 6.974232982064287878e-03 -1.587207960770744414e-02 1.324143425731442135e-03 8.966897456106093581e-03 8.764014238936908979e-03
-2.235480046215169297e-02 9.443540590711780106e-03 6.635222396758217074e-03 6.281892360449883340e-03 -1.270413850037430993e-02 4.435037989208905074e-03 6.400871765074859186e-03 6.423106030229400187e-03 -1.461031832501172821e-02 6.067127673698990975e-04 7.571724291604912255e-03 9.333047529373540360e-03
-2.174942625108949867e-02 8.999358399722321919e-03 6.298570730579941893e-03 5.593790079700134039e-03 -1.295106487930885314e-02 5.427354244597743654e-03 6.478333043049895427e-03 6.493133772790657746e-03 -1.643327920509623369e-02 2.014918402617134601e-03 8.829900101648227931e-03 8.695294350300019140e-03
-2.175662401453653041e-02 9.243594959697110786e-03 6.714712669156148311e-03 5.765185126429505681e-03 -1.202922443238686745e-02 5.372380928058900079e-03 5.001622903850970470e-03 6.062840417802510366e-03 -1.587135498683647436e-02 1.591893820603278512e-03 8.703888664424244692e-03 8.557428715221152005e-03
-2.190248951096279012e-02 1.018554843366653757e-02 7.170867159856239396e-03 4.557096894977986749e-03 -1.171206048779144769e-02 5.898896663310932917e-03 3.595646043867227644e-03 6.614121229576115646e-03 -1.568995903671633121e-02 1.329902575144477394e-03 8.413080957099743074e-03 8.921336827617632609e-03
-2.170687200781134391e-02 8.479105191012801732e-03 7.486624105046092367e-03 3.523833872414047774e-03 -1.223237783548460425e-02 7.293526929526291704e-03 3.935915288642404149e-03 7.653080021869749540e-03 -1.586159691399776500e-02 1.804261418291328153e-03 8.312698180903648273e-03 8.732535775117147153e-03
-2.229793344613596739e-02 8.468442832480941457e-03 8.814043727425413879e-03 5.589120180975481501e-03 -1.301606137217894282e-02 6.520983546209091139e-03 3.530111078844891826e-03 7.263650607707842349e-03 -1.669676530291956326e-02 1.363469977858101099e-03 9.391139236341770544e-03 9.190757466747781837e-03
-2.200292291627681945e-02 9.183196855344426604e-03 8.551013073113176641e-03 6.973348043041152980e-03 -1.267710118979798600e-02 6.062441020355718857e-03 3.537584019724477127e-03 7.411689306510891272e-03 -1.722005307074804883e-02 1.764298744707980910e-03 9.714977229537288123e-03 6.746928520492370684e-03
-2.063573295219160025e-02 8.277935319349116750e-03 7.938090113942019091e-03 6.785807351135648806e-03 -1.221829145038859886e-02 6.199754627458716957e-03 3.314247922269087255e-03 7.149033402757384685e-03 -1.716214195872735326e-02 1.648206938733863362e-03 8.859983151814748367e-03 7.209031235552651462e-03
-2.179729361083490580e-02 8.015914387598450583e-03 9.523987823314792461e-03 6.905949949111539130e-03 -1.363283093888249808e-02 5.979399023253450206e-03 3.910421430208268177e-03 7.014094339276762298e-03 -1.606267496494147989e-02 4.450707965913304888e-04 8.694376250377788135e-03 8.923454595159936026e-03
-2.162895879111344927e-02 8.195322722267337628e-03 8.595627813780194054e-03 7.222049211852959137e-03 -1.087520884035029362e-02 3.517015529107996204e-03 5.374486789751501542e-03 6.672893010407765849e-03 -1.527583797853116800e-02 4.265806743218408283e-03 6.448645179244560412e-03 4.288851188915318059e-03
-2.125721851122251010e-02 8.181586342382607749e-03 7.470967692011924559e-03 6.954034912947258153e-03 -1.084111387366664368e-02 3.562000968723447007e-03 5.946933222170309660e-03 6.840752640171418771e-03 -1.450387203811723258e-02 4.595190947197951882e-03 6.162250993513681240e-03 3.329814834944273827e-03
-1.899738186700254683e-02 8.014435574740769175e-03 6.185988865392954249e-03 3.809673997370335592e-03 -9.667112854322203533e-03 3.553416977640866913e-03 4.549977924236829618e-03 7.722766974740609240e-03 -1.489647726127652123e-02 5.350078941821830025e-03 5.286442600409506538e-03 4.614637295052941707e-03
-1.883753817287118354e-02 7.797097854199322615e-03 6.987042672626292937e-03 3.710015062006104779e-03 -1.119949662996731418e-02 2.875224794084076281e-03 5.328969749924482996e-03 8.850400679216748404e-03 -1.587937039142270010e-02 5.654436652477781537e-03 5.993705855203413507e-03 4.794626899091334118e-03
-1.820289494644165493e-02 7.719786026247642263e-03 7.208799741660899471e-03 3.987006101666841149e-03 -1.168710117108653218e-02 2.889560365903802268e-03 5.111358847394375897e-03 8.422528261884316622e-03 -1.611334423541320102e-02 5.203484372277530391e-03 6.333483931008015468e-03 5.152083443691837621e-03
-1.898491152029792989e-02 8.022752118086003831e-03 5.974893407661516741e-03 4.875899819614198938e-03 -1.100130981491559412e-02 5.045031304743656693e-03 4.640781649354307377e-03 6.739323416348619832e-03 -1.475199407205960399e-02 5.336972502578580906e-03 5.034028342694370564e-03 4.756032930004162537e-03
-1.901970556838729690e-02 7.901410225472919185e-03 6.885031854363475590e-03 4.160468995869413475e-03 -1.122638248842964571e-02 5.395437635441241615e-03 4.267649082398207276e-03 7.036224754748797959e-03 -1.500103275146439860e-02 4.601444985011165188e-03 5.600859970103510242e-03 5.226671707605814662e-03
-1.846234524223819978e-02 7.491003759836291527e-03 6.484832859153674689e-03 4.049110272930325771e-03 -1.141306726401581338e-02 6.082724136307982553e-03 2.882125560171987493e-03 8.204874952067498645e-03 -1.494378669743551269e-02 5.290286135854211508e-03 5.486632315081924928e-03 4.565014390197547935e-03
-1.768303660139553327e-02 7.512812343488422390e-03 7.228863716791785084e-03 3.162711012356308592e-03 -1.090240439331456243e-02 4.694502618014583656e-03 2.487793699824737952e-03 8.709689495800480158e-03 -1.597117080466318312e-02 5.855793441411025549e-03 5.849684515787778767e-03 4.758859761174720308e-03
-1.849256143327063923e-02 7.371449699084162491e-03 6.371805198145134332e-03 3.563168480091335414e-03 -9.820439286420810931e-03 4.463849391836183060e-03 3.122553856176310105e-03 8.549509940007762876e-03 -1.526361571488380441e-02 4.979013422528979702e-03 6.108869016180421864e-03 4.563654094962980509e-03
-1.905572766663816628e-02 8.134135182906626280e-03 5.506147806968439418e-03 4.849559736396512159e-03 -1.131069786329863200e-02 6.005914426533439862e-03 3.843038531933221438e-03 7.251390791793821400e-03 -1.504885215396460814e-02 4.913389304250230689e-03 5.819457313000628122e-03 4.960713962505736846e-03
-1.922044885945450518e-02 7.041216221616472017e-03 6.384043537942720586e-03 5.293185765518756622e-03 -1.060141898946273357e-02 5.545235035045774363e-03 1.409421026985754888e-03 6.958374024535710946e-03 -1.601680427084535216e-02 4.624179327325998734e-03 6.918130352223966772e-03 7.787163337708654168e-03
-1.777459751790927758e-02 7.802232512874590110e-03 6.721975161038992730e-03 4.736702967741839541e-03 -1.117359958891191683e-02 6.277931704519982767e-03 8.479910307334431133e-04 5.144107355232726241e-03 -1.609705134896752265e-02 4.836830055542875283e-03 6.932939038562617451e-03 7.583944091232277390e-03
-1.665608933713980111e-02 8.611287768812753499e-03 5.547107651020616662e-03 5.359551572577645612e-03 -1.086726266850510277e-02 4.435757000557489192e-03 1.758844916767414879e-03 4.066406880241000589e-03 -1.598270805697249788e-02 4.648527461044999441e-03 6.163955304760222742e-03 8.330216729402376702e-03
-1.686222338007652144e-02 7.846285093641927263e-03 6.838373396244093981e-03 5.039519817121651708e-03 -9.182484092856121535e-03 4.481455891276578223e-03 3.289183128959145656e-03 4.224223575917142141e-03 -1.692739052207329481e-02 5.466251729471870158e-03 6.333639408191532073e-03 4.777618366265560385e-03
-1.710125922649251978e-02 8.885975986482193625e-03 6.179426424174807274e-03 4.960115639500040779e-03 -9.617441401468702911e-03 3.101686336337550892e-03 4.394644378001456159e-03 5.123249969194288919e-03 -1.787576731665648996e-02 5.522540376119660852e-03 6.744913680317044836e-03 5.454814662322986056e-03
-1.696980755058557014e-02 9.084019859856261314e-03 5.674797359061425212e-03 5.056946578438218862e-03 -9.593307457267157001e-03 3.669626243575197389e-03 3.500379209593408245e-03 5.358093262534156277e-03 -1.694992283426318552e-02 4.745112284834190203e-03 5.477474125377980105e-03 6.408691164786806810e-03
-1.655833268278852216e-02 9.232087532783556788e-03 5.900333350492685883e-03 4.196066401914097521e-03 -9.344662486332200313e-03 3.539852277983337753e-03 2.704550355019131290e-03 4.823476999018695179e-03 -1.673435053132552724e-02 5.223853489699501092e-03 5.470802968115374629e-03 6.826466084307199894e-03
-1.681567553698582948e-02 9.124313837710182687e-03 5.595238889687403384e-03 5.190871284455732086e-03 -8.751665792515661221e-03 3.373149978659138303e-03 2.608376036894788797e-03 4.401866697641285825e-03 -1.870552835595260671e-02 5.771216678447761532e-03 6.802035919202138563e-03 7.261275794610868618e-03
-1.760979712321881357e-02 8.051340865851238510e-03 6.183165437960509020e-03 4.999328291062627057e-03 -1.003156555699379927e-02 4.965697459674499672e-03 2.917419151262529500e-03 5.345975885095087705e-03 -1.710086829112622900e-02 5.060523893636577862e-03 6.948698113423169842e-03 6.017987135121993271e-03
-1.077916577254648192e-02 7.484361790331391616e-03 2.024306782350849491e-03 5.487685868784430640e-03 -1.075520747638271206e-02 5.336974061687278954e-03 3.356356680275120099e-03 5.262066649919980819e-03 -1.485573871787595340e-02 -9.854105279620906446e-04 5.853575911558429185e-03 6.417767667778139645e-03
-9.056622423106872738e-03 6.128047121081115801e-03 2.024187687176476087e-03 4.488924659795012068e-03 -1.055972857221848527e-02 6.019461096231006926e-03 3.434808473021040438e-03 5.441378725113532773e-03 -1.452490057387294427e-02 3.275550852941124750e-04 3.911534467590725185e-03 5.686819495325261785e-03
-9.424151496087248073e-03 5.647989272625287757e-03 3.006850566742775687e-03 4.276536806133045786e-03 -9.569712158551528861e-03 5.540966335358845328e-03 3.190771943336926601e-03 4.954853888475274637e-03 -1.239949251914609051e-02 5.048750779113789396e-03 -4.268166251932078601e-04 2.901379671571399123e-03
-9.467856178375772674e-03 5.839172658039465044e-03 3.650248221928416650e-03 4.191104933431372311e-03 -9.192166329779588932e-03 4.965046693383171061e-03 3.092218569385398949e-03 3.952633635787800546e-03 -1.195520056874107076e-02 4.837424997459883677e-03 -7.982746953201567790e-04 3.492363668318305709e-03
-9.039670078135870687e-03 5.200811682297927854e-03 2.635031815736357721e-03 4.511431530192986511e-03 -9.054804831284762878e-03 4.736490061161223973e-03 3.464749226194071326e-03 3.149177483166618226e-03 -1.145266310369060479e-02 4.924244338772340406e-03 -1.104605372177410241e-03 4.469371230521827949e-03
-8.584536102520362241e-03 5.081664314505748327e-03 2.236071046594843067e-03 4.629301780595009366e-03 -1.028991512941171242e-02 4.828977050438289752e-03 3.295357333691055317e-03 4.173632773628424379e-03 -1.281672676937013929e-02 5.435871251998254834e-03 -3.324230139863970407e-04 5.157730595116760686e-03
-8.444708628293651903e-03 5.227600564304197769e-03 1.907018107701885946e-03 3.719598675817754364e-03 -1.052854143605130334e-02 4.962869599916683999e-03 4.267501728266984845e-03 4.179463940455802225e-03 -1.148844909094017507e-02 4.234614988815259100e-03 -8.760011987900998909e-04 5.440386914378906105e-03
-9.543143022375367643e-03 6.598739793547777135e-03 -2.028485027649753699e-05 2.536928846074766597e-03 -1.025034059898833477e-02 5.224718774353596593e-03 3.863891417936986174e-03 5.076292115521429706e-03 -1.231466201429867215e-02 3.984778531896272270e-03 2.629266158065571811e-03 5.081377658087786291e-03
-8.418603679278479149e-03 4.451266768980973246e-03 2.371443398990216722e-03 2.212807372419889427e-03 -1.041899896668444479e-02 4.259570271968335722e-03 3.899226849682751236e-03 4.105753373740619362e-03 -1.208175005711846321e-02 3.385560507285823289e-03 3.764093244358848733e-03 5.026473420496994048e-03
-9.266739362908556904e-03 3.539451099099188373e-03 3.376076091041365409e-03 3.015030852932982196e-03 -1.099587457202680710e-02 4.053871591457720164e-03 4.746821643309139492e-03 3.210513598387729033e-03 -1.101056583438453015e-02 2.302587361994292217e-03 3.608443690986496127e-03 6.017052689136066952e-03
-9.469840672768641346e-03 4.087944675716842328e-03 3.675039611066337458e-03 1.855199448801595581e-03 -9.121252952878789594e-03 3.440926336314791088e-03 4.194502702472399820e-03 2.910773564885840541e-03 -1.226808831910307721e-02 2.676540561067570264e-03 3.985883191342255369e-03 6.611004592514260932e-03
-9.013620831344909545e-03 5.265573327953372747e-03 4.334254325124495093e-03 1.734683377025338135e-03 -9.849726510958979608e-03 3.513293028252282256e-03 3.307791072981350160e-03 3.609357827648843227e-03 -1.201816188829194637e-02 2.253611885342787780e-03 3.871540113248961561e-03 5.558057199885517788e-03
-9.512026698998898508e-03 5.832707936368176915e-03 3.860581770794525511e-03 3.173444922387772156e-03 -1.038804748230278546e-02 3.121838609660378648e-03 4.140455083719706865e-03 2.752821772692499308e-03 -1.152923717131696703e-02 3.007920623133542894e-03 4.513269545072501332e-03 3.639451469806688922e-03
-8.346853077514478775e-03 5.029428419176931730e-03 3.119712700348541493e-03 1.809651881735400633e-03 -1.063685464201775260e-02 2.883420571203899538e-03 3.879406348381733358e-03 4.117118799698588939e-03 -1.033779047806522751e-02 2.407465261362586213e-03 5.292953022855574619e-03 3.075436111749913978e-03
-8.561993885874374238e-03 4.084562464979815850e-03 2.714106758589057873e-03 1.229249172063641730e-03 -1.060444698717599721e-02 4.381236073596927322e-03 4.456823019669656043e-03 4.180096347590438535e-03 -1.035476865607863964e-02 2.466815453267805908e-03 3.760617478865118084e-03 4.567075903878804570e-03
-8.940406395799826642e-03 3.752654060851819910e-03 2.582554356315416334e-03 1.967318125066819332e-03 -1.105000262387254364e-02 6.343874540440453888e-03 3.014491001535534506e-03 4.353188932617243871e-03 -1.054324468692040620e-02 1.540006269966204787e-03 5.298022186042407496e-03 4.211071464461617862e-03
-8.405331902810448189e-03 4.182653601459188596e-03 2.285984055294781794e-03 1.242882518132439789e-03 -9.693454330068386471e-03 5.150219121844896303e-03 3.349128728450139880e-03 3.723355027886176682e-03 -1.144992590920580929e-02 3.150964669943453599e-03 5.638884374768195033e-03 3.184128392948520989e-03
-8.603069144429383031e-03 3.801936015229889516e-03 2.203793127639881635e-03 1.922135861875364860e-03 -1.080354574429368865e-02 4.326393384628287112e-03 3.210109318418538117e-03 4.042304370900128355e-03 -1.076507670604815239e-02 3.294892921999195961e-03 5.595503434588718246e-03 4.200558607109327290e-03
-8.692448096189724777e-03 3.649675696764773710e-03 2.881275786795487251e-03 7.963724860745108802e-04 -1.068607050333865612e-02 3.895950507403208012e-03 4.191259970553679222e-03 4.399574808907537153e-03 -1.135439522719797548e-02 3.397117007632221523e-03 5.920298887758758052e-03 4.150415057811707858e-03
-8.004323373293027385e-03 2.022926566081137238e-03 3.532533647184963200e-03 1.012063889192422496e-03 -1.171473125215305271e-02 3.868569383603304157e-03 4.610816524597863633e-03 5.072216077793938876e-03 -9.656453997822164043e-03 2.840301074242965879e-03 2.806440358684818715e-03 5.981195009068438623e-03
-8.334684695023615239e-03 2.201657295894788365e-03 3.236202715659040365e-03 3.216773804054242920e-03 -1.061664623436803755e-02 4.089453168998551102e-03 3.602027122778372371e-03 4.557735643509985141e-03 -1.134473367168312673e-02 3.531764697369930203e-03 2.914633094682855547e-03 5.387728822124931982e-03
-7.878211194287609853e-03 2.783097413781825645e-03 2.620457893447460627e-03 3.501274961435974636e-03 -1.072637155104360501e-02 2.972244214188788421e-03 4.044386216638226964e-03 4.603614834667998576e-03 -1.135299043198679386e-02 2.937404792771870082e-03 3.226044859637401153e-03 5.674395757096381727e-03
-7.394067900416564920e-03 2.649896465004337662e-03 1.672906053000628021e-03 2.481758760446491508e-03 -1.047890220569412841e-02 3.297232496469520643e-03 3.847137048448447550e-03 5.294181636543539467e-03 -9.607221916988857233e-03 1.528659443373454408e-03 3.557769139404953415e-03 5.197599429543797028e-03
-8.907187060433198814e-03 2.543806096744860405e-03 1.697628450480320218e-03 1.658803004250960405e-03 -9.521643269682132302e-03 3.903198438136501556e-03 3.150482220521458321e-03 6.442868051494947228e-03 -1.043673696754320382e-02 2.131024867680267505e-03 5.236786827861145306e-03 4.368772751387237953e-03
-9.042329470891738788e-03 1.270362787070185425e-03 1.891070275211689930e-03 2.229724323366979663e-03 -9.297113320156554991e-03 4.936141761152039627e-03 3.215564665109910038e-03 5.773081356941447972e-03 -1.084266323662607182e-02 3.552102585426441823e-03 4.458747536615390895e-03 4.155299361762679160e-03
-9.688725540799379699e-03 2.112190982505034696e-03 2.004765519790700865e-03 1.941668661717848828e-03 -9.071425827528468641e-03 5.103954409125157320e-03 2.958193487113262941e-03 4.996233641505908388e-03 -1.024856925213289000e-02 2.930271468252715165e-03 5.069125590077306308e-03 4.141619322974053781e-03
-1.036347701112060385e-02 1.282639258843416234e-03 2.335640433359195255e-03 3.075544944531209256e-03 -6.753523006622420485e-03 4.617835792276829034e-03 2.851267525862680001e-03 3.067329835276338696e-03 -9.201182437646445583e-03 3.315917966660447691e-03 4.663526752276196501e-03 2.968953012574978689e-03
-9.936241688798350125e-03 1.943676620935919737e-03 2.563736428857153402e-03 1.802315557377408631e-03 -9.240372111815603820e-03 5.997095709032586146e-03 2.772087340292130747e-03 4.462695607056591657e-03 -9.427580446097436409e-03 2.580828781168222411e-03 5.340855465418983990e-03 3.341193428046884510e-03
-9.962542769130959888e-03 2.689602176947040926e-03 9.062476439618394721e-04 2.794128710067718055e-03 -9.491661425724294554e-03 4.187319356620973314e-03 3.340321740414704203e-03 5.044358117341377588e-03 -1.067883423672759229e-02 3.651391279161869761e-03 5.704687828983041019e-03 4.249555626799518884e-03
-1.039541360233497448e-02 2.315179864721011917e-03 2.620648998494490376e-03 1.886698124374771570e-03 -8.229823493314131558e-03 3.106601733257462628e-03 3.444189966110883412e-03 4.666942210747633199e-03 -1.090077171227959996e-02 3.978297525074992597e-03 5.643321195656737961e-03 4.199662241490554823e-03
-9.589734812260700472e-03 1.500198883980485278e-03 2.998405292053072258e-03 2.395471194333699018e-03 -8.867943267830670495e-03 3.053777182422817444e-03 4.554930958993410293e-03 3.345522561853400256e-03 -1.088170231753895524e-02 3.794123008667501986e-03 6.334145010634284478e-03 3.673080173027046692e-03
-9.262825775944817652e-03 2.918265039594484991e-03 3.233096702533399917e-03 3.191264256738354180e-03 -9.118093419012381073e-03 2.122201971138806733e-03 3.757353580743629570e-03 2.485096549805009252e-03 -1.034425055693868195e-02 3.651251714927649522e-03 6.149160925932796451e-03 3.400909341656213440e-03
-1.010575241913544073e-02 1.449794472231594666e-03 4.178812633637902195e-03 2.858326321337725101e-03 -9.088775610397514110e-03 1.617957859169032522e-03 4.823895560490148136e-03 3.701827944344927325e-03 -1.008942537757546998e-02 3.244865433500668944e-03 5.821024054410250774e-03 3.885611904565482166e-03
-9.410093225786406515e-03 1.906445592444761970e-03 4.899129989625715040e-03 2.358675752856158239e-03 -9.741859061340918738e-03 1.700176062925883112e-03 4.973255948991587780e-03 4.173280221784029208e-03 -1.060311602929817423e-02 2.719292468115050519e-03 5.199173716006093467e-03 4.196933779683832168e-03
-8.904939819495040140e-03 2.964570997802049024e-03 3.345223654014456340e-03 2.355080168212647217e-03 -1.152803369460154125e-02 2.223736557735687958e-03 4.100684128122349809e-03 6.474989010101486059e-03 -1.054045181478874618e-02 3.513756792088207782e-03 4.558872471410081381e-03 4.013693791845849776e-03
-9.532467050198847880e-03 2.670557116754905275e-03 2.063025116133689919e-03 2.735201897766992296e-03 -1.125136822611738120e-02 2.845007859568348882e-03 4.853269446604171512e-03 6.700485007306447062e-03 -1.056724315980085184e-02 3.235410153828297084e-03 4.711284274166261353e-03 4.183604214482796596e-03
-1.023302508102398416e-02 2.562266294234517936e-03 2.193710141124525451e-03 2.212440625724909800e-03 -1.098381810290538843e-02 4.068120397308203420e-03 5.489283056271433876e-03 6.059369000314752778e-03 -1.068246527464469277e-02 4.648889662939709871e-03 5.232736891335253854e-03 2.180455458709729469e-03
-1.066773775214365817e-02 2.758595054736288389e-03 3.616713389938687809e-03 2.561793453663171842e-03 -1.143824081893718078e-02 3.637551334168300388e-03 5.223241153302247627e-03 5.823183072099941474e-03 -1.128891751808269207e-02 3.311006604205845531e-03 6.302743007538811129e-03 3.148517353092854416e-03
-1.094319532375095071e-02 3.667617520719816844e-03 3.465159996718999210e-03 1.989579586385230737e-03 -1.050357517508916302e-02 3.940718076974775684e-03 3.851492838782289482e-03 6.274085504489250280e-03 -1.114801940656104731e-02 3.570022409442755694e-03 4.537709830013381823e-03 4.115768724410690839e-03
-9.753970059629628320e-03 2.427043980538810992e-03 2.881154092740758569e-03 2.434192228350933167e-03 -1.052014262269928245e-02 3.448018073468255527e-03 4.214156423934214274e-03 4.935702499307536434e-03 -9.009860086138144972e-03 3.003791768152824348e-03 3.906674471156771321e-03 4.283572846231329181e-03
-9.810042032780907917e-03 2.414795606246930657e-03 2.455623574722343161e-03 2.682118361488602769e-03 -1.088910070912074007e-02 4.340848223627702743e-03 4.999425114887333203e-03 3.808789257443489628e-03 -8.582601626072395781e-03 2.172334984749325643e-03 4.389751354870437619e-03 4.293402450156002734e-03
-7.535767715189008349e-03 2.043973271151266948e-03 2.098539761881430734e-03 2.267646409138100467e-03 -1.155915804496579491e-02 2.973275715095030983e-03 4.608660114381239389e-03 3.734470351013275020e-03 -8.065144530869339592e-03 2.602851409280395375e-03 4.564503719200744235e-03 4.266995209983171465e-03
-7.927284202961853640e-03 1.271866909445469639e-03 3.129965364160965883e-03 2.665772937791430729e-03 -9.616037467526743904e-03 2.808059255115271692e-03 4.010180537103336974e-03 3.241947957800618129e-03 -8.957473998993126588e-03 3.187069158147084677e-03 4.322174374942863023e-03 3.702256253886217294e-03
-9.557944707449214303e-03 2.130665455793744230e-03 3.897179824408571972e-03 2.778542129322529846e-03 -9.577863830213497603e-03 4.793898514714168418e-03 3.077288840924240036e-03 2.180674495214665783e-03 -8.243629228699568545e-03 3.570288820262329868e-03 4.237206210000707234e-03 2.678832146258333918e-03
-9.584988296065442143e-03 4.334137116183187262e-03 3.719036697872380760e-03 2.420850288495244185e-03 -9.815202878770622544e-03 3.210779294254944172e-03 2.351347185314895099e-03 3.127923813630982802e-03 -8.584781991034858006e-03 3.984104672990328860e-03 4.205377958933727289e-03 2.672225959779375628e-03
-9.692610611597660478e-03 3.856964697455572081e-03 3.764834314413368493e-03 2.760080851308520031e-03 -9.780180838557549217e-03 3.610499075125900813e-03 3.255227040491873603e-03 2.420940295044379017e-03 -8.794935866737838004e-03 4.004396873522323395e-03 3.993963749745760815e-03 2.673906859596047320e-03
-9.273583497036549245e-03 3.613613634961007279e-03 4.760822147073810219e-03 2.780195818502228296e-03 -1.092241544388108769e-02 3.411425690874738542e-03 3.442077183804949977e-03 2.480418285164833012e-03 -8.642484373197008643e-03 2.872620391801598751e-03 4.768044436876505386e-03 2.897118640872325002e-03
-9.278507531820604989e-03 3.605648104723911326e-03 4.911921386532144482e-03 2.654570106297307955e-03 -9.973730190409906687e-03 3.943924553935488318e-03 4.452313359288885379e-03 2.594615510110157442e-03 -1.002156366880669822e-02 2.801787079950960376e-03 3.883622716128718160e-03 2.667171220323482847e-03
-9.942737820678362176e-03 3.725907636996819098e-03 5.424678077121281201e-03 2.757992773478645625e-03 -1.012732382446709413e-02 3.838961854628200783e-03 3.645663560684050779e-03 1.489418339230086678e-03 -9.961288792861722891e-03 4.042235278778209644e-03 4.814707279098753324e-03 2.678965243248766781e-03
-1.022228962080261316e-02 3.131319955267314065e-03 4.478591736048014721e-03 3.366140952732294203e-03 -9.259140075223515690e-03 4.259552168930369476e-03 3.962756726457946320e-03 1.058430645766195253e-03 -1.054772794571828473e-02 4.237869424107994394e-03 4.322123851173081434e-03 3.594577831328547076e-03
-9.658819601924812856e-03 3.091730166826191749e-03 4.570714898824346575e-03 3.431482049574566696e-03 -9.849606869374501542e-03 4.299846314979291310e-03 3.172190934717233381e-03 1.092916723509373056e-03 -9.706336622134333070e-03 4.073164799080413595e-03 4.770640095371702326e-03 2.964391700196974868e-03
