# ex_work for 12 qbits with connectivity c7 and unitary DM 23153480041024
-8.680106917424235125e-02 1.348041174442052847e-01 1.348041174442052847e-01 1.348041174442052847e-01 -8.680111343724494777e-02 1.348041324481576153e-01 1.348041324481576153e-01 1.348041324481576153e-01 -8.680106917424235125e-02 1.348041324481576431e-01 1.348041324481576431e-01 1.348041324481576431e-01
-7.052132453024753667e-02 5.787352976755948120e-02 4.618475855659515822e-02 4.718953763335515666e-02 -6.236091864309047800e-02 4.080352013564449848e-02 5.026356491961938427e-02 4.607658904077759077e-02 -7.230908201328889451e-02 4.532832561492242118e-02 4.447326404559767687e-02 6.496357905718412595e-02
-5.140541967380259786e-02 4.257693175468688779e-02 4.467418479167516859e-02 1.703424160575115615e-02 -5.367805872945673185e-02 2.455884369328105096e-02 2.916674239347871386e-02 3.907831397084028657e-02 -6.317572300399218466e-02 1.864332041410128593e-02 4.373911177953539176e-02 3.928337735851330365e-02
-5.429779910303888374e-02 4.000122631886263852e-02 4.372768734497852611e-02 2.029541358876105206e-02 -3.931379559593635442e-02 5.689705842838211312e-03 3.662799961607594856e-02 2.944176634554957622e-02 -6.476060018866408585e-02 2.400512008314486037e-02 3.944785358955631843e-02 3.732563166827250478e-02
-4.666370492701374384e-02 4.140276633413293716e-02 4.611896976364781436e-02 4.859904632657320589e-03 -1.568185720521588639e-02 1.685991279546488961e-02 5.350850780646306155e-03 7.329730475464065267e-03 -6.393472717462628241e-02 1.911628373946460541e-02 3.751471670708796807e-02 3.534844220624909494e-02
-2.555311671645709229e-02 1.478312579433230939e-02 3.587287510370523735e-02 3.287153727509049654e-03 -1.541520905816932616e-02 1.009506697462126887e-02 -1.974709758497459559e-03 -2.170274890451221687e-03 -4.038411107831361285e-02 2.354006149588102476e-02 3.047832000550453752e-02 -9.898631772243661562e-04
-2.180033385281798450e-02 1.499675178416510525e-02 2.573845034304784660e-02 5.038524602237501142e-03 -1.264283903740585566e-02 1.239638249987661152e-02 -7.948938421560233780e-03 -4.981316383663383571e-03 -2.929887486796763779e-02 7.266945229891682428e-03 1.986940692599594577e-02 9.057462867281991514e-03
-2.126186141917631514e-02 1.388876860837986310e-02 2.481025844021722895e-02 2.036357725440040862e-03 -6.774167937834180316e-03 7.616513480998535375e-03 -1.410663416732478234e-02 1.397709580699454685e-03 -2.333971768659364246e-02 1.776475307581157174e-03 1.379619393671509958e-02 1.387981533094499557e-02
-2.203959889664572694e-02 1.136886469233792593e-02 1.803957724756847375e-02 3.482960424577414681e-03 -1.086044955971688514e-02 8.297538687772002680e-03 -7.226166120381382826e-03 5.286726572166376183e-03 -2.356288700260084773e-02 2.928827882072058356e-03 8.946911153404764686e-03 1.755776634488403001e-02
-2.437718397695077047e-02 8.937386896787023402e-03 1.705863672051975699e-02 4.266402125395718850e-03 -5.731800040239061651e-03 6.462462982242886400e-03 1.341565108004369087e-04 4.456715869019414571e-03 -2.176383509596336446e-02 1.524450109511768254e-03 1.010143048645160101e-02 8.987712004741563177e-03
-2.311695713990955664e-02 1.065498433290966440e-02 1.590084874714235361e-02 2.354398718399099925e-03 -7.066597989470512452e-03 8.192877181604633560e-03 1.787487809774133312e-03 3.509654850379744992e-03 -2.375911442199300436e-02 3.570992567726697514e-03 6.078729091868287013e-03 1.236188340466618310e-02
-2.397902498170765770e-02 9.626656973674031087e-03 1.338016851438909686e-02 4.590637041622474407e-03 -8.334558123945071811e-03 5.506564531205138287e-03 3.007955543404542808e-03 8.133568427992350636e-03 -2.097361821843735097e-02 1.954645096711630971e-03 3.527031061322640458e-03 1.326481318653083795e-02
-2.474078208548880636e-02 7.882807320300048992e-03 1.345444738142114426e-02 5.778841640900539076e-03 -8.334813917146657175e-03 6.532432296401872139e-03 4.603808333056503416e-03 6.900702681698361700e-03 -2.112494549353669676e-02 2.271611745788659330e-03 4.553491682906160229e-03 1.208568178358072030e-02
-2.376572728995896347e-02 8.451684434593076042e-03 1.256765128937270201e-02 4.653436605224717075e-03 -7.428430267616002898e-03 5.501652275544907308e-03 5.101470008592744014e-03 5.285573830979575956e-03 -1.901890377792880837e-02 3.115651662350919868e-03 3.923250905918472704e-03 1.002146163904355999e-02
-2.007587473370749803e-02 1.053590356416201322e-02 9.149463889767108990e-03 2.312609038396256419e-03 -6.667382972508924428e-03 4.199512079772363057e-03 5.229702935986401367e-03 5.045694782331333270e-03 -1.873936703112033184e-02 3.084333808679615759e-03 4.791368243948206963e-03 7.849736705248803320e-03
-2.037333381138471677e-02 1.076495221638117290e-02 9.889792580854265408e-03 1.883519474184119436e-03 -7.708975646765487376e-03 7.067830463878263698e-03 3.520875471703599924e-03 4.665775396024418598e-03 -2.025227362518416604e-02 3.806779882730283119e-03 4.898207756140617042e-03 9.422611247594329595e-03
-2.153895621094394433e-02 1.128319342988923571e-02 1.037407514538658468e-02 2.305228811995617758e-03 -9.052732059302343384e-03 6.785441352745328301e-03 4.835272460811407963e-03 5.148280079105382705e-03 -1.969023802386430516e-02 2.666043645242841247e-03 5.882255083999142140e-03 9.052640725636445715e-03
-2.094800080935130607e-02 1.051464708008571260e-02 9.520955186417535271e-03 3.468445997250693604e-03 -7.570753829754932676e-03 5.512621094593760443e-03 4.160073508193527433e-03 5.385364450374020319e-03 -2.005784633389624122e-02 3.942771218775523168e-03 6.077978240013583167e-03 7.531013929781139697e-03
-2.093406367594969480e-02 1.023499995579784175e-02 8.355870378762309328e-03 3.769817683100584738e-03 -7.921187040760422488e-03 5.925575885680327455e-03 4.877848766741555396e-03 5.726875897464248077e-03 -1.997686268508800170e-02 3.537623371794947850e-03 5.022789304639480902e-03 8.919171406629990140e-03
-2.028740946423159691e-02 8.665813958521241187e-03 9.177125570622914758e-03 3.640681642675510678e-03 -8.396662044932145727e-03 4.140037308787415833e-03 4.510330490542615103e-03 4.826955366120285092e-03 -1.860168131375702916e-02 4.937579008719426323e-03 5.507647648175999049e-03 8.777552896889490724e-03
-1.964193819469558372e-02 8.372577611995342395e-03 9.200777333962566196e-03 2.884097399966647872e-03 -8.613787478980155371e-03 4.834579054234945834e-03 4.058776425084173640e-03 5.649245773012285914e-03 -1.884561290181559906e-02 4.477697067320598849e-03 5.987691640318543694e-03 8.429354252121587510e-03
-1.903706397147042137e-02 5.115801909791251566e-03 9.040177229569111919e-03 5.296744647717612983e-03 -8.582714761083926752e-03 3.970520484763789826e-03 4.236224763147109114e-03 6.118279268641053752e-03 -1.718508639449242009e-02 4.890644379027483425e-03 4.899996826055105607e-03 7.216119712936880544e-03
-1.917739282054227098e-02 6.665353381073883983e-03 7.047915376453633973e-03 5.573632818225684495e-03 -8.135273470565173790e-03 3.317370505356231729e-03 4.781297602317448846e-03 5.777170496643373870e-03 -1.751492763197565888e-02 4.789065458691706481e-03 5.139449339415404563e-03 7.756344866823650271e-03
-1.815231815331518755e-02 5.335233805326747118e-03 5.760583709645411554e-03 7.027006677163721501e-03 -8.063038103605970827e-03 4.249011786770320355e-03 4.773114759522633331e-03 5.846617835668064395e-03 -1.745435638152866356e-02 3.632901595316785897e-03 5.950275540989754391e-03 6.736672536645203942e-03
-1.868590745261518651e-02 5.700839839473771826e-03 5.647899510135182856e-03 5.440085279600889202e-03 -7.733808388201039892e-03 5.218868142622123084e-03 4.665559579370433252e-03 6.583887568874264608e-03 -1.732789874443439737e-02 3.714535404732922669e-03 6.366765041968428657e-03 6.110097291154954410e-03
-1.811541361916465739e-02 4.932275606174481124e-03 5.748191197569686890e-03 5.481364917592146217e-03 -7.651881695479080710e-03 5.784226937180684570e-03 5.072734613160389400e-03 6.913479114096524047e-03 -1.808885904689591997e-02 3.728195768317990079e-03 5.625438853337183867e-03 6.309973034376507688e-03
-1.848944362240083697e-02 4.426924711516289947e-03 5.215963305524307786e-03 6.926188579001516660e-03 -7.924480782922245503e-03 4.818774316312559973e-03 6.098992795411495478e-03 7.129551008793474226e-03 -1.719816957424102899e-02 2.833671034030418954e-03 5.227680391993836002e-03 6.611114635605329186e-03
-1.829831470494490062e-02 5.773716968190301287e-03 6.611458310828790402e-03 6.831229004887601035e-03 -9.436352326471119517e-03 4.783131023830192521e-03 5.593194722955107355e-03 7.207826608098732470e-03 -1.777676927802027129e-02 4.080339689018056687e-03 3.514735922042118606e-03 7.156835924116943838e-03
-1.731710176648506086e-02 4.784598687507027152e-03 5.585795892114686113e-03 5.888349938874913765e-03 -9.076212705949231532e-03 5.084330548433951651e-03 5.100599165017843939e-03 8.807289662966835339e-03 -1.824040471427579996e-02 5.368640192773734519e-03 3.469730184375897659e-03 6.375516473616633234e-03
-1.753804867637562617e-02 5.135853958772888458e-03 6.757555795582614704e-03 6.703482837712384027e-03 -9.212956049764081320e-03 5.637799325018044358e-03 5.746725185711609556e-03 7.123892000445214770e-03 -1.884340844825789854e-02 5.109396185350308442e-03 3.689879436791428189e-03 5.761338868723916984e-03
-1.802142027135695060e-02 4.340924358336454604e-03 6.270902836768678726e-03 7.333871500761161323e-03 -7.887069071087519576e-03 5.843605147190389197e-03 6.568327644475662613e-03 5.935343165655048749e-03 -1.911619688840181588e-02 5.128344107427288377e-03 3.845482015651631360e-03 5.845074344730962976e-03
-1.826877207001642925e-02 4.857155885477501371e-03 6.553933931208961138e-03 5.846455811712353984e-03 -7.387737564796741617e-03 6.001564322401386001e-03 5.805355995853525401e-03 6.991638319080999142e-03 -1.933421229293830201e-02 4.861575691525521666e-03 4.666920369562117636e-03 5.540697923993536007e-03
-1.790206312669757188e-02 5.885445621238520261e-03 6.990430496077831325e-03 6.478788903330494689e-03 -5.919315882423765648e-03 5.471943011563093311e-03 5.333709805382924260e-03 6.066735508370127428e-03 -2.004891378846769892e-02 4.582710426792844377e-03 4.853502359362203179e-03 4.266980952552372995e-03
-1.906446212044853733e-02 6.713897295340817695e-03 6.890572228719735182e-03 7.097631643615974831e-03 -6.786079526900479393e-03 5.877343136921498595e-03 5.900621018531838381e-03 4.158547030904723510e-03 -1.926269519664579322e-02 4.261291262312491557e-03 5.445210912080742337e-03 5.065754278900216727e-03
-1.884184979707159702e-02 6.812599929633947858e-03 7.692830165341875935e-03 5.907680212226101499e-03 -8.409352292364309991e-03 6.001413867372723705e-03 6.526968248717068821e-03 4.347665577500514980e-03 -1.798388699009930564e-02 4.264146440318003321e-03 5.080486495345335439e-03 4.682416028596177518e-03
-1.825198834920457522e-02 6.641532361699515295e-03 7.117475038857363351e-03 5.936834223340469591e-03 -7.210248041063122351e-03 5.944462683406660439e-03 7.017850008143307165e-03 2.605426370699429582e-03 -1.820639104228723507e-02 3.903344824799317384e-03 4.381036863576842459e-03 5.937143423129191168e-03
-1.826094762561587120e-02 7.408879942481526142e-03 6.968658677445974288e-03 5.295727266556450596e-03 -7.192108826139996698e-03 5.555719754940660962e-03 6.289036798329253851e-03 3.653454599167594435e-03 -1.774527779314616707e-02 4.604607800810135362e-03 3.993594710841281287e-03 5.074129344095091969e-03
-1.800544931135881349e-02 6.604171198546967755e-03 7.358322692126168484e-03 5.502996560099708383e-03 -7.605715692854516687e-03 5.642071803156041045e-03 6.011684894749281388e-03 4.354803090553926309e-03 -1.906761634649159487e-02 4.426374068985267432e-03 5.511046664422356023e-03 5.278727925961401723e-03
-1.820712057413902477e-02 6.914530657117811882e-03 6.083322536757427949e-03 5.617482621484047416e-03 -8.798403885340925351e-03 6.490268233171434843e-03 6.719473059694118684e-03 5.234674221977536970e-03 -1.913692931562838151e-02 4.140973926657330779e-03 4.611699505187497224e-03 6.623947475646862863e-03
-1.786889985882019957e-02 6.688279262899708179e-03 5.212434783847677902e-03 6.217488512957045944e-03 -1.002333117417910507e-02 6.039553853736546324e-03 5.634037651782234681e-03 5.419120326425479021e-03 -1.702051478731132078e-02 4.647947875914010957e-03 5.511367533858953227e-03 5.273115350042714526e-03
-1.871838506934130758e-02 7.218434737463547829e-03 6.238194988624662894e-03 5.567304588919070110e-03 -9.599313688328035138e-03 6.443889622533690784e-03 5.139129897753596382e-03 5.017541357086581152e-03 -1.554245651645108466e-02 5.140183847358269914e-03 3.565193368449372062e-03 5.066088706109860527e-03
-1.731117255707490324e-02 7.763082209023711676e-03 5.370000998206981256e-03 5.843817456466906222e-03 -9.119631247607902502e-03 5.025487064998094069e-03 3.853158072384998793e-03 5.525055893786412139e-03 -1.586009313069188312e-02 5.267292069083889458e-03 4.438309215570744072e-03 4.322256021530641867e-03
-1.687673145303631231e-02 6.295493563475617824e-03 4.839485073707620877e-03 5.308946695390381713e-03 -8.807734505809683423e-03 5.761630756477883163e-03 5.116855617526294871e-03 5.263733222298640040e-03 -1.686700301065966606e-02 6.432186289520235370e-03 4.082261177322021005e-03 4.639978564317756050e-03
-1.760592264357194181e-02 7.487643682662462573e-03 5.566942595835708968e-03 4.287306190827368073e-03 -9.703511142125746669e-03 5.191502280445289136e-03 5.497746916772176806e-03 6.800225245963046825e-03 -1.689648606921767895e-02 5.335586585354231033e-03 4.768249086110379689e-03 4.854087443106306840e-03
-1.642346982452656118e-02 7.794653712549058297e-03 5.012206959173723039e-03 4.008122666882910252e-03 -9.207569844403835566e-03 5.527915143635570017e-03 4.339048306949929747e-03 6.170643227176578725e-03 -1.710284044684567267e-02 4.517543868594086146e-03 4.451786329047207995e-03 6.145202361175077475e-03
-1.687561201017518872e-02 7.362803035033070424e-03 5.117186651647933661e-03 4.858221835447991410e-03 -8.214458181334325163e-03 5.339757473857701872e-03 4.373375674577924428e-03 6.747025055682041687e-03 -1.775477560187746148e-02 4.954345132528026503e-03 3.664820800435468831e-03 5.807868553009568578e-03
-1.628908721888390129e-02 5.496884729647572021e-03 7.041459492998408502e-03 4.422843196479701519e-03 -8.675402366038630422e-03 4.977445137861869102e-03 4.650701499572053137e-03 7.004950565736355571e-03 -1.770449343476486123e-02 5.209728332043573468e-03 3.767704966101472017e-03 5.369163896102207775e-03
-1.613838509696905940e-02 5.063139065275583904e-03 5.940150233482132877e-03 4.009241840406470303e-03 -7.620966934929754993e-03 4.737821778891561190e-03 5.665386007086349422e-03 6.784392416289352148e-03 -1.758309112248050005e-02 5.373241435750253543e-03 3.714415059330760781e-03 5.071834798525517302e-03
-1.764320412519303563e-02 6.518871965102357273e-03 5.172654290121907888e-03 5.093859855021609130e-03 -8.512426835936472841e-03 5.264652513956409423e-03 6.971763289891144688e-03 6.011275856110094226e-03 -1.750445317806258172e-02 4.897919681299578096e-03 3.855132332164023113e-03 5.433484430831471770e-03
-1.679647721609388300e-02 6.708556366788466854e-03 5.237285213204964478e-03 5.702384291789178335e-03 -8.989081872713246615e-03 4.502349383451426101e-03 6.170919516635413674e-03 6.248520297503338400e-03 -1.769388822764139668e-02 4.013518076490498604e-03 3.204787926167156163e-03 7.176205717738603530e-03
-1.629458827890605324e-02 6.202360353544949904e-03 5.807825789950088816e-03 5.049278947986539888e-03 -7.885791957955776837e-03 4.482330575837639372e-03 5.540309487113058429e-03 6.336616223123520304e-03 -1.828456187070251482e-02 3.513160805284461490e-03 4.316370700219797005e-03 6.534423075421586652e-03
-1.752588398308071310e-02 5.432873653320501386e-03 4.936445792452498829e-03 5.135280807305716948e-03 -6.848074925702643014e-03 5.373955554567769015e-03 5.068276678318855977e-03 7.623566517334989974e-03 -1.661722817871845101e-02 3.533245573613073669e-03 3.580159132342906891e-03 5.349840305204509039e-03
-1.748566150552853180e-02 6.072023669573386497e-03 4.600284894458767961e-03 5.201807253990128541e-03 -7.744729915490708959e-03 5.217391707698631510e-03 4.555687368764177285e-03 8.407747392183783849e-03 -1.634026654446584306e-02 4.796089306158587973e-03 3.459613428959622435e-03 4.365487991599890233e-03
-1.661370841340412824e-02 4.459819076280919364e-03 4.874243413254865549e-03 4.989584930930396171e-03 -7.844359534533086598e-03 5.930680959245046048e-03 5.654278252591462932e-03 7.251495212017599820e-03 -1.710351306986291828e-02 4.667812320988263229e-03 4.189330623109050258e-03 4.587216536365006959e-03
-1.769227902526069457e-02 5.576888706917521379e-03 4.950662080909790791e-03 4.995593951476679992e-03 -6.991243406092527077e-03 5.744248706332847655e-03 5.000537523819058652e-03 7.199953016032511512e-03 -1.656089322844470427e-02 5.082771630886219819e-03 4.825897886972984642e-03 2.955216953400632406e-03
-1.775774074517873224e-02 5.802296710989337039e-03 5.210380145974524702e-03 5.352381704025006501e-03 -7.801513084931812822e-03 6.031769039620402638e-03 5.715389854552116976e-03 5.853484771713017218e-03 -1.637363064425969780e-02 4.670716389211749739e-03 5.064014109943409774e-03 3.383377893636735703e-03
-1.862296451763014934e-02 6.342895037176843505e-03 5.119011035577970825e-03 5.904885196790059416e-03 -7.653349209355083012e-03 5.940134844165199240e-03 6.017293660193464080e-03 5.520689190081743379e-03 -1.611468847692748216e-02 4.289659088399254416e-03 4.251459727854621160e-03 4.326702342759654839e-03
-1.765262958640754706e-02 6.229714526025684727e-03 5.106820907458270616e-03 5.220318048952907533e-03 -7.717220045998909872e-03 5.009680603672196295e-03 5.517029067759936234e-03 6.686196106112279706e-03 -1.658287394682651100e-02 4.721268796605365692e-03 4.659412884104647060e-03 3.967384035023682753e-03
-1.812426220436105101e-02 6.696935874356655001e-03 5.458353004525010564e-03 5.018384312196144670e-03 -7.400675286387755313e-03 6.020939178059769512e-03 5.268971421853734134e-03 5.677438635218551299e-03 -1.777629043665947262e-02 4.724935518377461167e-03 5.478574926622118389e-03 4.550914789637213777e-03
-1.749493157912297356e-02 5.974043827774945872e-03 4.862671996892556185e-03 5.329817292381654192e-03 -6.881695675585254579e-03 5.613295140022795358e-03 4.769955310237308267e-03 6.347215696130723180e-03 -1.703119886227509594e-02 3.781699858567517340e-03 5.316719558512133376e-03 4.533226687747910280e-03
-1.777551944201932743e-02 5.958453502484212932e-03 5.667932482166898080e-03 4.292291293233689228e-03 -7.109621993278121208e-03 6.081163586834501672e-03 5.374625229220295584e-03 6.108624789852954741e-03 -1.685394190069267051e-02 3.662047236061220790e-03 5.960204640056662381e-03 3.835661077703277598e-03
-1.848608714978518600e-02 5.342385427392994102e-03 5.115605774281464097e-03 5.126361325446611786e-03 -7.632733979055342927e-03 5.921382482034128099e-03 6.347417942068127664e-03 6.568032546328330355e-03 -1.732634379071476896e-02 4.650416683894816744e-03 5.765903388936165566e-03 4.221702686501272415e-03
-1.756304450161202957e-02 4.819425809183730883e-03 4.725857630540365555e-03 5.005797389358543868e-03 -7.986384459959470702e-03 6.492078423356500982e-03 5.308378695546009558e-03 7.405172524456844936e-03 -1.787736083308987672e-02 4.452292655083148372e-03 5.776172537499190546e-03 5.006575654977255679e-03
-1.812920863749234446e-02 5.280593592396194691e-03 4.430918508490806589e-03 5.478239007015540257e-03 -8.370584855373114710e-03 5.999163886138506388e-03 6.026923438599769353e-03 7.699334468172618247e-03 -1.804144749673448553e-02 5.055625626454954974e-03 6.094378563751860420e-03 4.329143812923818245e-03
-1.909132424555154417e-02 5.947089845066789136e-03 5.237043443778135153e-03 5.087482007321088122e-03 -8.483898424330515303e-03 6.324692344555978181e-03 6.564392977334666812e-03 6.966824786514970273e-03 -1.720086300764761891e-02 5.130467321489495282e-03 5.284617567312308375e-03 4.146362779926263120e-03
-1.900158395020668314e-02 6.361349630105656537e-03 5.464834567362300381e-03 4.320075201538171178e-03 -8.355348395636360767e-03 6.865165660807048299e-03 7.463739043890040524e-03 6.180192400430318395e-03 -1.736517599145043569e-02 4.409949874449914202e-03 5.360196114704561185e-03 4.232072723920178060e-03
-1.919116794149143546e-02 5.795294657439182401e-03 5.018229473130809623e-03 5.440433304976794414e-03 -7.751638779540346268e-03 6.265879034106242376e-03 6.927012838930719785e-03 6.179989496633855016e-03 -1.721860170158136250e-02 4.797173360425768286e-03 6.083047283603534167e-03 3.497661926928463672e-03
-1.796243028586295629e-02 5.137547058112927785e-03 5.351926297212836713e-03 6.140867406651750841e-03 -8.396902922116034063e-03 6.175171678692280459e-03 6.197669194294187778e-03 5.806320504822502608e-03 -1.717299827746243679e-02 4.501007854755613088e-03 6.237556490261929147e-03 3.524786654758831159e-03
-1.777570284396689376e-02 4.182321062862997055e-03 5.259226782265775252e-03 6.916358070976084439e-03 -8.349851245642903735e-03 5.984409341510646581e-03 4.498819196699435641e-03 5.821866446539765427e-03 -1.617555794723608484e-02 4.619667937803675038e-03 6.221140276278080278e-03 3.999396987018457097e-03
-1.840800227805178269e-02 4.360509743684427668e-03 6.124059454761288795e-03 6.654158820566431938e-03 -8.395888901974688304e-03 5.428457329578260764e-03 5.634045328915724370e-03 5.369407212506537193e-03 -1.688621064186731843e-02 4.964155600689785716e-03 5.978754321995976943e-03 4.755897965128966579e-03
-1.836517034075565644e-02 4.491307370949531447e-03 5.078156568816386690e-03 6.316547497349102487e-03 -7.735107033614577882e-03 6.260316712244557748e-03 5.987931180896174932e-03 4.853101858113678495e-03 -1.765342723757601026e-02 5.136625494519331432e-03 6.747564143969563867e-03 4.575598180228332423e-03
-1.530078880263983573e-02 1.242941460823546868e-03 3.911265805665625934e-03 6.762318122788939408e-03 -7.346897273198858304e-03 6.016925782613979923e-03 5.703065548921683499e-03 5.357668703383370104e-03 -1.005334988462865467e-02 5.578029301986813134e-03 5.711434406580061761e-03 -4.064265848591585954e-03
-1.436515913042032098e-02 1.021798010764645446e-03 3.235314818724271957e-03 6.672223839463448970e-03 -7.426676543266342613e-03 6.269978805667987022e-03 6.293019793610545726e-03 6.159011168531594756e-03 -1.126874330632080499e-02 5.374907065571163031e-03 6.539131355440881699e-03 -4.853231732183794882e-03
-1.258611949324524651e-02 1.155192448438864365e-03 3.765569147616941535e-03 6.255972005493789720e-03 -6.935901470371204185e-03 5.410220365024058162e-03 5.019348314220431657e-03 5.142495274321174682e-03 -9.199320128429852236e-03 2.954875479763990290e-03 4.773028630311579312e-03 -3.159894494665901887e-03
-1.264704495153567802e-02 1.586785300978286409e-03 2.719722024555596210e-03 5.575320594190653206e-03 -8.519426778888160648e-03 4.736523577605737841e-03 5.688421804799266221e-03 5.222244657620746071e-03 -8.520837665364400584e-03 4.047811357361212788e-03 4.672112107098711810e-03 -1.949070390440847201e-03
-1.343118740172727192e-02 2.361271028869423635e-03 2.224711124443049057e-03 6.315460553343236853e-03 -7.961030380832460202e-03 3.888609029635768134e-03 6.539095538149741760e-03 4.511949151844251923e-03 -8.412536035320822628e-03 5.267958248350019038e-03 3.811512924920268820e-03 -2.384034994900202306e-03
-1.236933872633744561e-02 3.026005698917405302e-03 1.525052216128458277e-03 4.923619928521152933e-03 -9.070898972980507777e-03 5.086803481726705385e-03 6.026130634545598559e-03 5.248703980470899311e-03 -8.118190996892553704e-03 4.066054840126850402e-03 5.405700963351328658e-03 -3.079162840173118448e-03
-1.310232448848597762e-02 3.207184411340497764e-03 1.048800367880007830e-03 5.580427611145543677e-03 -9.019251880792587134e-03 5.001923352373634744e-03 6.772088210841274020e-03 5.869147445165956954e-03 -8.573526274798350458e-03 4.652312597801122433e-03 5.295702141016585783e-03 -3.750236174205737183e-03
-1.355237410385311432e-02 3.790315529336943032e-03 3.494592874676049829e-03 3.731709409534825043e-03 -9.465306828222726232e-03 4.777452745910399159e-03 6.869495652492301277e-03 6.109329296655905718e-03 -7.643643757811296666e-03 3.343144005425589382e-03 3.664246497699534706e-03 -2.280008111228411065e-03
-9.545635707726552940e-03 3.924738735733531055e-03 2.781169147380877036e-03 4.794107280915451200e-03 -1.107389294271766793e-02 5.189547167590667989e-03 6.056709551183593089e-03 5.918127724434223136e-03 -6.954851795260435371e-03 3.508420375560680152e-03 -1.450530086751597339e-04 -2.115876750496487047e-03
-8.877742112463064134e-03 4.253455108251968757e-03 2.479354159726086110e-03 4.184268547683752185e-03 -9.568229874800016424e-03 5.511291845491393671e-03 4.678423424254236039e-03 4.735773604114116783e-03 -8.468131441157678366e-03 4.254187879595778578e-03 9.776989756850676134e-04 -2.055803940718353186e-03
-9.723203313400359191e-03 3.820443451422627333e-03 3.149100759767260119e-03 3.558096171118808968e-03 -9.560906985283784340e-03 6.787812998596871698e-03 4.468593618802453593e-03 4.745993324505597306e-03 -9.694498276671939876e-03 5.130776786517689605e-03 1.490742228533647714e-03 -1.756985542701025365e-03
-8.701918198212433772e-03 3.282541735830341902e-03 2.134452075331888521e-03 4.014310709105080310e-03 -9.841208615485394148e-03 6.017930685601683392e-03 4.987182109518338569e-03 5.045955168764547881e-03 -9.724017665522147538e-03 5.645579982487058252e-03 7.471014384409958723e-04 -1.294623616920056227e-03
-9.671948791203033302e-03 3.665582062673243026e-03 2.743054479527651073e-03 3.519960043251424506e-03 -8.865682817579394540e-03 6.093346097998816879e-03 5.556394155459422335e-03 4.050319660215226381e-03 -1.247895722345519418e-02 5.383285932427976650e-03 2.550803118498903756e-03 1.364521194482215375e-04
-8.586875611240935360e-03 3.436066168393788270e-03 2.930789875300553876e-03 4.206119512810182690e-03 -9.862698189561276002e-03 5.873865392035713603e-03 4.328726540709191585e-03 4.547308139680538742e-03 -9.404728242015122572e-03 3.302426814440130153e-03 3.177320998385837949e-03 -1.760302170493826786e-03
-7.745857642363739547e-03 3.530918948934592440e-03 2.169621572507519306e-03 4.070465084840873583e-03 -1.060395537470496669e-02 6.715954726886507256e-03 3.607355111150732305e-03 5.306146243574763957e-03 -1.188842682116512776e-02 3.843864393247842931e-03 3.586778145332920279e-03 -2.259202042622616716e-05
-7.482576378267357005e-03 2.628388385354854095e-03 2.178030660154500579e-03 4.648797642948321839e-03 -9.984867573470839960e-03 6.203962364458786433e-03 4.768988314704174225e-03 3.946679741519875696e-03 -1.167395169541646065e-02 4.129547872031505071e-03 2.030690925611821056e-03 9.678397514935293666e-04
-8.975004354820429950e-03 3.028684460556565778e-03 1.951731296280335721e-03 4.952862528947200860e-03 -8.898048270125188258e-03 6.340682998936594296e-03 4.946338271503050721e-03 2.532769770726293369e-03 -1.303825814781908558e-02 4.163112956607307319e-03 3.331363664708090599e-03 2.304046353212377881e-03
-1.014542878412733398e-02 2.190830824129936117e-03 3.557156231227762751e-03 5.167763578766506639e-03 -1.015550645064263596e-02 5.833921086907730737e-03 5.914399494994851403e-03 3.661190140395564896e-03 -1.102926114180481643e-02 1.848474879280983434e-03 3.700035756654044931e-03 2.107349764921591893e-03
-1.008384264855899902e-02 2.998280554819014818e-03 3.833365764669815351e-03 5.696848798650984771e-03 -1.105450492461483407e-02 4.099183730151771676e-03 6.806367533829704199e-03 4.391911878341966079e-03 -1.105104860585916920e-02 2.245068999736055896e-03 3.560964813532714948e-03 1.368396432200685202e-03
-9.614063092901364502e-03 3.109524162271824245e-03 3.634701301979534858e-03 5.310915305596983736e-03 -1.151501593575497001e-02 4.896875022451915513e-03 6.188194095810868947e-03 4.728761782596102234e-03 -1.195311340449411487e-02 2.964312741598161983e-03 2.657791247695223333e-03 2.534666368518097637e-03
-9.604079802249173084e-03 2.784936560907119371e-03 3.724205159012455944e-03 5.531701456998144167e-03 -1.173565516991113312e-02 4.813985314029109799e-03 5.793241387542175623e-03 5.429308638766837045e-03 -1.141585258931394030e-02 3.074902766380652967e-03 2.337532792992586331e-03 2.163490091415533681e-03
-1.045398361240837751e-02 3.566939041887741847e-03 2.506630322127419066e-03 4.500847902883044899e-03 -1.222233211819299080e-02 5.379759312865117077e-03 5.342361144350347112e-03 4.100038769408945703e-03 -1.025534027461239353e-02 3.819185606367842337e-03 2.939665171979152000e-03 3.655932862628723419e-03
-1.179924485623845554e-02 2.871498572936173870e-03 5.089619897202582281e-03 4.049709121622551734e-03 -1.079618352730800541e-02 4.671777941617018953e-03 5.794964414215228628e-03 2.832588873133630100e-03 -1.037564558461179058e-02 3.564660371567646754e-03 3.288266405933758154e-03 3.689047266256558454e-03
-1.142955078526462429e-02 2.566632699079484520e-03 4.064782763354564746e-03 4.987058671163646303e-03 -1.044648245958976727e-02 4.071642208318616146e-03 5.203035978963325286e-03 3.646901435725733841e-03 -1.126589269066920369e-02 4.105873712748005916e-03 3.686998070237284229e-03 3.699444613104201172e-03
-1.108464046837932815e-02 2.817673859062545631e-03 3.883592774302129305e-03 4.543177455304569894e-03 -1.065625637916685353e-02 2.559424714918675722e-03 4.662437296512695652e-03 3.683848155413020978e-03 -1.131387502218704315e-02 5.181695217207595711e-03 4.237065735356346056e-03 4.363934132520313168e-03
-1.080309306345537956e-02 2.831975839218876714e-03 3.328626857118776455e-03 2.730395738324490999e-03 -9.688583355149566617e-03 4.562927853224004945e-03 4.402905769538772475e-03 2.859748319825644765e-03 -1.098484568181734046e-02 5.533316542824432901e-03 2.860622861891220885e-03 4.990744363749925229e-03
-1.193623972960861090e-02 4.404247368854286547e-03 3.069632586276228609e-03 2.639384864034545995e-03 -9.609896318700426876e-03 4.723407938173963642e-03 3.894258856471873725e-03 2.573063955962147115e-03 -1.018329055513106894e-02 5.113714306837253629e-03 2.784706458867765473e-03 5.208151329061920347e-03
-1.132656841520717807e-02 3.312859687993147291e-03 2.949062828515999855e-03 3.117176433849545413e-03 -8.386059500869662980e-03 3.412922549543574366e-03 3.117104963970716066e-03 3.283582643952865591e-03 -9.740143071657089702e-03 3.853828920264424241e-03 3.093623638961987693e-03 5.606205465244327828e-03
-1.081487139149130139e-02 3.689631252887395994e-03 1.851386867673790026e-03 3.594514988572254047e-03 -8.653842595380907901e-03 4.244581801197831045e-03 3.229601997037346694e-03 2.310380093555195608e-03 -9.624993196538245838e-03 4.507182158072333203e-03 2.472551316673185853e-03 5.445322801483006535e-03
-1.089089051967145720e-02 3.853705439511081847e-03 3.622053557746891285e-03 2.013408782039653906e-03 -9.353702855057627330e-03 5.113578222740211392e-03 4.080636308975321355e-03 1.165996869425340839e-03 -1.021258544923294397e-02 4.857289754066264169e-03 3.090698215787027366e-03 5.146099465560802916e-03
