# pops for 12 qbits with connectivity c7 and unitary DM 22754876641024
4.000000357627868652e-01 2.000000327825546265e-01 2.000000327825546265e-01 2.000000327825546265e-01 4.000000953674316406e-01 2.000000178813934326e-01 2.000000178813934326e-01 2.000000178813934326e-01 4.000000357627868652e-01 2.000000178813934326e-01 2.000000178813934326e-01 2.000000178813934326e-01
3.396292626857757568e-01 2.225357443094253540e-01 2.233037650585174561e-01 2.145312428474426270e-01 3.289471864700317383e-01 2.233866155147552490e-01 2.274636328220367432e-01 2.202025800943374634e-01 3.558904528617858887e-01 2.245565354824066162e-01 2.112641185522079468e-01 2.082888931035995483e-01
3.080276846885681152e-01 2.293780297040939331e-01 2.213020771741867065e-01 2.536718547344207764e-01 3.086169660091400146e-01 2.370682060718536377e-01 2.200664728879928589e-01 2.227591276168823242e-01 3.108132183551788330e-01 2.225004136562347412e-01 2.199688404798507690e-01 2.458271086215972900e-01
3.023864924907684326e-01 2.343969792127609253e-01 2.235881537199020386e-01 2.520079612731933594e-01 3.266982734203338623e-01 2.275617569684982300e-01 2.147659212350845337e-01 2.194848209619522095e-01 3.050481081008911133e-01 2.219213098287582397e-01 2.293508052825927734e-01 2.427893579006195068e-01
2.753992080688476562e-01 2.313643246889114380e-01 2.526534199714660645e-01 2.457321286201477051e-01 3.052583038806915283e-01 2.469237148761749268e-01 2.205240130424499512e-01 2.230352461338043213e-01 3.068280220031738281e-01 2.236745506525039673e-01 2.206923961639404297e-01 2.479146122932434082e-01
2.659335732460021973e-01 2.318067401647567749e-01 2.457548081874847412e-01 2.585119009017944336e-01 2.965499162673950195e-01 2.497508972883224487e-01 2.267393469810485840e-01 2.258430421352386475e-01 3.079437911510467529e-01 2.219032496213912964e-01 2.294162958860397339e-01 2.398462444543838501e-01
2.659182548522949219e-01 2.353129535913467407e-01 2.450751364231109619e-01 2.544769346714019775e-01 2.793698608875274658e-01 2.428157776594161987e-01 2.377247959375381470e-01 2.401966005563735962e-01 3.102981448173522949e-01 2.240175902843475342e-01 2.240364551544189453e-01 2.407573759555816650e-01
2.682878375053405762e-01 2.322588562965393066e-01 2.436941862106323242e-01 2.535497248172760010e-01 2.705887556076049805e-01 2.501544356346130371e-01 2.469037175178527832e-01 2.354527115821838379e-01 3.092937469482421875e-01 2.243085056543350220e-01 2.234435230493545532e-01 2.420637160539627075e-01
2.587759196758270264e-01 2.391002029180526733e-01 2.456551641225814819e-01 2.465245276689529419e-01 2.567130923271179199e-01 2.512323558330535889e-01 2.508900165557861328e-01 2.508333623409271240e-01 2.941323816776275635e-01 2.257054299116134644e-01 2.247171998023986816e-01 2.557201385498046875e-01
2.565317749977111816e-01 2.426180243492126465e-01 2.391061633825302124e-01 2.487456053495407104e-01 2.583080828189849854e-01 2.484234273433685303e-01 2.507957816123962402e-01 2.552554607391357422e-01 2.820535004138946533e-01 2.291812151670455933e-01 2.380100190639495850e-01 2.509706616401672363e-01
2.559999525547027588e-01 2.454964071512222290e-01 2.374916374683380127e-01 2.480135560035705566e-01 2.589238286018371582e-01 2.513302564620971680e-01 2.508288919925689697e-01 2.521724104881286621e-01 2.782597839832305908e-01 2.294523268938064575e-01 2.447843849658966064e-01 2.472462356090545654e-01
2.598770260810852051e-01 2.476595491170883179e-01 2.389136552810668945e-01 2.477658540010452271e-01 2.598460018634796143e-01 2.479258924722671509e-01 2.487323582172393799e-01 2.495365738868713379e-01 2.766873538494110107e-01 2.322801798582077026e-01 2.448547780513763428e-01 2.459204196929931641e-01
2.571724355220794678e-01 2.437501698732376099e-01 2.419893741607666016e-01 2.505136728286743164e-01 2.603850662708282471e-01 2.469022125005722046e-01 2.480379939079284668e-01 2.510645985603332520e-01 2.712890803813934326e-01 2.376352101564407349e-01 2.424056828022003174e-01 2.488540858030319214e-01
2.575591802597045898e-01 2.434238195419311523e-01 2.430245876312255859e-01 2.494180053472518921e-01 2.626335322856903076e-01 2.457912415266036987e-01 2.470368891954421997e-01 2.442817389965057373e-01 2.674991786479949951e-01 2.412696033716201782e-01 2.408833652734756470e-01 2.571783959865570068e-01
2.560691237449645996e-01 2.448846250772476196e-01 2.419452667236328125e-01 2.505266070365905762e-01 2.622782588005065918e-01 2.460400164127349854e-01 2.471313774585723877e-01 2.442937642335891724e-01 2.662431299686431885e-01 2.439167052507400513e-01 2.416739016771316528e-01 2.549967765808105469e-01
2.565509974956512451e-01 2.430826276540756226e-01 2.441405951976776123e-01 2.505041360855102539e-01 2.615544795989990234e-01 2.463415414094924927e-01 2.474115043878555298e-01 2.435541599988937378e-01 2.655807435512542725e-01 2.446071654558181763e-01 2.427585124969482422e-01 2.539130151271820068e-01
2.561176121234893799e-01 2.435484230518341064e-01 2.444346696138381958e-01 2.501777112483978271e-01 2.614958286285400391e-01 2.466463744640350342e-01 2.464575618505477905e-01 2.442619651556015015e-01 2.648024857044219971e-01 2.442350536584854126e-01 2.428881525993347168e-01 2.549336850643157959e-01
2.562631666660308838e-01 2.430801838636398315e-01 2.448619753122329712e-01 2.500730752944946289e-01 2.621377110481262207e-01 2.458453923463821411e-01 2.468912899494171143e-01 2.446148395538330078e-01 2.653581798076629639e-01 2.447136789560317993e-01 2.424915879964828491e-01 2.536685168743133545e-01
2.581553459167480469e-01 2.435242831707000732e-01 2.444553971290588379e-01 2.497007846832275391e-01 2.619342803955078125e-01 2.451465129852294922e-01 2.470571100711822510e-01 2.437937557697296143e-01 2.650201320648193359e-01 2.458660751581192017e-01 2.422327697277069092e-01 2.531129419803619385e-01
2.591011226177215576e-01 2.438193559646606445e-01 2.449442595243453979e-01 2.487255334854125977e-01 2.580146789550781250e-01 2.477780878543853760e-01 2.449239492416381836e-01 2.464133352041244507e-01 2.668517529964447021e-01 2.450881600379943848e-01 2.417698353528976440e-01 2.525693476200103760e-01
2.585349082946777344e-01 2.442930787801742554e-01 2.457403093576431274e-01 2.484049946069717407e-01 2.574366629123687744e-01 2.461908012628555298e-01 2.465167492628097534e-01 2.468381822109222412e-01 2.655793428421020508e-01 2.461307048797607422e-01 2.427225857973098755e-01 2.516110241413116455e-01
2.583003640174865723e-01 2.452293485403060913e-01 2.458016276359558105e-01 2.486256659030914307e-01 2.580728530883789062e-01 2.455008476972579956e-01 2.465049624443054199e-01 2.459200173616409302e-01 2.628389000892639160e-01 2.473828345537185669e-01 2.463037371635437012e-01 2.495182156562805176e-01
2.590391039848327637e-01 2.464994490146636963e-01 2.441207319498062134e-01 2.483864873647689819e-01 2.588329315185546875e-01 2.455352395772933960e-01 2.451572120189666748e-01 2.478056997060775757e-01 2.631289362907409668e-01 2.472704946994781494e-01 2.444072663784027100e-01 2.498158663511276245e-01
2.580949068069458008e-01 2.470360547304153442e-01 2.444147467613220215e-01 2.485000193119049072e-01 2.591388523578643799e-01 2.455678284168243408e-01 2.455528080463409424e-01 2.484604716300964355e-01 2.622237205505371094e-01 2.481297701597213745e-01 2.428464591503143311e-01 2.500336468219757080e-01
2.588039338588714600e-01 2.461761534214019775e-01 2.439395338296890259e-01 2.491260766983032227e-01 2.586443722248077393e-01 2.465417385101318359e-01 2.460511028766632080e-01 2.483078092336654663e-01 2.608855962753295898e-01 2.493876665830612183e-01 2.441807389259338379e-01 2.479545176029205322e-01
2.586487233638763428e-01 2.466525584459304810e-01 2.448091506958007812e-01 2.479352355003356934e-01 2.588253617286682129e-01 2.468536198139190674e-01 2.460331618785858154e-01 2.478328645229339600e-01 2.618730664253234863e-01 2.506381869316101074e-01 2.421976327896118164e-01 2.476995736360549927e-01
2.581661939620971680e-01 2.479147613048553467e-01 2.451035231351852417e-01 2.478885352611541748e-01 2.597106695175170898e-01 2.465077638626098633e-01 2.461313903331756592e-01 2.461678832769393921e-01 2.607703506946563721e-01 2.493487000465393066e-01 2.432696074247360229e-01 2.490198463201522827e-01
2.595491111278533936e-01 2.467262446880340576e-01 2.436575740575790405e-01 2.452370673418045044e-01 2.611101865768432617e-01 2.469866573810577393e-01 2.458691447973251343e-01 2.474028170108795166e-01 2.635238170623779297e-01 2.483800053596496582e-01 2.440216094255447388e-01 2.475349158048629761e-01
2.596776187419891357e-01 2.465240359306335449e-01 2.439176440238952637e-01 2.445592582225799561e-01 2.616584300994873047e-01 2.468872070312500000e-01 2.464207261800765991e-01 2.472689598798751831e-01 2.623013257980346680e-01 2.483462244272232056e-01 2.453178167343139648e-01 2.471199482679367065e-01
2.599813044071197510e-01 2.457166314125061035e-01 2.452647984027862549e-01 2.463896870613098145e-01 2.604365646839141846e-01 2.468346357345581055e-01 2.469769716262817383e-01 2.453132271766662598e-01 2.606845796108245850e-01 2.494686841964721680e-01 2.475615590810775757e-01 2.453704625368118286e-01
2.599756121635437012e-01 2.467053681612014771e-01 2.447955161333084106e-01 2.458759248256683350e-01 2.600383758544921875e-01 2.461460977792739868e-01 2.474965453147888184e-01 2.458803504705429077e-01 2.599220573902130127e-01 2.511928975582122803e-01 2.457150220870971680e-01 2.462553083896636963e-01
2.580723166465759277e-01 2.466969341039657593e-01 2.450863271951675415e-01 2.476156949996948242e-01 2.588073313236236572e-01 2.465120851993560791e-01 2.484452128410339355e-01 2.468931823968887329e-01 2.589827477931976318e-01 2.491216659545898438e-01 2.468179464340209961e-01 2.469477057456970215e-01
2.571169734001159668e-01 2.475840747356414795e-01 2.454949766397476196e-01 2.478342950344085693e-01 2.594877183437347412e-01 2.454106360673904419e-01 2.478958368301391602e-01 2.473673224449157715e-01 2.592858076095581055e-01 2.477248013019561768e-01 2.463838458061218262e-01 2.484126985073089600e-01
2.579806745052337646e-01 2.473348379135131836e-01 2.465171366930007935e-01 2.464469969272613525e-01 2.601655721664428711e-01 2.453231364488601685e-01 2.488544881343841553e-01 2.466860264539718628e-01 2.601219713687896729e-01 2.460205703973770142e-01 2.463164627552032471e-01 2.482310831546783447e-01
2.575752437114715576e-01 2.475665360689163208e-01 2.455680966377258301e-01 2.475697845220565796e-01 2.598852217197418213e-01 2.461256980895996094e-01 2.476828843355178833e-01 2.473353743553161621e-01 2.595218420028686523e-01 2.462230920791625977e-01 2.465771734714508057e-01 2.483679652214050293e-01
2.579934895038604736e-01 2.470528632402420044e-01 2.448640316724777222e-01 2.477053999900817871e-01 2.605504393577575684e-01 2.471700608730316162e-01 2.469243258237838745e-01 2.470482289791107178e-01 2.602079808712005615e-01 2.461254149675369263e-01 2.452594637870788574e-01 2.490972131490707397e-01
2.579481601715087891e-01 2.463721781969070435e-01 2.461968660354614258e-01 2.470985651016235352e-01 2.614346444606781006e-01 2.484657615423202515e-01 2.469514906406402588e-01 2.471805363893508911e-01 2.600260674953460693e-01 2.455387264490127563e-01 2.445233315229415894e-01 2.482626289129257202e-01
2.574968039989471436e-01 2.472265213727951050e-01 2.452453076839447021e-01 2.476471066474914551e-01 2.613413929939270020e-01 2.490383386611938477e-01 2.464188039302825928e-01 2.472338527441024780e-01 2.589887380599975586e-01 2.457307577133178711e-01 2.453269362449645996e-01 2.483042925596237183e-01
2.584122121334075928e-01 2.467235624790191650e-01 2.464768588542938232e-01 2.471730262041091919e-01 2.608608007431030273e-01 2.473719269037246704e-01 2.469146996736526489e-01 2.477150261402130127e-01 2.603742480278015137e-01 2.457160651683807373e-01 2.445480078458786011e-01 2.477124333381652832e-01
2.577013373374938965e-01 2.482065707445144653e-01 2.481825798749923706e-01 2.453515082597732544e-01 2.594629824161529541e-01 2.479976117610931396e-01 2.459692656993865967e-01 2.475018948316574097e-01 2.606193423271179199e-01 2.466294616460800171e-01 2.468632757663726807e-01 2.455129176378250122e-01
2.577020823955535889e-01 2.480915188789367676e-01 2.483854591846466064e-01 2.455516606569290161e-01 2.598259150981903076e-01 2.474338114261627197e-01 2.463397681713104248e-01 2.470435500144958496e-01 2.599355578422546387e-01 2.462477833032608032e-01 2.471015006303787231e-01 2.463401108980178833e-01
2.575499713420867920e-01 2.484519034624099731e-01 2.472585737705230713e-01 2.451331466436386108e-01 2.593030631542205811e-01 2.492356598377227783e-01 2.475771605968475342e-01 2.467478066682815552e-01 2.602028548717498779e-01 2.473031878471374512e-01 2.461042106151580811e-01 2.451312094926834106e-01
2.564586400985717773e-01 2.484451532363891602e-01 2.476915121078491211e-01 2.457983791828155518e-01 2.594897150993347168e-01 2.488027960062026978e-01 2.478183805942535400e-01 2.467527836561203003e-01 2.609983086585998535e-01 2.477301359176635742e-01 2.452079951763153076e-01 2.448049485683441162e-01
2.569584250450134277e-01 2.483142167329788208e-01 2.471676915884017944e-01 2.459532916545867920e-01 2.599578499794006348e-01 2.482899576425552368e-01 2.479714900255203247e-01 2.466443628072738647e-01 2.597883641719818115e-01 2.469591945409774780e-01 2.469810843467712402e-01 2.450127601623535156e-01
2.565865516662597656e-01 2.484408915042877197e-01 2.474228143692016602e-01 2.453423738479614258e-01 2.605121731758117676e-01 2.482199221849441528e-01 2.481200248003005981e-01 2.466125190258026123e-01 2.605703771114349365e-01 2.469986230134963989e-01 2.456757426261901855e-01 2.454966902732849121e-01
2.561829388141632080e-01 2.472601234912872314e-01 2.483088225126266479e-01 2.457726299762725830e-01 2.588817775249481201e-01 2.480609416961669922e-01 2.482522875070571899e-01 2.470658868551254272e-01 2.610640525817871094e-01 2.463294863700866699e-01 2.463590502738952637e-01 2.464605867862701416e-01
2.563430964946746826e-01 2.464962899684906006e-01 2.490761429071426392e-01 2.456090003252029419e-01 2.586409449577331543e-01 2.475221753120422363e-01 2.493484765291213989e-01 2.467492520809173584e-01 2.601653337478637695e-01 2.468713521957397461e-01 2.473251521587371826e-01 2.458513528108596802e-01
2.564054429531097412e-01 2.465945184230804443e-01 2.488185018301010132e-01 2.457060068845748901e-01 2.581738829612731934e-01 2.484558224678039551e-01 2.478003650903701782e-01 2.478307634592056274e-01 2.607466876506805420e-01 2.469231188297271729e-01 2.460642755031585693e-01 2.464790940284729004e-01
2.567641139030456543e-01 2.466846853494644165e-01 2.482197880744934082e-01 2.458558827638626099e-01 2.595284581184387207e-01 2.467441409826278687e-01 2.490261942148208618e-01 2.469620555639266968e-01 2.605209350585937500e-01 2.465123385190963745e-01 2.465584576129913330e-01 2.466214448213577271e-01
2.574147284030914307e-01 2.462110966444015503e-01 2.482226639986038208e-01 2.456759661436080933e-01 2.595967650413513184e-01 2.470013499259948730e-01 2.485492229461669922e-01 2.478555440902709961e-01 2.595619857311248779e-01 2.468969076871871948e-01 2.471918761730194092e-01 2.458203434944152832e-01
2.567117512226104736e-01 2.466269135475158691e-01 2.487874478101730347e-01 2.453983426094055176e-01 2.574806809425354004e-01 2.486850619316101074e-01 2.481925040483474731e-01 2.486446499824523926e-01 2.595201134681701660e-01 2.475889027118682861e-01 2.464855462312698364e-01 2.458765655755996704e-01
2.570620477199554443e-01 2.460761368274688721e-01 2.487640380859375000e-01 2.450837939977645874e-01 2.573569118976593018e-01 2.493830323219299316e-01 2.478334158658981323e-01 2.489680051803588867e-01 2.591324746608734131e-01 2.477417439222335815e-01 2.472920864820480347e-01 2.453047633171081543e-01
2.577232420444488525e-01 2.459894716739654541e-01 2.488299161195755005e-01 2.459928542375564575e-01 2.576553225517272949e-01 2.474817782640457153e-01 2.475427389144897461e-01 2.486903071403503418e-01 2.597073018550872803e-01 2.467592209577560425e-01 2.467043548822402954e-01 2.469218671321868896e-01
2.581196725368499756e-01 2.463922649621963501e-01 2.476529330015182495e-01 2.454739511013031006e-01 2.599903345108032227e-01 2.484654188156127930e-01 2.473332881927490234e-01 2.479665726423263550e-01 2.586181163787841797e-01 2.474392950534820557e-01 2.461467683315277100e-01 2.463997751474380493e-01
2.574250400066375732e-01 2.461779266595840454e-01 2.486452460289001465e-01 2.455311268568038940e-01 2.598154544830322266e-01 2.473258823156356812e-01 2.464586049318313599e-01 2.479268610477447510e-01 2.589743733406066895e-01 2.482218742370605469e-01 2.462731301784515381e-01 2.472228109836578369e-01
2.573606967926025391e-01 2.463640719652175903e-01 2.486780583858489990e-01 2.453765422105789185e-01 2.592456042766571045e-01 2.475135624408721924e-01 2.469181567430496216e-01 2.477370947599411011e-01 2.591673135757446289e-01 2.477209568023681641e-01 2.465042024850845337e-01 2.474119812250137329e-01
2.569630742073059082e-01 2.460973262786865234e-01 2.476590573787689209e-01 2.469165176153182983e-01 2.594954669475555420e-01 2.475488185882568359e-01 2.479540109634399414e-01 2.465594708919525146e-01 2.602598071098327637e-01 2.467972636222839355e-01 2.460094690322875977e-01 2.477379143238067627e-01
2.574838697910308838e-01 2.470431774854660034e-01 2.465671896934509277e-01 2.452223002910614014e-01 2.601377665996551514e-01 2.480799257755279541e-01 2.477929294109344482e-01 2.472728639841079712e-01 2.599223256111145020e-01 2.471964508295059204e-01 2.457562685012817383e-01 2.475231140851974487e-01
2.572802901268005371e-01 2.465828657150268555e-01 2.469138354063034058e-01 2.456571608781814575e-01 2.604949772357940674e-01 2.477481663227081299e-01 2.477742284536361694e-01 2.471485137939453125e-01 2.596873641014099121e-01 2.482673823833465576e-01 2.443814724683761597e-01 2.480619698762893677e-01
2.569431066513061523e-01 2.464265078306198120e-01 2.475740313529968262e-01 2.454904913902282715e-01 2.589041590690612793e-01 2.482660263776779175e-01 2.488322257995605469e-01 2.471634149551391602e-01 2.599487602710723877e-01 2.481175810098648071e-01 2.447003722190856934e-01 2.476314604282379150e-01
2.566705942153930664e-01 2.471078187227249146e-01 2.471724450588226318e-01 2.454832494258880615e-01 2.589978575706481934e-01 2.471020519733428955e-01 2.481102347373962402e-01 2.468373030424118042e-01 2.613037824630737305e-01 2.480658590793609619e-01 2.466381043195724487e-01 2.465088516473770142e-01
2.572515904903411865e-01 2.460633516311645508e-01 2.472680211067199707e-01 2.458511292934417725e-01 2.593194544315338135e-01 2.475184649229049683e-01 2.476517111063003540e-01 2.465577870607376099e-01 2.616962790489196777e-01 2.470402866601943970e-01 2.475056797266006470e-01 2.462742477655410767e-01
2.569088637828826904e-01 2.463846951723098755e-01 2.484888285398483276e-01 2.449562698602676392e-01 2.597370743751525879e-01 2.480848282575607300e-01 2.484716624021530151e-01 2.471659183502197266e-01 2.598192095756530762e-01 2.471772581338882446e-01 2.461942881345748901e-01 2.466092258691787720e-01
2.568445503711700439e-01 2.462535947561264038e-01 2.475266605615615845e-01 2.461138665676116943e-01 2.595514059066772461e-01 2.482570707798004150e-01 2.485040575265884399e-01 2.471469342708587646e-01 2.598505616188049316e-01 2.469440549612045288e-01 2.455735504627227783e-01 2.474317550659179688e-01
2.565691173076629639e-01 2.464039921760559082e-01 2.484046220779418945e-01 2.461362332105636597e-01 2.591155171394348145e-01 2.479584068059921265e-01 2.490557581186294556e-01 2.465544939041137695e-01 2.598076760768890381e-01 2.478675991296768188e-01 2.449850142002105713e-01 2.471396327018737793e-01
2.578102946281433105e-01 2.456797361373901367e-01 2.480441927909851074e-01 2.459796667098999023e-01 2.592292726039886475e-01 2.468744814395904541e-01 2.487470805644989014e-01 2.468631267547607422e-01 2.586526274681091309e-01 2.490226924419403076e-01 2.447322010993957520e-01 2.483625859022140503e-01
2.576074302196502686e-01 2.459497749805450439e-01 2.489215135574340820e-01 2.460005730390548706e-01 2.591810524463653564e-01 2.457123398780822754e-01 2.487281560897827148e-01 2.471270561218261719e-01 2.581122517585754395e-01 2.490432411432266235e-01 2.458875179290771484e-01 2.477270811796188354e-01
2.565795183181762695e-01 2.460431158542633057e-01 2.487055361270904541e-01 2.457604259252548218e-01 2.601131200790405273e-01 2.469369173049926758e-01 2.479186952114105225e-01 2.471705377101898193e-01 2.596038579940795898e-01 2.488164752721786499e-01 2.450260818004608154e-01 2.473236918449401855e-01
2.562768757343292236e-01 2.459295541048049927e-01 2.484570145606994629e-01 2.457743287086486816e-01 2.596826851367950439e-01 2.476560622453689575e-01 2.483005374670028687e-01 2.472682744264602661e-01 2.604283392429351807e-01 2.483540624380111694e-01 2.448619008064270020e-01 2.470082789659500122e-01
2.575486898422241211e-01 2.460100948810577393e-01 2.472405582666397095e-01 2.454743385314941406e-01 2.594192922115325928e-01 2.481389045715332031e-01 2.475076168775558472e-01 2.468160986900329590e-01 2.610143125057220459e-01 2.477127015590667725e-01 2.460290789604187012e-01 2.470861524343490601e-01
2.581182122230529785e-01 2.469744384288787842e-01 2.466398328542709351e-01 2.454169094562530518e-01 2.599681317806243896e-01 2.471248358488082886e-01 2.471797764301300049e-01 2.469232678413391113e-01 2.614086568355560303e-01 2.474316060543060303e-01 2.460891902446746826e-01 2.467230409383773804e-01
2.586124837398529053e-01 2.470254600048065186e-01 2.462147921323776245e-01 2.450425624847412109e-01 2.602288424968719482e-01 2.472380846738815308e-01 2.474555224180221558e-01 2.465276122093200684e-01 2.596536874771118164e-01 2.481949329376220703e-01 2.465131729841232300e-01 2.472906410694122314e-01
2.581503689289093018e-01 2.470821291208267212e-01 2.466742694377899170e-01 2.460861653089523315e-01 2.594141066074371338e-01 2.469525337219238281e-01 2.479086965322494507e-01 2.460770457983016968e-01 2.615419626235961914e-01 2.478641122579574585e-01 2.452485114336013794e-01 2.469979077577590942e-01
2.580763995647430420e-01 2.467763274908065796e-01 2.455028593540191650e-01 2.457310557365417480e-01 2.602387368679046631e-01 2.471334338188171387e-01 2.483887225389480591e-01 2.464977055788040161e-01 2.605080902576446533e-01 2.482932358980178833e-01 2.455741465091705322e-01 2.472770214080810547e-01
2.582206726074218750e-01 2.462113648653030396e-01 2.454706877470016479e-01 2.450539916753768921e-01 2.609389424324035645e-01 2.467307597398757935e-01 2.481092512607574463e-01 2.476096004247665405e-01 2.599723637104034424e-01 2.499308139085769653e-01 2.445294111967086792e-01 2.472198605537414551e-01
2.574096322059631348e-01 2.461443692445755005e-01 2.455281317234039307e-01 2.461239397525787354e-01 2.615959346294403076e-01 2.463007718324661255e-01 2.482058107852935791e-01 2.470366358757019043e-01 2.607930302619934082e-01 2.481008023023605347e-01 2.465600669384002686e-01 2.461985349655151367e-01
2.577601671218872070e-01 2.471646815538406372e-01 2.447442859411239624e-01 2.465759813785552979e-01 2.617061436176300049e-01 2.464806735515594482e-01 2.472930848598480225e-01 2.466201931238174438e-01 2.593455016613006592e-01 2.496632486581802368e-01 2.455682456493377686e-01 2.470753788948059082e-01
2.580634653568267822e-01 2.465675026178359985e-01 2.461316585540771484e-01 2.454365193843841553e-01 2.612604796886444092e-01 2.489333003759384155e-01 2.474331557750701904e-01 2.462322264909744263e-01 2.594606578350067139e-01 2.491376399993896484e-01 2.440868765115737915e-01 2.472540885210037231e-01
2.590305507183074951e-01 2.462014853954315186e-01 2.458181828260421753e-01 2.453967630863189697e-01 2.606592178344726562e-01 2.478534579277038574e-01 2.479119002819061279e-01 2.457027733325958252e-01 2.588226497173309326e-01 2.496149092912673950e-01 2.450781762599945068e-01 2.479074746370315552e-01
2.595018744468688965e-01 2.462178021669387817e-01 2.454396784305572510e-01 2.454274594783782959e-01 2.609387934207916260e-01 2.490606456995010376e-01 2.475852370262145996e-01 2.465546429157257080e-01 2.580555379390716553e-01 2.498253881931304932e-01 2.447749227285385132e-01 2.466155141592025757e-01
2.596158087253570557e-01 2.470923513174057007e-01 2.453821301460266113e-01 2.462856173515319824e-01 2.601141631603240967e-01 2.488968223333358765e-01 2.469433099031448364e-01 2.463959902524948120e-01 2.591888010501861572e-01 2.485128939151763916e-01 2.456810474395751953e-01 2.458885610103607178e-01
2.595445215702056885e-01 2.464051097631454468e-01 2.461825758218765259e-01 2.462436407804489136e-01 2.597560286521911621e-01 2.489640116691589355e-01 2.476826906204223633e-01 2.459476143121719360e-01 2.602117359638214111e-01 2.483741194009780884e-01 2.439073473215103149e-01 2.467780858278274536e-01
2.602401673793792725e-01 2.467448860406875610e-01 2.457650005817413330e-01 2.459852993488311768e-01 2.595745027065277100e-01 2.487373501062393188e-01 2.483272403478622437e-01 2.462520301342010498e-01 2.599898278713226318e-01 2.479804456233978271e-01 2.438637316226959229e-01 2.465369105339050293e-01
2.597290575504302979e-01 2.461545169353485107e-01 2.459954917430877686e-01 2.468562871217727661e-01 2.602484822273254395e-01 2.482806146144866943e-01 2.479460239410400391e-01 2.464160025119781494e-01 2.580862045288085938e-01 2.491230219602584839e-01 2.450440824031829834e-01 2.461175471544265747e-01
2.602219879627227783e-01 2.465664446353912354e-01 2.449834197759628296e-01 2.469635158777236938e-01 2.604139447212219238e-01 2.477586567401885986e-01 2.483474463224411011e-01 2.463710308074951172e-01 2.583758831024169922e-01 2.479387968778610229e-01 2.452328652143478394e-01 2.468233108520507812e-01
2.594089508056640625e-01 2.471697181463241577e-01 2.459452748298645020e-01 2.464517354965209961e-01 2.599676251411437988e-01 2.473469674587249756e-01 2.483090758323669434e-01 2.471637725830078125e-01 2.584393918514251709e-01 2.479223608970642090e-01 2.448230534791946411e-01 2.470495104789733887e-01
2.584919631481170654e-01 2.470186650753021240e-01 2.465425729751586914e-01 2.458553016185760498e-01 2.598204314708709717e-01 2.475381195545196533e-01 2.492036819458007812e-01 2.472923249006271362e-01 2.587910592555999756e-01 2.487023323774337769e-01 2.444476932287216187e-01 2.462931573390960693e-01
2.591062784194946289e-01 2.466302365064620972e-01 2.462737709283828735e-01 2.463346421718597412e-01 2.602328658103942871e-01 2.470347583293914795e-01 2.480252385139465332e-01 2.469324469566345215e-01 2.587686479091644287e-01 2.481161952018737793e-01 2.460083961486816406e-01 2.465337812900543213e-01
2.585524320602416992e-01 2.469375580549240112e-01 2.459924817085266113e-01 2.464904040098190308e-01 2.601696848869323730e-01 2.475547492504119873e-01 2.484864741563796997e-01 2.463864237070083618e-01 2.582153975963592529e-01 2.477551549673080444e-01 2.459735274314880371e-01 2.474829256534576416e-01
2.592712640762329102e-01 2.456854879856109619e-01 2.463933080434799194e-01 2.460553348064422607e-01 2.599441707134246826e-01 2.470998466014862061e-01 2.492451965808868408e-01 2.472418695688247681e-01 2.583106160163879395e-01 2.469890564680099487e-01 2.467738837003707886e-01 2.469871491193771362e-01
2.592997848987579346e-01 2.456691563129425049e-01 2.460307627916336060e-01 2.466178834438323975e-01 2.610720694065093994e-01 2.466641515493392944e-01 2.491059899330139160e-01 2.477150857448577881e-01 2.590551972389221191e-01 2.455459684133529663e-01 2.475247383117675781e-01 2.456963658332824707e-01
2.603409588336944580e-01 2.451145201921463013e-01 2.460898756980895996e-01 2.460722029209136963e-01 2.601477205753326416e-01 2.467388361692428589e-01 2.494910955429077148e-01 2.488093823194503784e-01 2.587883472442626953e-01 2.462929636240005493e-01 2.476274073123931885e-01 2.444837689399719238e-01
2.583680152893066406e-01 2.454275339841842651e-01 2.463505864143371582e-01 2.474714219570159912e-01 2.606022059917449951e-01 2.465984821319580078e-01 2.494477778673171997e-01 2.474265992641448975e-01 2.593684494495391846e-01 2.466412037611007690e-01 2.468246966600418091e-01 2.454701364040374756e-01
2.585628628730773926e-01 2.445776760578155518e-01 2.471433430910110474e-01 2.481629848480224609e-01 2.597969174385070801e-01 2.475621104240417480e-01 2.479158639907836914e-01 2.479708641767501831e-01 2.593666315078735352e-01 2.457622289657592773e-01 2.473099678754806519e-01 2.458655983209609985e-01
2.589165270328521729e-01 2.450248450040817261e-01 2.466508001089096069e-01 2.478546500205993652e-01 2.589533329010009766e-01 2.482386678457260132e-01 2.478557080030441284e-01 2.489608973264694214e-01 2.593858838081359863e-01 2.453225106000900269e-01 2.466743737459182739e-01 2.461588084697723389e-01
2.575285434722900391e-01 2.448958903551101685e-01 2.458149939775466919e-01 2.480049431324005127e-01 2.597261071205139160e-01 2.484305799007415771e-01 2.475767284631729126e-01 2.488939911127090454e-01 2.604032158851623535e-01 2.461277544498443604e-01 2.471068501472473145e-01 2.454873919486999512e-01
2.575211524963378906e-01 2.454283535480499268e-01 2.462317794561386108e-01 2.476960718631744385e-01 2.608899176120758057e-01 2.472039461135864258e-01 2.464388310909271240e-01 2.480464428663253784e-01 2.597354948520660400e-01 2.468096166849136353e-01 2.468253523111343384e-01 2.471700161695480347e-01
2.582030296325683594e-01 2.453725039958953857e-01 2.450460940599441528e-01 2.481833994388580322e-01 2.601920068264007568e-01 2.474703937768936157e-01 2.471863925457000732e-01 2.478026151657104492e-01 2.618983983993530273e-01 2.462358027696609497e-01 2.470749467611312866e-01 2.453312873840332031e-01
2.586769759654998779e-01 2.449491173028945923e-01 2.466438114643096924e-01 2.465350627899169922e-01 2.595420479774475098e-01 2.476492077112197876e-01 2.480218410491943359e-01 2.487592995166778564e-01 2.611246407032012939e-01 2.459953576326370239e-01 2.461211681365966797e-01 2.459783554077148438e-01
2.580702900886535645e-01 2.445469647645950317e-01 2.449563145637512207e-01 2.492314726114273071e-01 2.602138519287109375e-01 2.479634582996368408e-01 2.488715648651123047e-01 2.486940771341323853e-01 2.604689896106719971e-01 2.451465576887130737e-01 2.461854517459869385e-01 2.456478923559188843e-01
2.586726248264312744e-01 2.454232424497604370e-01 2.447595298290252686e-01 2.492074966430664062e-01 2.600313127040863037e-01 2.475676536560058594e-01 2.488935291767120361e-01 2.479925900697708130e-01 2.598915398120880127e-01 2.456533908843994141e-01 2.468000054359436035e-01 2.451039403676986694e-01
