# pops for 12 qbits with connectivity c7 and unitary DM 22403058041920
4.000000357627868652e-01 2.000000327825546265e-01 2.000000327825546265e-01 2.000000327825546265e-01 4.000000953674316406e-01 2.000000178813934326e-01 2.000000178813934326e-01 2.000000178813934326e-01 4.000000357627868652e-01 2.000000178813934326e-01 2.000000178813934326e-01 2.000000178813934326e-01
3.722684979438781738e-01 1.999999880790710449e-01 2.538969516754150391e-01 1.999999880790710449e-01 3.368194401264190674e-01 2.000000029802322388e-01 2.000000029802322388e-01 2.370152026414871216e-01 3.420454859733581543e-01 2.093757241964340210e-01 2.239605337381362915e-01 2.246182560920715332e-01
3.295336365699768066e-01 2.405027747154235840e-01 2.384479939937591553e-01 2.176809906959533691e-01 3.194728791713714600e-01 2.062370330095291138e-01 2.372786700725555420e-01 2.400648593902587891e-01 3.049798607826232910e-01 2.126590907573699951e-01 2.113904953002929688e-01 2.417517751455307007e-01
3.152104318141937256e-01 2.602949440479278564e-01 2.237936556339263916e-01 2.219014912843704224e-01 3.026406466960906982e-01 2.235473990440368652e-01 2.486419230699539185e-01 2.331882864236831665e-01 3.023760616779327393e-01 2.260185778141021729e-01 2.113423049449920654e-01 2.310442179441452026e-01
3.005116283893585205e-01 2.492610663175582886e-01 2.353666126728057861e-01 2.229228019714355469e-01 2.888140678405761719e-01 2.353230118751525879e-01 2.399921566247940063e-01 2.398723661899566650e-01 2.950670719146728516e-01 2.404700815677642822e-01 2.210086733102798462e-01 2.313904166221618652e-01
2.891038954257965088e-01 2.451597005128860474e-01 2.327759563922882080e-01 2.293228805065155029e-01 2.720913887023925781e-01 2.420167624950408936e-01 2.461740672588348389e-01 2.386980056762695312e-01 2.840003073215484619e-01 2.424539029598236084e-01 2.387674450874328613e-01 2.394354492425918579e-01
2.786813676357269287e-01 2.438456118106842041e-01 2.366862893104553223e-01 2.371492087841033936e-01 2.728386819362640381e-01 2.420712858438491821e-01 2.478159368038177490e-01 2.375212460756301880e-01 2.820438444614410400e-01 2.374737262725830078e-01 2.432825565338134766e-01 2.405900955200195312e-01
2.766812741756439209e-01 2.406521290540695190e-01 2.363258302211761475e-01 2.445872426033020020e-01 2.657515704631805420e-01 2.423930764198303223e-01 2.494650632143020630e-01 2.407532781362533569e-01 2.776765227317810059e-01 2.367846816778182983e-01 2.462392151355743408e-01 2.426898479461669922e-01
2.774647772312164307e-01 2.424053400754928589e-01 2.378992885351181030e-01 2.404771149158477783e-01 2.630921304225921631e-01 2.435474991798400879e-01 2.477980554103851318e-01 2.431090474128723145e-01 2.737545967102050781e-01 2.388879358768463135e-01 2.516661286354064941e-01 2.398978024721145630e-01
2.755215764045715332e-01 2.417566180229187012e-01 2.407760173082351685e-01 2.413836717605590820e-01 2.586239278316497803e-01 2.437677979469299316e-01 2.500382363796234131e-01 2.439254224300384521e-01 2.742285132408142090e-01 2.408579140901565552e-01 2.493537515401840210e-01 2.397662699222564697e-01
2.763773798942565918e-01 2.411812394857406616e-01 2.398771047592163086e-01 2.416537553071975708e-01 2.566841244697570801e-01 2.410131990909576416e-01 2.534359693527221680e-01 2.447392940521240234e-01 2.763679027557373047e-01 2.390404045581817627e-01 2.486887127161026001e-01 2.409406602382659912e-01
2.680895924568176270e-01 2.408995628356933594e-01 2.384392023086547852e-01 2.506608068943023682e-01 2.545618712902069092e-01 2.447726428508758545e-01 2.545893788337707520e-01 2.426993995904922485e-01 2.653674781322479248e-01 2.493215799331665039e-01 2.491343915462493896e-01 2.414638251066207886e-01
2.662066817283630371e-01 2.425421774387359619e-01 2.400010079145431519e-01 2.493392825126647949e-01 2.550175189971923828e-01 2.444337457418441772e-01 2.531401515007019043e-01 2.440318465232849121e-01 2.644720971584320068e-01 2.497239410877227783e-01 2.495126128196716309e-01 2.415785938501358032e-01
2.651257812976837158e-01 2.427672594785690308e-01 2.411037534475326538e-01 2.490923404693603516e-01 2.569542229175567627e-01 2.444799095392227173e-01 2.519862055778503418e-01 2.446353435516357422e-01 2.620609998703002930e-01 2.501521706581115723e-01 2.482826411724090576e-01 2.433589994907379150e-01
2.662951052188873291e-01 2.418668121099472046e-01 2.397846579551696777e-01 2.501425743103027344e-01 2.588944137096405029e-01 2.462021857500076294e-01 2.522901892662048340e-01 2.440331131219863892e-01 2.614726722240447998e-01 2.499541342258453369e-01 2.464544922113418579e-01 2.426093369722366333e-01
2.651979029178619385e-01 2.435289323329925537e-01 2.413636744022369385e-01 2.508988678455352783e-01 2.607925832271575928e-01 2.453820854425430298e-01 2.479735761880874634e-01 2.443713694810867310e-01 2.616123557090759277e-01 2.493186891078948975e-01 2.470336854457855225e-01 2.425258904695510864e-01
2.651565372943878174e-01 2.427547127008438110e-01 2.431133836507797241e-01 2.499646991491317749e-01 2.595483660697937012e-01 2.445908486843109131e-01 2.491379529237747192e-01 2.452424168586730957e-01 2.620474696159362793e-01 2.497634887695312500e-01 2.460629045963287354e-01 2.426166981458663940e-01
2.658311724662780762e-01 2.449765950441360474e-01 2.411775588989257812e-01 2.484746575355529785e-01 2.597878277301788330e-01 2.450730800628662109e-01 2.468094080686569214e-01 2.472848892211914062e-01 2.623061239719390869e-01 2.477719634771347046e-01 2.450825870037078857e-01 2.454236149787902832e-01
2.658966481685638428e-01 2.445062398910522461e-01 2.412210106849670410e-01 2.488170862197875977e-01 2.587971687316894531e-01 2.464803308248519897e-01 2.473921328783035278e-01 2.463045418262481689e-01 2.623133063316345215e-01 2.471872270107269287e-01 2.462155818939208984e-01 2.448681592941284180e-01
2.637088298797607422e-01 2.452754974365234375e-01 2.415880560874938965e-01 2.486954480409622192e-01 2.606247961521148682e-01 2.466877400875091553e-01 2.473852783441543579e-01 2.465991675853729248e-01 2.625710964202880859e-01 2.464273571968078613e-01 2.456783354282379150e-01 2.447578310966491699e-01
2.609583139419555664e-01 2.444054782390594482e-01 2.438015341758728027e-01 2.498712986707687378e-01 2.597166895866394043e-01 2.462523877620697021e-01 2.478906363248825073e-01 2.481466680765151978e-01 2.607744336128234863e-01 2.461711019277572632e-01 2.460057735443115234e-01 2.460049986839294434e-01
2.625477910041809082e-01 2.446524351835250854e-01 2.429735064506530762e-01 2.495969682931900024e-01 2.587372660636901855e-01 2.466103136539459229e-01 2.475601434707641602e-01 2.483646124601364136e-01 2.605708241462707520e-01 2.473025918006896973e-01 2.449789643287658691e-01 2.461039572954177856e-01
2.634169459342956543e-01 2.452886849641799927e-01 2.431332170963287354e-01 2.502554953098297119e-01 2.579160928726196289e-01 2.465784847736358643e-01 2.470865249633789062e-01 2.473675310611724854e-01 2.621905207633972168e-01 2.462649792432785034e-01 2.453885376453399658e-01 2.451122850179672241e-01
2.617378830909729004e-01 2.454888224601745605e-01 2.421677410602569580e-01 2.502173483371734619e-01 2.599806189537048340e-01 2.471525222063064575e-01 2.463504821062088013e-01 2.479475587606430054e-01 2.608618736267089844e-01 2.468516379594802856e-01 2.458230555057525635e-01 2.454197406768798828e-01
2.626169323921203613e-01 2.451076060533523560e-01 2.419356703758239746e-01 2.499515712261199951e-01 2.587488591670989990e-01 2.473346590995788574e-01 2.462515085935592651e-01 2.470326721668243408e-01 2.603631019592285156e-01 2.472672611474990845e-01 2.472418248653411865e-01 2.461476027965545654e-01
2.635140419006347656e-01 2.438790351152420044e-01 2.431479692459106445e-01 2.491867542266845703e-01 2.587639987468719482e-01 2.481062561273574829e-01 2.468303591012954712e-01 2.463215142488479614e-01 2.582007944583892822e-01 2.460279166698455811e-01 2.476944327354431152e-01 2.483261227607727051e-01
2.641378045082092285e-01 2.443654686212539673e-01 2.433639913797378540e-01 2.482705712318420410e-01 2.594873905181884766e-01 2.462727278470993042e-01 2.473906725645065308e-01 2.452846616506576538e-01 2.594612240791320801e-01 2.467075288295745850e-01 2.474913448095321655e-01 2.477658540010452271e-01
2.625529766082763672e-01 2.464005053043365479e-01 2.419826239347457886e-01 2.485873997211456299e-01 2.609046399593353271e-01 2.459199577569961548e-01 2.474943399429321289e-01 2.448407709598541260e-01 2.588553428649902344e-01 2.469535470008850098e-01 2.476470470428466797e-01 2.478600442409515381e-01
2.624120712280273438e-01 2.463424354791641235e-01 2.425500005483627319e-01 2.481656521558761597e-01 2.603870630264282227e-01 2.466365396976470947e-01 2.467869818210601807e-01 2.454025000333786011e-01 2.594217061996459961e-01 2.476080954074859619e-01 2.481172233819961548e-01 2.461688667535781860e-01
2.626823484897613525e-01 2.465433478355407715e-01 2.439398616552352905e-01 2.480724751949310303e-01 2.592576146125793457e-01 2.464693039655685425e-01 2.467498034238815308e-01 2.467950731515884399e-01 2.583482861518859863e-01 2.466611713171005249e-01 2.487194389104843140e-01 2.457603514194488525e-01
2.631981670856475830e-01 2.469219416379928589e-01 2.447547912597656250e-01 2.463631480932235718e-01 2.585510909557342529e-01 2.465068846940994263e-01 2.472419589757919312e-01 2.458407431840896606e-01 2.579379975795745850e-01 2.463638186454772949e-01 2.495918571949005127e-01 2.467266619205474854e-01
2.626686096191406250e-01 2.466171830892562866e-01 2.450776696205139160e-01 2.466045320034027100e-01 2.587594389915466309e-01 2.463619112968444824e-01 2.469265311956405640e-01 2.463628798723220825e-01 2.588752806186676025e-01 2.454322874546051025e-01 2.485601305961608887e-01 2.477526068687438965e-01
2.627269625663757324e-01 2.456965893507003784e-01 2.449596524238586426e-01 2.468553334474563599e-01 2.596648037433624268e-01 2.466011345386505127e-01 2.467470169067382812e-01 2.461272180080413818e-01 2.579652965068817139e-01 2.466551363468170166e-01 2.488676607608795166e-01 2.471321821212768555e-01
2.625647485256195068e-01 2.457604408264160156e-01 2.453820854425430298e-01 2.482844889163970947e-01 2.590251863002777100e-01 2.480652928352355957e-01 2.458936423063278198e-01 2.457934916019439697e-01 2.581749260425567627e-01 2.469091117382049561e-01 2.474832385778427124e-01 2.466622591018676758e-01
2.628940343856811523e-01 2.459068149328231812e-01 2.445372194051742554e-01 2.483476400375366211e-01 2.590713798999786377e-01 2.481371611356735229e-01 2.465460002422332764e-01 2.464560568332672119e-01 2.572938799858093262e-01 2.461634427309036255e-01 2.479718476533889771e-01 2.466734945774078369e-01
2.626051008701324463e-01 2.458994686603546143e-01 2.445580065250396729e-01 2.478002905845642090e-01 2.588011324405670166e-01 2.483832687139511108e-01 2.465221583843231201e-01 2.467645853757858276e-01 2.578622400760650635e-01 2.465117722749710083e-01 2.479175925254821777e-01 2.463732808828353882e-01
2.627966403961181641e-01 2.450607270002365112e-01 2.452268153429031372e-01 2.462165057659149170e-01 2.604847550392150879e-01 2.486502081155776978e-01 2.454857230186462402e-01 2.467073351144790649e-01 2.582415640354156494e-01 2.475412786006927490e-01 2.478030920028686523e-01 2.457842379808425903e-01
2.613108456134796143e-01 2.454498708248138428e-01 2.459206879138946533e-01 2.466192543506622314e-01 2.591686844825744629e-01 2.484990358352661133e-01 2.467756718397140503e-01 2.468846440315246582e-01 2.577526271343231201e-01 2.474449127912521362e-01 2.475849986076354980e-01 2.465877085924148560e-01
2.618798315525054932e-01 2.450310885906219482e-01 2.468369603157043457e-01 2.464234232902526855e-01 2.589788436889648438e-01 2.478918582201004028e-01 2.475800961256027222e-01 2.460065335035324097e-01 2.585332691669464111e-01 2.468770593404769897e-01 2.480510920286178589e-01 2.459087967872619629e-01
2.616831958293914795e-01 2.456056922674179077e-01 2.473514825105667114e-01 2.458487898111343384e-01 2.584172189235687256e-01 2.484534829854965210e-01 2.477599978446960449e-01 2.455087006092071533e-01 2.579045891761779785e-01 2.474759221076965332e-01 2.473577260971069336e-01 2.466319352388381958e-01
2.619226276874542236e-01 2.455528676509857178e-01 2.470171451568603516e-01 2.459965050220489502e-01 2.587265074253082275e-01 2.473860681056976318e-01 2.466582357883453369e-01 2.455861866474151611e-01 2.586149573326110840e-01 2.479441463947296143e-01 2.479137927293777466e-01 2.466797232627868652e-01
2.623754143714904785e-01 2.456117719411849976e-01 2.462359666824340820e-01 2.462659478187561035e-01 2.599084675312042236e-01 2.473042756319046021e-01 2.457826733589172363e-01 2.453615367412567139e-01 2.587196528911590576e-01 2.480552643537521362e-01 2.480516433715820312e-01 2.463260442018508911e-01
2.610258460044860840e-01 2.451162934303283691e-01 2.466809302568435669e-01 2.468233555555343628e-01 2.597103714942932129e-01 2.478928416967391968e-01 2.459862679243087769e-01 2.456101626157760620e-01 2.595597505569458008e-01 2.462759613990783691e-01 2.488152980804443359e-01 2.465015798807144165e-01
2.614967226982116699e-01 2.442069500684738159e-01 2.471819370985031128e-01 2.467608153820037842e-01 2.600078284740447998e-01 2.473008483648300171e-01 2.455408722162246704e-01 2.457978576421737671e-01 2.597754597663879395e-01 2.470976114273071289e-01 2.492851167917251587e-01 2.455466240644454956e-01
2.605600655078887939e-01 2.448025792837142944e-01 2.475230842828750610e-01 2.467607110738754272e-01 2.593688964843750000e-01 2.470891773700714111e-01 2.455550730228424072e-01 2.466342598199844360e-01 2.586084008216857910e-01 2.474742382764816284e-01 2.488264441490173340e-01 2.467957437038421631e-01
2.591952681541442871e-01 2.452287375926971436e-01 2.478279322385787964e-01 2.460841685533523560e-01 2.597472965717315674e-01 2.477706968784332275e-01 2.455364167690277100e-01 2.469032704830169678e-01 2.584816813468933105e-01 2.478993535041809082e-01 2.482728809118270874e-01 2.470508366823196411e-01
2.575898766517639160e-01 2.453329265117645264e-01 2.509092986583709717e-01 2.467934042215347290e-01 2.600524425506591797e-01 2.470664530992507935e-01 2.454272508621215820e-01 2.466360330581665039e-01 2.582006752490997314e-01 2.451550960540771484e-01 2.495412081480026245e-01 2.472939491271972656e-01
2.590354382991790771e-01 2.450019866228103638e-01 2.508205771446228027e-01 2.469548732042312622e-01 2.595131695270538330e-01 2.470178753137588501e-01 2.464417368173599243e-01 2.466118633747100830e-01 2.574465870857238770e-01 2.444322407245635986e-01 2.497887760400772095e-01 2.469334751367568970e-01
2.581959962844848633e-01 2.455825656652450562e-01 2.505845129489898682e-01 2.474496960639953613e-01 2.591445147991180420e-01 2.466931045055389404e-01 2.467878460884094238e-01 2.469591945409774780e-01 2.588187158107757568e-01 2.438302189111709595e-01 2.505550980567932129e-01 2.453970462083816528e-01
2.587821483612060547e-01 2.450515627861022949e-01 2.494548410177230835e-01 2.464524656534194946e-01 2.583879530429840088e-01 2.472230195999145508e-01 2.456209361553192139e-01 2.479575276374816895e-01 2.595475912094116211e-01 2.448804974555969238e-01 2.503697276115417480e-01 2.462702393531799316e-01
2.587962150573730469e-01 2.440542727708816528e-01 2.491725385189056396e-01 2.477179616689682007e-01 2.596246004104614258e-01 2.466609477996826172e-01 2.456926107406616211e-01 2.472112029790878296e-01 2.582731544971466064e-01 2.464638054370880127e-01 2.501536309719085693e-01 2.461774796247482300e-01
2.595361471176147461e-01 2.439259141683578491e-01 2.495259791612625122e-01 2.467355430126190186e-01 2.593156695365905762e-01 2.463607490062713623e-01 2.462440431118011475e-01 2.472863346338272095e-01 2.587983906269073486e-01 2.447156012058258057e-01 2.506966292858123779e-01 2.468573749065399170e-01
2.603771686553955078e-01 2.441080659627914429e-01 2.506322860717773438e-01 2.470449507236480713e-01 2.592021524906158447e-01 2.471513450145721436e-01 2.458660006523132324e-01 2.466273754835128784e-01 2.588340640068054199e-01 2.459171414375305176e-01 2.475477606058120728e-01 2.466900795698165894e-01
2.593703567981719971e-01 2.448464334011077881e-01 2.493069022893905640e-01 2.464076131582260132e-01 2.591872513294219971e-01 2.480920702219009399e-01 2.465693950653076172e-01 2.471649795770645142e-01 2.591207325458526611e-01 2.471746653318405151e-01 2.457675188779830933e-01 2.469903677701950073e-01
2.603521645069122314e-01 2.457371503114700317e-01 2.479598224163055420e-01 2.458821833133697510e-01 2.603964805603027344e-01 2.479142993688583374e-01 2.461725771427154541e-01 2.465303391218185425e-01 2.589305341243743896e-01 2.485183626413345337e-01 2.461948841810226440e-01 2.454095184803009033e-01
2.594730854034423828e-01 2.456079721450805664e-01 2.481985241174697876e-01 2.456073313951492310e-01 2.613191008567810059e-01 2.485027909278869629e-01 2.464039027690887451e-01 2.458323240280151367e-01 2.589685022830963135e-01 2.478182166814804077e-01 2.467032819986343384e-01 2.455632984638214111e-01
2.592139244079589844e-01 2.454686164855957031e-01 2.483866214752197266e-01 2.469575703144073486e-01 2.596002221107482910e-01 2.486833333969116211e-01 2.468385845422744751e-01 2.457961142063140869e-01 2.579450011253356934e-01 2.480399459600448608e-01 2.462179511785507202e-01 2.468504011631011963e-01
2.599732279777526855e-01 2.455701828002929688e-01 2.476956397294998169e-01 2.467876374721527100e-01 2.589677870273590088e-01 2.491986900568008423e-01 2.467247843742370605e-01 2.459897994995117188e-01 2.584570348262786865e-01 2.479666918516159058e-01 2.461075484752655029e-01 2.465592026710510254e-01
2.592884302139282227e-01 2.447736859321594238e-01 2.491284012794494629e-01 2.468361556529998779e-01 2.578768730163574219e-01 2.492674887180328369e-01 2.476814538240432739e-01 2.460552752017974854e-01 2.587137520313262939e-01 2.474109530448913574e-01 2.470178455114364624e-01 2.459479272365570068e-01
2.592006027698516846e-01 2.455393075942993164e-01 2.500828206539154053e-01 2.461918145418167114e-01 2.580064237117767334e-01 2.485616505146026611e-01 2.466852813959121704e-01 2.457769215106964111e-01 2.592192292213439941e-01 2.487248182296752930e-01 2.455826848745346069e-01 2.464266270399093628e-01
2.590228617191314697e-01 2.452930063009262085e-01 2.500617504119873047e-01 2.459851503372192383e-01 2.578236758708953857e-01 2.473506033420562744e-01 2.481636255979537964e-01 2.463440448045730591e-01 2.594626545906066895e-01 2.490470260381698608e-01 2.449207752943038940e-01 2.465228587388992310e-01
2.585402429103851318e-01 2.458008825778961182e-01 2.498712837696075439e-01 2.474041134119033813e-01 2.573960125446319580e-01 2.476388812065124512e-01 2.473627924919128418e-01 2.460522055625915527e-01 2.589863836765289307e-01 2.491857260465621948e-01 2.453717738389968872e-01 2.463877499103546143e-01
2.578999102115631104e-01 2.463008612394332886e-01 2.493842393159866333e-01 2.471144050359725952e-01 2.575434446334838867e-01 2.476758807897567749e-01 2.472023963928222656e-01 2.469452023506164551e-01 2.588357031345367432e-01 2.489407956600189209e-01 2.459176182746887207e-01 2.462375462055206299e-01
2.572928667068481445e-01 2.460697740316390991e-01 2.482746839523315430e-01 2.473259717226028442e-01 2.594386637210845947e-01 2.469209134578704834e-01 2.470862120389938354e-01 2.467665970325469971e-01 2.593025565147399902e-01 2.493451088666915894e-01 2.460052073001861572e-01 2.461694478988647461e-01
2.588644623756408691e-01 2.465574145317077637e-01 2.466222494840621948e-01 2.469191402196884155e-01 2.578041553497314453e-01 2.477219998836517334e-01 2.481320202350616455e-01 2.465541958808898926e-01 2.594543397426605225e-01 2.486415952444076538e-01 2.465512603521347046e-01 2.461751550436019897e-01
2.588309049606323242e-01 2.464804947376251221e-01 2.465667426586151123e-01 2.470474690198898315e-01 2.583804130554199219e-01 2.472562193870544434e-01 2.475210428237915039e-01 2.467527985572814941e-01 2.593111097812652588e-01 2.491441071033477783e-01 2.466217130422592163e-01 2.460849583148956299e-01
2.593467533588409424e-01 2.457227855920791626e-01 2.467197477817535400e-01 2.471362501382827759e-01 2.590418159961700439e-01 2.465720027685165405e-01 2.473771721124649048e-01 2.471640557050704956e-01 2.591496706008911133e-01 2.490381896495819092e-01 2.459220141172409058e-01 2.468074113130569458e-01
2.601049244403839111e-01 2.443726062774658203e-01 2.454204112291336060e-01 2.477228641510009766e-01 2.595340013504028320e-01 2.459587752819061279e-01 2.474769800901412964e-01 2.467311918735504150e-01 2.597660124301910400e-01 2.490842789411544800e-01 2.463518232107162476e-01 2.474740743637084961e-01
2.594747841358184814e-01 2.451821267604827881e-01 2.461006343364715576e-01 2.473489940166473389e-01 2.582867145538330078e-01 2.467703521251678467e-01 2.475407272577285767e-01 2.466173619031906128e-01 2.594853937625885010e-01 2.483697235584259033e-01 2.473923563957214355e-01 2.474287152290344238e-01
2.595984637737274170e-01 2.450892627239227295e-01 2.459907978773117065e-01 2.474279999732971191e-01 2.583550810813903809e-01 2.475357204675674438e-01 2.475758939981460571e-01 2.469165772199630737e-01 2.595599591732025146e-01 2.475565075874328613e-01 2.471410036087036133e-01 2.472506165504455566e-01
2.595457732677459717e-01 2.468531131744384766e-01 2.459840476512908936e-01 2.479828894138336182e-01 2.584568560123443604e-01 2.469099014997482300e-01 2.482716441154479980e-01 2.457852661609649658e-01 2.594952285289764404e-01 2.471190392971038818e-01 2.465138733386993408e-01 2.470802664756774902e-01
2.596582472324371338e-01 2.464502900838851929e-01 2.457415461540222168e-01 2.483643144369125366e-01 2.580569386482238770e-01 2.468876987695693970e-01 2.481548637151718140e-01 2.464755475521087646e-01 2.589499652385711670e-01 2.476606965065002441e-01 2.458947598934173584e-01 2.477029412984848022e-01
2.586858272552490234e-01 2.468697130680084229e-01 2.462347447872161865e-01 2.474452555179595947e-01 2.585943341255187988e-01 2.466294914484024048e-01 2.473151236772537231e-01 2.472334057092666626e-01 2.594932615756988525e-01 2.468111366033554077e-01 2.456537485122680664e-01 2.490317076444625854e-01
2.584690451622009277e-01 2.469327598810195923e-01 2.465255111455917358e-01 2.473082244396209717e-01 2.596734464168548584e-01 2.475448697805404663e-01 2.461959421634674072e-01 2.463581264019012451e-01 2.594714462757110596e-01 2.478200644254684448e-01 2.454328984022140503e-01 2.482654601335525513e-01
2.588736414909362793e-01 2.473692148923873901e-01 2.465397566556930542e-01 2.461171746253967285e-01 2.596839070320129395e-01 2.470836341381072998e-01 2.456386685371398926e-01 2.474848330020904541e-01 2.601543962955474854e-01 2.472267895936965942e-01 2.454567253589630127e-01 2.483689039945602417e-01
2.581943571567535400e-01 2.492104023694992065e-01 2.466613352298736572e-01 2.469505518674850464e-01 2.584252953529357910e-01 2.463052868843078613e-01 2.452551573514938354e-01 2.477885633707046509e-01 2.604090869426727295e-01 2.470440566539764404e-01 2.461770474910736084e-01 2.475765645503997803e-01
2.590029537677764893e-01 2.480558156967163086e-01 2.464761286973953247e-01 2.474816739559173584e-01 2.592569887638092041e-01 2.462921291589736938e-01 2.440640330314636230e-01 2.481611073017120361e-01 2.591653764247894287e-01 2.475450485944747925e-01 2.457054555416107178e-01 2.487909346818923950e-01
2.595695555210113525e-01 2.475240677595138550e-01 2.471331655979156494e-01 2.472140192985534668e-01 2.589869201183319092e-01 2.464369237422943115e-01 2.448630779981613159e-01 2.470631003379821777e-01 2.604300677776336670e-01 2.465635240077972412e-01 2.460982650518417358e-01 2.481149435043334961e-01
2.595039904117584229e-01 2.469331920146942139e-01 2.479178905487060547e-01 2.469853013753890991e-01 2.598675191402435303e-01 2.465029358863830566e-01 2.442767769098281860e-01 2.468031942844390869e-01 2.604222297668457031e-01 2.472650259733200073e-01 2.458201199769973755e-01 2.476994395256042480e-01
2.574648559093475342e-01 2.477883398532867432e-01 2.468709796667098999e-01 2.480237185955047607e-01 2.600944638252258301e-01 2.467298656702041626e-01 2.442415952682495117e-01 2.472952604293823242e-01 2.594841122627258301e-01 2.472382038831710815e-01 2.477588802576065063e-01 2.470072805881500244e-01
2.580881118774414062e-01 2.462915629148483276e-01 2.462812364101409912e-01 2.479391098022460938e-01 2.602866291999816895e-01 2.470495402812957764e-01 2.445962131023406982e-01 2.479766160249710083e-01 2.596091330051422119e-01 2.466457188129425049e-01 2.470324337482452393e-01 2.482012063264846802e-01
2.580051422119140625e-01 2.457817941904067993e-01 2.462193816900253296e-01 2.481419146060943604e-01 2.596484124660491943e-01 2.481935024261474609e-01 2.458272129297256470e-01 2.466917335987091064e-01 2.588455677032470703e-01 2.478156387805938721e-01 2.476986497640609741e-01 2.471286356449127197e-01
2.576077878475189209e-01 2.454330921173095703e-01 2.469653636217117310e-01 2.481419444084167480e-01 2.588860094547271729e-01 2.479299902915954590e-01 2.465345710515975952e-01 2.468914091587066650e-01 2.582930624485015869e-01 2.483568638563156128e-01 2.473440617322921753e-01 2.476133108139038086e-01
2.579066455364227295e-01 2.449772804975509644e-01 2.474703788757324219e-01 2.486712634563446045e-01 2.579336166381835938e-01 2.482964992523193359e-01 2.453398704528808594e-01 2.476531416177749634e-01 2.583403289318084717e-01 2.485331147909164429e-01 2.472475767135620117e-01 2.476277053356170654e-01
2.587901651859283447e-01 2.447441518306732178e-01 2.472381591796875000e-01 2.479244917631149292e-01 2.587116360664367676e-01 2.484094947576522827e-01 2.456921935081481934e-01 2.467383742332458496e-01 2.591214179992675781e-01 2.465769350528717041e-01 2.474337667226791382e-01 2.486165761947631836e-01
2.585096061229705811e-01 2.445444315671920776e-01 2.470550239086151123e-01 2.474615424871444702e-01 2.597249448299407959e-01 2.478598654270172119e-01 2.473939061164855957e-01 2.467342466115951538e-01 2.600708007812500000e-01 2.462902069091796875e-01 2.467093467712402344e-01 2.476434111595153809e-01
2.585618495941162109e-01 2.450650334358215332e-01 2.467571049928665161e-01 2.478280663490295410e-01 2.594674527645111084e-01 2.467263489961624146e-01 2.479545772075653076e-01 2.469230741262435913e-01 2.593498528003692627e-01 2.469028234481811523e-01 2.467681318521499634e-01 2.476929575204849243e-01
2.576648592948913574e-01 2.455054819583892822e-01 2.470906823873519897e-01 2.479510456323623657e-01 2.585065364837646484e-01 2.456327825784683228e-01 2.494043558835983276e-01 2.471945583820343018e-01 2.594310343265533447e-01 2.470463812351226807e-01 2.462683171033859253e-01 2.483012229204177856e-01
2.578561902046203613e-01 2.461657077074050903e-01 2.462738454341888428e-01 2.476721256971359253e-01 2.588044106960296631e-01 2.455580681562423706e-01 2.487998753786087036e-01 2.469841986894607544e-01 2.589687108993530273e-01 2.476266324520111084e-01 2.474098801612854004e-01 2.478776276111602783e-01
2.567727267742156982e-01 2.462228238582611084e-01 2.458397448062896729e-01 2.459836006164550781e-01 2.592807412147521973e-01 2.461080998182296753e-01 2.480624020099639893e-01 2.473403066396713257e-01 2.597613930702209473e-01 2.487092018127441406e-01 2.484499216079711914e-01 2.474662512540817261e-01
2.562565505504608154e-01 2.462695091962814331e-01 2.469834238290786743e-01 2.464763522148132324e-01 2.593934237957000732e-01 2.464593350887298584e-01 2.470836788415908813e-01 2.466881275177001953e-01 2.593320310115814209e-01 2.477714419364929199e-01 2.491583824157714844e-01 2.481249421834945679e-01
2.560821771621704102e-01 2.470612078905105591e-01 2.461979687213897705e-01 2.467348575592041016e-01 2.588179707527160645e-01 2.456631660461425781e-01 2.485233545303344727e-01 2.462082505226135254e-01 2.601051926612854004e-01 2.483698874711990356e-01 2.483101785182952881e-01 2.479229271411895752e-01
2.563388049602508545e-01 2.471614480018615723e-01 2.453128546476364136e-01 2.472444176673889160e-01 2.594594061374664307e-01 2.458066046237945557e-01 2.476740628480911255e-01 2.462210059165954590e-01 2.608094215393066406e-01 2.485022246837615967e-01 2.483202666044235229e-01 2.471466511487960815e-01
2.565694153308868408e-01 2.469819337129592896e-01 2.457481920719146729e-01 2.465716749429702759e-01 2.597050368785858154e-01 2.456562817096710205e-01 2.471725940704345703e-01 2.468134462833404541e-01 2.597706019878387451e-01 2.483738362789154053e-01 2.486129999160766602e-01 2.480210959911346436e-01
2.563244104385375977e-01 2.465826123952865601e-01 2.465188801288604736e-01 2.463692873716354370e-01 2.611521184444427490e-01 2.457757741212844849e-01 2.466816902160644531e-01 2.473811805248260498e-01 2.606986165046691895e-01 2.460334599018096924e-01 2.489385008811950684e-01 2.475405186414718628e-01
2.560454607009887695e-01 2.472925782203674316e-01 2.476695328950881958e-01 2.462898045778274536e-01 2.605666518211364746e-01 2.460811734199523926e-01 2.459452748298645020e-01 2.468954622745513916e-01 2.603437006473541260e-01 2.460420876741409302e-01 2.494323402643203735e-01 2.473929673433303833e-01
2.566361427307128906e-01 2.474537193775177002e-01 2.477753609418869019e-01 2.461303323507308960e-01 2.604846060276031494e-01 2.464328408241271973e-01 2.465344369411468506e-01 2.462768554687500000e-01 2.598357498645782471e-01 2.459150403738021851e-01 2.494331896305084229e-01 2.470887750387191772e-01
2.565346062183380127e-01 2.474000304937362671e-01 2.470584362745285034e-01 2.470024377107620239e-01 2.599362730979919434e-01 2.469961047172546387e-01 2.459384053945541382e-01 2.471908777952194214e-01 2.600112557411193848e-01 2.458752393722534180e-01 2.491072565317153931e-01 2.469459772109985352e-01
2.580938339233398438e-01 2.470363527536392212e-01 2.468989044427871704e-01 2.464908510446548462e-01 2.599967420101165771e-01 2.471971809864044189e-01 2.462605834007263184e-01 2.465945333242416382e-01 2.603420317173004150e-01 2.460803240537643433e-01 2.481345236301422119e-01 2.468710690736770630e-01
2.568709850311279297e-01 2.472320199012756348e-01 2.472297549247741699e-01 2.462628781795501709e-01 2.612527310848236084e-01 2.483944147825241089e-01 2.459311038255691528e-01 2.467893958091735840e-01 2.611032128334045410e-01 2.462764084339141846e-01 2.465055286884307861e-01 2.461484670639038086e-01
2.582100033760070801e-01 2.468255460262298584e-01 2.468871772289276123e-01 2.456729114055633545e-01 2.611441910266876221e-01 2.480059713125228882e-01 2.458454668521881104e-01 2.468213886022567749e-01 2.610137760639190674e-01 2.464423924684524536e-01 2.466433048248291016e-01 2.464847713708877563e-01
