# pops for 12 qbits with connectivity c7 and unitary DM 22745753043328
4.000000357627868652e-01 2.000000327825546265e-01 2.000000327825546265e-01 2.000000327825546265e-01 4.000000953674316406e-01 2.000000178813934326e-01 2.000000178813934326e-01 2.000000178813934326e-01 4.000000357627868652e-01 2.000000178813934326e-01 2.000000178813934326e-01 2.000000178813934326e-01
3.396292924880981445e-01 2.233037650585174561e-01 2.145312428474426270e-01 2.225357294082641602e-01 3.289471864700317383e-01 2.202025949954986572e-01 2.233866006135940552e-01 2.274636030197143555e-01 3.289472162723541260e-01 2.202025800943374634e-01 2.233866006135940552e-01 2.274636328220367432e-01
3.146268427371978760e-01 2.248069643974304199e-01 2.100272178649902344e-01 2.407666593790054321e-01 2.933024168014526367e-01 2.626188099384307861e-01 2.313631623983383179e-01 2.224878519773483276e-01 3.632095754146575928e-01 2.190409451723098755e-01 2.292263060808181763e-01 1.885231733322143555e-01
2.798705995082855225e-01 2.179656475782394409e-01 2.238183468580245972e-01 2.438921928405761719e-01 2.833084166049957275e-01 2.644197046756744385e-01 2.344074547290802002e-01 2.339717000722885132e-01 3.246892988681793213e-01 2.267206907272338867e-01 2.544617950916290283e-01 2.124741375446319580e-01
2.709060311317443848e-01 2.283154726028442383e-01 2.356911599636077881e-01 2.502124607563018799e-01 2.726966142654418945e-01 2.568383514881134033e-01 2.353848516941070557e-01 2.316090911626815796e-01 3.134841620922088623e-01 2.243548482656478882e-01 2.493154555559158325e-01 2.311914712190628052e-01
2.690594792366027832e-01 2.267435342073440552e-01 2.424909174442291260e-01 2.455071657896041870e-01 2.759849727153778076e-01 2.562457025051116943e-01 2.339472919702529907e-01 2.364651113748550415e-01 2.997355461120605469e-01 2.360090464353561401e-01 2.411377131938934326e-01 2.366734594106674194e-01
2.607381939888000488e-01 2.277587652206420898e-01 2.538158297538757324e-01 2.460704445838928223e-01 2.704848349094390869e-01 2.606706619262695312e-01 2.370357215404510498e-01 2.317981272935867310e-01 2.847338616847991943e-01 2.395486682653427124e-01 2.531356811523437500e-01 2.342090457677841187e-01
2.604292333126068115e-01 2.349132895469665527e-01 2.480851560831069946e-01 2.439059764146804810e-01 2.704891562461853027e-01 2.592424750328063965e-01 2.374268025159835815e-01 2.338804751634597778e-01 2.822389304637908936e-01 2.400096058845520020e-01 2.516486048698425293e-01 2.377301156520843506e-01
2.633307576179504395e-01 2.371457815170288086e-01 2.464939504861831665e-01 2.480472475290298462e-01 2.736536860466003418e-01 2.590962350368499756e-01 2.342374920845031738e-01 2.319357246160507202e-01 2.807852327823638916e-01 2.386891841888427734e-01 2.505522370338439941e-01 2.360322028398513794e-01
2.613382339477539062e-01 2.432078868150711060e-01 2.445829212665557861e-01 2.460273653268814087e-01 2.630965411663055420e-01 2.499916553497314453e-01 2.461394667625427246e-01 2.369707077741622925e-01 2.716400623321533203e-01 2.428546398878097534e-01 2.503176331520080566e-01 2.438325881958007812e-01
2.585974633693695068e-01 2.458523660898208618e-01 2.465094029903411865e-01 2.485173046588897705e-01 2.568155527114868164e-01 2.497237622737884521e-01 2.472859770059585571e-01 2.380528897047042847e-01 2.729395031929016113e-01 2.397566139698028564e-01 2.519043684005737305e-01 2.440444976091384888e-01
2.591681182384490967e-01 2.454614639282226562e-01 2.449521869421005249e-01 2.504227161407470703e-01 2.553882598876953125e-01 2.491169720888137817e-01 2.488792985677719116e-01 2.442196905612945557e-01 2.695663571357727051e-01 2.373455464839935303e-01 2.537630200386047363e-01 2.417161166667938232e-01
2.572879791259765625e-01 2.455350458621978760e-01 2.466612607240676880e-01 2.515232563018798828e-01 2.559637427330017090e-01 2.503480315208435059e-01 2.497721463441848755e-01 2.477658838033676147e-01 2.607815563678741455e-01 2.416912466287612915e-01 2.503914833068847656e-01 2.422779798507690430e-01
2.578458487987518311e-01 2.452289760112762451e-01 2.468489408493041992e-01 2.506723999977111816e-01 2.568670511245727539e-01 2.495770454406738281e-01 2.500257790088653564e-01 2.492953389883041382e-01 2.601815760135650635e-01 2.428663671016693115e-01 2.484707981348037720e-01 2.421195060014724731e-01
2.590565681457519531e-01 2.447918951511383057e-01 2.467450350522994995e-01 2.494593560695648193e-01 2.579708099365234375e-01 2.487496435642242432e-01 2.508555054664611816e-01 2.487325519323348999e-01 2.587038576602935791e-01 2.441782355308532715e-01 2.457440793514251709e-01 2.450120896100997925e-01
2.581591308116912842e-01 2.467982918024063110e-01 2.465463876724243164e-01 2.484878450632095337e-01 2.573417127132415771e-01 2.468000054359436035e-01 2.509156167507171631e-01 2.505317926406860352e-01 2.562559843063354492e-01 2.440370470285415649e-01 2.477747797966003418e-01 2.463510185480117798e-01
2.618868947029113770e-01 2.459127753973007202e-01 2.463452666997909546e-01 2.481440603733062744e-01 2.569834589958190918e-01 2.477031946182250977e-01 2.478142231702804565e-01 2.507908642292022705e-01 2.560929656028747559e-01 2.429661005735397339e-01 2.480359375476837158e-01 2.473238110542297363e-01
2.617488503456115723e-01 2.454526424407958984e-01 2.466804683208465576e-01 2.481740117073059082e-01 2.584464251995086670e-01 2.468384206295013428e-01 2.479796409606933594e-01 2.498661875724792480e-01 2.568501532077789307e-01 2.429682016372680664e-01 2.469295710325241089e-01 2.480649948120117188e-01
2.618109881877899170e-01 2.452813088893890381e-01 2.474556267261505127e-01 2.475080490112304688e-01 2.573312222957611084e-01 2.473222762346267700e-01 2.493309378623962402e-01 2.491461932659149170e-01 2.581525444984436035e-01 2.429460436105728149e-01 2.469768822193145752e-01 2.467374205589294434e-01
2.610536813735961914e-01 2.472827881574630737e-01 2.468244433403015137e-01 2.484646588563919067e-01 2.580091655254364014e-01 2.463189214468002319e-01 2.493938058614730835e-01 2.478391379117965698e-01 2.569315731525421143e-01 2.437112778425216675e-01 2.470745146274566650e-01 2.470955997705459595e-01
2.626570761203765869e-01 2.480328828096389771e-01 2.466046661138534546e-01 2.469121962785720825e-01 2.575008869171142578e-01 2.467495501041412354e-01 2.490950077772140503e-01 2.467543184757232666e-01 2.567113935947418213e-01 2.458855807781219482e-01 2.473722696304321289e-01 2.457236498594284058e-01
2.614388167858123779e-01 2.482337206602096558e-01 2.467413246631622314e-01 2.466375827789306641e-01 2.577117979526519775e-01 2.479905635118484497e-01 2.499015182256698608e-01 2.456511855125427246e-01 2.566888332366943359e-01 2.457986623048782349e-01 2.470579892396926880e-01 2.461474388837814331e-01
2.614014446735382080e-01 2.470161765813827515e-01 2.462335973978042603e-01 2.460447251796722412e-01 2.594401538372039795e-01 2.474114596843719482e-01 2.494280189275741577e-01 2.462062239646911621e-01 2.568362057209014893e-01 2.459059804677963257e-01 2.480112016201019287e-01 2.460641860961914062e-01
2.600483298301696777e-01 2.473483383655548096e-01 2.460790425539016724e-01 2.472202330827713013e-01 2.587812244892120361e-01 2.473528087139129639e-01 2.498702704906463623e-01 2.464815229177474976e-01 2.564798891544342041e-01 2.457399219274520874e-01 2.479723542928695679e-01 2.466253936290740967e-01
2.603050768375396729e-01 2.469402998685836792e-01 2.464964389801025391e-01 2.484704852104187012e-01 2.578934729099273682e-01 2.484580427408218384e-01 2.493470460176467896e-01 2.465270161628723145e-01 2.571812272071838379e-01 2.466421425342559814e-01 2.465968281030654907e-01 2.451411336660385132e-01
2.615029215812683105e-01 2.475349605083465576e-01 2.460291981697082520e-01 2.471452206373214722e-01 2.573818564414978027e-01 2.485097795724868774e-01 2.493529170751571655e-01 2.469810694456100464e-01 2.577747702598571777e-01 2.464972585439682007e-01 2.458153218030929565e-01 2.454740107059478760e-01
2.614842355251312256e-01 2.470853775739669800e-01 2.457191348075866699e-01 2.474688440561294556e-01 2.587242424488067627e-01 2.466164529323577881e-01 2.489962279796600342e-01 2.474637180566787720e-01 2.579703629016876221e-01 2.469559758901596069e-01 2.459484934806823730e-01 2.455661296844482422e-01
2.613849937915802002e-01 2.466449886560440063e-01 2.460061311721801758e-01 2.469091564416885376e-01 2.594878077507019043e-01 2.460063099861145020e-01 2.494199275970458984e-01 2.476989179849624634e-01 2.581247389316558838e-01 2.473109662532806396e-01 2.458610683679580688e-01 2.451442033052444458e-01
2.614087462425231934e-01 2.457242757081985474e-01 2.445169240236282349e-01 2.450432926416397095e-01 2.606384158134460449e-01 2.462214231491088867e-01 2.510558962821960449e-01 2.459335476160049438e-01 2.584690153598785400e-01 2.481158226728439331e-01 2.469822615385055542e-01 2.458895742893218994e-01
2.607323527336120605e-01 2.451463043689727783e-01 2.455160170793533325e-01 2.465814948081970215e-01 2.607936561107635498e-01 2.460895478725433350e-01 2.502275407314300537e-01 2.454555779695510864e-01 2.576282918453216553e-01 2.487805038690567017e-01 2.475354224443435669e-01 2.455123811960220337e-01
2.601490318775177002e-01 2.448165565729141235e-01 2.460896968841552734e-01 2.469208687543869019e-01 2.595461606979370117e-01 2.480577528476715088e-01 2.495596706867218018e-01 2.454027235507965088e-01 2.585402131080627441e-01 2.471706867218017578e-01 2.476589679718017578e-01 2.460867315530776978e-01
2.594122290611267090e-01 2.451518923044204712e-01 2.466189414262771606e-01 2.463532835245132446e-01 2.596639990806579590e-01 2.483861893415451050e-01 2.492696195840835571e-01 2.456862926483154297e-01 2.575822174549102783e-01 2.484894692897796631e-01 2.482016682624816895e-01 2.451832592487335205e-01
2.592854201793670654e-01 2.444901466369628906e-01 2.472415268421173096e-01 2.459518909454345703e-01 2.596753537654876709e-01 2.482585459947586060e-01 2.484840154647827148e-01 2.470001280307769775e-01 2.582222521305084229e-01 2.479657232761383057e-01 2.473556101322174072e-01 2.460685074329376221e-01
2.599116563796997070e-01 2.440717220306396484e-01 2.469932287931442261e-01 2.459923774003982544e-01 2.588331401348114014e-01 2.471452653408050537e-01 2.484374195337295532e-01 2.482316195964813232e-01 2.577061355113983154e-01 2.483636140823364258e-01 2.481541335582733154e-01 2.461587637662887573e-01
2.598901987075805664e-01 2.442802786827087402e-01 2.461156249046325684e-01 2.466652989387512207e-01 2.598443627357482910e-01 2.465185523033142090e-01 2.488885074853897095e-01 2.471290230751037598e-01 2.584525048732757568e-01 2.478003501892089844e-01 2.483328580856323242e-01 2.460813820362091064e-01
2.601290047168731689e-01 2.447164803743362427e-01 2.458588182926177979e-01 2.453110367059707642e-01 2.600082755088806152e-01 2.462350875139236450e-01 2.489925920963287354e-01 2.480806410312652588e-01 2.581319510936737061e-01 2.478954643011093140e-01 2.490444332361221313e-01 2.455952912569046021e-01
2.598594129085540771e-01 2.460045218467712402e-01 2.467068880796432495e-01 2.467050999402999878e-01 2.599067986011505127e-01 2.461092621088027954e-01 2.480999231338500977e-01 2.477270364761352539e-01 2.583733499050140381e-01 2.481091171503067017e-01 2.467170953750610352e-01 2.456804215908050537e-01
2.591581344604492188e-01 2.462763488292694092e-01 2.472240924835205078e-01 2.466172873973846436e-01 2.600907981395721436e-01 2.462748587131500244e-01 2.464793771505355835e-01 2.483682334423065186e-01 2.587985098361968994e-01 2.486633807420730591e-01 2.459014356136322021e-01 2.461465299129486084e-01
2.602756917476654053e-01 2.471152991056442261e-01 2.458281368017196655e-01 2.471906691789627075e-01 2.598901093006134033e-01 2.467538863420486450e-01 2.475144267082214355e-01 2.487601935863494873e-01 2.581737935543060303e-01 2.475939393043518066e-01 2.455438077449798584e-01 2.453588843345642090e-01
2.582171857357025146e-01 2.475201636552810669e-01 2.470374405384063721e-01 2.480273097753524780e-01 2.599081099033355713e-01 2.474807947874069214e-01 2.476367652416229248e-01 2.475006729364395142e-01 2.582819163799285889e-01 2.463576048612594604e-01 2.453975230455398560e-01 2.466333210468292236e-01
2.588519454002380371e-01 2.463496029376983643e-01 2.482097595930099487e-01 2.473907321691513062e-01 2.590608000755310059e-01 2.465938627719879150e-01 2.470181733369827271e-01 2.498535215854644775e-01 2.582947313785552979e-01 2.461017370223999023e-01 2.464686036109924316e-01 2.458052933216094971e-01
2.580749988555908203e-01 2.455684393644332886e-01 2.482362240552902222e-01 2.484605461359024048e-01 2.600286900997161865e-01 2.474424690008163452e-01 2.466976940631866455e-01 2.498811185359954834e-01 2.573453187942504883e-01 2.475626170635223389e-01 2.456015497446060181e-01 2.450990974903106689e-01
2.580034434795379639e-01 2.468113601207733154e-01 2.476770430803298950e-01 2.478483468294143677e-01 2.602654397487640381e-01 2.476101517677307129e-01 2.470785975456237793e-01 2.490957826375961304e-01 2.576952278614044189e-01 2.475584596395492554e-01 2.460463196039199829e-01 2.443085759878158569e-01
2.591307461261749268e-01 2.469615191221237183e-01 2.466836720705032349e-01 2.475642710924148560e-01 2.602868080139160156e-01 2.475537657737731934e-01 2.478183805942535400e-01 2.484125345945358276e-01 2.569624483585357666e-01 2.470413893461227417e-01 2.465983778238296509e-01 2.449848055839538574e-01
2.584801018238067627e-01 2.481118589639663696e-01 2.469193786382675171e-01 2.481132000684738159e-01 2.603215575218200684e-01 2.460481226444244385e-01 2.481985092163085938e-01 2.482189536094665527e-01 2.575617134571075439e-01 2.471067756414413452e-01 2.463985681533813477e-01 2.445199638605117798e-01
2.588217556476593018e-01 2.465426027774810791e-01 2.482009828090667725e-01 2.480591386556625366e-01 2.610837519168853760e-01 2.470102012157440186e-01 2.467196434736251831e-01 2.479735165834426880e-01 2.568156421184539795e-01 2.467697858810424805e-01 2.467407584190368652e-01 2.452608346939086914e-01
2.591812610626220703e-01 2.471353858709335327e-01 2.477327287197113037e-01 2.473501265048980713e-01 2.614645361900329590e-01 2.482691556215286255e-01 2.461028695106506348e-01 2.470640689134597778e-01 2.572179436683654785e-01 2.455287277698516846e-01 2.465744465589523315e-01 2.463773638010025024e-01
2.593753337860107422e-01 2.470011711120605469e-01 2.469722330570220947e-01 2.460855543613433838e-01 2.625773549079895020e-01 2.477228045463562012e-01 2.468176484107971191e-01 2.477480769157409668e-01 2.572603225708007812e-01 2.466197162866592407e-01 2.456791698932647705e-01 2.461392730474472046e-01
2.595328092575073242e-01 2.457937598228454590e-01 2.461474835872650146e-01 2.455603778362274170e-01 2.623867094516754150e-01 2.480388432741165161e-01 2.480581551790237427e-01 2.473930418491363525e-01 2.575235068798065186e-01 2.463954985141754150e-01 2.465589344501495361e-01 2.466094344854354858e-01
2.588723897933959961e-01 2.478103339672088623e-01 2.461789250373840332e-01 2.465547919273376465e-01 2.607157528400421143e-01 2.483536601066589355e-01 2.481434345245361328e-01 2.473419159650802612e-01 2.571434974670410156e-01 2.457459568977355957e-01 2.469048053026199341e-01 2.462330609560012817e-01
2.584558427333831787e-01 2.478228509426116943e-01 2.468407750129699707e-01 2.465001344680786133e-01 2.602330148220062256e-01 2.467049658298492432e-01 2.491177469491958618e-01 2.471071034669876099e-01 2.566542923450469971e-01 2.463610470294952393e-01 2.467609345912933350e-01 2.474398463964462280e-01
2.588857114315032959e-01 2.476891726255416870e-01 2.463508397340774536e-01 2.466938346624374390e-01 2.607801854610443115e-01 2.467496991157531738e-01 2.468354105949401855e-01 2.470452040433883667e-01 2.566155791282653809e-01 2.475139200687408447e-01 2.479522824287414551e-01 2.468866556882858276e-01
2.592114806175231934e-01 2.465858012437820435e-01 2.470057606697082520e-01 2.468164861202239990e-01 2.607433497905731201e-01 2.469103187322616577e-01 2.480383068323135376e-01 2.474172860383987427e-01 2.554493546485900879e-01 2.463874369859695435e-01 2.475037127733230591e-01 2.479290813207626343e-01
2.599271833896636963e-01 2.457557916641235352e-01 2.473762780427932739e-01 2.461163401603698730e-01 2.604235410690307617e-01 2.473444342613220215e-01 2.477299124002456665e-01 2.476742118597030640e-01 2.564980089664459229e-01 2.473488301038742065e-01 2.467847019433975220e-01 2.470191270112991333e-01
2.598128914833068848e-01 2.457590401172637939e-01 2.473717331886291504e-01 2.467943280935287476e-01 2.598378062248229980e-01 2.467327564954757690e-01 2.483169287443161011e-01 2.477222234010696411e-01 2.565426230430603027e-01 2.478893548250198364e-01 2.467232197523117065e-01 2.464954406023025513e-01
2.589080631732940674e-01 2.455376386642456055e-01 2.468281537294387817e-01 2.472373694181442261e-01 2.588267922401428223e-01 2.457069456577301025e-01 2.491210997104644775e-01 2.486197203397750854e-01 2.578912675380706787e-01 2.471307665109634399e-01 2.468229830265045166e-01 2.473675012588500977e-01
2.589886486530303955e-01 2.462286800146102905e-01 2.460610270500183105e-01 2.472328990697860718e-01 2.591236531734466553e-01 2.462535798549652100e-01 2.479003816843032837e-01 2.492916882038116455e-01 2.586608827114105225e-01 2.469098865985870361e-01 2.464565038681030273e-01 2.468904554843902588e-01
2.596233189105987549e-01 2.447134852409362793e-01 2.442660778760910034e-01 2.473830133676528931e-01 2.589851915836334229e-01 2.466590106487274170e-01 2.481748014688491821e-01 2.506621181964874268e-01 2.588254809379577637e-01 2.467053532600402832e-01 2.463940680027008057e-01 2.476063668727874756e-01
2.600734233856201172e-01 2.458343654870986938e-01 2.451998144388198853e-01 2.469472587108612061e-01 2.584360539913177490e-01 2.456371784210205078e-01 2.486256361007690430e-01 2.497132271528244019e-01 2.578886151313781738e-01 2.464949190616607666e-01 2.466522306203842163e-01 2.484954744577407837e-01
2.603131830692291260e-01 2.450918406248092651e-01 2.466544508934020996e-01 2.469811290502548218e-01 2.579873204231262207e-01 2.467946559190750122e-01 2.471922039985656738e-01 2.494522333145141602e-01 2.591458857059478760e-01 2.460440546274185181e-01 2.470749467611312866e-01 2.472663968801498413e-01
2.591526210308074951e-01 2.458055615425109863e-01 2.449665814638137817e-01 2.469513565301895142e-01 2.589764595031738281e-01 2.467407882213592529e-01 2.472668439149856567e-01 2.486936300992965698e-01 2.582654654979705811e-01 2.473919987678527832e-01 2.470200359821319580e-01 2.487668693065643311e-01
2.593072950839996338e-01 2.453132569789886475e-01 2.459469437599182129e-01 2.463086098432540894e-01 2.581444978713989258e-01 2.464897185564041138e-01 2.477194517850875854e-01 2.493240833282470703e-01 2.594209313392639160e-01 2.465659677982330322e-01 2.470898330211639404e-01 2.483675628900527954e-01
2.600786089897155762e-01 2.464894354343414307e-01 2.459094077348709106e-01 2.454066723585128784e-01 2.584217488765716553e-01 2.463176846504211426e-01 2.471576482057571411e-01 2.487726211547851562e-01 2.578230500221252441e-01 2.470856904983520508e-01 2.465739548206329346e-01 2.499616146087646484e-01
2.608197033405303955e-01 2.467547506093978882e-01 2.444795221090316772e-01 2.458301335573196411e-01 2.588190436363220215e-01 2.459580302238464355e-01 2.470453381538391113e-01 2.488471865653991699e-01 2.588733136653900146e-01 2.472181022167205811e-01 2.470246851444244385e-01 2.483282238245010376e-01
2.595154643058776855e-01 2.453157305717468262e-01 2.458702474832534790e-01 2.471262812614440918e-01 2.594880759716033936e-01 2.459035664796829224e-01 2.467350363731384277e-01 2.490445673465728760e-01 2.584351897239685059e-01 2.469587773084640503e-01 2.471040636301040649e-01 2.485011219978332520e-01
2.586037516593933105e-01 2.457764744758605957e-01 2.463633865118026733e-01 2.470841258764266968e-01 2.602637410163879395e-01 2.455407828092575073e-01 2.469111829996109009e-01 2.484776973724365234e-01 2.589497268199920654e-01 2.468349188566207886e-01 2.467687129974365234e-01 2.484235763549804688e-01
2.589036226272583008e-01 2.454759776592254639e-01 2.457860112190246582e-01 2.468481063842773438e-01 2.589170634746551514e-01 2.454774230718612671e-01 2.469106316566467285e-01 2.486308515071868896e-01 2.594191431999206543e-01 2.483747452497482300e-01 2.471770793199539185e-01 2.480773031711578369e-01
2.578901946544647217e-01 2.463122755289077759e-01 2.458241879940032959e-01 2.469315230846405029e-01 2.591080665588378906e-01 2.456045150756835938e-01 2.479604333639144897e-01 2.486809492111206055e-01 2.592442631721496582e-01 2.470172047615051270e-01 2.472938001155853271e-01 2.481306046247482300e-01
2.575982809066772461e-01 2.459494024515151978e-01 2.463410943746566772e-01 2.471563220024108887e-01 2.589140832424163818e-01 2.456444501876831055e-01 2.477883398532867432e-01 2.489201426506042480e-01 2.597603797912597656e-01 2.457020729780197144e-01 2.486520856618881226e-01 2.475713491439819336e-01
2.581049203872680664e-01 2.456271797418594360e-01 2.466100454330444336e-01 2.465810626745223999e-01 2.586777508258819580e-01 2.463798969984054565e-01 2.471061199903488159e-01 2.492250502109527588e-01 2.603544592857360840e-01 2.463358193635940552e-01 2.471551448106765747e-01 2.478404492139816284e-01
2.576059103012084961e-01 2.452057152986526489e-01 2.468753159046173096e-01 2.471386492252349854e-01 2.602579593658447266e-01 2.456348091363906860e-01 2.470283210277557373e-01 2.485653012990951538e-01 2.597103416919708252e-01 2.466670721769332886e-01 2.474785149097442627e-01 2.478298842906951904e-01
2.571205496788024902e-01 2.452522814273834229e-01 2.464241981506347656e-01 2.479568719863891602e-01 2.599146068096160889e-01 2.450704872608184814e-01 2.479972094297409058e-01 2.485758215188980103e-01 2.600528001785278320e-01 2.462770789861679077e-01 2.482403069734573364e-01 2.471156865358352661e-01
2.575905919075012207e-01 2.459141910076141357e-01 2.463817298412322998e-01 2.471025884151458740e-01 2.598888278007507324e-01 2.452583760023117065e-01 2.489197552204132080e-01 2.472559809684753418e-01 2.591787278652191162e-01 2.463056445121765137e-01 2.482625097036361694e-01 2.479389160871505737e-01
2.573516368865966797e-01 2.453672438859939575e-01 2.466705739498138428e-01 2.470036745071411133e-01 2.592822313308715820e-01 2.461468577384948730e-01 2.479813098907470703e-01 2.485083788633346558e-01 2.603337466716766357e-01 2.455473393201828003e-01 2.479361295700073242e-01 2.478686124086380005e-01
2.565393745899200439e-01 2.451253533363342285e-01 2.472350895404815674e-01 2.471074610948562622e-01 2.599869668483734131e-01 2.461505979299545288e-01 2.490392923355102539e-01 2.471278309822082520e-01 2.589602768421173096e-01 2.466618418693542480e-01 2.480438500642776489e-01 2.480198740959167480e-01
2.577429115772247314e-01 2.453270107507705688e-01 2.474709451198577881e-01 2.471285313367843628e-01 2.597977817058563232e-01 2.461170703172683716e-01 2.483641654253005981e-01 2.463635355234146118e-01 2.598131895065307617e-01 2.456362992525100708e-01 2.477969825267791748e-01 2.484393268823623657e-01
2.580936849117279053e-01 2.455626279115676880e-01 2.468790411949157715e-01 2.466989904642105103e-01 2.602324187755584717e-01 2.454755157232284546e-01 2.474539279937744141e-01 2.473613619804382324e-01 2.594034671783447266e-01 2.461248040199279785e-01 2.475163489580154419e-01 2.491954863071441650e-01
2.587278187274932861e-01 2.470638006925582886e-01 2.457660287618637085e-01 2.456766813993453979e-01 2.596504986286163330e-01 2.459066510200500488e-01 2.474257647991180420e-01 2.475402802228927612e-01 2.588539719581604004e-01 2.465534508228302002e-01 2.480695545673370361e-01 2.487631291151046753e-01
2.591024339199066162e-01 2.465736865997314453e-01 2.468594014644622803e-01 2.461159974336624146e-01 2.603676021099090576e-01 2.450394630432128906e-01 2.468241900205612183e-01 2.468747943639755249e-01 2.592792510986328125e-01 2.464247345924377441e-01 2.477897852659225464e-01 2.487463057041168213e-01
2.596069574356079102e-01 2.477622330188751221e-01 2.462467253208160400e-01 2.461004406213760376e-01 2.604508101940155029e-01 2.445803582668304443e-01 2.465853989124298096e-01 2.468449473381042480e-01 2.587514519691467285e-01 2.479532361030578613e-01 2.477416694164276123e-01 2.473733276128768921e-01
2.601443827152252197e-01 2.471488416194915771e-01 2.457783669233322144e-01 2.466448247432708740e-01 2.593484818935394287e-01 2.445790171623229980e-01 2.478292286396026611e-01 2.460795640945434570e-01 2.597469389438629150e-01 2.480614483356475830e-01 2.479119747877120972e-01 2.467245459556579590e-01
2.589161098003387451e-01 2.471423894166946411e-01 2.469961047172546387e-01 2.466617673635482788e-01 2.598258554935455322e-01 2.454371750354766846e-01 2.475720793008804321e-01 2.450011372566223145e-01 2.591028511524200439e-01 2.477945834398269653e-01 2.481822073459625244e-01 2.473652660846710205e-01
2.588340044021606445e-01 2.464487552642822266e-01 2.469973117113113403e-01 2.460186779499053955e-01 2.604296803474426270e-01 2.455692589282989502e-01 2.475208342075347900e-01 2.457340061664581299e-01 2.597927451133728027e-01 2.482413798570632935e-01 2.479175478219985962e-01 2.464932203292846680e-01
2.586856782436370850e-01 2.467365413904190063e-01 2.463796138763427734e-01 2.467312067747116089e-01 2.591769099235534668e-01 2.465330362319946289e-01 2.468870282173156738e-01 2.464225739240646362e-01 2.602004706859588623e-01 2.475376576185226440e-01 2.477567344903945923e-01 2.469500452280044556e-01
2.609260976314544678e-01 2.470855563879013062e-01 2.461473047733306885e-01 2.443740516901016235e-01 2.586624324321746826e-01 2.465133965015411377e-01 2.473610043525695801e-01 2.464827001094818115e-01 2.599468529224395752e-01 2.486130297183990479e-01 2.475022673606872559e-01 2.463826984167098999e-01
2.568890452384948730e-01 2.480736374855041504e-01 2.469483315944671631e-01 2.466219514608383179e-01 2.593709826469421387e-01 2.455731183290481567e-01 2.474118769168853760e-01 2.468459308147430420e-01 2.596619129180908203e-01 2.486481070518493652e-01 2.470278441905975342e-01 2.469246387481689453e-01
2.574062347412109375e-01 2.476021349430084229e-01 2.470263093709945679e-01 2.457806617021560669e-01 2.598887085914611816e-01 2.448163777589797974e-01 2.475734204053878784e-01 2.476409971714019775e-01 2.585029006004333496e-01 2.482159137725830078e-01 2.478613108396530151e-01 2.476823180913925171e-01
2.579889595508575439e-01 2.476162612438201904e-01 2.463772892951965332e-01 2.462273836135864258e-01 2.604920566082000732e-01 2.452380210161209106e-01 2.477995157241821289e-01 2.464407682418823242e-01 2.583472728729248047e-01 2.480847686529159546e-01 2.482192665338516235e-01 2.471657097339630127e-01
2.576859295368194580e-01 2.477659136056900024e-01 2.474813014268875122e-01 2.459070831537246704e-01 2.602148652076721191e-01 2.453957051038742065e-01 2.478125244379043579e-01 2.459169775247573853e-01 2.583712637424468994e-01 2.478577047586441040e-01 2.482557445764541626e-01 2.473323196172714233e-01
2.592302262783050537e-01 2.465236186981201172e-01 2.457328885793685913e-01 2.473534196615219116e-01 2.605302631855010986e-01 2.459417879581451416e-01 2.471752464771270752e-01 2.456927895545959473e-01 2.593111395835876465e-01 2.469474971294403076e-01 2.483237981796264648e-01 2.472345679998397827e-01
2.590349316596984863e-01 2.459890544414520264e-01 2.473756223917007446e-01 2.469936311244964600e-01 2.601285278797149658e-01 2.461558133363723755e-01 2.481320053339004517e-01 2.455693334341049194e-01 2.589557170867919922e-01 2.459153980016708374e-01 2.475711107254028320e-01 2.481761127710342407e-01
2.593678236007690430e-01 2.464534491300582886e-01 2.468262910842895508e-01 2.472662329673767090e-01 2.594904899597167969e-01 2.454542219638824463e-01 2.477775663137435913e-01 2.451867163181304932e-01 2.606270909309387207e-01 2.458083480596542358e-01 2.472393065690994263e-01 2.484995722770690918e-01
2.596297562122344971e-01 2.461154162883758545e-01 2.460315674543380737e-01 2.481371015310287476e-01 2.600415647029876709e-01 2.454761564731597900e-01 2.475005388259887695e-01 2.471502423286437988e-01 2.603002786636352539e-01 2.460192590951919556e-01 2.458795309066772461e-01 2.477156668901443481e-01
2.599211633205413818e-01 2.461917698383331299e-01 2.465004324913024902e-01 2.473005056381225586e-01 2.597605884075164795e-01 2.446999400854110718e-01 2.488857358694076538e-01 2.455235123634338379e-01 2.600661218166351318e-01 2.477758377790451050e-01 2.465258985757827759e-01 2.468456327915191650e-01
2.594130337238311768e-01 2.477420121431350708e-01 2.473662197589874268e-01 2.463539242744445801e-01 2.595868408679962158e-01 2.452058345079421997e-01 2.484558224678039551e-01 2.456991523504257202e-01 2.578600645065307617e-01 2.465702146291732788e-01 2.473738491535186768e-01 2.483701556921005249e-01
2.598131895065307617e-01 2.474188953638076782e-01 2.472476661205291748e-01 2.465467751026153564e-01 2.582322061061859131e-01 2.454984635114669800e-01 2.479171752929687500e-01 2.469767630100250244e-01 2.573421895503997803e-01 2.464564591646194458e-01 2.477336078882217407e-01 2.488137185573577881e-01
2.594223320484161377e-01 2.473084181547164917e-01 2.477995306253433228e-01 2.464962601661682129e-01 2.583506405353546143e-01 2.466221898794174194e-01 2.467961609363555908e-01 2.468556165695190430e-01 2.578200101852416992e-01 2.460821866989135742e-01 2.474450767040252686e-01 2.489986717700958252e-01
2.585860192775726318e-01 2.475323379039764404e-01 2.468361854553222656e-01 2.456660121679306030e-01 2.588712573051452637e-01 2.467139214277267456e-01 2.475408911705017090e-01 2.479044795036315918e-01 2.578998208045959473e-01 2.462493926286697388e-01 2.468857467174530029e-01 2.493109554052352905e-01
2.593916654586791992e-01 2.473063021898269653e-01 2.466845810413360596e-01 2.463857680559158325e-01 2.588837742805480957e-01 2.461217790842056274e-01 2.468570917844772339e-01 2.480201125144958496e-01 2.587198317050933838e-01 2.460434734821319580e-01 2.468154728412628174e-01 2.487671077251434326e-01
2.600764036178588867e-01 2.471835166215896606e-01 2.462818324565887451e-01 2.462265938520431519e-01 2.591499090194702148e-01 2.459992766380310059e-01 2.472869008779525757e-01 2.474465966224670410e-01 2.573074102401733398e-01 2.477629184722900391e-01 2.470318228006362915e-01 2.482437491416931152e-01
2.586724162101745605e-01 2.474427968263626099e-01 2.471976727247238159e-01 2.471864074468612671e-01 2.596217691898345947e-01 2.454929202795028687e-01 2.459175735712051392e-01 2.471493482589721680e-01 2.578324377536773682e-01 2.485651671886444092e-01 2.476514130830764771e-01 2.472669184207916260e-01
