# pops for 12 qbits with connectivity c7 and unitary DM 22599868858560
4.000000357627868652e-01 2.000000327825546265e-01 2.000000327825546265e-01 2.000000327825546265e-01 4.000000953674316406e-01 2.000000178813934326e-01 2.000000178813934326e-01 2.000000178813934326e-01 4.000000357627868652e-01 2.000000178813934326e-01 2.000000178813934326e-01 2.000000178813934326e-01
3.396292626857757568e-01 2.202026098966598511e-01 2.274636328220367432e-01 2.145312428474426270e-01 3.289471566677093506e-01 2.225357443094253540e-01 2.233037799596786499e-01 2.233866006135940552e-01 3.558904528617858887e-01 2.245565354824066162e-01 2.082888782024383545e-01 2.112641334533691406e-01
3.577408790588378906e-01 2.175051569938659668e-01 2.183440327644348145e-01 2.034433186054229736e-01 3.000650703907012939e-01 2.194964140653610229e-01 2.193194031715393066e-01 2.386570870876312256e-01 3.387724161148071289e-01 2.295930385589599609e-01 2.150694131851196289e-01 2.419938147068023682e-01
3.246993124485015869e-01 2.170222252607345581e-01 2.225705087184906006e-01 2.327413558959960938e-01 2.839332520961761475e-01 2.307443767786026001e-01 2.262523472309112549e-01 2.395546883344650269e-01 3.052343428134918213e-01 2.378953248262405396e-01 2.364619225263595581e-01 2.428903430700302124e-01
3.267414271831512451e-01 2.270392179489135742e-01 2.272593677043914795e-01 2.159933596849441528e-01 2.720773220062255859e-01 2.300607860088348389e-01 2.346408218145370483e-01 2.437056899070739746e-01 2.907018959522247314e-01 2.466087788343429565e-01 2.450348585844039917e-01 2.401363998651504517e-01
3.084847629070281982e-01 2.283201664686203003e-01 2.366409599781036377e-01 2.225219160318374634e-01 2.658096849918365479e-01 2.362115532159805298e-01 2.373651266098022461e-01 2.421638369560241699e-01 2.970671355724334717e-01 2.408489286899566650e-01 2.457958459854125977e-01 2.387699186801910400e-01
3.060167133808135986e-01 2.233019173145294189e-01 2.380925565958023071e-01 2.285564988851547241e-01 2.670603394508361816e-01 2.400259077548980713e-01 2.413990944623947144e-01 2.442593872547149658e-01 2.856969833374023438e-01 2.411318868398666382e-01 2.404479235410690308e-01 2.440105527639389038e-01
3.092868030071258545e-01 2.241586595773696899e-01 2.353162616491317749e-01 2.272059768438339233e-01 2.665240466594696045e-01 2.363283932209014893e-01 2.403327673673629761e-01 2.481172829866409302e-01 2.814555466175079346e-01 2.404550909996032715e-01 2.458885610103607178e-01 2.449303865432739258e-01
2.953754365444183350e-01 2.291306704282760620e-01 2.318241298198699951e-01 2.393592894077301025e-01 2.582798302173614502e-01 2.463306784629821777e-01 2.420568466186523438e-01 2.449132502079010010e-01 2.789148092269897461e-01 2.400179356336593628e-01 2.462529391050338745e-01 2.475438714027404785e-01
2.921746969223022461e-01 2.290795296430587769e-01 2.345847934484481812e-01 2.398505359888076782e-01 2.561085224151611328e-01 2.465906739234924316e-01 2.440969198942184448e-01 2.447845190763473511e-01 2.808872163295745850e-01 2.407104074954986572e-01 2.453396469354629517e-01 2.457923293113708496e-01
2.796331346035003662e-01 2.427344322204589844e-01 2.363352328538894653e-01 2.372938245534896851e-01 2.521134018898010254e-01 2.470788359642028809e-01 2.436353564262390137e-01 2.495858818292617798e-01 2.699287831783294678e-01 2.427367568016052246e-01 2.432866841554641724e-01 2.556373775005340576e-01
2.687311172485351562e-01 2.434594482183456421e-01 2.352212071418762207e-01 2.462920844554901123e-01 2.546750307083129883e-01 2.490145415067672729e-01 2.440406829118728638e-01 2.474132776260375977e-01 2.681176066398620605e-01 2.437228262424468994e-01 2.442043125629425049e-01 2.551075220108032227e-01
2.672100365161895752e-01 2.436360418796539307e-01 2.366755604743957520e-01 2.461822181940078735e-01 2.550411224365234375e-01 2.487906515598297119e-01 2.456934452056884766e-01 2.456182837486267090e-01 2.702705264091491699e-01 2.423234730958938599e-01 2.431188672780990601e-01 2.554393708705902100e-01
2.631035447120666504e-01 2.446007132530212402e-01 2.352110445499420166e-01 2.493302226066589355e-01 2.577076554298400879e-01 2.509382665157318115e-01 2.455648481845855713e-01 2.439705133438110352e-01 2.707794308662414551e-01 2.402210533618927002e-01 2.426833510398864746e-01 2.558889687061309814e-01
2.589890360832214355e-01 2.488608062267303467e-01 2.354518920183181763e-01 2.509806454181671143e-01 2.560662627220153809e-01 2.471144795417785645e-01 2.453148663043975830e-01 2.476487457752227783e-01 2.688940465450286865e-01 2.436102181673049927e-01 2.437882721424102783e-01 2.532802820205688477e-01
2.576994895935058594e-01 2.500540912151336670e-01 2.395246773958206177e-01 2.492815256118774414e-01 2.554536163806915283e-01 2.471469044685363770e-01 2.460237592458724976e-01 2.477533668279647827e-01 2.672544121742248535e-01 2.441899627447128296e-01 2.430714517831802368e-01 2.525462210178375244e-01
2.554955184459686279e-01 2.488087713718414307e-01 2.409193515777587891e-01 2.489383071660995483e-01 2.570454776287078857e-01 2.474655658006668091e-01 2.471122443675994873e-01 2.474742233753204346e-01 2.654533982276916504e-01 2.459705173969268799e-01 2.429619431495666504e-01 2.523542642593383789e-01
2.573280036449432373e-01 2.485648691654205322e-01 2.410651743412017822e-01 2.472038567066192627e-01 2.578168809413909912e-01 2.470007985830307007e-01 2.482542544603347778e-01 2.492582201957702637e-01 2.650341391563415527e-01 2.443585395812988281e-01 2.432546913623809814e-01 2.508600056171417236e-01
2.586489021778106689e-01 2.470522373914718628e-01 2.429044842720031738e-01 2.474942505359649658e-01 2.571437060832977295e-01 2.473472952842712402e-01 2.474277168512344360e-01 2.484734803438186646e-01 2.660457193851470947e-01 2.420765906572341919e-01 2.452109009027481079e-01 2.501741647720336914e-01
2.582879960536956787e-01 2.469162642955780029e-01 2.432239204645156860e-01 2.480484247207641602e-01 2.572204470634460449e-01 2.477674037218093872e-01 2.469913810491561890e-01 2.480362206697463989e-01 2.652652263641357422e-01 2.431752979755401611e-01 2.454229742288589478e-01 2.496438920497894287e-01
2.594502270221710205e-01 2.481898516416549683e-01 2.431345731019973755e-01 2.467493563890457153e-01 2.576846778392791748e-01 2.484842389822006226e-01 2.478910237550735474e-01 2.485249787569046021e-01 2.648819983005523682e-01 2.428595274686813354e-01 2.446250468492507935e-01 2.475238144397735596e-01
2.577368915081024170e-01 2.466031163930892944e-01 2.451029121875762939e-01 2.470141947269439697e-01 2.582011818885803223e-01 2.489983141422271729e-01 2.491086125373840332e-01 2.469257414340972900e-01 2.654246687889099121e-01 2.440196424722671509e-01 2.424343824386596680e-01 2.484296560287475586e-01
2.571916878223419189e-01 2.463643401861190796e-01 2.455145418643951416e-01 2.476642876863479614e-01 2.594458460807800293e-01 2.485376298427581787e-01 2.499361336231231689e-01 2.460453957319259644e-01 2.626067698001861572e-01 2.457757592201232910e-01 2.434089034795761108e-01 2.475079149007797241e-01
2.574838399887084961e-01 2.484944462776184082e-01 2.442921996116638184e-01 2.477691173553466797e-01 2.612042725086212158e-01 2.458235323429107666e-01 2.491079568862915039e-01 2.465245723724365234e-01 2.620521187782287598e-01 2.468181401491165161e-01 2.429061532020568848e-01 2.475229799747467041e-01
2.574042975902557373e-01 2.486574798822402954e-01 2.443263381719589233e-01 2.483122348785400391e-01 2.612699270248413086e-01 2.466782480478286743e-01 2.480560690164566040e-01 2.459953725337982178e-01 2.625609338283538818e-01 2.466650307178497314e-01 2.435988932847976685e-01 2.464744895696640015e-01
2.567380070686340332e-01 2.485489994287490845e-01 2.448435425758361816e-01 2.483886331319808960e-01 2.612264156341552734e-01 2.456074208021163940e-01 2.488742917776107788e-01 2.464725822210311890e-01 2.621742784976959229e-01 2.463481128215789795e-01 2.432496994733810425e-01 2.475272566080093384e-01
2.572507560253143311e-01 2.480203211307525635e-01 2.442010194063186646e-01 2.487046867609024048e-01 2.592923045158386230e-01 2.454643100500106812e-01 2.498001754283905029e-01 2.456763982772827148e-01 2.605387866497039795e-01 2.460221499204635620e-01 2.450978159904479980e-01 2.499304264783859253e-01
2.581745982170104980e-01 2.472807168960571289e-01 2.442885786294937134e-01 2.481387704610824585e-01 2.589123547077178955e-01 2.449161112308502197e-01 2.499958723783493042e-01 2.453780323266983032e-01 2.611778676509857178e-01 2.458614408969879150e-01 2.460716217756271362e-01 2.498031407594680786e-01
2.576093375682830811e-01 2.480501532554626465e-01 2.444903850555419922e-01 2.477328479290008545e-01 2.592875659465789795e-01 2.454619556665420532e-01 2.480704188346862793e-01 2.463824152946472168e-01 2.608972489833831787e-01 2.462062239646911621e-01 2.461546212434768677e-01 2.496559470891952515e-01
2.567729949951171875e-01 2.476297914981842041e-01 2.435807883739471436e-01 2.472084462642669678e-01 2.592510879039764404e-01 2.475597113370895386e-01 2.474066764116287231e-01 2.476755231618881226e-01 2.618202865123748779e-01 2.448924630880355835e-01 2.463023066520690918e-01 2.498989701271057129e-01
2.565340995788574219e-01 2.475924044847488403e-01 2.439988553524017334e-01 2.476560622453689575e-01 2.593128085136413574e-01 2.476798743009567261e-01 2.472267597913742065e-01 2.474345862865447998e-01 2.618277072906494141e-01 2.444748133420944214e-01 2.451654225587844849e-01 2.510955929756164551e-01
2.565526068210601807e-01 2.478851377964019775e-01 2.434526830911636353e-01 2.478909939527511597e-01 2.598219811916351318e-01 2.471871674060821533e-01 2.481364905834197998e-01 2.465083897113800049e-01 2.617592513561248779e-01 2.450421601533889771e-01 2.455353587865829468e-01 2.502267360687255859e-01
2.553417384624481201e-01 2.481870800256729126e-01 2.438867241144180298e-01 2.466979175806045532e-01 2.601488530635833740e-01 2.476305663585662842e-01 2.482976168394088745e-01 2.471241056919097900e-01 2.608027160167694092e-01 2.455352693796157837e-01 2.457215636968612671e-01 2.506247460842132568e-01
2.568224668502807617e-01 2.468277812004089355e-01 2.431646436452865601e-01 2.467275410890579224e-01 2.601119279861450195e-01 2.483468651771545410e-01 2.474912554025650024e-01 2.477374672889709473e-01 2.609671354293823242e-01 2.456922531127929688e-01 2.464078664779663086e-01 2.497016787528991699e-01
2.571660578250885010e-01 2.465325891971588135e-01 2.436519265174865723e-01 2.461918890476226807e-01 2.600365579128265381e-01 2.480823397636413574e-01 2.482113987207412720e-01 2.473572343587875366e-01 2.623939812183380127e-01 2.455770969390869141e-01 2.450019121170043945e-01 2.497959434986114502e-01
2.560519576072692871e-01 2.467447221279144287e-01 2.442324757575988770e-01 2.472195923328399658e-01 2.598079442977905273e-01 2.487204968929290771e-01 2.477277219295501709e-01 2.466010302305221558e-01 2.622561156749725342e-01 2.447463572025299072e-01 2.463662326335906982e-01 2.495241612195968628e-01
2.559914588928222656e-01 2.461773753166198730e-01 2.449375838041305542e-01 2.471423000097274780e-01 2.596296072006225586e-01 2.474608570337295532e-01 2.478250861167907715e-01 2.479416280984878540e-01 2.614687085151672363e-01 2.438351511955261230e-01 2.468536198139190674e-01 2.507354021072387695e-01
2.549845576286315918e-01 2.467479258775711060e-01 2.448001801967620850e-01 2.477160692214965820e-01 2.593585550785064697e-01 2.467749565839767456e-01 2.478723675012588501e-01 2.477524280548095703e-01 2.605217993259429932e-01 2.456572055816650391e-01 2.477876543998718262e-01 2.500251531600952148e-01
2.563799619674682617e-01 2.468763142824172974e-01 2.450231611728668213e-01 2.459494173526763916e-01 2.594374418258666992e-01 2.463978976011276245e-01 2.474421709775924683e-01 2.485007047653198242e-01 2.599112987518310547e-01 2.461747527122497559e-01 2.478102147579193115e-01 2.500955760478973389e-01
2.567358016967773438e-01 2.468519955873489380e-01 2.448297291994094849e-01 2.458113282918930054e-01 2.595539093017578125e-01 2.462019175291061401e-01 2.477809041738510132e-01 2.474187910556793213e-01 2.605138421058654785e-01 2.450236380100250244e-01 2.484854608774185181e-01 2.507914006710052490e-01
2.561792433261871338e-01 2.465294599533081055e-01 2.453234344720840454e-01 2.461966574192047119e-01 2.592765688896179199e-01 2.458840012550354004e-01 2.483612149953842163e-01 2.468092739582061768e-01 2.606059312820434570e-01 2.458184212446212769e-01 2.487614303827285767e-01 2.502530217170715332e-01
2.571688890457153320e-01 2.462090551853179932e-01 2.463025897741317749e-01 2.461235672235488892e-01 2.601766288280487061e-01 2.462829798460006714e-01 2.475846260786056519e-01 2.468038052320480347e-01 2.584362030029296875e-01 2.464140802621841431e-01 2.480422854423522949e-01 2.504540085792541504e-01
2.579497396945953369e-01 2.459275871515274048e-01 2.453262060880661011e-01 2.466004937887191772e-01 2.601213157176971436e-01 2.461579293012619019e-01 2.477068752050399780e-01 2.471906542778015137e-01 2.591632306575775146e-01 2.469801604747772217e-01 2.469836622476577759e-01 2.498907148838043213e-01
2.572619020938873291e-01 2.461811602115631104e-01 2.452469617128372192e-01 2.471140176057815552e-01 2.608510553836822510e-01 2.467326074838638306e-01 2.467144131660461426e-01 2.484813779592514038e-01 2.590315043926239014e-01 2.449105829000473022e-01 2.470327913761138916e-01 2.504402101039886475e-01
2.575559616088867188e-01 2.459030747413635254e-01 2.452572882175445557e-01 2.465827167034149170e-01 2.600144743919372559e-01 2.472648322582244873e-01 2.473877072334289551e-01 2.471545040607452393e-01 2.599759101867675781e-01 2.461283504962921143e-01 2.466244101524353027e-01 2.501493692398071289e-01
2.568755149841308594e-01 2.462453842163085938e-01 2.458018958568572998e-01 2.473322004079818726e-01 2.599656581878662109e-01 2.472224384546279907e-01 2.474207282066345215e-01 2.471342384815216064e-01 2.601743936538696289e-01 2.459392547607421875e-01 2.483333945274353027e-01 2.475534826517105103e-01
2.575631439685821533e-01 2.465104311704635620e-01 2.448083311319351196e-01 2.473730444908142090e-01 2.612342834472656250e-01 2.476527392864227295e-01 2.467758208513259888e-01 2.460802346467971802e-01 2.591624855995178223e-01 2.463413774967193604e-01 2.492734342813491821e-01 2.472231686115264893e-01
2.572205960750579834e-01 2.465782612562179565e-01 2.458251267671585083e-01 2.466310113668441772e-01 2.625059783458709717e-01 2.485494613647460938e-01 2.463518083095550537e-01 2.466068416833877563e-01 2.575363218784332275e-01 2.451892197132110596e-01 2.495778501033782959e-01 2.474259734153747559e-01
2.578592300415039062e-01 2.459091991186141968e-01 2.453374415636062622e-01 2.471490800380706787e-01 2.616562843322753906e-01 2.480741143226623535e-01 2.451609075069427490e-01 2.462525814771652222e-01 2.588690519332885742e-01 2.473166137933731079e-01 2.486544102430343628e-01 2.477595061063766479e-01
2.578082084655761719e-01 2.452885359525680542e-01 2.458791285753250122e-01 2.483120560646057129e-01 2.602201402187347412e-01 2.476200312376022339e-01 2.460547238588333130e-01 2.462159991264343262e-01 2.589171230792999268e-01 2.470589280128479004e-01 2.483354210853576660e-01 2.482881098985671997e-01
2.570763230323791504e-01 2.453292310237884521e-01 2.458997964859008789e-01 2.481152564287185669e-01 2.609349191188812256e-01 2.472300082445144653e-01 2.463834285736083984e-01 2.464299052953720093e-01 2.580662965774536133e-01 2.481516301631927490e-01 2.493882328271865845e-01 2.469934672117233276e-01
2.559359967708587646e-01 2.459250837564468384e-01 2.469046264886856079e-01 2.471314519643783569e-01 2.611694037914276123e-01 2.465700656175613403e-01 2.461279183626174927e-01 2.476342767477035522e-01 2.592349052429199219e-01 2.471465915441513062e-01 2.482489347457885742e-01 2.479690760374069214e-01
2.566484510898590088e-01 2.453654110431671143e-01 2.463843822479248047e-01 2.473116219043731689e-01 2.613050341606140137e-01 2.468515485525131226e-01 2.463323622941970825e-01 2.471999824047088623e-01 2.588027119636535645e-01 2.485610097646713257e-01 2.482153177261352539e-01 2.470205277204513550e-01
2.573439776897430420e-01 2.458316832780838013e-01 2.455648630857467651e-01 2.469693124294281006e-01 2.597332596778869629e-01 2.479044944047927856e-01 2.459440678358078003e-01 2.481070756912231445e-01 2.590602338314056396e-01 2.474254816770553589e-01 2.478408813476562500e-01 2.482729256153106689e-01
2.574490904808044434e-01 2.472035735845565796e-01 2.454839497804641724e-01 2.464561462402343750e-01 2.596824765205383301e-01 2.469333708286285400e-01 2.459707260131835938e-01 2.482194602489471436e-01 2.590400874614715576e-01 2.481438368558883667e-01 2.476843893527984619e-01 2.477312088012695312e-01
2.568200230598449707e-01 2.470593750476837158e-01 2.464439868927001953e-01 2.462693601846694946e-01 2.590266168117523193e-01 2.473821938037872314e-01 2.461896091699600220e-01 2.486486732959747314e-01 2.592870593070983887e-01 2.472487539052963257e-01 2.484145313501358032e-01 2.472080886363983154e-01
2.563992440700531006e-01 2.471928298473358154e-01 2.471717447042465210e-01 2.461540699005126953e-01 2.593679726123809814e-01 2.484236806631088257e-01 2.458300590515136719e-01 2.482685595750808716e-01 2.591031789779663086e-01 2.474180012941360474e-01 2.475838810205459595e-01 2.470849901437759399e-01
2.565751075744628906e-01 2.467439323663711548e-01 2.468274980783462524e-01 2.467713356018066406e-01 2.595802247524261475e-01 2.477191090583801270e-01 2.469159662723541260e-01 2.470367550849914551e-01 2.586287558078765869e-01 2.480383068323135376e-01 2.470750212669372559e-01 2.480861842632293701e-01
2.573275864124298096e-01 2.464900910854339600e-01 2.464632838964462280e-01 2.466368973255157471e-01 2.601962387561798096e-01 2.468503415584564209e-01 2.469993531703948975e-01 2.472060471773147583e-01 2.596286833286285400e-01 2.480989694595336914e-01 2.472018748521804810e-01 2.468987554311752319e-01
2.577489912509918213e-01 2.477544695138931274e-01 2.469383031129837036e-01 2.468268275260925293e-01 2.590735256671905518e-01 2.458093464374542236e-01 2.477588206529617310e-01 2.465076446533203125e-01 2.591800689697265625e-01 2.473289817571640015e-01 2.470391839742660522e-01 2.480320036411285400e-01
2.587210237979888916e-01 2.484155446290969849e-01 2.468740195035934448e-01 2.465942353010177612e-01 2.592845857143402100e-01 2.460727393627166748e-01 2.466399967670440674e-01 2.468736469745635986e-01 2.591141462326049805e-01 2.471617460250854492e-01 2.467779219150543213e-01 2.474684566259384155e-01
2.582581937313079834e-01 2.480699419975280762e-01 2.460418790578842163e-01 2.469030916690826416e-01 2.581278979778289795e-01 2.473833113908767700e-01 2.480557411909103394e-01 2.466356456279754639e-01 2.596149146556854248e-01 2.460295706987380981e-01 2.470870167016983032e-01 2.477907389402389526e-01
2.562935650348663330e-01 2.478683441877365112e-01 2.459775358438491821e-01 2.470168322324752808e-01 2.571552991867065430e-01 2.488929331302642822e-01 2.485750764608383179e-01 2.476961314678192139e-01 2.586437761783599854e-01 2.464390099048614502e-01 2.473270446062088013e-01 2.481124252080917358e-01
2.569740712642669678e-01 2.471558600664138794e-01 2.451007515192031860e-01 2.482863217592239380e-01 2.573086321353912354e-01 2.484369874000549316e-01 2.490629702806472778e-01 2.487097382545471191e-01 2.592299282550811768e-01 2.451347112655639648e-01 2.463482320308685303e-01 2.482497692108154297e-01
2.577619850635528564e-01 2.479955852031707764e-01 2.455867826938629150e-01 2.488274425268173218e-01 2.568180263042449951e-01 2.474770992994308472e-01 2.500778734683990479e-01 2.483405470848083496e-01 2.590284347534179688e-01 2.448118925094604492e-01 2.451617866754531860e-01 2.481104582548141479e-01
2.571269869804382324e-01 2.473046779632568359e-01 2.446268647909164429e-01 2.487776875495910645e-01 2.575861215591430664e-01 2.480349391698837280e-01 2.492354363203048706e-01 2.484537214040756226e-01 2.604064047336578369e-01 2.452503442764282227e-01 2.457330077886581421e-01 2.474617660045623779e-01
2.577108740806579590e-01 2.475447654724121094e-01 2.454338818788528442e-01 2.485473304986953735e-01 2.576489150524139404e-01 2.469249963760375977e-01 2.497224509716033936e-01 2.476131767034530640e-01 2.596426308155059814e-01 2.465568333864212036e-01 2.452277094125747681e-01 2.474243044853210449e-01
2.584178149700164795e-01 2.488847225904464722e-01 2.454016208648681641e-01 2.479618936777114868e-01 2.572600841522216797e-01 2.468344867229461670e-01 2.490442991256713867e-01 2.475367635488510132e-01 2.604162096977233887e-01 2.464375495910644531e-01 2.446723431348800659e-01 2.471300363540649414e-01
2.594518363475799561e-01 2.478111684322357178e-01 2.443451434373855591e-01 2.484778612852096558e-01 2.580879032611846924e-01 2.467462569475173950e-01 2.489527463912963867e-01 2.481655031442642212e-01 2.601410746574401855e-01 2.467522174119949341e-01 2.443638145923614502e-01 2.467022985219955444e-01
2.586063444614410400e-01 2.476322948932647705e-01 2.443432807922363281e-01 2.479002177715301514e-01 2.572141289710998535e-01 2.472008019685745239e-01 2.482940107583999634e-01 2.502473592758178711e-01 2.599406838417053223e-01 2.468968778848648071e-01 2.443999052047729492e-01 2.473218291997909546e-01
2.579992115497589111e-01 2.478552609682083130e-01 2.450831383466720581e-01 2.489167898893356323e-01 2.576767504215240479e-01 2.471223473548889160e-01 2.484807521104812622e-01 2.483042180538177490e-01 2.602814137935638428e-01 2.468765676021575928e-01 2.441696822643280029e-01 2.472316771745681763e-01
2.577530145645141602e-01 2.472091466188430786e-01 2.450301647186279297e-01 2.499236166477203369e-01 2.575936317443847656e-01 2.479044646024703979e-01 2.487611323595046997e-01 2.472631782293319702e-01 2.593351006507873535e-01 2.469397187232971191e-01 2.451320290565490723e-01 2.471524626016616821e-01
2.580542564392089844e-01 2.468396127223968506e-01 2.455136924982070923e-01 2.496228814125061035e-01 2.574568986892700195e-01 2.477006018161773682e-01 2.482584714889526367e-01 2.466822862625122070e-01 2.584890723228454590e-01 2.472924143075942993e-01 2.466174364089965820e-01 2.474700510501861572e-01
2.586128115653991699e-01 2.465500831604003906e-01 2.461431026458740234e-01 2.487244755029678345e-01 2.581529319286346436e-01 2.476772218942642212e-01 2.479592710733413696e-01 2.463088035583496094e-01 2.598668932914733887e-01 2.473307102918624878e-01 2.456588894128799438e-01 2.470124661922454834e-01
2.581846714019775391e-01 2.472494989633560181e-01 2.455861419439315796e-01 2.490101307630538940e-01 2.576114833354949951e-01 2.482769042253494263e-01 2.476574927568435669e-01 2.465523779392242432e-01 2.584275007247924805e-01 2.479008287191390991e-01 2.463197410106658936e-01 2.472208589315414429e-01
2.583731412887573242e-01 2.472704648971557617e-01 2.465292960405349731e-01 2.485095709562301636e-01 2.576271295547485352e-01 2.480517625808715820e-01 2.473960369825363159e-01 2.463711202144622803e-01 2.591859102249145508e-01 2.477861940860748291e-01 2.453662306070327759e-01 2.475306093692779541e-01
2.581188678741455078e-01 2.474536299705505371e-01 2.466121464967727661e-01 2.484978586435317993e-01 2.575237452983856201e-01 2.471171021461486816e-01 2.487471103668212891e-01 2.457456290721893311e-01 2.596520483493804932e-01 2.482956498861312866e-01 2.459381520748138428e-01 2.462956011295318604e-01
2.574904561042785645e-01 2.477633506059646606e-01 2.471331804990768433e-01 2.493990808725357056e-01 2.570542693138122559e-01 2.469366639852523804e-01 2.486490011215209961e-01 2.447151243686676025e-01 2.595665156841278076e-01 2.484885454177856445e-01 2.450132668018341064e-01 2.477880865335464478e-01
2.588735222816467285e-01 2.476505488157272339e-01 2.459443062543869019e-01 2.493176013231277466e-01 2.575748860836029053e-01 2.456649243831634521e-01 2.485014945268630981e-01 2.450188398361206055e-01 2.591212987899780273e-01 2.477704584598541260e-01 2.471505701541900635e-01 2.474089711904525757e-01
2.596272528171539307e-01 2.467544376850128174e-01 2.452511191368103027e-01 2.483248263597488403e-01 2.583447098731994629e-01 2.463185340166091919e-01 2.472718358039855957e-01 2.459545582532882690e-01 2.599475979804992676e-01 2.481587678194046021e-01 2.472220361232757568e-01 2.468217611312866211e-01
2.601635456085205078e-01 2.471903413534164429e-01 2.451961487531661987e-01 2.471368163824081421e-01 2.593139708042144775e-01 2.458896487951278687e-01 2.475455552339553833e-01 2.454111874103546143e-01 2.607570886611938477e-01 2.479830980300903320e-01 2.456266731023788452e-01 2.477832734584808350e-01
2.602074146270751953e-01 2.458981722593307495e-01 2.444556951522827148e-01 2.469383031129837036e-01 2.600480020046234131e-01 2.466463595628738403e-01 2.471903711557388306e-01 2.464628964662551880e-01 2.602601647377014160e-01 2.482995986938476562e-01 2.465377748012542725e-01 2.470526248216629028e-01
2.598647475242614746e-01 2.469951212406158447e-01 2.442754209041595459e-01 2.473928630352020264e-01 2.589084804058074951e-01 2.472634315490722656e-01 2.467784136533737183e-01 2.463688105344772339e-01 2.600207030773162842e-01 2.481756061315536499e-01 2.462934702634811401e-01 2.476603686809539795e-01
2.596718966960906982e-01 2.462501376867294312e-01 2.452056109905242920e-01 2.474004477262496948e-01 2.581560909748077393e-01 2.481337040662765503e-01 2.474952638149261475e-01 2.455339580774307251e-01 2.597824037075042725e-01 2.471793591976165771e-01 2.469319403171539307e-01 2.482564002275466919e-01
2.588839232921600342e-01 2.465648055076599121e-01 2.454533874988555908e-01 2.476259768009185791e-01 2.587921321392059326e-01 2.477635592222213745e-01 2.452959865331649780e-01 2.455564290285110474e-01 2.610076069831848145e-01 2.465727776288986206e-01 2.468800097703933716e-01 2.496006488800048828e-01
2.599379420280456543e-01 2.458748221397399902e-01 2.456427514553070068e-01 2.470725774765014648e-01 2.591470777988433838e-01 2.473532706499099731e-01 2.460335791110992432e-01 2.466014176607131958e-01 2.603262066841125488e-01 2.469268888235092163e-01 2.466182708740234375e-01 2.484623938798904419e-01
2.598282992839813232e-01 2.458149939775466919e-01 2.459322810173034668e-01 2.460786700248718262e-01 2.595108449459075928e-01 2.476938217878341675e-01 2.459165751934051514e-01 2.468879073858261108e-01 2.607944011688232422e-01 2.475069910287857056e-01 2.470292598009109497e-01 2.470031231641769409e-01
2.589679956436157227e-01 2.463648468255996704e-01 2.456111907958984375e-01 2.467102110385894775e-01 2.589188516139984131e-01 2.478071749210357666e-01 2.461067736148834229e-01 2.465676814317703247e-01 2.609626650810241699e-01 2.489443123340606689e-01 2.465042024850845337e-01 2.465313076972961426e-01
2.595272362232208252e-01 2.458141744136810303e-01 2.458011060953140259e-01 2.465117126703262329e-01 2.589377164840698242e-01 2.472739070653915405e-01 2.465746402740478516e-01 2.466142028570175171e-01 2.603467106819152832e-01 2.484062165021896362e-01 2.468744218349456787e-01 2.473150789737701416e-01
2.594816088676452637e-01 2.459491938352584839e-01 2.460035234689712524e-01 2.465807944536209106e-01 2.589032351970672607e-01 2.472189962863922119e-01 2.462299764156341553e-01 2.466873526573181152e-01 2.611833512783050537e-01 2.487416267395019531e-01 2.463236004114151001e-01 2.466938197612762451e-01
2.603174448013305664e-01 2.458102256059646606e-01 2.457751333713531494e-01 2.470294982194900513e-01 2.577086687088012695e-01 2.472366392612457275e-01 2.467277348041534424e-01 2.464493364095687866e-01 2.612603008747100830e-01 2.491845637559890747e-01 2.454402148723602295e-01 2.470573633909225464e-01
2.598999738693237305e-01 2.464154362678527832e-01 2.466124594211578369e-01 2.462804764509201050e-01 2.576148808002471924e-01 2.476070970296859741e-01 2.466337084770202637e-01 2.459905892610549927e-01 2.607854902744293213e-01 2.479450404644012451e-01 2.470853924751281738e-01 2.471264898777008057e-01
2.585431039333343506e-01 2.459381222724914551e-01 2.463975250720977783e-01 2.470267117023468018e-01 2.582299113273620605e-01 2.472660094499588013e-01 2.476551979780197144e-01 2.459862828254699707e-01 2.620922327041625977e-01 2.473304718732833862e-01 2.462167143821716309e-01 2.473147064447402954e-01
2.590192258358001709e-01 2.451313883066177368e-01 2.472935616970062256e-01 2.457391470670700073e-01 2.592831552028656006e-01 2.474299818277359009e-01 2.471958398818969727e-01 2.467762231826782227e-01 2.609812021255493164e-01 2.466716319322586060e-01 2.461105138063430786e-01 2.483651340007781982e-01
2.600355148315429688e-01 2.447081208229064941e-01 2.473569214344024658e-01 2.468167841434478760e-01 2.586847543716430664e-01 2.469487637281417847e-01 2.473012655973434448e-01 2.460163682699203491e-01 2.605008184909820557e-01 2.465642690658569336e-01 2.470976263284683228e-01 2.479657381772994995e-01
2.601376473903656006e-01 2.448817044496536255e-01 2.472729533910751343e-01 2.466249614953994751e-01 2.581377029418945312e-01 2.473090440034866333e-01 2.475187182426452637e-01 2.461586147546768188e-01 2.614152133464813232e-01 2.458366602659225464e-01 2.472645938396453857e-01 2.474390864372253418e-01
2.590950727462768555e-01 2.448431551456451416e-01 2.473160326480865479e-01 2.474995255470275879e-01 2.582508325576782227e-01 2.472503632307052612e-01 2.474010884761810303e-01 2.463852763175964355e-01 2.628041505813598633e-01 2.457076460123062134e-01 2.465149760246276855e-01 2.469287961721420288e-01
2.588801681995391846e-01 2.455757707357406616e-01 2.471273243427276611e-01 2.456760257482528687e-01 2.587915062904357910e-01 2.479446083307266235e-01 2.479512691497802734e-01 2.460946589708328247e-01 2.624047100543975830e-01 2.453311234712600708e-01 2.470452785491943359e-01 2.471744269132614136e-01
2.585148215293884277e-01 2.466515600681304932e-01 2.475418597459793091e-01 2.460990101099014282e-01 2.586355507373809814e-01 2.466079145669937134e-01 2.477892041206359863e-01 2.462013959884643555e-01 2.623211443424224854e-01 2.455770969390869141e-01 2.466830462217330933e-01 2.473742514848709106e-01
2.580377161502838135e-01 2.474646717309951782e-01 2.476036548614501953e-01 2.465196400880813599e-01 2.576056718826293945e-01 2.459337711334228516e-01 2.483365982770919800e-01 2.471587955951690674e-01 2.629189193248748779e-01 2.452018111944198608e-01 2.458020448684692383e-01 2.474135309457778931e-01
2.598912715911865234e-01 2.463209182024002075e-01 2.473598569631576538e-01 2.460536062717437744e-01 2.580833435058593750e-01 2.454304844141006470e-01 2.485553771257400513e-01 2.473947703838348389e-01 2.630357146263122559e-01 2.453354746103286743e-01 2.456938922405242920e-01 2.468419671058654785e-01
