# pops for 12 qbits with connectivity c7 and unitary DM 22502249038144
4.000000357627868652e-01 2.000000327825546265e-01 2.000000327825546265e-01 2.000000327825546265e-01 4.000000953674316406e-01 2.000000178813934326e-01 2.000000178813934326e-01 2.000000178813934326e-01 4.000000357627868652e-01 2.000000178813934326e-01 2.000000178813934326e-01 2.000000178813934326e-01
3.420454859733581543e-01 2.093757092952728271e-01 2.246182262897491455e-01 2.239605039358139038e-01 3.396292626857757568e-01 2.225357592105865479e-01 2.145312577486038208e-01 2.233037650585174561e-01 3.558904528617858887e-01 2.245565056800842285e-01 2.112641185522079468e-01 2.082889080047607422e-01
2.903922498226165771e-01 2.601909041404724121e-01 2.357471436262130737e-01 2.317822575569152832e-01 3.185164928436279297e-01 2.200419008731842041e-01 2.224230021238327026e-01 2.452545762062072754e-01 3.194281160831451416e-01 2.226912081241607666e-01 2.077315002679824829e-01 2.258005738258361816e-01
2.985468208789825439e-01 2.608465254306793213e-01 2.318284213542938232e-01 2.268908023834228516e-01 2.904955446720123291e-01 2.400279045104980469e-01 2.143243700265884399e-01 2.392010688781738281e-01 2.945893406867980957e-01 2.270906269550323486e-01 2.174842059612274170e-01 2.586742639541625977e-01
2.921162545680999756e-01 2.590345144271850586e-01 2.357676178216934204e-01 2.311941981315612793e-01 2.862038016319274902e-01 2.355351001024246216e-01 2.329698503017425537e-01 2.360607981681823730e-01 2.847166359424591064e-01 2.242589145898818970e-01 2.279489785432815552e-01 2.541932165622711182e-01
2.898378372192382812e-01 2.612392306327819824e-01 2.286270260810852051e-01 2.266056090593338013e-01 2.810247540473937988e-01 2.370025813579559326e-01 2.387689948081970215e-01 2.419908642768859863e-01 2.712966203689575195e-01 2.316257953643798828e-01 2.414426952600479126e-01 2.505379319190979004e-01
2.788954377174377441e-01 2.548451125621795654e-01 2.369392961263656616e-01 2.356297820806503296e-01 2.693376243114471436e-01 2.445791959762573242e-01 2.411079853773117065e-01 2.437623888254165649e-01 2.675529420375823975e-01 2.338164299726486206e-01 2.408561408519744873e-01 2.526774704456329346e-01
2.706646919250488281e-01 2.501819431781768799e-01 2.437562197446823120e-01 2.440794855356216431e-01 2.687077224254608154e-01 2.439233809709548950e-01 2.415448725223541260e-01 2.422384619712829590e-01 2.704995870590209961e-01 2.310856580734252930e-01 2.423468977212905884e-01 2.509708702564239502e-01
2.769912481307983398e-01 2.504871785640716553e-01 2.412050515413284302e-01 2.399988472461700439e-01 2.668315768241882324e-01 2.421294003725051880e-01 2.432022839784622192e-01 2.427041977643966675e-01 2.715309560298919678e-01 2.347312122583389282e-01 2.400296330451965332e-01 2.501582205295562744e-01
2.728241384029388428e-01 2.490665018558502197e-01 2.434399873018264771e-01 2.387429028749465942e-01 2.633542120456695557e-01 2.449589818716049194e-01 2.457006275653839111e-01 2.454624176025390625e-01 2.692644000053405762e-01 2.359064072370529175e-01 2.421396821737289429e-01 2.491395026445388794e-01
2.711351215839385986e-01 2.505494952201843262e-01 2.411648631095886230e-01 2.391629666090011597e-01 2.634811401367187500e-01 2.443181127309799194e-01 2.471868544816970825e-01 2.441821843385696411e-01 2.668817639350891113e-01 2.357093989849090576e-01 2.441917210817337036e-01 2.520360946655273438e-01
2.695461809635162354e-01 2.474373728036880493e-01 2.425101399421691895e-01 2.425187230110168457e-01 2.652357518672943115e-01 2.428420484066009521e-01 2.489823698997497559e-01 2.440102994441986084e-01 2.664970457553863525e-01 2.366648018360137939e-01 2.448842674493789673e-01 2.488706260919570923e-01
2.680349349975585938e-01 2.480470836162567139e-01 2.439471334218978882e-01 2.435793727636337280e-01 2.640941441059112549e-01 2.448852211236953735e-01 2.507300376892089844e-01 2.414722889661788940e-01 2.628477513790130615e-01 2.411044090986251831e-01 2.452659159898757935e-01 2.459913790225982666e-01
2.619800269603729248e-01 2.462568283081054688e-01 2.496816515922546387e-01 2.450970113277435303e-01 2.599435746669769287e-01 2.450914531946182251e-01 2.493408918380737305e-01 2.428317219018936157e-01 2.639014124870300293e-01 2.400804907083511353e-01 2.485778629779815674e-01 2.472167015075683594e-01
2.625761926174163818e-01 2.452057301998138428e-01 2.481997758150100708e-01 2.470338046550750732e-01 2.609128654003143311e-01 2.467945367097854614e-01 2.463622242212295532e-01 2.431379705667495728e-01 2.633402943611145020e-01 2.414299845695495605e-01 2.478019595146179199e-01 2.472042143344879150e-01
2.610887289047241211e-01 2.442375272512435913e-01 2.494374811649322510e-01 2.472351789474487305e-01 2.594729065895080566e-01 2.466442584991455078e-01 2.454337328672409058e-01 2.448333352804183960e-01 2.632687389850616455e-01 2.427665442228317261e-01 2.494637817144393921e-01 2.461174130439758301e-01
2.602164745330810547e-01 2.460364550352096558e-01 2.494022995233535767e-01 2.463436424732208252e-01 2.599079906940460205e-01 2.461965233087539673e-01 2.449002414941787720e-01 2.462003827095031738e-01 2.633247971534729004e-01 2.437426149845123291e-01 2.484883666038513184e-01 2.452397346496582031e-01
2.607631683349609375e-01 2.452536821365356445e-01 2.488533109426498413e-01 2.471286654472351074e-01 2.585489749908447266e-01 2.471745163202285767e-01 2.449943274259567261e-01 2.468630969524383545e-01 2.619552910327911377e-01 2.440400123596191406e-01 2.469305396080017090e-01 2.474938929080963135e-01
2.599250972270965576e-01 2.465255707502365112e-01 2.494290173053741455e-01 2.461191117763519287e-01 2.580969631671905518e-01 2.475426048040390015e-01 2.453888207674026489e-01 2.469430416822433472e-01 2.616378664970397949e-01 2.431498169898986816e-01 2.478782683610916138e-01 2.473632097244262695e-01
2.614880204200744629e-01 2.472694963216781616e-01 2.474703490734100342e-01 2.447594553232192993e-01 2.581254243850708008e-01 2.477501779794692993e-01 2.449432462453842163e-01 2.477843910455703735e-01 2.605519294738769531e-01 2.443144768476486206e-01 2.464774847030639648e-01 2.490649074316024780e-01
2.615870237350463867e-01 2.462909221649169922e-01 2.469748258590698242e-01 2.446674108505249023e-01 2.575283050537109375e-01 2.469464391469955444e-01 2.448997944593429565e-01 2.484154105186462402e-01 2.605629563331604004e-01 2.440149337053298950e-01 2.481779158115386963e-01 2.499333769083023071e-01
2.615999281406402588e-01 2.445671111345291138e-01 2.470694482326507568e-01 2.462836802005767822e-01 2.579044103622436523e-01 2.473531514406204224e-01 2.442474067211151123e-01 2.490464895963668823e-01 2.599735856056213379e-01 2.448500394821166992e-01 2.482725679874420166e-01 2.488315999507904053e-01
2.604788839817047119e-01 2.451650798320770264e-01 2.463768422603607178e-01 2.466568946838378906e-01 2.585026919841766357e-01 2.468495070934295654e-01 2.452272325754165649e-01 2.488144785165786743e-01 2.585765421390533447e-01 2.451343536376953125e-01 2.492304444313049316e-01 2.489863783121109009e-01
2.604528665542602539e-01 2.454407662153244019e-01 2.468588054180145264e-01 2.457402050495147705e-01 2.577669322490692139e-01 2.485279291868209839e-01 2.459724545478820801e-01 2.473115622997283936e-01 2.599720358848571777e-01 2.453958094120025635e-01 2.475042045116424561e-01 2.490556687116622925e-01
2.614544630050659180e-01 2.449743300676345825e-01 2.467112094163894653e-01 2.453526407480239868e-01 2.591244876384735107e-01 2.489058524370193481e-01 2.462356239557266235e-01 2.470498979091644287e-01 2.593194246292114258e-01 2.442617267370223999e-01 2.470175623893737793e-01 2.495919764041900635e-01
2.599178254604339600e-01 2.462327182292938232e-01 2.459668517112731934e-01 2.445659637451171875e-01 2.594256103038787842e-01 2.481330335140228271e-01 2.469972521066665649e-01 2.485692501068115234e-01 2.591798603534698486e-01 2.442582547664642334e-01 2.485313564538955688e-01 2.482211887836456299e-01
2.612074315547943115e-01 2.460101097822189331e-01 2.464153468608856201e-01 2.443684041500091553e-01 2.610473632812500000e-01 2.480391263961791992e-01 2.458279728889465332e-01 2.480004280805587769e-01 2.598237097263336182e-01 2.438677251338958740e-01 2.473940551280975342e-01 2.479974776506423950e-01
2.609248161315917969e-01 2.453242242336273193e-01 2.468082904815673828e-01 2.449439913034439087e-01 2.594203948974609375e-01 2.480296343564987183e-01 2.472089231014251709e-01 2.482559084892272949e-01 2.591255307197570801e-01 2.451869249343872070e-01 2.464847564697265625e-01 2.482858002185821533e-01
2.613220512866973877e-01 2.451925873756408691e-01 2.465086281299591064e-01 2.457455694675445557e-01 2.594710886478424072e-01 2.471544146537780762e-01 2.472197115421295166e-01 2.479795068502426147e-01 2.598601877689361572e-01 2.454687058925628662e-01 2.457010447978973389e-01 2.483756244182586670e-01
2.611709535121917725e-01 2.452419996261596680e-01 2.467965930700302124e-01 2.455592751502990723e-01 2.603065967559814453e-01 2.480999827384948730e-01 2.457173168659210205e-01 2.477008104324340820e-01 2.595090270042419434e-01 2.455480098724365234e-01 2.466868013143539429e-01 2.476617246866226196e-01
2.609887719154357910e-01 2.457867860794067383e-01 2.470051348209381104e-01 2.449881434440612793e-01 2.589718699455261230e-01 2.481300681829452515e-01 2.459795922040939331e-01 2.473443746566772461e-01 2.607096433639526367e-01 2.449488490819931030e-01 2.476122677326202393e-01 2.475335896015167236e-01
2.600393295288085938e-01 2.458865642547607422e-01 2.468986064195632935e-01 2.459443062543869019e-01 2.591003775596618652e-01 2.466262429952621460e-01 2.473596632480621338e-01 2.461901158094406128e-01 2.604372799396514893e-01 2.449953705072402954e-01 2.479806393384933472e-01 2.485405653715133667e-01
2.602394819259643555e-01 2.450308799743652344e-01 2.471304088830947876e-01 2.464582622051239014e-01 2.589018046855926514e-01 2.471831887960433960e-01 2.460886090993881226e-01 2.470125406980514526e-01 2.597370445728302002e-01 2.467582225799560547e-01 2.475084364414215088e-01 2.479501366615295410e-01
2.609655559062957764e-01 2.451441437005996704e-01 2.456022053956985474e-01 2.463111430406570435e-01 2.606028914451599121e-01 2.475035786628723145e-01 2.458024173974990845e-01 2.461131662130355835e-01 2.610923051834106445e-01 2.452967017889022827e-01 2.474080920219421387e-01 2.481567263603210449e-01
2.598416209220886230e-01 2.451284676790237427e-01 2.463018000125885010e-01 2.452777028083801270e-01 2.615312337875366211e-01 2.475545853376388550e-01 2.456233054399490356e-01 2.472017705440521240e-01 2.602872848510742188e-01 2.454430460929870605e-01 2.475955337285995483e-01 2.482124865055084229e-01
2.603347301483154297e-01 2.453399002552032471e-01 2.454282045364379883e-01 2.460329681634902954e-01 2.622913420200347900e-01 2.469128668308258057e-01 2.456754446029663086e-01 2.464450895786285400e-01 2.598211169242858887e-01 2.461602836847305298e-01 2.475335001945495605e-01 2.480235099792480469e-01
2.606160938739776611e-01 2.449655383825302124e-01 2.457530498504638672e-01 2.458011209964752197e-01 2.620853781700134277e-01 2.467906475067138672e-01 2.457271218299865723e-01 2.473254501819610596e-01 2.599273025989532471e-01 2.442651689052581787e-01 2.484965026378631592e-01 2.482454627752304077e-01
2.605393826961517334e-01 2.448710054159164429e-01 2.458111494779586792e-01 2.465591579675674438e-01 2.619562149047851562e-01 2.469384074211120605e-01 2.450937479734420776e-01 2.472953200340270996e-01 2.594756186008453369e-01 2.446692883968353271e-01 2.490345835685729980e-01 2.477548718452453613e-01
2.601056098937988281e-01 2.451284229755401611e-01 2.456699013710021973e-01 2.458272278308868408e-01 2.629467248916625977e-01 2.465229034423828125e-01 2.455623745918273926e-01 2.471535354852676392e-01 2.598784565925598145e-01 2.458462417125701904e-01 2.483321279287338257e-01 2.470251917839050293e-01
2.609842419624328613e-01 2.450791597366333008e-01 2.459906637668609619e-01 2.453932911157608032e-01 2.617261707782745361e-01 2.469140440225601196e-01 2.442525327205657959e-01 2.485926747322082520e-01 2.604434490203857422e-01 2.461984604597091675e-01 2.476377785205841064e-01 2.467861771583557129e-01
2.593657970428466797e-01 2.450416088104248047e-01 2.457724511623382568e-01 2.460697591304779053e-01 2.627091109752655029e-01 2.475871741771697998e-01 2.447047680616378784e-01 2.476821541786193848e-01 2.604021131992340088e-01 2.461530119180679321e-01 2.471933215856552124e-01 2.473174333572387695e-01
2.586152553558349609e-01 2.457448095083236694e-01 2.454557120800018311e-01 2.471141964197158813e-01 2.623660266399383545e-01 2.480945736169815063e-01 2.443131506443023682e-01 2.476873546838760376e-01 2.600800693035125732e-01 2.453903257846832275e-01 2.476620972156524658e-01 2.474751025438308716e-01
2.590355575084686279e-01 2.457032054662704468e-01 2.462363094091415405e-01 2.470732033252716064e-01 2.629682123661041260e-01 2.476322203874588013e-01 2.433316260576248169e-01 2.474106401205062866e-01 2.607267796993255615e-01 2.453560233116149902e-01 2.481107264757156372e-01 2.464140802621841431e-01
2.594236135482788086e-01 2.453220933675765991e-01 2.457556277513504028e-01 2.483443170785903931e-01 2.615998089313507080e-01 2.461391091346740723e-01 2.444987446069717407e-01 2.471198886632919312e-01 2.610882818698883057e-01 2.458563148975372314e-01 2.486643642187118530e-01 2.461864352226257324e-01
2.613764405250549316e-01 2.455255836248397827e-01 2.451072484254837036e-01 2.487167418003082275e-01 2.601653635501861572e-01 2.482090294361114502e-01 2.437768727540969849e-01 2.459030151367187500e-01 2.607733607292175293e-01 2.454812526702880859e-01 2.481262087821960449e-01 2.468374371528625488e-01
2.620201706886291504e-01 2.461339980363845825e-01 2.446997612714767456e-01 2.479641884565353394e-01 2.584467530250549316e-01 2.490554451942443848e-01 2.458741366863250732e-01 2.451654374599456787e-01 2.601532936096191406e-01 2.454768866300582886e-01 2.485453486442565918e-01 2.464631944894790649e-01
2.617204785346984863e-01 2.461119592189788818e-01 2.451818734407424927e-01 2.478037476539611816e-01 2.584389448165893555e-01 2.474530935287475586e-01 2.469633370637893677e-01 2.456863075494766235e-01 2.603880465030670166e-01 2.451353669166564941e-01 2.474004477262496948e-01 2.477148324251174927e-01
2.622008323669433594e-01 2.453672736883163452e-01 2.464965879917144775e-01 2.475382983684539795e-01 2.585397958755493164e-01 2.468619197607040405e-01 2.469844520092010498e-01 2.476796209812164307e-01 2.600265145301818848e-01 2.452819347381591797e-01 2.450414896011352539e-01 2.479795664548873901e-01
2.605610787868499756e-01 2.457920461893081665e-01 2.459851950407028198e-01 2.479480952024459839e-01 2.586201429367065430e-01 2.472777217626571655e-01 2.477836906909942627e-01 2.477009147405624390e-01 2.593862116336822510e-01 2.449149042367935181e-01 2.457762956619262695e-01 2.482521235942840576e-01
2.595643997192382812e-01 2.467052787542343140e-01 2.462488412857055664e-01 2.477678954601287842e-01 2.576389908790588379e-01 2.472222447395324707e-01 2.488105744123458862e-01 2.477106451988220215e-01 2.595616579055786133e-01 2.452348619699478149e-01 2.451825141906738281e-01 2.483505457639694214e-01
2.584991157054901123e-01 2.468567937612533569e-01 2.466285526752471924e-01 2.484103441238403320e-01 2.577224075794219971e-01 2.475085109472274780e-01 2.476981431245803833e-01 2.480291873216629028e-01 2.598921060562133789e-01 2.455899417400360107e-01 2.445174753665924072e-01 2.486458420753479004e-01
2.600486278533935547e-01 2.465536892414093018e-01 2.471367120742797852e-01 2.476714402437210083e-01 2.579353451728820801e-01 2.471804618835449219e-01 2.472155690193176270e-01 2.476112395524978638e-01 2.592227458953857422e-01 2.455683201551437378e-01 2.460384666919708252e-01 2.478158175945281982e-01
2.598990201950073242e-01 2.470248639583587646e-01 2.471148073673248291e-01 2.479134947061538696e-01 2.580855488777160645e-01 2.468101084232330322e-01 2.464247196912765503e-01 2.480804473161697388e-01 2.601947188377380371e-01 2.450360655784606934e-01 2.457714527845382690e-01 2.476431131362915039e-01
2.598415613174438477e-01 2.465472221374511719e-01 2.477288395166397095e-01 2.478345781564712524e-01 2.578733861446380615e-01 2.462082505226135254e-01 2.468067258596420288e-01 2.485124021768569946e-01 2.594575285911560059e-01 2.450810521841049194e-01 2.460529953241348267e-01 2.480537444353103638e-01
2.611447572708129883e-01 2.466347813606262207e-01 2.474335134029388428e-01 2.467391192913055420e-01 2.572815418243408203e-01 2.455291301012039185e-01 2.474916279315948486e-01 2.490984648466110229e-01 2.595077157020568848e-01 2.455009669065475464e-01 2.463023960590362549e-01 2.473342418670654297e-01
2.605128288269042969e-01 2.482166886329650879e-01 2.470792084932327271e-01 2.457911223173141479e-01 2.582494914531707764e-01 2.462957501411437988e-01 2.466019690036773682e-01 2.476979345083236694e-01 2.600294947624206543e-01 2.455101907253265381e-01 2.467668354511260986e-01 2.472467422485351562e-01
2.601567208766937256e-01 2.483684420585632324e-01 2.479901462793350220e-01 2.458176016807556152e-01 2.579440772533416748e-01 2.479113787412643433e-01 2.463525831699371338e-01 2.474144697189331055e-01 2.604640424251556396e-01 2.450996041297912598e-01 2.458452731370925903e-01 2.466339021921157837e-01
2.609285712242126465e-01 2.473046183586120605e-01 2.486828267574310303e-01 2.454168796539306641e-01 2.582352459430694580e-01 2.469723969697952271e-01 2.459292411804199219e-01 2.467994242906570435e-01 2.608833909034729004e-01 2.458499073982238770e-01 2.457427531480789185e-01 2.472529262304306030e-01
2.610398232936859131e-01 2.479712218046188354e-01 2.478681653738021851e-01 2.456122636795043945e-01 2.595350146293640137e-01 2.472917884588241577e-01 2.456304877996444702e-01 2.478015571832656860e-01 2.601283192634582520e-01 2.440960556268692017e-01 2.458774745464324951e-01 2.471460253000259399e-01
2.599472999572753906e-01 2.478472292423248291e-01 2.472332566976547241e-01 2.474636733531951904e-01 2.587504088878631592e-01 2.473349720239639282e-01 2.447891831398010254e-01 2.471257150173187256e-01 2.584868967533111572e-01 2.446168959140777588e-01 2.482602447271347046e-01 2.481423765420913696e-01
2.612831294536590576e-01 2.480058073997497559e-01 2.476174682378768921e-01 2.455850243568420410e-01 2.580662071704864502e-01 2.482023090124130249e-01 2.452259212732315063e-01 2.465058416128158569e-01 2.576373815536499023e-01 2.462207674980163574e-01 2.478246241807937622e-01 2.478235810995101929e-01
2.608458697795867920e-01 2.472255676984786987e-01 2.467081546783447266e-01 2.457222938537597656e-01 2.582035064697265625e-01 2.491250634193420410e-01 2.452270537614822388e-01 2.463551461696624756e-01 2.576731145381927490e-01 2.464670091867446899e-01 2.487958669662475586e-01 2.476494163274765015e-01
2.598889470100402832e-01 2.466905415058135986e-01 2.461128234863281250e-01 2.467218786478042603e-01 2.592540085315704346e-01 2.476100325584411621e-01 2.462353408336639404e-01 2.468991130590438843e-01 2.579165399074554443e-01 2.462831139564514160e-01 2.487897574901580811e-01 2.475959509611129761e-01
2.602496743202209473e-01 2.455859035253524780e-01 2.466563731431961060e-01 2.469222247600555420e-01 2.593325078487396240e-01 2.475128322839736938e-01 2.461543977260589600e-01 2.469987720251083374e-01 2.577801644802093506e-01 2.454471290111541748e-01 2.493113577365875244e-01 2.480467259883880615e-01
2.600755691528320312e-01 2.458637803792953491e-01 2.457357347011566162e-01 2.468664795160293579e-01 2.593513727188110352e-01 2.484702765941619873e-01 2.459613978862762451e-01 2.470879703760147095e-01 2.590143978595733643e-01 2.455796897411346436e-01 2.487566322088241577e-01 2.472346127033233643e-01
2.594874203205108643e-01 2.449635416269302368e-01 2.466441988945007324e-01 2.471677511930465698e-01 2.580761909484863281e-01 2.497372627258300781e-01 2.463480234146118164e-01 2.469881623983383179e-01 2.574540972709655762e-01 2.457610517740249634e-01 2.499842494726181030e-01 2.473859041929244995e-01
2.597569823265075684e-01 2.451937198638916016e-01 2.465604096651077271e-01 2.467903196811676025e-01 2.595887482166290283e-01 2.491995394229888916e-01 2.467749714851379395e-01 2.466691434383392334e-01 2.570084333419799805e-01 2.460603713989257812e-01 2.481458783149719238e-01 2.482494711875915527e-01
2.592750489711761475e-01 2.458000034093856812e-01 2.462381869554519653e-01 2.469881623983383179e-01 2.593876123428344727e-01 2.491771280765533447e-01 2.461388707160949707e-01 2.466920912265777588e-01 2.567698359489440918e-01 2.456579357385635376e-01 2.485625594854354858e-01 2.493103295564651489e-01
2.595309913158416748e-01 2.448658049106597900e-01 2.466995269060134888e-01 2.472050487995147705e-01 2.599046528339385986e-01 2.473287135362625122e-01 2.474665343761444092e-01 2.466958910226821899e-01 2.577454745769500732e-01 2.467254549264907837e-01 2.466736286878585815e-01 2.491561323404312134e-01
2.594490051269531250e-01 2.453369200229644775e-01 2.470014840364456177e-01 2.480250149965286255e-01 2.602407932281494141e-01 2.461701929569244385e-01 2.475023716688156128e-01 2.470813095569610596e-01 2.576686143875122070e-01 2.464303076267242432e-01 2.486000955104827881e-01 2.464917451143264771e-01
2.602715194225311279e-01 2.445475757122039795e-01 2.472436726093292236e-01 2.476868629455566406e-01 2.595867812633514404e-01 2.461194843053817749e-01 2.464821934700012207e-01 2.476170957088470459e-01 2.585830688476562500e-01 2.469074577093124390e-01 2.483903318643569946e-01 2.465616613626480103e-01
2.594383955001831055e-01 2.450951784849166870e-01 2.459810674190521240e-01 2.484109848737716675e-01 2.598397433757781982e-01 2.479622662067413330e-01 2.449986487627029419e-01 2.475134581327438354e-01 2.574440240859985352e-01 2.467748373746871948e-01 2.488427758216857910e-01 2.476963549852371216e-01
2.608541548252105713e-01 2.450338155031204224e-01 2.463251650333404541e-01 2.467124462127685547e-01 2.596738040447235107e-01 2.476522773504257202e-01 2.453886419534683228e-01 2.463539391756057739e-01 2.581244111061096191e-01 2.477005869150161743e-01 2.483929544687271118e-01 2.477854490280151367e-01
2.612280845642089844e-01 2.464070618152618408e-01 2.464322596788406372e-01 2.470460236072540283e-01 2.602138221263885498e-01 2.465030848979949951e-01 2.447905987501144409e-01 2.453732341527938843e-01 2.576812207698822021e-01 2.482012510299682617e-01 2.488513141870498657e-01 2.472696304321289062e-01
2.594957947731018066e-01 2.465988099575042725e-01 2.471198439598083496e-01 2.478989958763122559e-01 2.590788006782531738e-01 2.472576946020126343e-01 2.452076971530914307e-01 2.453365921974182129e-01 2.582140564918518066e-01 2.475034743547439575e-01 2.487435042858123779e-01 2.475423067808151245e-01
2.594506442546844482e-01 2.463677078485488892e-01 2.471190690994262695e-01 2.481760531663894653e-01 2.586581707000732422e-01 2.471507638692855835e-01 2.450102865695953369e-01 2.460615336894989014e-01 2.582891583442687988e-01 2.482840865850448608e-01 2.488576918840408325e-01 2.465724498033523560e-01
2.588115632534027100e-01 2.466077506542205811e-01 2.473219037055969238e-01 2.482734322547912598e-01 2.594821155071258545e-01 2.473339736461639404e-01 2.452633380889892578e-01 2.449001222848892212e-01 2.577739655971527100e-01 2.483021616935729980e-01 2.488534748554229736e-01 2.470738291740417480e-01
2.598658204078674316e-01 2.463510632514953613e-01 2.470401674509048462e-01 2.477575689554214478e-01 2.597945630550384521e-01 2.470115274190902710e-01 2.459207922220230103e-01 2.442527115345001221e-01 2.581808567047119141e-01 2.480661123991012573e-01 2.491243779659271240e-01 2.466320991516113281e-01
2.599308192729949951e-01 2.464314550161361694e-01 2.463306486606597900e-01 2.483216375112533569e-01 2.596273422241210938e-01 2.468226999044418335e-01 2.463751286268234253e-01 2.449142485857009888e-01 2.591932117938995361e-01 2.467665672302246094e-01 2.485055774450302124e-01 2.467781603336334229e-01
2.596187293529510498e-01 2.466073036193847656e-01 2.467328757047653198e-01 2.480556368827819824e-01 2.599229216575622559e-01 2.470216602087020874e-01 2.452004849910736084e-01 2.455943375825881958e-01 2.592417001724243164e-01 2.469041794538497925e-01 2.480832189321517944e-01 2.470143586397171021e-01
2.597130239009857178e-01 2.450906038284301758e-01 2.467768937349319458e-01 2.480963617563247681e-01 2.598055303096771240e-01 2.480824887752532959e-01 2.452331036329269409e-01 2.459559291601181030e-01 2.591395378112792969e-01 2.467459738254547119e-01 2.475814223289489746e-01 2.477765381336212158e-01
2.592181861400604248e-01 2.454099804162979126e-01 2.458794713020324707e-01 2.483243942260742188e-01 2.590727210044860840e-01 2.489588707685470581e-01 2.452814280986785889e-01 2.465769648551940918e-01 2.579692900180816650e-01 2.477726489305496216e-01 2.473810464143753052e-01 2.481523305177688599e-01
2.592173814773559570e-01 2.460660934448242188e-01 2.455740272998809814e-01 2.479745447635650635e-01 2.590855956077575684e-01 2.482230067253112793e-01 2.460725009441375732e-01 2.465088814496994019e-01 2.585560679435729980e-01 2.472074925899505615e-01 2.477440685033798218e-01 2.477676719427108765e-01
2.578657567501068115e-01 2.471204847097396851e-01 2.463120222091674805e-01 2.475914210081100464e-01 2.580821514129638672e-01 2.474330216646194458e-01 2.465076446533203125e-01 2.483293116092681885e-01 2.585615813732147217e-01 2.474991977214813232e-01 2.475965470075607300e-01 2.470982223749160767e-01
2.585795521736145020e-01 2.481234669685363770e-01 2.458602488040924072e-01 2.472338229417800903e-01 2.579187452793121338e-01 2.467301487922668457e-01 2.460027337074279785e-01 2.471174746751785278e-01 2.594920098781585693e-01 2.476319819688796997e-01 2.483300417661666870e-01 2.469771206378936768e-01
2.597620785236358643e-01 2.477708756923675537e-01 2.465736120939254761e-01 2.475882470607757568e-01 2.602698206901550293e-01 2.459868192672729492e-01 2.464332133531570435e-01 2.466851323843002319e-01 2.583052515983581543e-01 2.470416575670242310e-01 2.476208508014678955e-01 2.459596991539001465e-01
2.608811855316162109e-01 2.469101995229721069e-01 2.474451512098312378e-01 2.469304203987121582e-01 2.600796818733215332e-01 2.456303983926773071e-01 2.465759366750717163e-01 2.466168105602264404e-01 2.576586306095123291e-01 2.477148771286010742e-01 2.472604513168334961e-01 2.462934851646423340e-01
2.598494589328765869e-01 2.467646151781082153e-01 2.475407421588897705e-01 2.466297447681427002e-01 2.614678740501403809e-01 2.451783418655395508e-01 2.477958351373672485e-01 2.458101511001586914e-01 2.582604289054870605e-01 2.493762671947479248e-01 2.460453063249588013e-01 2.452784031629562378e-01
2.612959444522857666e-01 2.463491559028625488e-01 2.477726489305496216e-01 2.462823688983917236e-01 2.596901655197143555e-01 2.452107369899749756e-01 2.466644048690795898e-01 2.477714270353317261e-01 2.588708102703094482e-01 2.489535659551620483e-01 2.466899156570434570e-01 2.444461286067962646e-01
2.609275877475738525e-01 2.476432323455810547e-01 2.469000071287155151e-01 2.452884614467620850e-01 2.595268785953521729e-01 2.468592077493667603e-01 2.464062571525573730e-01 2.474851608276367188e-01 2.586165666580200195e-01 2.478313297033309937e-01 2.467994093894958496e-01 2.457130700349807739e-01
2.603906393051147461e-01 2.478688508272171021e-01 2.469200491905212402e-01 2.455797344446182251e-01 2.579469978809356689e-01 2.482120990753173828e-01 2.464461177587509155e-01 2.472435235977172852e-01 2.580789327621459961e-01 2.480252534151077271e-01 2.468325048685073853e-01 2.464525103569030762e-01
2.605506181716918945e-01 2.475594133138656616e-01 2.480336576700210571e-01 2.457827478647232056e-01 2.567267715930938721e-01 2.484544813632965088e-01 2.463926821947097778e-01 2.467503398656845093e-01 2.595466673374176025e-01 2.466638982295989990e-01 2.464691847562789917e-01 2.470666468143463135e-01
2.595472335815429688e-01 2.468475848436355591e-01 2.478018701076507568e-01 2.462317496538162231e-01 2.576423585414886475e-01 2.495911568403244019e-01 2.469711899757385254e-01 2.476714700460433960e-01 2.587764859199523926e-01 2.470493614673614502e-01 2.454026043415069580e-01 2.464639693498611450e-01
2.598909139633178711e-01 2.473954111337661743e-01 2.466532438993453979e-01 2.464888989925384521e-01 2.575576305389404297e-01 2.503593564033508301e-01 2.461992949247360229e-01 2.477599084377288818e-01 2.584908306598663330e-01 2.467359900474548340e-01 2.464092224836349487e-01 2.460562884807586670e-01
2.599510848522186279e-01 2.469026148319244385e-01 2.468452006578445435e-01 2.469963878393173218e-01 2.584943175315856934e-01 2.494079619646072388e-01 2.466018348932266235e-01 2.474128007888793945e-01 2.585929632186889648e-01 2.465061098337173462e-01 2.460549473762512207e-01 2.462307959794998169e-01
2.594173848628997803e-01 2.477493584156036377e-01 2.467077076435089111e-01 2.466300427913665771e-01 2.593827843666076660e-01 2.482031732797622681e-01 2.466593682765960693e-01 2.470281571149826050e-01 2.590150833129882812e-01 2.474820762872695923e-01 2.453197538852691650e-01 2.464020848274230957e-01
2.592015564441680908e-01 2.471677511930465698e-01 2.471213787794113159e-01 2.463645040988922119e-01 2.604519128799438477e-01 2.479150146245956421e-01 2.456825822591781616e-01 2.471184283494949341e-01 2.579038739204406738e-01 2.466379851102828979e-01 2.460714876651763916e-01 2.483604252338409424e-01
2.585151195526123047e-01 2.457642406225204468e-01 2.480692416429519653e-01 2.475065886974334717e-01 2.591505944728851318e-01 2.488258779048919678e-01 2.455821931362152100e-01 2.470741569995880127e-01 2.581683695316314697e-01 2.473458200693130493e-01 2.467092275619506836e-01 2.472854703664779663e-01
2.588928043842315674e-01 2.463847398757934570e-01 2.474313229322433472e-01 2.471448928117752075e-01 2.589185535907745361e-01 2.480597347021102905e-01 2.460958659648895264e-01 2.475600242614746094e-01 2.596570849418640137e-01 2.458775788545608521e-01 2.462703287601470947e-01 2.477038651704788208e-01
2.573567628860473633e-01 2.463070005178451538e-01 2.481078207492828369e-01 2.480821460485458374e-01 2.593402564525604248e-01 2.478423565626144409e-01 2.459412217140197754e-01 2.475103884935379028e-01 2.591798007488250732e-01 2.476587146520614624e-01 2.457536607980728149e-01 2.469167262315750122e-01
2.579740583896636963e-01 2.468548268079757690e-01 2.474075257778167725e-01 2.476173341274261475e-01 2.583770751953125000e-01 2.470853477716445923e-01 2.461740076541900635e-01 2.462701797485351562e-01 2.597946822643280029e-01 2.481178194284439087e-01 2.471359670162200928e-01 2.471879422664642334e-01
