# pops for 8 qbits with connectivity gas_with_one_uni in chunks 2
1.999999999999999278e-01 1.999999999999999278e-01 1.999999999999999278e-01 1.999999999999999278e-01 1.999999999999999278e-01 3.999999999999999667e-01 1.999999999999999278e-01 1.999999999999999278e-01
2.000000000000000666e-01 2.456824224502220377e-01 2.000000000000000944e-01 2.000000000000000944e-01 2.598147731660662152e-01 2.639591041054035192e-01 2.000000000000001221e-01 2.305437002783080891e-01
2.209022252565399635e-01 2.210339354898026298e-01 2.093059111989254428e-01 2.306156766486603116e-01 2.088128308632940799e-01 2.641792187611183840e-01 2.207938058473071508e-01 2.243563959343522207e-01
2.221186579060404620e-01 2.141459532545893218e-01 2.204549556669405941e-01 2.159243318844847603e-01 2.369538541701204648e-01 2.395804957504522326e-01 2.186827366308868592e-01 2.321390147364848500e-01
2.401625596639026805e-01 2.153272264684759074e-01 2.167585305460576206e-01 2.177327942376970915e-01 2.282898740449347263e-01 2.331139428296588045e-01 2.193894261846713323e-01 2.292256460246024641e-01
2.344885109294231607e-01 2.253026808607933584e-01 2.218274802325609363e-01 2.191475797695219552e-01 2.312208653553112780e-01 2.307880505672578186e-01 2.180937106290961602e-01 2.191311216560344055e-01
2.163083649359103244e-01 2.292002870263603886e-01 2.172173029139659595e-01 2.208235046346927188e-01 2.398541926677396074e-01 2.228672944078577411e-01 2.267740499010360011e-01 2.269550035124367204e-01
2.271235084828862882e-01 2.298178847389540647e-01 2.371798737837584048e-01 2.175556743299409124e-01 2.225418543901054313e-01 2.269847096653503649e-01 2.209433444034633320e-01 2.178531502055409963e-01
2.285600270588429295e-01 2.446012169437369321e-01 2.207797460856007477e-01 2.244746478941683776e-01 2.203731761584145632e-01 2.230002007828348620e-01 2.156411663326103234e-01 2.225698187437903375e-01
2.261433379515245534e-01 2.342390473477610480e-01 2.279609702677713734e-01 2.197580837220905747e-01 2.149167988750864400e-01 2.229522298800596936e-01 2.255582510600407375e-01 2.284712808956637364e-01
2.199076897343562043e-01 2.224272448027464766e-01 2.254245629737108292e-01 2.266324812014328671e-01 2.190978580928565067e-01 2.327774743906543542e-01 2.263145969079426445e-01 2.274180918962979414e-01
2.261807710267623728e-01 2.227286204029970407e-01 2.197684486337565801e-01 2.308128491575019703e-01 2.236094118444011403e-01 2.237841770827906918e-01 2.229276782694410430e-01 2.301880435823479010e-01
2.268379738190030304e-01 2.249153654113552059e-01 2.420731576994754330e-01 2.196204223294391522e-01 2.194618353260369414e-01 2.236359231045106921e-01 2.250367637577265212e-01 2.184185585524506534e-01
2.181628973863437015e-01 2.245006420637172539e-01 2.308210434519923915e-01 2.324749439097804626e-01 2.211414027599807042e-01 2.299205618747387769e-01 2.212720419576827691e-01 2.217064665957618197e-01
2.236993835994489366e-01 2.240267244739288233e-01 2.208637770508549980e-01 2.294138423821294459e-01 2.259757784539815073e-01 2.278589026697474540e-01 2.208583164772199292e-01 2.273032748926869517e-01
2.362811588010804986e-01 2.175522350248856596e-01 2.214089855676534269e-01 2.297458309030533941e-01 2.217803882533485871e-01 2.189273091519499392e-01 2.338612231968899835e-01 2.204428691011355856e-01
2.314309871960684439e-01 2.197602406060495950e-01 2.253558754001554476e-01 2.218935433817123548e-01 2.233867845490134230e-01 2.229651947964619574e-01 2.213143737281894619e-01 2.338930003423461690e-01
2.165412263871463183e-01 2.184794954073427387e-01 2.352196290305124393e-01 2.225015640411015516e-01 2.362854922048990003e-01 2.266730498133939231e-01 2.182792432505754610e-01 2.260202998650263639e-01
2.251535210242981144e-01 2.239782080628452410e-01 2.278043361910603859e-01 2.307578144354227034e-01 2.156417193757944883e-01 2.298547782847763232e-01 2.274850372139757548e-01 2.193245854118235916e-01
2.226123657864027272e-01 2.309020282568977345e-01 2.202792146025121800e-01 2.295998820417121944e-01 2.244468690758534557e-01 2.316140120729822116e-01 2.220613802948565030e-01 2.184842478687789580e-01
2.204559399274824139e-01 2.195467443269929764e-01 2.288273078316725717e-01 2.207969099463751583e-01 2.351374243244653273e-01 2.237306475251151228e-01 2.232574479518280863e-01 2.282475781660651126e-01
2.220158173408990632e-01 2.310553731585863191e-01 2.270817009029975631e-01 2.227475435667760073e-01 2.167872038767236498e-01 2.276413144054756366e-01 2.214925438466845420e-01 2.311785029018522952e-01
2.383843203178019898e-01 2.203693372315464472e-01 2.231350842568499693e-01 2.248251100258989721e-01 2.222058175660420742e-01 2.195380757444316266e-01 2.281237854645576102e-01 2.234184693928661369e-01
2.266496697599130472e-01 2.202912720715221595e-01 2.227525905021804919e-01 2.233953888354330009e-01 2.226183917062856121e-01 2.188593730581158137e-01 2.292630470655675490e-01 2.361702670009780403e-01
2.192437931169183563e-01 2.228027034067759649e-01 2.246581314368515103e-01 2.217560942592534945e-01 2.412354017192864797e-01 2.142624952021686957e-01 2.264853693718223149e-01 2.295560114869189816e-01
2.220227693875789776e-01 2.243759665322753727e-01 2.204899399412241223e-01 2.170924464776752272e-01 2.384265687942694056e-01 2.336937982089348775e-01 2.263013214712894794e-01 2.175971891867478636e-01
2.253864823503696213e-01 2.208076230466066436e-01 2.173443891058786104e-01 2.178401418780613330e-01 2.402831056572518609e-01 2.286529011811877510e-01 2.272654326935891478e-01 2.224199240870497196e-01
2.204699283855737768e-01 2.390639559401891157e-01 2.211911178919696852e-01 2.323207362335791004e-01 2.296628378420894068e-01 2.171701073166767970e-01 2.220334923335018085e-01 2.180878240564154968e-01
2.294986516179061131e-01 2.318031604382575772e-01 2.216073191465832426e-01 2.232713397224433682e-01 2.214212949716826973e-01 2.199646238651289942e-01 2.270643174008423471e-01 2.253692928371498483e-01
2.312638796365190097e-01 2.324256571310857888e-01 2.153705879164432568e-01 2.360641463958815522e-01 2.269717216063039111e-01 2.217144127497102657e-01 2.198857452647161592e-01 2.163038492993347717e-01
2.225019380407474989e-01 2.249534231125591976e-01 2.224476042785355212e-01 2.229750937753986473e-01 2.279547649867763037e-01 2.211265870256711452e-01 2.197419047295749162e-01 2.382986840507297366e-01
2.338815309898843731e-01 2.214450029671175824e-01 2.226408813637329454e-01 2.221110710192622517e-01 2.330797329956846575e-01 2.230550354538760882e-01 2.239210705459556694e-01 2.198656746644799542e-01
2.192864196452063430e-01 2.218362534309707701e-01 2.366515375215133277e-01 2.201038141224786748e-01 2.190706591113448509e-01 2.223482849145712037e-01 2.246262388118193121e-01 2.360767924420878738e-01
2.268502540346356011e-01 2.220784841317756109e-01 2.359439737433842721e-01 2.243494408279971264e-01 2.267295117491542611e-01 2.102965931188192361e-01 2.255363483312982364e-01 2.282153940629292332e-01
2.246081685649948534e-01 2.315336872592789474e-01 2.191504881328702192e-01 2.346199808224740113e-01 2.249809193083482095e-01 2.193834680426360317e-01 2.200416334323335166e-01 2.256816544370579269e-01
2.333984662520350584e-01 2.240513722413164932e-01 2.221429066489028492e-01 2.328581964904991308e-01 2.232305602514812193e-01 2.283045364320764048e-01 2.146327084317345424e-01 2.213812532519470466e-01
2.384503196288810523e-01 2.196022023289505853e-01 2.183673367206247218e-01 2.247400507136384784e-01 2.187459891538861279e-01 2.225689693576980155e-01 2.310109952344678308e-01 2.265141368618450723e-01
2.195118340094762144e-01 2.243739482553085973e-01 2.204277217812901646e-01 2.200122577785912636e-01 2.285935791406651652e-01 2.427051509773006654e-01 2.238308131220708153e-01 2.205446949352893038e-01
2.185083113192969329e-01 2.191415216854996351e-01 2.232587537996794103e-01 2.342928303043735616e-01 2.258729950480885262e-01 2.207685139077721070e-01 2.342074617583932983e-01 2.239496121768877746e-01
2.183135038051398913e-01 2.342954064360164568e-01 2.251655771853928456e-01 2.206973580252109546e-01 2.255790524380270612e-01 2.184982459952371503e-01 2.215186524345683083e-01 2.359322036803981615e-01
2.218708377179551827e-01 2.235106652814401740e-01 2.201906558694390059e-01 2.241838852663143866e-01 2.359415924227649675e-01 2.260134715546910644e-01 2.194497125966035078e-01 2.288391792907825129e-01
2.215439111353165180e-01 2.216076427620127798e-01 2.319224968760836003e-01 2.235103780928572315e-01 2.278285093612311685e-01 2.204852616667950516e-01 2.275544521773841533e-01 2.255473479283102434e-01
2.234536247451594237e-01 2.248155478051117595e-01 2.392267461559775821e-01 2.207877981273817514e-01 2.220478862500592787e-01 2.216842154635483841e-01 2.268886808476736072e-01 2.210955006050788207e-01
2.291942402657823896e-01 2.281593010716261583e-01 2.236585371469765049e-01 2.188925782165399847e-01 2.379295249081919139e-01 2.179415284390392449e-01 2.215469990850454374e-01 2.226772908667889461e-01
2.245014086494764582e-01 2.273916202426861932e-01 2.373006661336072021e-01 2.207904687514361530e-01 2.193111450213371116e-01 2.190629767522127846e-01 2.251096209953957483e-01 2.265320934538397335e-01
2.203249205779273523e-01 2.216766291657882026e-01 2.367480828480628408e-01 2.151271930292987522e-01 2.272847394745510508e-01 2.230624729592269595e-01 2.355536834293868176e-01 2.202222785157488538e-01
2.189105941331258576e-01 2.246533877199760887e-01 2.374361667719094016e-01 2.212137744651729854e-01 2.235452639926527318e-01 2.260600979963699464e-01 2.288912159142092728e-01 2.192894990065742955e-01
2.238375455971286510e-01 2.231865301183211525e-01 2.205706513019880799e-01 2.241649529408621389e-01 2.231993516070987227e-01 2.229459165195763204e-01 2.232317724613133714e-01 2.388632794537022541e-01
2.271214812122014925e-01 2.264904616983010321e-01 2.239817130552705648e-01 2.269383661631683702e-01 2.307914948317066894e-01 2.209311278604449147e-01 2.191892122830650658e-01 2.245561428958313677e-01
2.221042925655135614e-01 2.230555138336647869e-01 2.282822756838382705e-01 2.306443328924563663e-01 2.203021220727672813e-01 2.344556689741722766e-01 2.233407861658213978e-01 2.178150078117552790e-01
2.245646577892517204e-01 2.239761044193242512e-01 2.187881928880033855e-01 2.267864427991288789e-01 2.293911182024689910e-01 2.225415178414953676e-01 2.342323938312449449e-01 2.197195722290707642e-01
2.228571791969310434e-01 2.329104454694123638e-01 2.198469938262518075e-01 2.216115945482113880e-01 2.147322513446406067e-01 2.272072427109877168e-01 2.233736590442854386e-01 2.374606338592692156e-01
2.173063130806962562e-01 2.291703265808194279e-01 2.444290096266481804e-01 2.196213831951754625e-01 2.242026409245382323e-01 2.218831780437410806e-01 2.214443469336580539e-01 2.219428016147118599e-01
2.454923575404678593e-01 2.248392452113390505e-01 2.201092109195072755e-01 2.233679115636175438e-01 2.223303692772912177e-01 2.198892039383567032e-01 2.261619240959624744e-01 2.178097774534452080e-01
2.224898738234004358e-01 2.229497103691701065e-01 2.300546161579159476e-01 2.361007080437287076e-01 2.250577429901674809e-01 2.195136893055379679e-01 2.264862060945102284e-01 2.173474532155571237e-01
2.224335293201895603e-01 2.216429442584398335e-01 2.214671980100383353e-01 2.235407712467590291e-01 2.265936446130112358e-01 2.266215503337824233e-01 2.364940924989661353e-01 2.212062697188011129e-01
2.210813383380667574e-01 2.369682102417119962e-01 2.179162054476267152e-01 2.246193072601073426e-01 2.252892752675249299e-01 2.274769963906776715e-01 2.260241884235917598e-01 2.206244786306800765e-01
2.212663877731325668e-01 2.387908579157661526e-01 2.183686740604755816e-01 2.194781497276899751e-01 2.348298752842463144e-01 2.226663084087104894e-01 2.214396965042218501e-01 2.231600503257444024e-01
2.185309740646776688e-01 2.283129565153495799e-01 2.236776467241942956e-01 2.170714093735052752e-01 2.291879388090609648e-01 2.346046222004635196e-01 2.256212205880701593e-01 2.229932317246647866e-01
2.189963279955636222e-01 2.249779638226765965e-01 2.242603637724666643e-01 2.268486774718799781e-01 2.184680673100015125e-01 2.237792831229309387e-01 2.360622212359499983e-01 2.266070952685175222e-01
2.260772154702981318e-01 2.164942928062014715e-01 2.190223799136679916e-01 2.234430810706175552e-01 2.230286483954051213e-01 2.304200505234702545e-01 2.367056305434916963e-01 2.248087012768346660e-01
2.343075093167876211e-01 2.180691922081411382e-01 2.228199636917780613e-01 2.253119334445447819e-01 2.274815493007987521e-01 2.231787149694929029e-01 2.284547136666835176e-01 2.203764234017592805e-01
2.199886103652723135e-01 2.261552682777335788e-01 2.238964016332939122e-01 2.223246058162515193e-01 2.287236755725901016e-01 2.288254992419094247e-01 2.247188190810445185e-01 2.253671200118909090e-01
2.262259056098741561e-01 2.350848061350275797e-01 2.251069349659489682e-01 2.219739790079116037e-01 2.187446257847485698e-01 2.193431022762663829e-01 2.333413095223723921e-01 2.201793366978367639e-01
2.202601994939108743e-01 2.197924058034187722e-01 2.366885096272867695e-01 2.200758438634358993e-01 2.224705777537607509e-01 2.239480248871033863e-01 2.296235761214731330e-01 2.271408624495955819e-01
2.193130184683246831e-01 2.195693771465167810e-01 2.332797939088347983e-01 2.325541119085360042e-01 2.248056950708137436e-01 2.227831172525386594e-01 2.266026683854198975e-01 2.210922178590007947e-01
2.284172871270944705e-01 2.312852507893773113e-01 2.293901297152635133e-01 2.228141689239596379e-01 2.198225147728035955e-01 2.257565577888266117e-01 2.195081394883722503e-01 2.230059513942876104e-01
2.199630712639461250e-01 2.176971851592447160e-01 2.440673696415876226e-01 2.177734492523653309e-01 2.237740601482061664e-01 2.254983582095723971e-01 2.199093106666689945e-01 2.313171956583934541e-01
2.214541384099999732e-01 2.265385289768221677e-01 2.254585642615730412e-01 2.225484205687007222e-01 2.225690773045667648e-01 2.438210792871715882e-01 2.226923595357968022e-01 2.149178316553519985e-01
2.371243136771660209e-01 2.282880296248074314e-01 2.214186808611826596e-01 2.257518529717530142e-01 2.216560276539199237e-01 2.161400979102991171e-01 2.343027509389215834e-01 2.153182463619338349e-01
2.176479771419126963e-01 2.223891603788228089e-01 2.312639485369275827e-01 2.235388649026655572e-01 2.248623313583982264e-01 2.210456515208931161e-01 2.286183839218567659e-01 2.306336822385074425e-01
2.168018837517831365e-01 2.246950025883831248e-01 2.256212562114862374e-01 2.270222886991212774e-01 2.196585733029152998e-01 2.330121573849189553e-01 2.328013274278666889e-01 2.203875106335088374e-01
2.240779751171961265e-01 2.309382315877531733e-01 2.217903256359106678e-01 2.248359666655725952e-01 2.255128275301271357e-01 2.271196981747838906e-01 2.235019124108177657e-01 2.222230628778227579e-01
2.181034324233822874e-01 2.331005680491864962e-01 2.221817911546722923e-01 2.296660709912198839e-01 2.253903211235197268e-01 2.273052766041541439e-01 2.244607723496138407e-01 2.197917673042352193e-01
2.244031097179145506e-01 2.315353297750647743e-01 2.191102526621869495e-01 2.184385139142098753e-01 2.300593526969205160e-01 2.337983946607530839e-01 2.217804595965017500e-01 2.208745869764312530e-01
2.173114612328249096e-01 2.267880449277323296e-01 2.303379694642429809e-01 2.245198640432903014e-01 2.198419342508735885e-01 2.245286840703917819e-01 2.188227662456899980e-01 2.378492757649367795e-01
2.220692832600858757e-01 2.299051775861071512e-01 2.210361419275594375e-01 2.296659956536115099e-01 2.322527457595865985e-01 2.188040122836059642e-01 2.214384540604459883e-01 2.248281894689797833e-01
2.197816007911085334e-01 2.202814908192160526e-01 2.190130779796496119e-01 2.420889982052552292e-01 2.274796193323107008e-01 2.268365673559924467e-01 2.206622022236033043e-01 2.238564432928463188e-01
2.207352813016901227e-01 2.193802521353188373e-01 2.244344666215204176e-01 2.421966818350366757e-01 2.302620301385193413e-01 2.229927924094208258e-01 2.164463612247677360e-01 2.235521343337084632e-01
2.220989856925711381e-01 2.200663211490402060e-01 2.309647572029736029e-01 2.414342345652058242e-01 2.186309609212414018e-01 2.175036679081302493e-01 2.220118639821677675e-01 2.272892085786520355e-01
2.166286216304119383e-01 2.292480555211259818e-01 2.250022735245365002e-01 2.300896605620509350e-01 2.196218750762992389e-01 2.181349211890164230e-01 2.386876683828727808e-01 2.225869241136669008e-01
2.221263506623747663e-01 2.258500882188115844e-01 2.199221945062670713e-01 2.206809578496221613e-01 2.206119067308681403e-01 2.253885062618595503e-01 2.399121296306140072e-01 2.255078661395641393e-01
2.198311247870325391e-01 2.222614754130712300e-01 2.263428157386256356e-01 2.248463170769649244e-01 2.373467715200813788e-01 2.214351735810291821e-01 2.226005184197983600e-01 2.253358034633781426e-01
2.251147706641800916e-01 2.209490685354143502e-01 2.296862661726351840e-01 2.190588280116066711e-01 2.227465075863620247e-01 2.384794761460970192e-01 2.173411178177040992e-01 2.266239650659817029e-01
2.323296245331119281e-01 2.346207463238935420e-01 2.226900961931556344e-01 2.215532193077034417e-01 2.201862840657451414e-01 2.211507337879781987e-01 2.249606150107939795e-01 2.225086807775984998e-01
2.383982272122369128e-01 2.272986662591527929e-01 2.227593296279694046e-01 2.244836491540312950e-01 2.211497800066424824e-01 2.195247446403902070e-01 2.209974557887550151e-01 2.253881473108029776e-01
2.378516587869429211e-01 2.315952972711896318e-01 2.192975797864709364e-01 2.213395169485256053e-01 2.208614672613979646e-01 2.134949091567671098e-01 2.313268465890912506e-01 2.242327241995954457e-01
2.254741901319601560e-01 2.170918475022985406e-01 2.271861278365251702e-01 2.208653682678552721e-01 2.242445564424404014e-01 2.357484733580224312e-01 2.219248997234883891e-01 2.274645367373892835e-01
2.376524640217331230e-01 2.247558324624217285e-01 2.246232746889347820e-01 2.241123520091413412e-01 2.158964408886220598e-01 2.212915284556649653e-01 2.206141536812836201e-01 2.310539537921789399e-01
2.274103700487024315e-01 2.307072972778066167e-01 2.188933589515419942e-01 2.323426050641968776e-01 2.259169857836604844e-01 2.257424676097280203e-01 2.197575335769170191e-01 2.192293816874266721e-01
2.290828800643777141e-01 2.245927808129298264e-01 2.242611420895408159e-01 2.246061213360003028e-01 2.258525689412818893e-01 2.318708581646276579e-01 2.236723549712246739e-01 2.160612936199967915e-01
2.225727987432878641e-01 2.226790637535982775e-01 2.273581488520802774e-01 2.298917757988247768e-01 2.350810465046138109e-01 2.238668074595606960e-01 2.205875234632746762e-01 2.179628354247384325e-01
2.254635802992870086e-01 2.203966265803189717e-01 2.204227415040754257e-01 2.214225471035445036e-01 2.341114957936540619e-01 2.363806619468467596e-01 2.181971024206951770e-01 2.236052443515569588e-01
2.167715019025327761e-01 2.212847593387943235e-01 2.229034438240750093e-01 2.240790661526491645e-01 2.313459129103588585e-01 2.220169199524323067e-01 2.217519594483446377e-01 2.398464364707910967e-01
2.349464702035285180e-01 2.246611070658689480e-01 2.211095689165790690e-01 2.212097425638930859e-01 2.186101610381873395e-01 2.233037707216095624e-01 2.291699181397559570e-01 2.269892613505554158e-01
2.290660065546417656e-01 2.349565590327691855e-01 2.250310684863701116e-01 2.163696191930412349e-01 2.210798506676212027e-01 2.227930451712714921e-01 2.267670422161529586e-01 2.239368086781101108e-01
2.448156550091732941e-01 2.246747165502712418e-01 2.166879669694882771e-01 2.285564590669118823e-01 2.171505934449076414e-01 2.181192366147575168e-01 2.259730448006324888e-01 2.240223275438346651e-01
2.229439031757096679e-01 2.193536733891492396e-01 2.210763820422314563e-01 2.182841696424651645e-01 2.416301144604592055e-01 2.187084927940884105e-01 2.336375650429916018e-01 2.243656994528827053e-01
2.201229261945435167e-01 2.208563212406270682e-01 2.253753407416592414e-01 2.347331221343727514e-01 2.237031802502893463e-01 2.201255098693405132e-01 2.273625934331758025e-01 2.277210061359680182e-01
2.229597188838252364e-01 2.251213819071577193e-01 2.204982824467633939e-01 2.208442420133951145e-01 2.382040579996327623e-01 2.173113852717254713e-01 2.277344931978032283e-01 2.273264382796745808e-01
2.273804672406918859e-01 2.486996661806694375e-01 2.128300653929006137e-01 2.233375263320933890e-01 2.244942577657584315e-01 2.159689557747268285e-01 2.255342262120288155e-01 2.217548351011082997e-01
