# pops for 8 qbits with connectivity gas_with_one_uni in chunks 2
1.999999999999999278e-01 1.999999999999999278e-01 1.999999999999999278e-01 1.999999999999999278e-01 1.999999999999999278e-01 3.999999999999999667e-01 1.999999999999999278e-01 1.999999999999999278e-01
2.000000000000002887e-01 2.000000000000002887e-01 2.000000000000002609e-01 2.000000000000002887e-01 2.722151479698683985e-01 2.286419198061008240e-01 2.509956041831895024e-01 2.481473280408418858e-01
2.215791530637196416e-01 2.109906424292424254e-01 2.366296203468313541e-01 2.115682818105577567e-01 2.277491666984828300e-01 2.255189188295242675e-01 2.372528120440244859e-01 2.287114047776184489e-01
2.276898949997587795e-01 2.252096845943042380e-01 2.360913325634661220e-01 2.204792775404310623e-01 2.244297421395945735e-01 2.170241915386071363e-01 2.321995286564042249e-01 2.168763479674339634e-01
2.221961929971360272e-01 2.295269955097936632e-01 2.386677030352533646e-01 2.217705983894831812e-01 2.139739751997057071e-01 2.296393162823465728e-01 2.207607949997974772e-01 2.234644235864829964e-01
2.201604269023228477e-01 2.245910353233475931e-01 2.318089533611060182e-01 2.177893751841058212e-01 2.297499082656766778e-01 2.263567660526978886e-01 2.286424940514376059e-01 2.209010408593052588e-01
2.195593696165745456e-01 2.170651485965993388e-01 2.317714309675466267e-01 2.257908621346322031e-01 2.271686336296662723e-01 2.209740761317409430e-01 2.244302717818966175e-01 2.332402071413425537e-01
2.229163747049992261e-01 2.276376697242211422e-01 2.174434685180534899e-01 2.229569376591520047e-01 2.303373710304957023e-01 2.213725123651878457e-01 2.240136517266399785e-01 2.333220142712494893e-01
2.235488470436715058e-01 2.137971704808448170e-01 2.335531891149172368e-01 2.304466430223512941e-01 2.227149866051370553e-01 2.208727190886750347e-01 2.311689852363452979e-01 2.238974594080565816e-01
2.295313183754207342e-01 2.172506668380911887e-01 2.324941482777800328e-01 2.197924297049248799e-01 2.238527915310642713e-01 2.269356311229283329e-01 2.217267483007303031e-01 2.284162658490599962e-01
2.188710495887999652e-01 2.287099293389029120e-01 2.231668798120564068e-01 2.181053544290921520e-01 2.189382575973425060e-01 2.428645087982061190e-01 2.241502921125969050e-01 2.251937283230018016e-01
2.241911078927283918e-01 2.286251511870787956e-01 2.168560562642467271e-01 2.187369343669127164e-01 2.327271101163218003e-01 2.231240180374777504e-01 2.266680851521428453e-01 2.290715369830894632e-01
2.266557057967668320e-01 2.228879222352452560e-01 2.166582238735231536e-01 2.253315415610037953e-01 2.338233056242287333e-01 2.265944814759961179e-01 2.258822930674874718e-01 2.221665263657464362e-01
2.225608325032858159e-01 2.276808661449474525e-01 2.431186158567692768e-01 2.215904793879083512e-01 2.201395413502325038e-01 2.198567713811638291e-01 2.168467275313331333e-01 2.282061658443577112e-01
2.187071829321179939e-01 2.194649907562640778e-01 2.364592572198676856e-01 2.262508249797944848e-01 2.198789078329899671e-01 2.224615409337512562e-01 2.134352619580271726e-01 2.433420333871850472e-01
2.218240997950800264e-01 2.225673854389886297e-01 2.335692587973598466e-01 2.402158424461459385e-01 2.168877372952845994e-01 2.252403152112397999e-01 2.213691886407178622e-01 2.183261723751807326e-01
2.270400858572062808e-01 2.202345509036465754e-01 2.238803311122497253e-01 2.343141897804056073e-01 2.181957179765757482e-01 2.361973218194967639e-01 2.224339442529132405e-01 2.177038582975038272e-01
2.260490148082539563e-01 2.284844273136895920e-01 2.229663755046584483e-01 2.246503834607915528e-01 2.329512067935229080e-01 2.243954180470482118e-01 2.183333328045319599e-01 2.221698412675001677e-01
2.341158901016346661e-01 2.229644555874515932e-01 2.175991162146418689e-01 2.298517441039563958e-01 2.202139350118044459e-01 2.353913931015566841e-01 2.178023686497053690e-01 2.220610972292465790e-01
2.205839781844575465e-01 2.208106117153608716e-01 2.332607538354415644e-01 2.271731586891001797e-01 2.259075094804096906e-01 2.251219845413514331e-01 2.245320466133955972e-01 2.226099569404799416e-01
2.188993924849705341e-01 2.245580736512010900e-01 2.202487675243177678e-01 2.397563681771165411e-01 2.258858429301381920e-01 2.283268251219898737e-01 2.217559828558637869e-01 2.205687472543980121e-01
2.256990616393455829e-01 2.247640646594633584e-01 2.301706154391992276e-01 2.373146727641559928e-01 2.159394380562213722e-01 2.188257396736614513e-01 2.215745488066362123e-01 2.257118589613111292e-01
2.230707573126427534e-01 2.190013370540106752e-01 2.254834328009407973e-01 2.274903252369421536e-01 2.230663018007141840e-01 2.254829441794801714e-01 2.228387169942996071e-01 2.335661846209654280e-01
2.240284914534323712e-01 2.157649286366762342e-01 2.311483899794290753e-01 2.301072121798944659e-01 2.298489596761147946e-01 2.238289779085083364e-01 2.194524340923560690e-01 2.258206060735840626e-01
2.315247715527236905e-01 2.192484976848664280e-01 2.276827157538487689e-01 2.192647384625344698e-01 2.358183569230195564e-01 2.212057742796720849e-01 2.205460185558455188e-01 2.247091267874846698e-01
2.190560997569374613e-01 2.197175061087280612e-01 2.302119847458198310e-01 2.189520400429031399e-01 2.428231358686654406e-01 2.262006587059505192e-01 2.243473409825996745e-01 2.186912337883905044e-01
2.174566532437355315e-01 2.221111555400560322e-01 2.311388098616807552e-01 2.205931350683355552e-01 2.236418713269409941e-01 2.244796306719636925e-01 2.377699082760180160e-01 2.228088360112640276e-01
2.186494521166414406e-01 2.244747666669547892e-01 2.251175250657159177e-01 2.271198112252352241e-01 2.224946534852000612e-01 2.220704385138999593e-01 2.345419910094025950e-01 2.255313619169447836e-01
2.226364002771197281e-01 2.203612015067857588e-01 2.173028228267597783e-01 2.403545553159613379e-01 2.296272322155794854e-01 2.277082534087806753e-01 2.219893704272526136e-01 2.200201640217542554e-01
2.230661074997218885e-01 2.274285281365361344e-01 2.229343881554612106e-01 2.245822580618725139e-01 2.210300153106320720e-01 2.288084364613754973e-01 2.234194720853975302e-01 2.287307942889968138e-01
2.169862752443191822e-01 2.217771814003950404e-01 2.278789315589387354e-01 2.281730858667178341e-01 2.232070997015918323e-01 2.242556267034556128e-01 2.205354476132158625e-01 2.371863519113596719e-01
2.275753640987140947e-01 2.190263818849037258e-01 2.213931039297275527e-01 2.255542479620618324e-01 2.310442669768048296e-01 2.300790065782834792e-01 2.191829859035235029e-01 2.261446426659744491e-01
2.228207476283882160e-01 2.203292836657397835e-01 2.340052674655682119e-01 2.235699092284485767e-01 2.259718183759840127e-01 2.212363898624272185e-01 2.331852529768195792e-01 2.188813307966172017e-01
2.249270611201079351e-01 2.212263695531306584e-01 2.198342540205419360e-01 2.410541182188682408e-01 2.307416393091121232e-01 2.207391167100314910e-01 2.268063917043676714e-01 2.146710493638331330e-01
2.345480595643652522e-01 2.231574339772270654e-01 2.284538306226577276e-01 2.248120250272884757e-01 2.195095803363914799e-01 2.185817319067780429e-01 2.315762588782261655e-01 2.193610796870590629e-01
2.163285342185783666e-01 2.471258626611404774e-01 2.243842489557459352e-01 2.217715475559682847e-01 2.261141509957313167e-01 2.190872203856695788e-01 2.217607872271989966e-01 2.234276479999591780e-01
2.272884140348338800e-01 2.356754354356608017e-01 2.169648096236559409e-01 2.336281496457931761e-01 2.240722517773005851e-01 2.207229447397552058e-01 2.185509233112325755e-01 2.230970714317602743e-01
2.176488711971157064e-01 2.216856833115993797e-01 2.520335972784635836e-01 2.221886569527642963e-01 2.198806750393363929e-01 2.231669947319631364e-01 2.214623882241693875e-01 2.219331332645788357e-01
2.256022983509990976e-01 2.316930349827441005e-01 2.216232187904872419e-01 2.167858993794526956e-01 2.342713146608366714e-01 2.193002927254064094e-01 2.274747754195008131e-01 2.232491656905643829e-01
2.222111398907282986e-01 2.191996698131167820e-01 2.298156400722150272e-01 2.244780017276233330e-01 2.371437927684573455e-01 2.262561237865797770e-01 2.212964316608601045e-01 2.195992002804111054e-01
2.223801698389062387e-01 2.261437074310601036e-01 2.452327220261937279e-01 2.248015760945060448e-01 2.209407142142308378e-01 2.197000512947235029e-01 2.205848921678897623e-01 2.202161669324808613e-01
2.192196138425038521e-01 2.238612648901905366e-01 2.223630854407736002e-01 2.224389014973388590e-01 2.274235128440808829e-01 2.266407853468287437e-01 2.300309960713548540e-01 2.280218400669200007e-01
2.207742741207804893e-01 2.388269571522518564e-01 2.212587466540591186e-01 2.163700860021751937e-01 2.405662752448858022e-01 2.183164620764888597e-01 2.218349668013565867e-01 2.220522319479932560e-01
2.217195200045012915e-01 2.298431266055217803e-01 2.226383324602475289e-01 2.160221182139379636e-01 2.448151053909553843e-01 2.189248399529482858e-01 2.288308336654384378e-01 2.172061237064398798e-01
2.321446776363616793e-01 2.288811210501852655e-01 2.209882152607040295e-01 2.254153788644571443e-01 2.283080360466726855e-01 2.211379400051227406e-01 2.220496957697991602e-01 2.210749353666874029e-01
2.279789584249666823e-01 2.313033562700054502e-01 2.156527497029707696e-01 2.269401256082733409e-01 2.319050880405425230e-01 2.160012435641088802e-01 2.289298762023881662e-01 2.212886021867347119e-01
2.216306103462243049e-01 2.380807165815703730e-01 2.169645143580913871e-01 2.213258284132512133e-01 2.285700673086922818e-01 2.250747059082731094e-01 2.241589463981253916e-01 2.241946106857620746e-01
2.228657904919587873e-01 2.313843611429213243e-01 2.282652005753168512e-01 2.246009211883147894e-01 2.372494995569053577e-01 2.218564489529745443e-01 2.169839347950895114e-01 2.167938432965085538e-01
2.255377782888185467e-01 2.326454134337967439e-01 2.172269041344280505e-01 2.330294538020012962e-01 2.207540689566170056e-01 2.316971004326658645e-01 2.155095919594270659e-01 2.235996889922347297e-01
2.365186504310913540e-01 2.248284972099596490e-01 2.142475665155847142e-01 2.276889516436793603e-01 2.205642997563554697e-01 2.338736466725519492e-01 2.241888503310111302e-01 2.180895374397551767e-01
2.354930799861762181e-01 2.235229083010371043e-01 2.253164668056829578e-01 2.203794156290445894e-01 2.263492498635267525e-01 2.177661153555348061e-01 2.270190251473974685e-01 2.241537389115893231e-01
2.249776345723196458e-01 2.323308207829453131e-01 2.205960761037243090e-01 2.178188555537607929e-01 2.248222881588604061e-01 2.190423539151763466e-01 2.259212178750125422e-01 2.344907530381886429e-01
2.169978589026527738e-01 2.338628739406863333e-01 2.232768653674672976e-01 2.199059614667249751e-01 2.322064707288654661e-01 2.213410454243020242e-01 2.289215127718106368e-01 2.234874113974781584e-01
2.300789188652762607e-01 2.457052245908873667e-01 2.233373266320354267e-01 2.234484861985586157e-01 2.187164529939762125e-01 2.238418266593844574e-01 2.174881198938757587e-01 2.173836441659943719e-01
2.248042830844886042e-01 2.168944053874461153e-01 2.308166479603785681e-01 2.264483760958571346e-01 2.319446246958166424e-01 2.236678624802513060e-01 2.255914460671328836e-01 2.198323542286160226e-01
2.189279473848925739e-01 2.293246141549167005e-01 2.223883554829679254e-01 2.217413883301076472e-01 2.236699561286745741e-01 2.473354567184175290e-01 2.186268128735195104e-01 2.179854689264913992e-01
2.302709359084661456e-01 2.404632774415448038e-01 2.210601522289535603e-01 2.201309381220320216e-01 2.187419327004485048e-01 2.297818283364422010e-01 2.224327471216961671e-01 2.171181881404047886e-01
2.239972262871090525e-01 2.277028472439632800e-01 2.372854576822165940e-01 2.186651830826295828e-01 2.236389866015740524e-01 2.212959875439377555e-01 2.185654902336571503e-01 2.288488213248988656e-01
2.337615042582603386e-01 2.220796622340701909e-01 2.192089101581615185e-01 2.233204861454496093e-01 2.282446056596427464e-01 2.250026380387731006e-01 2.269751734017348976e-01 2.214070201038947361e-01
2.172349762183136135e-01 2.264359661162858028e-01 2.291309107432213943e-01 2.352523621185975411e-01 2.265085239510587212e-01 2.164468923835778658e-01 2.272135215863183011e-01 2.217768468826143147e-01
2.279594775473766655e-01 2.367926209691837980e-01 2.215569686369213698e-01 2.238840412218951748e-01 2.167956886657993187e-01 2.265982694027480204e-01 2.282931142449838302e-01 2.181198193110780448e-01
2.276696287455945156e-01 2.275931538144934374e-01 2.240705474528863483e-01 2.366412761192527858e-01 2.206813218007185884e-01 2.224356992974470260e-01 2.199882982547095023e-01 2.209200745148842959e-01
2.210239846868663760e-01 2.273426434302164290e-01 2.191871242627481398e-01 2.390326159634131864e-01 2.251861363995635024e-01 2.184330524707120136e-01 2.312386308273443880e-01 2.185558119591225756e-01
2.243329954160688533e-01 2.277883845974400523e-01 2.203823937634337149e-01 2.253681628532006598e-01 2.299158343683397610e-01 2.205594023897979872e-01 2.246080006783700012e-01 2.270448259333345820e-01
2.201285060598479615e-01 2.243483440526938544e-01 2.261931003158502429e-01 2.194129093094797367e-01 2.214585750737423087e-01 2.414832132841843448e-01 2.281925882144211770e-01 2.187827636897668737e-01
2.241530144763975996e-01 2.211746368004578467e-01 2.207206797901080375e-01 2.337607562046388199e-01 2.191291747056878236e-01 2.386263774789321168e-01 2.193478489395522812e-01 2.230875116042115025e-01
2.347747194611097266e-01 2.146924516583892661e-01 2.316844422644071255e-01 2.181396060684681892e-01 2.259658045837343310e-01 2.261907666117937976e-01 2.304874217434920436e-01 2.180647876085904657e-01
2.379536578773613908e-01 2.184147958925748700e-01 2.319576393597046482e-01 2.229646480586242596e-01 2.191766165266642308e-01 2.239113496562497585e-01 2.293147031874865904e-01 2.163065894413183643e-01
2.233274968478328182e-01 2.391156488686486115e-01 2.223524238813227027e-01 2.207698743723972290e-01 2.182635875406963577e-01 2.264955971189994421e-01 2.254347849271692572e-01 2.242405864429196649e-01
2.346869843471914296e-01 2.189765767559257170e-01 2.272038876762654536e-01 2.197757899403943171e-01 2.315723142286397751e-01 2.250528665619929425e-01 2.209056428525893456e-01 2.218259376369855207e-01
2.199672976645958566e-01 2.182486175456785638e-01 2.334202059083700376e-01 2.208713616270826241e-01 2.323177410316099312e-01 2.253796557593015226e-01 2.283134396163915836e-01 2.214816808469536880e-01
2.250166955652020129e-01 2.232803202327405256e-01 2.211470964407851458e-01 2.225485927448425383e-01 2.175862800903915484e-01 2.260143926186649888e-01 2.363359667527882291e-01 2.280706555545689573e-01
2.283890228456612048e-01 2.227242001727947340e-01 2.155229228300504507e-01 2.385186831304280108e-01 2.265540464117632991e-01 2.196908991113740994e-01 2.342478139986526875e-01 2.143524114992589324e-01
2.168276875524316194e-01 2.247132124709374790e-01 2.189000847744172196e-01 2.299430718084089775e-01 2.272863623506568564e-01 2.226854421001530360e-01 2.404429750493729812e-01 2.192011638936055828e-01
2.186696537938105922e-01 2.151160346715565996e-01 2.328519216901212829e-01 2.239327628848433727e-01 2.292075313232804223e-01 2.280950245716208968e-01 2.191603866895774910e-01 2.329666843751727057e-01
2.221462798021834606e-01 2.273104960196790092e-01 2.260557818266237529e-01 2.196196222173142920e-01 2.203325838302822859e-01 2.343926524960441016e-01 2.243988898535077270e-01 2.257436939543483179e-01
2.245719321816427028e-01 2.323336342019659273e-01 2.170481605954524551e-01 2.204917005893707593e-01 2.202089895014855137e-01 2.315055879916360637e-01 2.265374703146555424e-01 2.273025246237730668e-01
2.251549727545600343e-01 2.296123793559902149e-01 2.252367168229768291e-01 2.264074364868138289e-01 2.222680042343300189e-01 2.201225507126445546e-01 2.294598024061982044e-01 2.217381372264691231e-01
2.332237145875109274e-01 2.233706983870233920e-01 2.244090106632226633e-01 2.241881877454756367e-01 2.341380084291638797e-01 2.205147385899987877e-01 2.154870793611763646e-01 2.246685622364113233e-01
2.276890145639409169e-01 2.208553703525829581e-01 2.255051292150299647e-01 2.173044315950662109e-01 2.380512501717663709e-01 2.222630778813453056e-01 2.195263776684314716e-01 2.288053485518185270e-01
2.259406763152911612e-01 2.240464970141493872e-01 2.387093534566957775e-01 2.275342655749727494e-01 2.221287039435511645e-01 2.147515658879880773e-01 2.278991358216156116e-01 2.189898019857176859e-01
2.177963809006667195e-01 2.256872509933267879e-01 2.185261808950779983e-01 2.330729921099143342e-01 2.310689796887954728e-01 2.204438665508252071e-01 2.214108548281584765e-01 2.319934940332166184e-01
2.185148459684037314e-01 2.242439326440442693e-01 2.268007709896363022e-01 2.221732481553022609e-01 2.213244911818804117e-01 2.185951280238983274e-01 2.221622881727776666e-01 2.461852948640376459e-01
2.202717627447101645e-01 2.164406431893211580e-01 2.134466523675233318e-01 2.530512065086524820e-01 2.303026967266409153e-01 2.213319388850833180e-01 2.254718499900097706e-01 2.196832495880406411e-01
2.377648225318809982e-01 2.152318304826744688e-01 2.213380524036075714e-01 2.231443485414764671e-01 2.317366205547072566e-01 2.155887306049308616e-01 2.364517243419482773e-01 2.187438705387551863e-01
2.169715037521287027e-01 2.249572729956871853e-01 2.209544392633939480e-01 2.234884895471624389e-01 2.384370455833445257e-01 2.246404938720165667e-01 2.297907714478382435e-01 2.207599835384085607e-01
2.215848842252528539e-01 2.315314944225142224e-01 2.232957420651071612e-01 2.284685541614292770e-01 2.208451909849391825e-01 2.326389033830309760e-01 2.262456192101825192e-01 2.153896115475239792e-01
2.242056149498142248e-01 2.193934846764994118e-01 2.205194809978647530e-01 2.197232546690416621e-01 2.182262436799242422e-01 2.206341972423199183e-01 2.497478757535996075e-01 2.275498480309162130e-01
2.227581655079557132e-01 2.216552514273738006e-01 2.325730903851860598e-01 2.178459087802090133e-01 2.277299078725419923e-01 2.191914013124908744e-01 2.368752955452325948e-01 2.213709791689893458e-01
2.207019674888919258e-01 2.200248804209713471e-01 2.255318270162363636e-01 2.209146588129843047e-01 2.253224202857610492e-01 2.247338804721824013e-01 2.432552964681876650e-01 2.195150690347636158e-01
2.215778322020678370e-01 2.212003512166226260e-01 2.272515357526916080e-01 2.285417254651375407e-01 2.286269470564174788e-01 2.276190109619748436e-01 2.310233905897867979e-01 2.141592067552801903e-01
2.239511167610927223e-01 2.308956834464981067e-01 2.318720070152938961e-01 2.203725592857221638e-01 2.198819245743920403e-01 2.214723736489130623e-01 2.241751415765695643e-01 2.273791936914986989e-01
2.179370849842147129e-01 2.224511450459782380e-01 2.250278400616237406e-01 2.268609248883539098e-01 2.253257170931802222e-01 2.386357620024703308e-01 2.198699519535599056e-01 2.238915739705979180e-01
2.198567132773202037e-01 2.382123351423487412e-01 2.306910728243788400e-01 2.188672670399359199e-01 2.260815455852543676e-01 2.195465257416701621e-01 2.212783698248836362e-01 2.254661705641860525e-01
2.308378121241442538e-01 2.173020840277666843e-01 2.531050983398527854e-01 2.239634852138445154e-01 2.135966723375383736e-01 2.173724352784731084e-01 2.228123213780786316e-01 2.210100913002792378e-01
2.307547080922363325e-01 2.161335212496685310e-01 2.288328471924147289e-01 2.232244447327663694e-01 2.174146309935504340e-01 2.269268635161779957e-01 2.202460295320723960e-01 2.364669546910907194e-01
2.289768123021908852e-01 2.188386292311110259e-01 2.163153549531726949e-01 2.319951247390710236e-01 2.271844443899417310e-01 2.172289713184763771e-01 2.337110474011921402e-01 2.257496156648219343e-01
2.211387100306580755e-01 2.219859915040401643e-01 2.232941222895638844e-01 2.274097447993312093e-01 2.226739157545772341e-01 2.149409439806884980e-01 2.457836664214591293e-01 2.227729052196587567e-01
2.192527589086446238e-01 2.231573899743889144e-01 2.246326590557601310e-01 2.228743284063268992e-01 2.255952373542601253e-01 2.242974966300807782e-01 2.396239933988751902e-01 2.205661362716406781e-01
2.169982698306408830e-01 2.224897781931452212e-01 2.317241554934221515e-01 2.187049328279122296e-01 2.268048248991685611e-01 2.255128127343177524e-01 2.351032497734033555e-01 2.226619762479670750e-01
2.220105481654392476e-01 2.176503285500599183e-01 2.288095585361475670e-01 2.243348281375407705e-01 2.225268214978410042e-01 2.283968017968898423e-01 2.287390795303038682e-01 2.275320337857547892e-01
