# pops for 8 qbits with connectivity gas_with_one_uni in chunks 2
1.999999999999999278e-01 1.999999999999999278e-01 1.999999999999999278e-01 1.999999999999999278e-01 1.999999999999999278e-01 3.999999999999999667e-01 1.999999999999999278e-01 1.999999999999999278e-01
2.000000000000000944e-01 2.468028304796753836e-01 2.370137620376153442e-01 2.824808595675405987e-01 2.000000000000002054e-01 2.337025479151691454e-01 2.000000000000001221e-01 2.000000000000001221e-01
2.089521046589001285e-01 2.096098840030603538e-01 2.336137901333900369e-01 2.443417808710341699e-01 2.200865379530509702e-01 2.261056001671635229e-01 2.491359983487377583e-01 2.081543038646647414e-01
2.276506612723161460e-01 2.211846499569734836e-01 2.120231640245705540e-01 2.248267271764645137e-01 2.357712553473231276e-01 2.174229037086529981e-01 2.306682287374008655e-01 2.304524097762983559e-01
2.245997078621753129e-01 2.239126868019559180e-01 2.309804100550923722e-01 2.234051814705933781e-01 2.204276505745171033e-01 2.191673659796828377e-01 2.279913268535178894e-01 2.295156704024664540e-01
2.213419808256106847e-01 2.231730138605501623e-01 2.220877687920397581e-01 2.348914419375946472e-01 2.218297794607162476e-01 2.299156053931001031e-01 2.280365473565609813e-01 2.187238623738269883e-01
2.312781844352137794e-01 2.180087877897786963e-01 2.248564021044699712e-01 2.324566468850222667e-01 2.254605059674278933e-01 2.215129013475569675e-01 2.260923721551411358e-01 2.203341993153890843e-01
2.210148403035065712e-01 2.273720346388893865e-01 2.226588887884237145e-01 2.298845062641747261e-01 2.206621956544061181e-01 2.169193084353394640e-01 2.145401999548129657e-01 2.469480259604458494e-01
2.148118142569822864e-01 2.162596882750528193e-01 2.353014880519406771e-01 2.250445691566998752e-01 2.270452552365989640e-01 2.245931990206545270e-01 2.241816817798591155e-01 2.327623042222112526e-01
2.337945105588618566e-01 2.262433740460409182e-01 2.222688954533357797e-01 2.294829315988249629e-01 2.166567890911985927e-01 2.195969964590273604e-01 2.176720968602437745e-01 2.342844059324646344e-01
2.177596697371730894e-01 2.282965955080180354e-01 2.213894413644461878e-01 2.291761673520189280e-01 2.160179061087508234e-01 2.348262061503958720e-01 2.191166109730114941e-01 2.334174028061832828e-01
2.194762168091144716e-01 2.222919144740286290e-01 2.234668141617857651e-01 2.384175332075855747e-01 2.182286672734594368e-01 2.315243412696733893e-01 2.238184522973988289e-01 2.227760605069515620e-01
2.162857737183330742e-01 2.216081113337568520e-01 2.201306179617819325e-01 2.217014633257331779e-01 2.277574445545949011e-01 2.285222032793229330e-01 2.303260114676229375e-01 2.336683743588514883e-01
2.274046365707998174e-01 2.248700334096071785e-01 2.273752841107868905e-01 2.173417322512205263e-01 2.251732076978192332e-01 2.268292343532092026e-01 2.185294633960815636e-01 2.324764082104729124e-01
2.260371448040819353e-01 2.172212414743029951e-01 2.284109080582967244e-01 2.192804831824599343e-01 2.296116023546980467e-01 2.269957494253754260e-01 2.273792320259375166e-01 2.250636386748448015e-01
2.243848429648067910e-01 2.229472634494596706e-01 2.339761023768150705e-01 2.198450102654513072e-01 2.314953898862658344e-01 2.202198161129260423e-01 2.278646162802387687e-01 2.192669586640338675e-01
2.321028429086063882e-01 2.199295627388672403e-01 2.325543192955172311e-01 2.177452869512986333e-01 2.362477029537592421e-01 2.199069868373227654e-01 2.177567459792276450e-01 2.237565523353977903e-01
2.230906944159591343e-01 2.209001448404259160e-01 2.230286376761494715e-01 2.190826048097587186e-01 2.464059250407231449e-01 2.230531022651425499e-01 2.226521969424962444e-01 2.217866940093418948e-01
2.240408807826021198e-01 2.245651267819622765e-01 2.299820385211921170e-01 2.235553684911430472e-01 2.314283509213818091e-01 2.274122935979046023e-01 2.188715253525573279e-01 2.201444155512534140e-01
2.334791611390549804e-01 2.307465552608081172e-01 2.191235720056254055e-01 2.187941261714107799e-01 2.241592655831655956e-01 2.293962453429512216e-01 2.217155720681241726e-01 2.225855024288558304e-01
2.202377888702417019e-01 2.354846165245810530e-01 2.245120587991007721e-01 2.261861225375961792e-01 2.233826354920732116e-01 2.200463273767952199e-01 2.219242660642286591e-01 2.282261843353790287e-01
2.231406518076521350e-01 2.228928743929943501e-01 2.223901787955769038e-01 2.283058028173922394e-01 2.227283518184699773e-01 2.213240637527284227e-01 2.190236028505460619e-01 2.401944737646360128e-01
2.164942598589359724e-01 2.218705254133589433e-01 2.333673604271594149e-01 2.267383169807997423e-01 2.177253997096905425e-01 2.199566492429865516e-01 2.269614553056593931e-01 2.368860330614046550e-01
2.166943857878391722e-01 2.236343001288668420e-01 2.206115595358871251e-01 2.221521555379125101e-01 2.370582879084466299e-01 2.248373980369065273e-01 2.201168058673282912e-01 2.348951071968082560e-01
2.185848163191094484e-01 2.184632754188137460e-01 2.309997473258682266e-01 2.262352002085459279e-01 2.302104442859575217e-01 2.348189161113839740e-01 2.193143553754773323e-01 2.213732449548382886e-01
2.289146632135057591e-01 2.388041087226619452e-01 2.259065466005403533e-01 2.200967195046698854e-01 2.167802610815535991e-01 2.210972518897119654e-01 2.288446534066288507e-01 2.195557955807221628e-01
2.319513099320483773e-01 2.233709695820397245e-01 2.170279417963576485e-01 2.175333441082759611e-01 2.186483235105492473e-01 2.252060319298410662e-01 2.501197506328913245e-01 2.161423285079914491e-01
2.240690601473060706e-01 2.261092297609841317e-01 2.365967686800553582e-01 2.249808316402973907e-01 2.263580379325038638e-01 2.183604363072338406e-01 2.203651760382274449e-01 2.231604594933861707e-01
2.246003999061816914e-01 2.278319102808868402e-01 2.272888194525707339e-01 2.187642255122173029e-01 2.292650458063056063e-01 2.155400145821758928e-01 2.307708664708672253e-01 2.259387179887884511e-01
2.205308140695466657e-01 2.207779024276896040e-01 2.210356637757336373e-01 2.261086664979350402e-01 2.376689773497948632e-01 2.224592872171766988e-01 2.235611607033460846e-01 2.278575279587714553e-01
2.184641627615796777e-01 2.238156712936385240e-01 2.211696961749856361e-01 2.217881277876133650e-01 2.310286254345797485e-01 2.264051493039941076e-01 2.305761892420654102e-01 2.267523780015378854e-01
2.186536330578163212e-01 2.243779215215504497e-01 2.229864010299318078e-01 2.315704377361916255e-01 2.269157153164111096e-01 2.200347781070693676e-01 2.312771606085802234e-01 2.241839526224429224e-01
2.328215826810519640e-01 2.210752513260668684e-01 2.239900770549927422e-01 2.269749770756780138e-01 2.206221927282734085e-01 2.258679144912383030e-01 2.290358088598633823e-01 2.196121957828280624e-01
2.208159880047687595e-01 2.165092320442692508e-01 2.226054108846215185e-01 2.240464525708638077e-01 2.319465647626922089e-01 2.294776616379164969e-01 2.254166293820722422e-01 2.291820607127878218e-01
2.226991272260121502e-01 2.282388727469689960e-01 2.312488180460881282e-01 2.251417291836440848e-01 2.212852031125650543e-01 2.224055204031375743e-01 2.295103547828278856e-01 2.194703744987488991e-01
2.254150889630037458e-01 2.242545790898556324e-01 2.221147660151042980e-01 2.194963107777918310e-01 2.236435074487802821e-01 2.313268809840902940e-01 2.364241051088021295e-01 2.173247616125648651e-01
2.171954199450979450e-01 2.420016563366915174e-01 2.272265947535493935e-01 2.153802074693528523e-01 2.174975388873176263e-01 2.267465409617968330e-01 2.181455391458139992e-01 2.358065025003719950e-01
2.292462583892173056e-01 2.268143438338840190e-01 2.204139741132577768e-01 2.198718511965037370e-01 2.161423692188547685e-01 2.218966908780473368e-01 2.272006661991984033e-01 2.384138461710290091e-01
2.183610363494087603e-01 2.245939438542378097e-01 2.249442843356859456e-01 2.284471629935303782e-01 2.299725257614544105e-01 2.223939587266575146e-01 2.241537552191937566e-01 2.271333327598236695e-01
2.290661265698239191e-01 2.315978040078738864e-01 2.211516282380031617e-01 2.235165904211556531e-01 2.174415100195101203e-01 2.172160240945504028e-01 2.239302237248156358e-01 2.360800929242589941e-01
2.237616108999969378e-01 2.161647007295027234e-01 2.245001344899492934e-01 2.268693464442641250e-01 2.258067981987240957e-01 2.277149979779948541e-01 2.255158468677958550e-01 2.296665643917627508e-01
2.325536044134510760e-01 2.196174077933060187e-01 2.344925012255344166e-01 2.207433618818886722e-01 2.222431631180699085e-01 2.203959087409827766e-01 2.260286250464883517e-01 2.239254277802715798e-01
2.233301162107269866e-01 2.205351945592731733e-01 2.298451272741162121e-01 2.222263051105503318e-01 2.280467985222879579e-01 2.275721635622063588e-01 2.233894203650254040e-01 2.250548743958035447e-01
2.187273889459778187e-01 2.209905928099183958e-01 2.498378958787738913e-01 2.222046332210044495e-01 2.200498449854698113e-01 2.288448499753882037e-01 2.216830075907443021e-01 2.176617865927134576e-01
2.195212600104878009e-01 2.274742184175684856e-01 2.209876611988741413e-01 2.232670109712180384e-01 2.196849047038838543e-01 2.259426792852658461e-01 2.429872389127805399e-01 2.201350264999118733e-01
2.301020514063988054e-01 2.281973915692396826e-01 2.340729769806040028e-01 2.241771079026283475e-01 2.193621654899123308e-01 2.230584545609330394e-01 2.185979585834682271e-01 2.224318935068052006e-01
2.200208392398174118e-01 2.194472101521018070e-01 2.221174947160821644e-01 2.199809142545288143e-01 2.233392505045683762e-01 2.226170586683196839e-01 2.333167602907628424e-01 2.391604721738089245e-01
2.164099696087341262e-01 2.233609182473214883e-01 2.345795664703545502e-01 2.237250326108239928e-01 2.142069839367754802e-01 2.218069899666743061e-01 2.421461883944187599e-01 2.237643507648862107e-01
2.204084546967237379e-01 2.230259451920018066e-01 2.198017217155254222e-01 2.365320757346187630e-01 2.210989905043803938e-01 2.237276829010479695e-01 2.205264457686458013e-01 2.348786834870459916e-01
2.236320118132149870e-01 2.174707778110814282e-01 2.203789748038956775e-01 2.310454876150880021e-01 2.295597109752961495e-01 2.239227804226852359e-01 2.173572158956228462e-01 2.366330406631041439e-01
2.358164192433743200e-01 2.221485732106655009e-01 2.204596052964228892e-01 2.290363392230761463e-01 2.259901340556372262e-01 2.173170983041970150e-01 2.312796207699574225e-01 2.179522098966585886e-01
2.251404450058676621e-01 2.304632755988794135e-01 2.251548182331849779e-01 2.204200998289841396e-01 2.252369885714818054e-01 2.204315156376455975e-01 2.284889570853730900e-01 2.246639000385726725e-01
2.205894195603445296e-01 2.251474470273029660e-01 2.289001170575065136e-01 2.135553892264781539e-01 2.310710447911655252e-01 2.275689056718559200e-01 2.244709788293468566e-01 2.286966978359879776e-01
2.227606251230113965e-01 2.174341391636104293e-01 2.197527345053991998e-01 2.183911893535401549e-01 2.195842204893307392e-01 2.528655430982868491e-01 2.251772810033104422e-01 2.240342672634992871e-01
2.240026369288815045e-01 2.499149050811881323e-01 2.237348631146980349e-01 2.180540785483257304e-01 2.211823010451380300e-01 2.158739993622221520e-01 2.226742994468469683e-01 2.245629164726866411e-01
2.207240152336691352e-01 2.248115603165965759e-01 2.256681286350386839e-01 2.197457033317536390e-01 2.215204447394705789e-01 2.171228525796737030e-01 2.340398946771884703e-01 2.363674004865956857e-01
2.282623691080125083e-01 2.194518209570225087e-01 2.286414424954890112e-01 2.309669983851384278e-01 2.269528784545415401e-01 2.178717173658916983e-01 2.203202423015564460e-01 2.275325309323346645e-01
2.322707125531450478e-01 2.267807183023556883e-01 2.249675262073312365e-01 2.250745397351798793e-01 2.252347965857094125e-01 2.211638165239985243e-01 2.265945180815661375e-01 2.179133720107007122e-01
2.412264958175074636e-01 2.188946652175038921e-01 2.332380613674576164e-01 2.211207474709936394e-01 2.158945312460727184e-01 2.220766892773586298e-01 2.261999481376653076e-01 2.213488614654277320e-01
2.298675149612738333e-01 2.300502606430005759e-01 2.175525666273422365e-01 2.252510702898327111e-01 2.224334195960135374e-01 2.288218355035360752e-01 2.241909591023427406e-01 2.218323732766445677e-01
2.221990514549613549e-01 2.299927788353553493e-01 2.167112754131964303e-01 2.178726460798338649e-01 2.309748669371018137e-01 2.354970604192475336e-01 2.252416795005883488e-01 2.215106413597006663e-01
2.239040388915226609e-01 2.234478147035288409e-01 2.251854960651946957e-01 2.208502543875197344e-01 2.306658155648114994e-01 2.253361102401484628e-01 2.208681351286318484e-01 2.297423350186285906e-01
2.219761756013580722e-01 2.229736383382225906e-01 2.203312800556881113e-01 2.170227950853264587e-01 2.251606743724073045e-01 2.360933456178938017e-01 2.281243907936093829e-01 2.283177001354806945e-01
2.234182414515610837e-01 2.259504005910261681e-01 2.261118318314527253e-01 2.160369940160196400e-01 2.189238578157462478e-01 2.450063062451620088e-01 2.209250668518548399e-01 2.236273011971632030e-01
2.187053690199265155e-01 2.213985546777081370e-01 2.232533204170284447e-01 2.197478929047599894e-01 2.248250165859592420e-01 2.239328707110466721e-01 2.389558550301811579e-01 2.291811206533749812e-01
2.226508298935576668e-01 2.231537809422729779e-01 2.200522787355592702e-01 2.172482474480330883e-01 2.208225026195577700e-01 2.319484619211830134e-01 2.444999717869307532e-01 2.196239266528905720e-01
2.169986360390685487e-01 2.307759207238019583e-01 2.435193253960499515e-01 2.177335977269481415e-01 2.212819878343228741e-01 2.294931657152274873e-01 2.177714542594749725e-01 2.224259123050897902e-01
2.258654537348758207e-01 2.243508840685459194e-01 2.202447132626456638e-01 2.223626762853562477e-01 2.352745496458949481e-01 2.224223061162681758e-01 2.225233183184398278e-01 2.269560985679573428e-01
2.277599585655741832e-01 2.157823252345427711e-01 2.277503630279694991e-01 2.390815479958684764e-01 2.237072909253892128e-01 2.225362303856904256e-01 2.234723031176970021e-01 2.199099807472524593e-01
2.284268825842980799e-01 2.294876922374246009e-01 2.339217703366630874e-01 2.217967697086899448e-01 2.215050027802308585e-01 2.252830338113051833e-01 2.222608638185165908e-01 2.173179847228555450e-01
2.197073211870576026e-01 2.280313813738934769e-01 2.206419675141085002e-01 2.244353242744203669e-01 2.290423204752720654e-01 2.270886999729147537e-01 2.302716919857225042e-01 2.207812932165945929e-01
2.326291665418082910e-01 2.254642014104853154e-01 2.203381785356838263e-01 2.360347645128252070e-01 2.203138491786999220e-01 2.292371703695390284e-01 2.186139284694024743e-01 2.173687409815396598e-01
2.247058992200468841e-01 2.389875543488418075e-01 2.215737835153616109e-01 2.323214750130737083e-01 2.184270530618562245e-01 2.180769719890517377e-01 2.214089749327809442e-01 2.244982879189706682e-01
2.274187326462602243e-01 2.253565414821367408e-01 2.291327004992086969e-01 2.302192542850010071e-01 2.230546155609094416e-01 2.237678860118023083e-01 2.247215112776812240e-01 2.163287582369824436e-01
2.420771345094953064e-01 2.255396062112620115e-01 2.176790113595579723e-01 2.244083688428358259e-01 2.256607882794908759e-01 2.197427914510045044e-01 2.174834585595653014e-01 2.274088407867713990e-01
2.243456156522593281e-01 2.251704830998627338e-01 2.223240738254584070e-01 2.259476992275103735e-01 2.198455185403143386e-01 2.274726568908850555e-01 2.355099218097618796e-01 2.193840309539295541e-01
2.281708151306408583e-01 2.218474325432881200e-01 2.237090266017427997e-01 2.244927446399912763e-01 2.241613490756468041e-01 2.200341975225494906e-01 2.331321890547202458e-01 2.244522454314033522e-01
2.257475733538358287e-01 2.251280971141310372e-01 2.239714433186421327e-01 2.236634884590077976e-01 2.272689377390512411e-01 2.256804167560697572e-01 2.268016229346002666e-01 2.217384203246441088e-01
2.239379733041582110e-01 2.306594821183977073e-01 2.190643997071486382e-01 2.157021965981729406e-01 2.254072481724963550e-01 2.268656754129744768e-01 2.187741427206316425e-01 2.395888819660023927e-01
2.202269434441616325e-01 2.214216044536150840e-01 2.208170036582412787e-01 2.165218191916752355e-01 2.549028495262978256e-01 2.259814590782039667e-01 2.199129460360332855e-01 2.202153746117541111e-01
2.230347534244432051e-01 2.178384612872595605e-01 2.217725865359574666e-01 2.173053313873211934e-01 2.512423514709388739e-01 2.239183541708960890e-01 2.199821219154639573e-01 2.249060398077005196e-01
2.284624940246129665e-01 2.328499908734168733e-01 2.188418701109708098e-01 2.266422013000959912e-01 2.210641932177435653e-01 2.203102117601888343e-01 2.258118806697273495e-01 2.260171580432250027e-01
2.216141604925476460e-01 2.206714386880323231e-01 2.371362915628339729e-01 2.174277369741682009e-01 2.271671174640889079e-01 2.210426760257753476e-01 2.259511330871679657e-01 2.289894457053667509e-01
2.213180043975966349e-01 2.381987958205784295e-01 2.313919324092776342e-01 2.180227070734414851e-01 2.203344495001831604e-01 2.255535402986930948e-01 2.265896578685327178e-01 2.185909126316767093e-01
2.262494754780520478e-01 2.288069912000554318e-01 2.335606130534922387e-01 2.229031763546591716e-01 2.240875383134509347e-01 2.262607850254930997e-01 2.171852959921581339e-01 2.209461245826190579e-01
2.330309146028318734e-01 2.187458946488363698e-01 2.275026179411756277e-01 2.128578758943343030e-01 2.150906585136106719e-01 2.263855070444169004e-01 2.294460371275432731e-01 2.369404942272305414e-01
2.259562602553993049e-01 2.233798989399696233e-01 2.301400341675511607e-01 2.184025771322681275e-01 2.213983608838523964e-01 2.298202459798272257e-01 2.255789848136005582e-01 2.253236378275107477e-01
2.211178204288217486e-01 2.291589282964013874e-01 2.324886497601089119e-01 2.338230402128707586e-01 2.185240493752902968e-01 2.197058490015100785e-01 2.275657368429281069e-01 2.176159260820473840e-01
2.162722914390536322e-01 2.391205153757299529e-01 2.244247495745456955e-01 2.205186008758516503e-01 2.214718914712932862e-01 2.283839828712991016e-01 2.297489927046512947e-01 2.200589756875543090e-01
2.200802336717168073e-01 2.209673724003735629e-01 2.308412041387162550e-01 2.230057044916185782e-01 2.323729310618189159e-01 2.207491861827497737e-01 2.305846415253116066e-01 2.213987265276736172e-01
2.298964968982605273e-01 2.297081508420207585e-01 2.229087786970840313e-01 2.239234811692656923e-01 2.171833181274752111e-01 2.219253332412123025e-01 2.197499393475547402e-01 2.347045016771060477e-01
2.247745733431609216e-01 2.210377573185097200e-01 2.280215851624520507e-01 2.268701707342253293e-01 2.230320069094033630e-01 2.160857615490157091e-01 2.371481282163099003e-01 2.230300167669022338e-01
2.227403255267628723e-01 2.186081558121931168e-01 2.342805744448686056e-01 2.241681171461522015e-01 2.259067681692114304e-01 2.176748496119219611e-01 2.196846717735436161e-01 2.369365375153247577e-01
2.253533688043519723e-01 2.151966745582511720e-01 2.178394737436583350e-01 2.212941779585785029e-01 2.295791453331373910e-01 2.182848152027790645e-01 2.312043796035563314e-01 2.412479647956647655e-01
2.240517521411323210e-01 2.203106784009025709e-01 2.286309692399959292e-01 2.153553075808511685e-01 2.354477828572043019e-01 2.354065822559114063e-01 2.158458632463719218e-01 2.249510642776084979e-01
2.258312771619314929e-01 2.227880581495222945e-01 2.213156197998473740e-01 2.260451342426552657e-01 2.302937806147495603e-01 2.251373568160186522e-01 2.285942073947050124e-01 2.199945658205483823e-01
2.231620076270948438e-01 2.288143499429125260e-01 2.257922165222091271e-01 2.242910343555912789e-01 2.178277197739093840e-01 2.315091286722696096e-01 2.286622045859036945e-01 2.199413385200868765e-01
2.228383613595069368e-01 2.244054314641396042e-01 2.343212576226069155e-01 2.269966934978951412e-01 2.145902233184809604e-01 2.240677700737274125e-01 2.319834405628211915e-01 2.207968221007993448e-01
2.243219654402974772e-01 2.259385829474090113e-01 2.217069770328033429e-01 2.190333839629783619e-01 2.241871719544849262e-01 2.431122087151779687e-01 2.208627223700982134e-01 2.208369875767273449e-01
2.266381081585746027e-01 2.252747731595621805e-01 2.300532784146421816e-01 2.215765370757799002e-01 2.234115022665784933e-01 2.167610764900316234e-01 2.363244001006043482e-01 2.199603243342035386e-01
2.318266283999222410e-01 2.228412668970167210e-01 2.243791201565735749e-01 2.215443348798354084e-01 2.311227011940196752e-01 2.235629578101517578e-01 2.243662007350807897e-01 2.203567899273762287e-01
