# ex_work for 16 qbits with connectivity m in chunks 4
3.516373505723891651e-02 3.516373505723891651e-02 3.516373505723891651e-02 3.516373505723891651e-02 -1.245112338684901676e-01 3.516374571164630064e-02 3.516374571164630064e-02 3.516374571164630064e-02 3.516374571164630064e-02 3.516374571164630064e-02 3.516374571164630064e-02 3.516374571164630064e-02 3.516374571164630064e-02 3.516374571164630064e-02 3.516374571164630064e-02 3.516374571164630064e-02
2.226442951128196693e-02 2.226442951128196693e-02 2.226442951128196693e-02 2.226439566434935957e-02 -1.061558292808053722e-01 -1.004803624616505079e-03 6.989526012528001452e-03 8.992178323787698019e-03 2.226446001924798843e-02 2.226444984992575690e-02 2.226444984992575690e-02 2.226444984992575690e-02 2.226444984992575690e-02 2.226444984992575690e-02 2.226446001924798843e-02 2.226444984992575690e-02
2.166130662791134615e-02 2.166130662791134615e-02 2.166130662791134615e-02 2.166130662791134615e-02 -1.042124229792976420e-01 1.273638821166321947e-02 7.830111463592201795e-03 -1.101292162922058726e-02 2.166131677470298222e-02 2.166131677470298222e-02 2.166131677470298222e-02 2.166131677470298222e-02 2.166131677470298222e-02 2.166131677470298222e-02 2.166131677470298222e-02 2.166131677470298222e-02
2.200346932309895157e-02 2.200346932309895157e-02 2.200346932309895157e-02 2.200346932309895157e-02 -1.054286626546969141e-01 2.504999011698299388e-03 1.373369936168051218e-03 8.664055319737341138e-03 2.200346932309895503e-02 2.200346932309895503e-02 2.200346932309895503e-02 2.200347948267085407e-02 2.200346932309895503e-02 2.200346932309895503e-02 2.200346932309895503e-02 2.200346932309895503e-02
2.174383734311859800e-02 2.174383734311859800e-02 2.174383734311859800e-02 2.174383734311859800e-02 -1.044878505499189231e-01 -7.800468755185226491e-03 1.515818009023156294e-03 1.662810784119182761e-02 2.174383734311859800e-02 2.174383734311859800e-02 2.174383734311859800e-02 2.174383734311859800e-02 2.174383734311859800e-02 2.174383734311859800e-02 2.174383734311859800e-02 2.174383734311859800e-02
2.387742773938816496e-02 2.387742773938816496e-02 2.387742773938816496e-02 2.387742773938816496e-02 -1.101711087927462474e-01 7.713402182997282537e-03 1.368901210834884072e-02 7.595524493121686045e-03 2.387742773938816496e-02 2.387742773938816496e-02 2.387742773938816496e-02 2.387742773938816496e-02 2.387742773938816496e-02 2.387742773938816496e-02 2.387741750975125657e-02 2.387742773938816496e-02
2.355804085750454191e-02 2.355803063981760925e-02 2.355804085750454191e-02 2.355803063981760925e-02 -1.094551555603543308e-01 1.052387445838509628e-02 1.014077622570495538e-02 5.644055302272963856e-03 2.355803063981760925e-02 2.355803063981760925e-02 2.355803063981760925e-02 2.355803063981760925e-02 2.355803063981760925e-02 2.355803063981760925e-02 2.355803063981760925e-02 2.355803063981760925e-02
2.123745919138916513e-02 2.123745919138916513e-02 2.123745919138916513e-02 2.123745919138916513e-02 -1.029131356717494644e-01 -3.665443684133021934e-03 1.451777341132670131e-02 -5.477159514187339082e-03 2.123746932235471077e-02 2.123746932235471077e-02 2.123746932235471077e-02 2.123746932235471077e-02 2.123745919138916513e-02 2.123746932235471077e-02 2.123746932235471077e-02 2.123746932235471077e-02
2.619756287254464480e-02 2.619756287254464480e-02 2.619756287254464480e-02 2.619757318910055643e-02 -1.145994797456614950e-01 1.060373290033944475e-02 1.725188702535315408e-02 1.940662713315306764e-02 2.619757318910055990e-02 2.619757318910055990e-02 2.619757318910055990e-02 2.619757318910055990e-02 2.619757318910055990e-02 2.619757318910055990e-02 2.619757318910055990e-02 2.619757318910055990e-02
2.376281120381960529e-02 2.376281120381960529e-02 2.376281120381960529e-02 2.376281120381960529e-02 -1.098766438700964632e-01 1.146071672309384275e-02 1.126479061030054817e-03 1.555215550544715268e-02 2.376281120381960876e-02 2.376281120381960876e-02 2.376281120381960876e-02 2.376281120381960876e-02 2.376281120381960876e-02 2.376281120381960876e-02 2.376281120381960876e-02 2.376281120381960876e-02
2.444699828210544768e-02 2.444699828210544768e-02 2.444699828210544768e-02 2.444699828210544768e-02 -1.113006829255438201e-01 6.745185248138468870e-03 2.366382048917843942e-02 3.504820518092522513e-03 2.444695388617600107e-02 2.444695388617600107e-02 2.444698803114861083e-02 2.444698803114861083e-02 2.444695388617618148e-02 2.444695388617618148e-02 2.444695388617618148e-02 2.444695388617618148e-02
2.224525123996260248e-02 2.224525123996260248e-02 2.224525123996260248e-02 2.224525123996260248e-02 -1.060426161018237223e-01 1.453914344257250212e-02 -3.351222543209451000e-03 3.716214428148320419e-03 2.224525123996260595e-02 2.224525123996260595e-02 2.224525123996260595e-02 2.224526140856773401e-02 2.224525123996260595e-02 2.224525123996260595e-02 2.224525123996260595e-02 2.224525123996260595e-02
2.191032333553522352e-02 2.191035713418332947e-02 2.191032333553522352e-02 2.191035713418332947e-02 -1.050082279155185455e-01 5.517327729047154065e-03 -8.250720330963851393e-03 1.461580205799510070e-02 2.191035713418332947e-02 2.191035713418332947e-02 2.191035713418332947e-02 2.191035713418332947e-02 2.191035713418332947e-02 2.191035713418332947e-02 2.191035713418332947e-02 2.191035713418332947e-02
2.328089747968812781e-02 2.328090768700877625e-02 2.328090768700877625e-02 2.328090768700877625e-02 -1.087707756472220955e-01 7.315814744465319597e-03 1.485389908292638304e-02 1.852999362134795163e-03 2.328089747968812781e-02 2.328089747968812781e-02 2.328089747968812781e-02 2.328089747968812781e-02 2.328089747968812781e-02 2.328089747968812781e-02 2.328089747968812781e-02 2.328089747968812781e-02
2.223059951193573011e-02 2.223060967999364659e-02 2.223059951193573011e-02 2.223059951193573011e-02 -1.056811054434559083e-01 -1.563190467976732778e-02 1.312900490470385664e-02 1.771714063823910321e-02 2.223060967999364659e-02 2.223060967999364659e-02 2.223060967999364659e-02 2.223060967999364659e-02 2.223060967999364659e-02 2.223060967999364659e-02 2.223060967999364659e-02 2.223060967999364659e-02
2.382060645060560949e-02 2.382061667811668365e-02 2.382060645060560949e-02 2.382060645060560949e-02 -1.098567365062696893e-01 -7.424053492142141503e-05 2.753265890193494492e-02 1.585495582016823325e-03 2.382060645060561296e-02 2.382060645060561296e-02 2.382060645060561296e-02 2.382060645060561296e-02 2.382061667811668365e-02 2.382060645060561296e-02 2.382060645060561296e-02 2.382060645060561296e-02
2.379002366297305188e-02 2.379005771816391362e-02 2.379005771816391362e-02 2.379005771816391362e-02 -1.099571679790546097e-01 6.900978733946413514e-03 1.623956443472410194e-02 5.182058676789036075e-03 2.379005771816391362e-02 2.379005771816391362e-02 2.379005771816391362e-02 2.379005771816391362e-02 2.379005771816391362e-02 2.379005771816391362e-02 2.379002366297305188e-02 2.379005771816391362e-02
2.245307258579727280e-02 2.245308276216972931e-02 2.245308276216972931e-02 2.245308276216972931e-02 -1.065009616428107403e-01 2.141010397649088445e-02 -4.950159934943742200e-03 5.648592200870115702e-04 2.245311663484075154e-02 2.245312681121372153e-02 2.245311663484075154e-02 2.245312681121362786e-02 2.245311663484075154e-02 2.245312681121362786e-02 2.245311663484075154e-02 2.245312681121362786e-02
2.470673372043921331e-02 2.470673372043921331e-02 2.470673372043921331e-02 2.470673372043921331e-02 -1.118698606399553680e-01 1.440308628387165259e-02 3.595860858657464344e-03 1.785270532103789068e-02 2.470669953994994103e-02 2.470669953994994103e-02 2.470669953994994103e-02 2.470669953994994103e-02 2.470669953994994103e-02 2.470673372043921331e-02 2.470669953994994103e-02 2.470669953994994103e-02
2.221276782923786025e-02 2.221276782923786025e-02 2.221276782923786025e-02 2.221276782923786025e-02 -1.060434263541902011e-01 3.987536029304046895e-03 5.203361638534408605e-03 5.259291625270333045e-03 2.221273398935135965e-02 2.221277799662923005e-02 2.221273398935135965e-02 2.221273398935135965e-02 2.221273398935135965e-02 2.221276782923785678e-02 2.221273398935135965e-02 2.221273398935135965e-02
2.338990120047065163e-02 2.338990120047065163e-02 2.338990120047065163e-02 2.338990120047065163e-02 -1.090141701912911709e-01 -4.170904913460897435e-04 1.248108801001749681e-02 1.292468718284708711e-02 2.338990120047065163e-02 2.338990120047065163e-02 2.338990120047065163e-02 2.338990120047065163e-02 2.338990120047065163e-02 2.338986719993685695e-02 2.338986719993685695e-02 2.338990120047065163e-02
2.622635450591648612e-02 2.622636482355334905e-02 2.622635450591648612e-02 2.622635450591648612e-02 -1.146058787267362072e-01 2.346076273523396705e-02 1.853710088821390600e-02 5.645021534986608032e-03 2.622640952967970548e-02 2.622640952967970548e-02 2.622640952967970548e-02 2.622640952967970548e-02 2.622640952967970548e-02 2.622640952967970548e-02 2.622640952967970548e-02 2.622640952967970548e-02
2.157103648160475090e-02 2.157103648160475090e-02 2.157103648160475090e-02 2.157103648160475090e-02 -1.039920166626079612e-01 -6.170035767944261063e-03 -3.611343992160165155e-04 1.516487646177624125e-02 2.157103648160475090e-02 2.157103648160475090e-02 2.157103648160475090e-02 2.157103648160475090e-02 2.157099258579246379e-02 2.157103648160475090e-02 2.157103648160475090e-02 2.157099258579246379e-02
2.170581880679939291e-02 2.170585257756762337e-02 2.170585257756762337e-02 2.170585257756762337e-02 -1.042861088035351019e-01 -9.382150119634478230e-03 1.978315673973394043e-02 -2.938582887680939951e-04 2.170580865834470866e-02 2.170580865834470866e-02 2.170580865834470866e-02 2.170581880679939291e-02 2.170581880679939291e-02 2.170581880679939291e-02 2.170581880679939291e-02 2.170577488757709575e-02
2.162287716833019222e-02 2.162287716833019222e-02 2.162287716833019222e-02 2.162287716833019222e-02 -1.042617481968850929e-01 9.789990351831022366e-04 -1.753828847931633789e-03 9.757894056525974469e-03 2.162287716833019222e-02 2.162287716833019222e-02 2.162287716833019222e-02 2.162287716833019222e-02 2.162287716833019222e-02 2.162287716833019222e-02 2.162287716833019222e-02 2.162287716833019222e-02
2.281227918302248386e-02 2.281227918302248386e-02 2.281227918302248386e-02 2.281228937282140518e-02 -1.076147693765608648e-01 2.645291484050703301e-03 1.353516933315164657e-02 3.742330646048308476e-03 2.281227918302248386e-02 2.281228937282140518e-02 2.281227918302248039e-02 2.281227918302248039e-02 2.281227918302248039e-02 2.281227918302248039e-02 2.281227918302248039e-02 2.281227918302248039e-02
2.817656570714959993e-02 2.817657609800227475e-02 2.817657609800227475e-02 2.817657609800227475e-02 -1.175592660285910279e-01 2.325863194186734290e-02 2.073748886954123599e-02 1.746087254611712949e-02 2.817661075394132034e-02 2.817661075394132034e-02 2.817661075394132034e-02 2.817661075394132034e-02 2.817661075394132034e-02 2.817661075394132034e-02 2.817661075394132034e-02 2.817661075394132034e-02
2.384585821124149060e-02 2.384585821124149060e-02 2.384585821124149060e-02 2.384589227406592668e-02 -1.100196766231437279e-01 2.171011879960504931e-02 4.336746374801591503e-03 2.911498153338475375e-03 2.384589227406610709e-02 2.384589227406610709e-02 2.384589227406610709e-02 2.384590250252446517e-02 2.384589227406610709e-02 2.384590250252446517e-02 2.384590250252446517e-02 2.384585821124158428e-02
2.090513616149247342e-02 2.090513616149247342e-02 2.090510249982163032e-02 2.090514628005469069e-02 -1.018984680300867030e-01 1.591839751297457898e-03 5.768612131308319471e-03 -5.461111592053721417e-03 2.090514628005469069e-02 2.090514628005469069e-02 2.090514628005469069e-02 2.090514628005469069e-02 2.090514628005469069e-02 2.090514628005469069e-02 2.090514628005469069e-02 2.090514628005469069e-02
2.398988008209192516e-02 2.398992439843839614e-02 2.398988008209192516e-02 2.398988008209192516e-02 -1.104168463249623616e-01 5.962673400129489369e-03 1.251357475724836944e-02 1.145419984904258968e-02 2.398989031593879925e-02 2.398989031593879925e-02 2.398989031593879925e-02 2.398989031593879925e-02 2.398984599959312625e-02 2.398989031593879925e-02 2.398989031593879925e-02 2.398989031593879925e-02
2.394940852362550596e-02 2.394940852362550596e-02 2.394936421432648788e-02 2.394940852362550596e-02 -1.101004282139241425e-01 -1.045527126725692528e-03 1.432138782923843496e-03 2.985910068967136816e-02 2.394944260059330560e-02 2.394944260059330560e-02 2.394940852362550596e-02 2.394944260059330560e-02 2.394940852362550596e-02 2.394940852362550596e-02 2.394940852362550596e-02 2.394944260059330560e-02
2.302796506094551346e-02 2.302797525880853624e-02 2.302796506094551346e-02 2.302796506094551346e-02 -1.081313520891558494e-01 -5.898041989730840821e-04 1.534612696671043032e-02 7.119090883587421772e-03 2.302797525880853971e-02 2.302797525880853971e-02 2.302797525880853971e-02 2.302797525880853971e-02 2.302800920993204950e-02 2.302800920993204950e-02 2.302797525880853971e-02 2.302797525880853971e-02
2.162333627821036441e-02 2.162333627821036441e-02 2.162330251868444311e-02 2.162333627821036441e-02 -1.042550755446245564e-01 9.266406122690281147e-03 -3.601468059659601942e-03 3.330891597874290760e-03 2.162334642358514081e-02 2.162334642358514081e-02 2.162334642358514081e-02 2.162334642358514081e-02 2.162334642358514081e-02 2.162334642358514081e-02 2.162334642358514081e-02 2.162334642358514081e-02
2.180606733658590687e-02 2.180611127322590326e-02 2.180610112102544795e-02 2.180606733658590687e-02 -1.047468295203939359e-01 -4.780084111821423197e-03 1.442684617595319657e-02 1.190172070637569336e-03 2.180610112102544795e-02 2.180610112102544795e-02 2.180610112102544795e-02 2.180610112102544795e-02 2.180610112102544795e-02 2.180610112102544795e-02 2.180610112102544795e-02 2.180610112102544795e-02
2.387558290431529215e-02 2.387559313388476837e-02 2.387558290431529215e-02 2.387559313388476837e-02 -1.101082051445430726e-01 2.489845010266482622e-03 1.983208220974306060e-02 6.819387015574053003e-03 2.387554883743406645e-02 2.387554883743406645e-02 2.387554883743406645e-02 2.387554883743406645e-02 2.387554883743406645e-02 2.387554883743406645e-02 2.387554883743406645e-02 2.387554883743406645e-02
2.694913399136939641e-02 2.694917882367095854e-02 2.694917882367095854e-02 2.694913399136939641e-02 -1.158031536556268504e-01 1.893592845747872275e-02 1.436383369132143706e-02 1.945489142308771957e-02 2.694916847891463269e-02 2.694916847891463269e-02 2.694916847891463269e-02 2.694916847891463269e-02 2.694913399136939641e-02 2.694916847891463269e-02 2.694916847891463269e-02 2.694916847891463269e-02
2.271213432058916126e-02 2.271216822861084339e-02 2.271216822861084339e-02 2.271216822861084339e-02 -1.071370910019752570e-01 6.817649061482117419e-03 2.173490678281808988e-02 -9.109813567027568587e-03 2.271216822861093707e-02 2.271217841466739717e-02 2.271216822861084339e-02 2.271217841466739717e-02 2.271213432058916126e-02 2.271216822861084339e-02 2.271216822861084339e-02 2.271213432058916126e-02
2.224634390944440349e-02 2.224634390944440349e-02 2.224634390944440349e-02 2.224634390944440349e-02 -1.059794269356726104e-01 1.886620890550437177e-02 -1.135064590005245046e-03 -2.692059445253831319e-03 2.224634390944440349e-02 2.224634390944440349e-02 2.224634390944440349e-02 2.224634390944440349e-02 2.224634390944440349e-02 2.224634390944440349e-02 2.224634390944440349e-02 2.224634390944440349e-02
2.236134085431844276e-02 2.236137471447979114e-02 2.236137471447979114e-02 2.236134085431844276e-02 -1.060307198271379509e-01 5.238495645826483568e-03 -1.362696506492246627e-02 2.491115828903426102e-02 2.236134085431844276e-02 2.236134085431844276e-02 2.236134085431844276e-02 2.236134085431844276e-02 2.236134085431844276e-02 2.236134085431844276e-02 2.236134085431844276e-02 2.236134085431844276e-02
2.361946380497458378e-02 2.361950805686008695e-02 2.361950805686008695e-02 2.361950805686008695e-02 -1.095292208977149684e-01 2.579905796380732586e-03 4.929444893080833952e-03 1.949036213847265414e-02 2.361950805686008695e-02 2.361950805686008695e-02 2.361947402496203732e-02 2.361950805685999327e-02 2.361950805685999327e-02 2.361950805685999327e-02 2.361950805685999327e-02 2.361950805685999327e-02
2.313894599419608761e-02 2.313897996047390576e-02 2.313894599419608761e-02 2.313897996047390576e-02 -1.083444538783989164e-01 -4.864060259476996224e-03 1.547295376756577419e-02 1.235071508417938738e-02 2.313893579218228094e-02 2.313893579218228094e-02 2.313893579218228094e-02 2.313894599419608761e-02 2.313893579218228094e-02 2.313894599419608761e-02 2.313893579218228094e-02 2.313893579218228094e-02
2.484081225332556223e-02 2.484082251903272850e-02 2.484081225332556223e-02 2.484082251903272850e-02 -1.119901539673592572e-01 -3.919487485831718750e-03 2.679441104430343654e-02 1.448835635604036644e-02 2.484085671787089611e-02 2.484085671787089611e-02 2.484085671787089611e-02 2.484085671787089611e-02 2.484085671787089611e-02 2.484085671787089611e-02 2.484085671787089611e-02 2.484085671787089611e-02
2.210947427792733094e-02 2.210950810373641523e-02 2.210950810373641523e-02 2.210947427792723727e-02 -1.055297011242054689e-01 5.459457265869738576e-03 1.775923439224227560e-02 -9.376737417162219271e-03 2.210947427792733094e-02 2.210947427792733094e-02 2.210947427792733094e-02 2.210947427792733094e-02 2.210947427792733094e-02 2.210947427792733094e-02 2.210947427792733094e-02 2.210946411439328185e-02
2.321681021779395393e-02 2.321681021779395393e-02 2.321681021779395393e-02 2.321681021779395393e-02 -1.085743925696821544e-01 1.772394774406078552e-02 6.572999900567392736e-03 -7.317938069236805485e-04 2.321681021779395393e-02 2.321681021779395393e-02 2.321681021779395393e-02 2.321681021779395393e-02 2.321680001286828207e-02 2.321680001286828207e-02 2.321681021779395393e-02 2.321680001286828207e-02
2.209440219048621618e-02 2.209444617721259205e-02 2.209444617721259205e-02 2.209444617721259205e-02 -1.057015947510772658e-01 1.677845725200905478e-03 6.372951306953065359e-03 5.318666995979779225e-03 2.209440219048621618e-02 2.209440219048621618e-02 2.209440219048621618e-02 2.209440219048621618e-02 2.209440219048621618e-02 2.209440219048621618e-02 2.209440219048621618e-02 2.209439202751502240e-02
2.321595560962215823e-02 2.321598958641412150e-02 2.321595560962215823e-02 2.321595560962215823e-02 -1.086273924274017422e-01 9.834462386171425111e-03 1.788828442433936829e-03 1.180848306169209744e-02 2.321598958641412150e-02 2.321598958641412150e-02 2.321594540472847468e-02 2.321599979130822833e-02 2.321594540472847468e-02 2.321594540472847468e-02 2.321594540472847468e-02 2.321595560962215823e-02
2.258131881569961502e-02 2.258136288703821090e-02 2.258131881569961502e-02 2.258131881569961502e-02 -1.070485044826409854e-01 6.947225524102197854e-03 5.507477171917007745e-03 5.339491469753795787e-03 2.258130863453333692e-02 2.258130863453333692e-02 2.258130863453333692e-02 2.258130863453333692e-02 2.258129845336739883e-02 2.258129845336739883e-02 2.258130863453333692e-02 2.258129845336739883e-02
2.597525846471141972e-02 2.597526877293287323e-02 2.597525846471141972e-02 2.597526877293287323e-02 -1.141822908429137168e-01 2.327842561399624810e-02 5.055052413927078360e-03 1.743049921928753465e-02 2.597526877293287323e-02 2.597526877293287323e-02 2.597524815648993846e-02 2.597530312703481836e-02 2.597526877293287323e-02 2.597525846471132605e-02 2.597526877293287323e-02 2.597525846471132605e-02
2.385756159652437092e-02 2.385759566094783346e-02 2.385756159652437092e-02 2.385756159652437092e-02 -1.100908570891951099e-01 3.838817205227922340e-03 7.111215975777911320e-03 1.798017356912252201e-02 2.385756159652437092e-02 2.385759566094783346e-02 2.385756159652437439e-02 2.385759566094783346e-02 2.385756159652437439e-02 2.385759566094783346e-02 2.385756159652437439e-02 2.385756159652437439e-02
2.198877876374814855e-02 2.198879908179947329e-02 2.198878892277368255e-02 2.198879908179947329e-02 -1.048020064124427914e-01 -1.934241445661918565e-02 2.198781796220780280e-02 1.053022083007512655e-02 2.198879908179947329e-02 2.198879908179947329e-02 2.198879908179947329e-02 2.198879908179947329e-02 2.198879908179947329e-02 2.198879908179947329e-02 2.198879908179947329e-02 2.198879908179947329e-02
2.300011114046327312e-02 2.300014508778832831e-02 2.300014508778832831e-02 2.300011114046327312e-02 -1.080855296847166858e-01 6.102033381339111960e-03 1.402628300094749605e-02 1.455108514791842280e-03 2.300011114046327312e-02 2.300011114046327312e-02 2.300011114046327312e-02 2.300011114046327312e-02 2.300011114046327312e-02 2.300011114046327312e-02 2.300014508778832484e-02 2.300011114046327312e-02
2.326192006603857235e-02 2.326192006603857235e-02 2.326192006603857235e-02 2.326192006603857235e-02 -1.087442508872900615e-01 2.657892939827474332e-03 1.167019768154171737e-02 9.486461242829678092e-03 2.326189965281323657e-02 2.326190985942586803e-02 2.326188944620103186e-02 2.326188944620103186e-02 2.326188944620103186e-02 2.326188944620103186e-02 2.326188944620103186e-02 2.326188944620103186e-02
2.205268166617268058e-02 2.205268166617268058e-02 2.205267150476029198e-02 2.205269182758532592e-02 -1.054528837864543711e-01 1.408499497726410296e-02 5.959549151407137445e-03 -6.866897438462591166e-03 2.205269182758532592e-02 2.205269182758532592e-02 2.205268166617268058e-02 2.205269182758532592e-02 2.205267150476028851e-02 2.205268166617268058e-02 2.205267150476028851e-02 2.205268166617268058e-02
2.387208480121345150e-02 2.387210526009334033e-02 2.387209503065327101e-02 2.387210526009334033e-02 -1.101044978779349565e-01 1.875157627176246219e-02 1.462602358425079676e-03 8.883372393518431873e-03 2.387209503065327101e-02 2.387210526009334033e-02 2.387208480121345150e-02 2.387210526009334033e-02 2.387209503065327101e-02 2.387209503065327101e-02 2.387209503065327101e-02 2.387209503065327101e-02
2.100004096149915220e-02 2.100005108360461156e-02 2.100005108360461156e-02 2.100005108360461156e-02 -1.022663350718301944e-01 5.584930027046987365e-04 3.823614612638807225e-03 -1.560538414436849841e-03 2.100004096149915220e-02 2.100004096149915220e-02 2.100003083939385243e-02 2.100005108360461156e-02 2.100005108360461156e-02 2.100005108360461156e-02 2.100004096149915220e-02 2.100004096149915220e-02
2.392761647762320018e-02 2.392763694065935462e-02 2.392757217210848483e-02 2.392763694065935115e-02 -1.102272624728117267e-01 1.031499080193830429e-04 1.404422709745712684e-02 1.540303554520177504e-02 2.392761647762320018e-02 2.392761647762320018e-02 2.392761647762320018e-02 2.392761647762320018e-02 2.392761647762320018e-02 2.392761647762320018e-02 2.392761647762320018e-02 2.392761647762320018e-02
3.028686342027691464e-02 3.028690883654517121e-02 3.028685295003251052e-02 3.028686342027691464e-02 -1.201149410117774846e-01 2.424150834579271580e-02 2.093172763214613472e-02 3.049384973946421204e-02 3.028684247978827640e-02 3.028686342027700831e-02 3.028686342027700831e-02 3.028687389052157550e-02 3.028687389052157550e-02 3.028690883654517468e-02 3.028686342027700831e-02 3.028686342027700831e-02
2.177579885212617417e-02 2.177579885212617417e-02 2.177578870105642550e-02 2.177579885212617417e-02 -1.045584692441015040e-01 -1.096643345917481735e-02 8.987829653595751436e-03 1.263316686751621114e-02 2.177579885212617417e-02 2.177579885212617417e-02 2.177578870105642550e-02 2.177579885212617417e-02 2.177579885212617417e-02 2.177579885212617417e-02 2.177579885212617417e-02 2.177578870105642550e-02
2.162567900289191422e-02 2.162568914835533498e-02 2.162566885742865999e-02 2.162568914835533498e-02 -1.040938743784183274e-01 1.710620146254415719e-02 1.200874804325775033e-03 -9.058358518835137041e-03 2.162567900289191422e-02 2.162567900289191422e-02 2.162567900289191422e-02 2.162567900289191422e-02 2.162567900289191422e-02 2.162567900289191422e-02 2.162567900289191422e-02 2.162567900289191422e-02
2.197594742698583126e-02 2.197594742698583126e-02 2.197594742698583126e-02 2.197594742698583126e-02 -1.052257229200418559e-01 -5.849972202942483289e-03 2.610041353597091721e-03 1.571563403927863853e-02 2.197596774407839862e-02 2.197596774407839862e-02 2.197594742698582779e-02 2.197596774407839862e-02 2.197596774407839862e-02 2.197596774407839862e-02 2.197596774407839862e-02 2.197596774407839862e-02
2.275736264487946553e-02 2.275736264487946553e-02 2.275736264487946553e-02 2.275736264487946553e-02 -1.074626928031247319e-01 1.068485298416724802e-03 1.409126573876906367e-02 4.296992770175023062e-03 2.275736264487946553e-02 2.275736264487946553e-02 2.275735245713253821e-02 2.275736264487946553e-02 2.275735245713253821e-02 2.275735245713253821e-02 2.275735245713253821e-02 2.275735245713253821e-02
2.553860948608351403e-02 2.553860948608351403e-02 2.553859919423151145e-02 2.553859919423151145e-02 -1.134719791192195237e-01 1.053023347138690516e-02 1.561264511982125847e-02 1.610287858996704499e-02 2.553860948608351403e-02 2.553860948608351403e-02 2.553859919423151145e-02 2.553860948608351403e-02 2.553859919423151145e-02 2.553859919423151145e-02 2.553859919423151145e-02 2.553859919423151145e-02
2.251787062964059200e-02 2.251787062964059200e-02 2.251787062964059200e-02 2.251787062964059200e-02 -1.065945886737541121e-01 1.374952868302404402e-02 1.593495873767040993e-02 -1.199400220009888898e-02 2.251788080843611373e-02 2.251789098723153831e-02 2.251789098723153831e-02 2.251789098723153831e-02 2.251787062964059200e-02 2.251788080843611373e-02 2.251787062964059200e-02 2.251788080843611373e-02
2.132631506177526393e-02 2.132631506177526393e-02 2.132631506177526393e-02 2.132631506177526393e-02 -1.033038775409506754e-01 2.132951101004065310e-04 9.675205977684257427e-03 -3.762002542559202828e-03 2.132632519606076152e-02 2.132632519606076152e-02 2.132632519606076152e-02 2.132631506177526393e-02 2.132631506177526393e-02 2.132631506177526393e-02 2.132631506177526393e-02 2.132631506177526393e-02
2.505759145606878402e-02 2.505763595839638133e-02 2.505763595839638133e-02 2.505763595839638133e-02 -1.125229337699545501e-01 1.244234230087429109e-02 3.359936549452169092e-03 2.292553947090075761e-02 2.505762568456716341e-02 2.505755722757075851e-02 2.505755722757075851e-02 2.505764623222567211e-02 2.505762568456716341e-02 2.505762568456716341e-02 2.505755722757075851e-02 2.505759145606878402e-02
2.321000292399831577e-02 2.321004710465807142e-02 2.321004710465807142e-02 2.321004710465807142e-02 -1.083300033916956145e-01 1.122648935346288882e-03 -5.916790398163416197e-03 2.884470343159629621e-02 2.321000292399831577e-02 2.321004710465807142e-02 2.320996894801204483e-02 2.321004710465797774e-02 2.321000292399831230e-02 2.321004710465797774e-02 2.321000292399831230e-02 2.321003689998493366e-02
2.543061161952072172e-02 2.543063219513068407e-02 2.543057733998365863e-02 2.543063219513068407e-02 -1.132354922788553070e-01 1.302824221271314115e-02 2.262796511751759970e-02 5.911794151752923325e-03 2.543061161952072172e-02 2.543063219513068407e-02 2.543061161952072172e-02 2.543062190732557626e-02 2.543061161952072172e-02 2.543061161952072172e-02 2.543061161952072172e-02 2.543061161952072172e-02
2.223247571046595844e-02 2.223248587859608799e-02 2.223246554233590175e-02 2.223247571046595844e-02 -1.060318841037509729e-01 -2.770094565075102017e-03 5.023844629403553981e-03 1.248784088487541952e-02 2.223247571046595844e-02 2.223247571046595844e-02 2.223247571046595844e-02 2.223247571046595844e-02 2.223246554233590175e-02 2.223246554233590175e-02 2.223246554233590175e-02 2.223246554233590175e-02
2.263732074258277896e-02 2.263734110910321090e-02 2.263732074258277896e-02 2.263732074258277896e-02 -1.071139055916321137e-01 1.173049734174125107e-02 1.051713572438680092e-02 -3.804382716110065593e-03 2.263732074258277896e-02 2.263733092584287176e-02 2.263732074258277896e-02 2.263734110910321090e-02 2.263733092584287176e-02 2.263734110910321090e-02 2.263733092584287176e-02 2.263732074258277896e-02
2.337983962863552506e-02 2.337988383883780538e-02 2.337983962863552506e-02 2.337988383883780538e-02 -1.090192340104600560e-01 6.564509335984009333e-03 1.436204148222730223e-02 3.915993522609238428e-03 2.337987362781271741e-02 2.337987362781271741e-02 2.337987362781271741e-02 2.337990426088882440e-02 2.337987362781271741e-02 2.337988383883780538e-02 2.337987362781271741e-02 2.337988383883780538e-02
2.190108781635132645e-02 2.190113176950422152e-02 2.190112161375296074e-02 2.190113176950422152e-02 -1.049843711124855139e-01 -8.210461031514546676e-03 1.433980497333011382e-02 5.659990790172160502e-03 2.190113176950422152e-02 2.190113176950422152e-02 2.190108781635132645e-02 2.190113176950422152e-02 2.190113176950422152e-02 2.190113176950422152e-02 2.190113176950422152e-02 2.190113176950422152e-02
2.282527118583422762e-02 2.282531529959043806e-02 2.282530510930310189e-02 2.282530510930310189e-02 -1.076766080834482830e-01 4.545524891140609661e-03 9.798806595700718103e-03 5.634360023994244675e-03 2.282531529959043806e-02 2.282531529959043806e-02 2.282531529959043806e-02 2.282531529959043806e-02 2.282531529959043806e-02 2.282531529959043806e-02 2.282531529959043806e-02 2.282531529959043806e-02
2.284045774155469069e-02 2.284047812326264401e-02 2.284046793240854592e-02 2.284046793240854592e-02 -1.077138332573935875e-01 9.872436810257470552e-03 6.373446397154754889e-03 3.869397565079709701e-03 2.284045774155469069e-02 2.284046793240854592e-02 2.284045774155469069e-02 2.284047812326264401e-02 2.284042381601788380e-02 2.284047812326264401e-02 2.284045774155469069e-02 2.284046793240854592e-02
2.272830112235850117e-02 2.272836894283784478e-02 2.272830112235850117e-02 2.272833503259786073e-02 -1.072896736222874320e-01 1.553753875642211943e-02 -6.437768466021972710e-03 1.027070040948404456e-02 2.272836894283784478e-02 2.272836894283784478e-02 2.272833503259795093e-02 2.272838931616518593e-02 2.272836894283784478e-02 2.272838931616518593e-02 2.272836894283784478e-02 2.272830112235850464e-02
2.744520060654175031e-02 2.744524552550555233e-02 2.744520060654175031e-02 2.744523516212426378e-02 -1.165302641267053352e-01 1.869676875983947162e-02 1.371984612719902644e-02 2.394953001851739954e-02 2.744523516212426031e-02 2.744523516212426031e-02 2.744516605095968440e-02 2.744523516212426031e-02 2.744516605095968440e-02 2.744520060654175031e-02 2.744516605095968440e-02 2.744516605095968440e-02
2.197319947571182638e-02 2.197324344139064620e-02 2.197319947571182638e-02 2.197323328294562700e-02 -1.051369154419980606e-01 -1.090818551108663909e-02 1.073064067716564263e-02 1.271609252867692171e-02 2.197323328294562700e-02 2.197319947571182638e-02 2.197323328294562700e-02 2.197324344139064620e-02 2.197319947571182638e-02 2.197324344139064620e-02 2.197316566847837965e-02 2.197316566847837965e-02
2.476300018644522760e-02 2.476303437464714638e-02 2.476303437464714638e-02 2.476300018644522760e-02 -1.119347292470437016e-01 5.622165360147842253e-03 2.495234686317626682e-02 5.889415153216394708e-03 2.476304463744159051e-02 2.476304463744159051e-02 2.476304463744159051e-02 2.476304463744159051e-02 2.476304463744159051e-02 2.476304463744159051e-02 2.476304463744159051e-02 2.476304463744159051e-02
2.362868366558483132e-02 2.362871769874826805e-02 2.362868366558483132e-02 2.362871769874827152e-02 -1.095832110547376725e-01 1.449800939205494327e-02 1.084826933900552223e-02 1.640420462571359978e-03 2.362871769874826805e-02 2.362871769874826805e-02 2.362868366558483132e-02 2.362871769874826805e-02 2.362871769874826805e-02 2.362871769874826805e-02 2.362871769874826805e-02 2.362871769874826805e-02
2.065359325189861095e-02 2.065362687932611671e-02 2.065359325189861095e-02 2.065359325189861095e-02 -1.010445919270601262e-01 -5.148516929671690875e-04 -8.357783647482166763e-04 6.265731265601413337e-04 2.065359325189861095e-02 2.065359325189861095e-02 2.065355962447154234e-02 2.065359325189861095e-02 2.065355962447154234e-02 2.065359325189861095e-02 2.065355962447154234e-02 2.065355962447154234e-02
2.217673923565268573e-02 2.217677307064266912e-02 2.217673923565268573e-02 2.217673923565268573e-02 -1.059280532688178234e-01 2.182960916608038017e-03 8.793996960631161527e-03 3.165327686804535450e-03 2.217677307064266912e-02 2.217677307064266912e-02 2.217677307064266912e-02 2.217678323669179663e-02 2.217670540066322971e-02 2.217673923565268573e-02 2.217677307064266912e-02 2.217670540066322971e-02
2.177187025840227400e-02 2.177190403818732994e-02 2.177187025840227400e-02 2.177187025840227400e-02 -1.046911542551597907e-01 5.697156361193798707e-04 -2.245692783219386136e-03 1.211879897641277015e-02 2.177187025840227400e-02 2.177187025840227400e-02 2.177183647861766214e-02 2.177190403818732994e-02 2.177183647861766214e-02 2.177187025840227400e-02 2.177187025840227400e-02 2.177183647861766214e-02
2.273435831475002777e-02 2.273439222581186830e-02 2.273435831475002777e-02 2.273435831475002777e-02 -1.074063719027712749e-01 6.588867377851411605e-04 1.347931868404697239e-02 5.106671808582513572e-03 2.273432440368854113e-02 2.273435831475002777e-02 2.273432440368854113e-02 2.273435831475002777e-02 2.273432440368854113e-02 2.273435831475002777e-02 2.273435831475002777e-02 2.273435831475002777e-02
3.221521822649565242e-02 3.221525343822238124e-02 3.221521822649565242e-02 3.221521822649565242e-02 -1.220709829265672342e-01 2.872638213562597742e-02 2.867549815828361257e-02 3.043008553523091422e-02 3.221521822649565242e-02 3.221526398117071505e-02 3.221521822649565242e-02 3.221526398117071505e-02 3.221518301476947177e-02 3.221521822649565242e-02 3.221521822649565242e-02 3.221518301476947177e-02
2.198333651399217090e-02 2.198337032261245966e-02 2.198333651399217090e-02 2.198333651399217090e-02 -1.053753590836597892e-01 2.300304918002462652e-03 7.937636522880448658e-03 2.108491887130223546e-03 2.198337032261245966e-02 2.198337032261245966e-02 2.198333651399217090e-02 2.198337032261245966e-02 2.198332635516822217e-02 2.198337032261245966e-02 2.198333651399217090e-02 2.198337032261245966e-02
2.231179104721721027e-02 2.231186892514480311e-02 2.231180121831329716e-02 2.231183507172882635e-02 -1.062246353750781469e-01 1.058497683311360529e-02 1.010093979434284472e-02 -5.176409473131330860e-03 2.231183507172882635e-02 2.231183507172882635e-02 2.231180121831329716e-02 2.231183507172882635e-02 2.231180121831329716e-02 2.231183507172882635e-02 2.231183507172882635e-02 2.231183507172882635e-02
2.272916513574776282e-02 2.272920923280193420e-02 2.272917532244304872e-02 2.272920923280193420e-02 -1.074014824873803092e-01 4.404292503329592171e-03 1.779512874008443114e-03 1.299904531436332084e-02 2.272924314316117356e-02 2.272920923280193420e-02 2.272920923280193420e-02 2.272924314316117356e-02 2.272917532244304872e-02 2.272920923280193420e-02 2.272920923280193420e-02 2.272920923280193420e-02
2.295501023184163755e-02 2.295501023184163755e-02 2.295496609552865816e-02 2.295501023184163755e-02 -1.078650544351737323e-01 -7.309529467103044334e-04 7.580438023979473678e-04 2.140006616628468625e-02 2.295504417301801742e-02 2.295501023184163755e-02 2.295501023184163755e-02 2.295505436815600819e-02 2.295501023184163755e-02 2.295505436815600819e-02 2.295501023184163755e-02 2.295501023184163755e-02
2.304101676805649437e-02 2.304101676805649437e-02 2.304101676805649437e-02 2.304102696641115861e-02 -1.081859099638211308e-01 6.035271791066968913e-03 1.434021506126493747e-02 1.568472277439734172e-03 2.304102696641115861e-02 2.304102696641115861e-02 2.304101676805649437e-02 2.304106091933313255e-02 2.304101676805649437e-02 2.304102696641115861e-02 2.304101676805649437e-02 2.304101676805649437e-02
2.188541828275619022e-02 2.188541828275619022e-02 2.188541828275619022e-02 2.188541828275619022e-02 -1.050848184418901876e-01 7.147757325566216589e-03 -3.318535438580121012e-05 4.318165712245038666e-03 2.188538448749143689e-02 2.188538448749143689e-02 2.188538448749143689e-02 2.188538448749143689e-02 2.188537433232638080e-02 2.188538448749143689e-02 2.188538448749143689e-02 2.188537433232638080e-02
2.153248257439498853e-02 2.153250285836641464e-02 2.153249271638062179e-02 2.153250285836641464e-02 -1.036305323134112805e-01 -7.969548001583988059e-03 2.352653852342626375e-02 -6.946001098582340466e-03 2.153253660552842397e-02 2.153253660552842397e-02 2.153253660552842397e-02 2.153253660552842397e-02 2.153253660552842397e-02 2.153253660552842397e-02 2.153253660552842397e-02 2.153250285836641811e-02
2.632112615766053765e-02 2.632117088034507599e-02 2.632117088034507599e-02 2.632113647885550925e-02 -1.147875468787099146e-01 8.502263437227073478e-03 1.840174245335304826e-02 2.134151413717043019e-02 2.632117088034507946e-02 2.632117088034507946e-02 2.632113647885550925e-02 2.632120528183491334e-02 2.632113647885550925e-02 2.632120528183491334e-02 2.632113647885550925e-02 2.632117088034507599e-02
2.463477658115626606e-02 2.463481075182737470e-02 2.463476632316362672e-02 2.463477658115626606e-02 -1.117155925645600401e-01 1.081328675154773385e-02 3.856719516954791246e-03 2.064471594575496491e-02 2.463477658115626606e-02 2.463477658115626606e-02 2.463477658115626606e-02 2.463484492249865682e-02 2.463476632316353651e-02 2.463481075182737123e-02 2.463477658115626606e-02 2.463481075182737123e-02
2.406460569951273179e-02 2.406462617280776678e-02 2.406461593616016775e-02 2.406462617280776678e-02 -1.105002333006880610e-01 1.261281555642825188e-02 1.895061992730177544e-02 -8.099873357715718647e-04 2.406467050218655257e-02 2.406467050218655257e-02 2.406463640945552193e-02 2.406467050218654563e-02 2.406463640945552193e-02 2.406467050218654563e-02 2.406463640945552193e-02 2.406463640945552193e-02
2.133283551533273967e-02 2.133288950435030876e-02 2.133284564986394349e-02 2.133285578439513344e-02 -1.032430424046650308e-01 1.427173616603455777e-02 -3.672829345177686198e-03 -4.300957638406865784e-03 2.133285578439513344e-02 2.133288950435030876e-02 2.133284564986394349e-02 2.133288950435030876e-02 2.133285578439513344e-02 2.133288950435030876e-02 2.133285578439513344e-02 2.133288950435030876e-02
2.297184040596211840e-02 2.297184040596211840e-02 2.297183021019447505e-02 2.297184040596211840e-02 -1.078850065680541370e-01 6.537735190956561575e-03 -5.420975932907933816e-03 2.048660914029992730e-02 2.297183021019447505e-02 2.297187434944001488e-02 2.297182001442716823e-02 2.297187434944001488e-02 2.297183021019447158e-02 2.297187434944001488e-02 2.297187434944001488e-02 2.297182001442716823e-02
2.419008617097628128e-02 2.419013052219772322e-02 2.419009641232006819e-02 2.419009641232006819e-02 -1.108493875860184080e-01 7.767897645884864859e-03 1.365477555094805895e-02 1.014530624020384790e-02 2.419013052219772322e-02 2.419013052219772322e-02 2.419008617097628128e-02 2.419016463207582582e-02 2.419008617097628128e-02 2.419013052219772322e-02 2.419008617097628128e-02 2.419008617097628128e-02
2.232170203443430145e-02 2.232172237736781972e-02 2.232171220590093222e-02 2.232171220590093222e-02 -1.061008702841731571e-01 -1.112902466017687102e-02 1.304676815123242267e-02 1.390997775905906605e-02 2.232172237736781972e-02 2.232171220590093569e-02 2.232171220590093569e-02 2.232175623213659976e-02 2.232171220590093569e-02 2.232172237736782319e-02 2.232172237736782319e-02 2.232171220590093569e-02
2.360922395515608480e-02 2.360926820527380066e-02 2.360923417476288103e-02 2.360926820527380066e-02 -1.093854877518465191e-01 -1.170138080866266845e-03 2.628755161655868533e-02 2.111743937508657638e-03 2.360923417476288103e-02 2.360923417476288103e-02 2.360923417476288103e-02 2.360923417476288103e-02 2.360922395515599459e-02 2.360923417476288103e-02 2.360923417476288103e-02 2.360923417476288103e-02
2.184664426633624659e-02 2.184666457377356166e-02 2.184664426633624659e-02 2.184665442005477923e-02 -1.049660587259979572e-01 5.377821902471143899e-04 8.255520322395282912e-03 2.281109794095567862e-03 2.184665442005477923e-02 2.184665442005477923e-02 2.184664426633624659e-02 2.184669836375929472e-02 2.184665442005477923e-02 2.184666457377356166e-02 2.184665442005477923e-02 2.184665442005477923e-02
2.251273980244718545e-02 2.251279404048898980e-02 2.251276015965918489e-02 2.251279404048899327e-02 -1.067728180815077504e-01 1.650757817438838065e-02 1.944777802384826948e-03 -1.097570764159938638e-03 2.251274998105314701e-02 2.251274998105314701e-02 2.251273980244718545e-02 2.251274998105314354e-02 2.251274998105314354e-02 2.251274998105314354e-02 2.251274998105314354e-02 2.251274998105314354e-02
2.540473290817320956e-02 2.540475348184802196e-02 2.540474319501053943e-02 2.540474319501053943e-02 -1.132192646607855929e-01 1.203151520879379432e-02 9.718370951780600994e-03 1.950734179192362833e-02 2.540473290817320956e-02 2.540474319501053943e-02 2.540471233449904942e-02 2.540478775785505114e-02 2.540471233449904942e-02 2.540474319501053943e-02 2.540473290817321303e-02 2.540473290817321303e-02
