# ex_work for 8 qbits with connectivity c7 and unitary DM 22456848408256
-9.396235507879802107e-02 1.406706849968649420e-01 1.406706849968649420e-01 1.406706849968649420e-01 -9.396235507879802107e-02 1.406706690892610412e-01 1.406706690892610412e-01 1.406706690892610412e-01
-6.382556185570437135e-02 4.589088093498023407e-02 5.146291683702756276e-02 5.588689531663140059e-02 -8.556422360192243726e-02 4.985336874932263379e-02 6.865326408560941396e-02 7.301846987057214466e-02
-5.544871653627220925e-02 3.237464447807858470e-02 3.065232278900841684e-02 3.036752894695285074e-02 -6.220964083667589878e-02 4.588416527887268642e-02 2.071570187412899791e-02 4.429464548520552908e-02
-4.932837167012996821e-02 1.211789673191498995e-02 2.814689538629849136e-02 2.701212853507783257e-02 -5.025399399659690597e-02 3.917081809028875872e-02 2.734091073769931435e-02 2.088318702149706205e-02
-4.478209459490264249e-02 2.417122822239183705e-02 -5.083319686464285794e-03 2.047728833156521946e-02 -2.950073847340601088e-02 2.728435500255236082e-02 2.424079235584290434e-02 1.387645177062892844e-02
-4.447381264037517795e-02 2.517818899206416758e-02 -1.096146369851200460e-02 2.230255173451918885e-02 -2.544365205671323543e-02 1.756709991565684123e-02 1.745178653028595789e-02 2.783638643510244481e-02
-4.452701261057156329e-02 2.382598702534220736e-02 6.662843184790828363e-03 2.504313626601539083e-02 -2.210087961060825876e-02 1.117386476647012558e-02 3.781794434772606153e-03 2.080475883845449986e-02
-4.316073601554414746e-02 1.995110929039086919e-02 1.172300372424770268e-02 2.112472521341049111e-02 -2.305874538237103963e-02 1.457800143239833604e-02 4.986693950182880669e-03 1.652336576288639114e-02
-4.313965422727707860e-02 1.863617070127219361e-02 2.291586734534496565e-03 1.952795299143432473e-02 -2.340191064567652066e-02 1.803214289614342089e-02 2.081089827718063737e-02 1.047688490203405737e-02
-3.746275137330219718e-02 1.054067863835573410e-02 7.697480436784839668e-03 1.303311748427108015e-02 -2.455932594633404922e-02 1.577029762053154538e-02 1.854238539702660407e-02 1.448324341525970317e-02
-3.755115868679854974e-02 1.492320102191248103e-02 6.183488614691359450e-03 1.044930996591979765e-02 -2.488973704621578673e-02 1.839441328601678846e-02 1.817285915055397161e-02 1.277463867854999532e-02
-2.769405165803741700e-02 8.300141926655648511e-03 1.041663677981556971e-02 5.704107686332998174e-03 -2.543529166518128382e-02 1.111208400610505000e-02 1.908395332926543161e-02 1.083967835324685727e-02
-3.120337564197589800e-02 1.335395301114307952e-02 8.205998586058858499e-03 8.501259248111380992e-03 -3.015117938897324962e-02 1.419773134008226953e-02 2.030857335499773597e-02 1.365861160403751204e-02
-3.085616456432396099e-02 1.378836712296313723e-02 8.855837145833789573e-03 9.790520185063558700e-03 -3.069459705647424597e-02 1.374144990796400886e-02 1.497846926197187421e-02 1.715961760180493775e-02
-3.040721720462323877e-02 1.425834177534615783e-02 1.235028682397869976e-02 1.069704596873243679e-02 -3.500293100236676058e-02 1.439365199529526844e-02 1.381362105939502351e-02 1.922591803855063994e-02
-3.284828163195428752e-02 1.241839410871193108e-02 1.387872643243943938e-02 1.431078201595326234e-02 -3.439010128845929049e-02 1.804929211922627619e-02 1.226734855577783084e-02 1.673888880419862127e-02
-3.214907007637533148e-02 1.239182889278691267e-02 1.294054101158259931e-02 9.632861137071228874e-03 -3.233429520937589063e-02 1.445458455943783582e-02 1.617308342129799431e-02 1.747973865622708123e-02
-3.030442374809276876e-02 1.983466023342655288e-02 1.144775101166159610e-02 2.309136938132723676e-03 -3.498981406840373509e-02 1.130921748403981852e-02 2.071401407161323899e-02 2.000849599361808132e-02
-3.241954097961055603e-02 1.718389586851055625e-02 1.780936925525418088e-02 9.574939354161458166e-03 -3.398942230907106565e-02 1.039536101013696298e-02 1.661119590363217130e-02 1.485350980715994910e-02
-3.522753048226818368e-02 1.517098324927987005e-02 1.274291323008268535e-02 1.556561240024721855e-02 -2.929658470966202063e-02 1.276442688411597200e-02 1.734912964031053509e-02 9.722870280021170958e-03
-3.340036890714262463e-02 1.717557876849888990e-02 1.172400230522514103e-02 2.244377463527219910e-02 -3.096732852216972642e-02 6.007926447517814711e-03 1.689423122394331095e-02 9.322157348663396084e-03
-3.602418852973966051e-02 2.124009913603904995e-02 3.606201494505987658e-03 1.347916797470320553e-02 -3.206818617376649971e-02 1.253310236085508969e-02 2.265771685402707264e-02 1.668670274905299095e-02
-3.640005974190920618e-02 1.868591515971732356e-02 8.257300759883019758e-03 1.419644311068828275e-02 -3.292778070823113024e-02 1.279573492297886653e-02 1.686205846073726006e-02 2.087068069399685907e-02
-3.166053176880138237e-02 1.151652198934254197e-02 1.099567812795001868e-02 1.564785864574958982e-02 -2.995386590246409617e-02 1.785409636392935873e-02 1.568294205199859126e-02 6.884482229428834366e-03
-3.046188038466908152e-02 1.125782376699332836e-02 4.687407209657687250e-03 2.078642073818452382e-02 -2.942898114671972654e-02 1.314023900894662616e-02 1.823087409453687940e-02 8.174817237678318887e-03
-2.732485269286411347e-02 1.197495551274657677e-02 2.593959689203313625e-03 2.275179620232006816e-02 -2.763879987530017124e-02 1.168333789174710868e-02 1.612759935255470706e-02 3.942864753457096978e-03
-2.456556855952088392e-02 1.800609013529620023e-02 6.036669903768546695e-03 1.983999284446581052e-02 -3.460671360537482394e-02 9.954428747074958728e-03 1.552648306954064299e-02 6.267750638857792940e-03
-2.653701508560800740e-02 1.745126343144969699e-02 7.829032227037265382e-03 9.991349079216277698e-03 -2.911158786676375232e-02 9.963167215284153555e-03 1.499571029170340859e-02 8.923945264789394372e-03
-2.995375421079917583e-02 1.667904159390284219e-02 3.972997954577575652e-03 9.899041337458898415e-03 -2.618305994805324513e-02 1.144533516558088500e-02 1.313680363679538624e-02 1.495295273931194699e-02
-2.926701154421205986e-02 1.861132930823133913e-02 4.911648804017885702e-04 1.338568311718934048e-02 -3.135364014971211977e-02 1.384214618925645388e-02 1.488952840338213582e-02 1.638442288836453389e-02
-3.007003505937305352e-02 2.065315965170664778e-02 1.155525515437316004e-03 1.200727732324005474e-02 -3.199395654189984839e-02 1.374792459686717018e-02 1.278189738854280770e-02 1.976417020871671162e-02
-2.784201636667061469e-02 1.906596880020910642e-02 5.273196098134423290e-03 8.777169770397065182e-03 -3.061880129490195460e-02 1.442925046747685520e-02 9.181369948454396607e-03 1.714703385550074566e-02
-2.960237404272620179e-02 1.930031328774731159e-02 5.710803081243730900e-03 1.128537199416140661e-02 -3.386354888920372480e-02 1.601287975133073443e-02 8.283852037398675705e-03 2.163578839034592527e-02
-3.066333087787430703e-02 1.747036920751119174e-02 4.869556064167770634e-03 1.199934111718658873e-02 -2.793425902356229049e-02 1.964863150743366427e-02 4.365265016126381598e-03 1.606306003390255491e-02
-3.094248643258594444e-02 1.414921220145069422e-02 4.738373096522764324e-03 1.565077770500738347e-02 -2.625942532495008364e-02 2.396031264772782027e-02 2.426625500859754241e-03 1.179528898944944872e-02
-3.019080057623985472e-02 1.063080603291060439e-02 7.353692511271607730e-03 2.037919108352347769e-02 -2.840917040590906772e-02 2.080708254210550043e-02 5.789773750055442030e-03 9.423208822282305372e-03
-3.431771023027615358e-02 9.306710172655923569e-03 6.300542820721742425e-03 2.104055321550114821e-02 -2.360399017986309148e-02 1.956897145636965485e-02 4.935779246962530668e-03 1.279072111803869483e-02
-3.303967616277427022e-02 1.093866427729656143e-02 6.587995427757553472e-03 1.744377505382344734e-02 -2.364526846601269078e-02 1.615077674722066592e-02 9.667220227435694216e-03 1.042405392525617459e-02
-3.240978360548908699e-02 1.068027593770205612e-02 4.712736824085047085e-03 1.646471467847196446e-02 -2.264606239300788471e-02 2.148174716220423858e-02 1.057505808501939953e-02 5.394824405531413458e-03
-2.944185356103480589e-02 1.133032901599491035e-02 1.025715978626752165e-02 1.869362652181337167e-02 -2.729742330473107839e-02 1.602377559717613198e-02 6.851818241707999073e-03 7.836362963279729782e-03
-2.607804743080194623e-02 1.407715890592455173e-02 1.248809147109469775e-02 9.291660196852985498e-03 -2.901937653503198003e-02 1.428523344794082640e-02 8.890840510113708767e-03 9.104422013706170783e-03
-3.168009531838866105e-02 1.700708391016469284e-02 1.289312106365817466e-02 1.319486051100472734e-02 -2.619151494851120268e-02 1.167545772075528031e-02 7.099543829199454585e-03 1.075705534358399260e-02
-3.400518422077730002e-02 1.728676514042137846e-02 1.043778606119005747e-02 9.184901142413246650e-03 -2.775930799577025834e-02 1.654810139456890442e-02 1.045442403417919976e-02 1.500990465060283302e-02
-2.934091963570433642e-02 1.637870210488773237e-02 1.272569369964889410e-02 9.469581962904316530e-03 -2.933254701679514562e-02 1.277776181768739208e-02 8.770527281618664336e-03 1.354843398095819003e-02
-2.946604537914821256e-02 1.047089075009155663e-02 1.802659634764368357e-02 1.086461372615673236e-02 -3.175870983975764145e-02 1.164767859305760114e-02 7.654370540252383379e-03 1.941641840072668226e-02
-2.957974625251513431e-02 8.653733903964866761e-03 1.833344829118996322e-02 6.687908068426088801e-03 -2.750077204291611829e-02 1.525768031460093821e-02 6.225316361455106133e-03 1.653620174077517768e-02
-2.625714664911716137e-02 7.768434675716764937e-03 1.880000358859641035e-02 1.187316560505092579e-02 -3.359451142786337718e-02 1.685356093489356888e-02 5.722131211681386054e-03 1.524596113919868268e-02
-2.287936298755537459e-02 9.389438518589542787e-03 1.260198255566111203e-02 1.161559844446180025e-02 -3.278136061263649953e-02 1.704833700832646473e-02 5.587463721518406631e-03 1.338958189703914718e-02
-2.161218473355184383e-02 1.018210630548083487e-02 9.131786868549022010e-03 1.265748958613784579e-02 -3.395458913434711012e-02 1.187242331925090523e-02 1.307206353860659864e-02 1.253765411497351386e-02
-2.920178597150177927e-02 1.073919738644112630e-02 1.146666484536217577e-02 1.962256823791986779e-02 -3.190773262135312288e-02 7.140123721179401743e-03 1.501743958461560641e-02 1.384127917688325431e-02
-3.186317188895618213e-02 1.076768866627795737e-02 1.170417231593989631e-02 1.518709537618041089e-02 -2.781351965346714333e-02 1.060632591366694744e-02 1.406293280145621584e-02 1.290991041243627103e-02
-3.239733274731296936e-02 1.273479748220513429e-02 1.244391943083439887e-02 1.378461558473268594e-02 -2.493119698438505186e-02 1.245963961854576994e-02 1.048446668956711653e-02 9.801558766180154189e-03
-2.932226980775498940e-02 1.817014129653269500e-02 6.714014085669480977e-03 1.029349974981340517e-02 -2.662604423261228509e-02 1.493342549513277003e-02 1.075374909986184617e-02 8.827812204420934158e-03
-2.422791693899556745e-02 1.524865283283912201e-02 5.141261302858691519e-03 1.481418234463193449e-02 -3.039834824957875908e-02 1.041129982106933118e-02 1.195002707158165749e-02 1.016654481353349536e-02
-3.073258444416708882e-02 1.034135392142140723e-02 1.432100412029639787e-02 1.831602011998662710e-02 -3.052498144039603525e-02 1.270902148668928353e-02 8.923901466418117379e-03 1.324576969002546137e-02
-3.791809516952936859e-02 1.300861476675607524e-02 1.470297904320261306e-02 2.148948514391745696e-02 -3.431100642698277359e-02 2.073871392165738126e-02 9.773245581435510698e-03 1.708148781669558205e-02
-3.629917603793673953e-02 1.613729161487813951e-02 1.502562631962888785e-02 1.794217894484834153e-02 -3.739034507398174279e-02 1.964796921731822715e-02 1.330960272539834753e-02 1.692945508545784170e-02
-3.630002634390894212e-02 1.227877518040219364e-02 1.803678772881705042e-02 1.634412803580180887e-02 -3.407663297670122243e-02 1.775681452962111009e-02 1.288848877970935267e-02 1.581703600234429449e-02
-3.234395737221223283e-02 9.011751157258874462e-03 1.595828798171545354e-02 1.507044383805086415e-02 -3.036999101885937483e-02 1.389324168407037215e-02 1.645648610967908460e-02 9.841010748300757158e-03
-3.143703616933220951e-02 1.270416433711357013e-02 1.198416496035970523e-02 1.429791413371201900e-02 -3.133543529844860787e-02 1.906417044901356772e-02 5.582855722934335942e-03 1.695005120998673356e-02
-3.238308379306870793e-02 1.332391399114219062e-02 9.774963413396346029e-03 1.793105673189431329e-02 -3.451529245688735731e-02 1.552022601166294646e-02 1.480636386304661628e-02 1.579375853838969543e-02
-3.129077789551359956e-02 1.217741875353620454e-02 1.302396529408260395e-02 1.387280572067375872e-02 -3.329568465140426287e-02 1.408113043463169248e-02 1.630630768846537057e-02 1.366309473242245144e-02
-3.190302947295334257e-02 9.389638648192614664e-03 5.067001999120392987e-03 1.570715824372767230e-02 -2.609948266911826451e-02 1.198684424480296433e-02 2.092524917669467965e-02 1.022841291409688248e-02
-3.078464699212999159e-02 9.648382293797530193e-03 8.937978649917806273e-03 1.614696124585564621e-02 -2.508982729208251647e-02 1.220195921865586085e-02 1.488146863945417203e-02 7.742539666703488095e-03
-2.987045485320216978e-02 2.790438209196595062e-03 1.143128790395391177e-02 1.990666673572567130e-02 -2.666876799468149289e-02 1.723648421598209315e-02 8.962813160399768150e-03 1.075679874261751059e-02
-3.201775227138158042e-02 3.141411345650713983e-03 9.659048171911415598e-03 2.237494904983359373e-02 -2.797687451930262054e-02 1.902349272002219760e-02 1.632124382342391850e-02 6.486319426357745055e-03
-2.905015143013543050e-02 3.895776697492452350e-03 1.441130460962158216e-02 1.976751789057187500e-02 -3.093394727365945257e-02 1.286334695030869578e-02 1.383397547470501844e-02 1.144459217493058560e-02
-3.073823395791192709e-02 6.067073911970045572e-03 1.434070800304314448e-02 1.341879740727915625e-02 -3.122821339615714994e-02 1.330314237349072663e-02 1.582773712815953998e-02 1.612197213860568426e-02
-2.970472456915555434e-02 7.193814117908611458e-03 1.396171374080227082e-02 1.359039410674454246e-02 -2.726829601105765222e-02 7.850103532673756435e-03 1.521708547945508326e-02 1.332359850455969684e-02
-3.258147098487174098e-02 4.059066083642945064e-03 9.879781225694607774e-03 1.056058808421957845e-02 -2.503816786026484206e-02 1.060792816270386164e-02 1.910882413539611441e-02 1.868287005218246047e-02
-3.402927866268964235e-02 3.518922811413673080e-03 9.923483332746736718e-03 1.299407092636615906e-02 -2.383252188452415765e-02 8.624594932423602922e-03 1.988679626819517612e-02 1.870140294738769846e-02
-3.281886777742588218e-02 1.015090640861539099e-02 1.343590715747533006e-02 9.693928975938608666e-03 -2.415031531501084586e-02 6.074298291973909136e-03 1.377663075773500299e-02 1.848727216304298787e-02
-3.180617919853076514e-02 1.124275076359935316e-02 1.428214534163293505e-02 1.541742632028949775e-02 -2.724176538982273424e-02 7.951798025879874138e-03 9.948328210481185638e-03 1.557605919224400691e-02
-3.123462920623879327e-02 1.511909024422873095e-02 1.513947825853920702e-02 1.197703641538057188e-02 -3.691455789840129842e-02 1.480424783107046199e-02 1.682743540851439762e-02 1.545989244403911389e-02
-3.161801996393488745e-02 1.577125168847979056e-02 1.725691306820803170e-02 9.811065779717666191e-03 -3.473198930225970815e-02 1.370115185043179959e-02 1.633909386229030411e-02 1.336105505621523401e-02
-3.137360003475278547e-02 1.464343552368418608e-02 1.481293218935303239e-02 1.150231754848038412e-02 -3.377625682794285766e-02 1.796987524284352974e-02 1.250483838096222780e-02 1.272057008499743840e-02
-2.974463902212833716e-02 1.793190723320022342e-02 1.292116914920280260e-02 1.133794946118562262e-02 -3.280841838298655805e-02 1.814940542434270374e-02 7.806643626202170241e-03 1.198819490038763487e-02
-3.094434147598292342e-02 1.403811370808949639e-02 1.286714006621063507e-02 1.636750806235994643e-02 -2.994672067839744892e-02 1.849782415307142658e-02 5.479948744152692702e-03 1.027589387346409221e-02
-2.684457925157062927e-02 1.510483827989621101e-02 9.160846576952071454e-03 1.342040584318072126e-02 -3.048134786049431708e-02 1.661452055494142682e-02 1.108824234331751840e-02 6.399411603639530537e-03
-3.108410324922437906e-02 1.462265655626611080e-02 1.016989220188404749e-02 1.597128726013461938e-02 -2.831863077005839294e-02 1.699863475497603860e-02 1.324471490583698473e-02 4.206894657718714646e-03
-3.379112102957330249e-02 1.512959377401142461e-02 1.594806220574022590e-02 1.435538331141688988e-02 -3.199019355531973474e-02 2.332237201784190944e-02 8.196442946153381301e-03 8.821936797431147864e-03
-3.199860109422893173e-02 1.541988117244782672e-02 1.530920156817339867e-02 1.919416843645782231e-02 -3.441529364710253086e-02 2.133214051606242140e-02 4.795891391039760511e-03 1.094158421118183663e-02
-2.265185593517483886e-02 1.313055246192794401e-02 8.903593968986385498e-03 1.454514827554636951e-02 -3.241943802855055956e-02 1.891044101672064923e-02 7.640036253012651851e-03 5.796321958281481189e-03
-3.155044625531237823e-02 1.748425301239928120e-02 1.381345138860979975e-02 1.655159695413001286e-02 -2.789896815325343740e-02 1.641934944865942880e-02 2.995853686614123341e-03 8.315663315632338889e-03
-3.366503677523405291e-02 1.958266132030105425e-02 1.217128289992095054e-02 1.699137017706594394e-02 -2.480474145297121083e-02 1.229760349323268803e-02 2.034663995559896164e-03 1.135146005559889079e-02
-3.148615916980539164e-02 1.779015445444450186e-02 8.871647003756226099e-03 9.978252319338137485e-03 -2.690769930778614052e-02 6.476563613442689292e-03 1.186099179165250352e-02 1.874784012089846311e-02
-2.804831072098205869e-02 1.514684006930538084e-02 6.218299457220391804e-03 1.043570574884736431e-02 -2.648166650395629776e-02 6.432645054272146529e-03 1.102047302304585454e-02 1.837597628390861756e-02
-3.262743382510021467e-02 1.834103383923764083e-02 1.057000641868345407e-02 8.899101422100022876e-03 -2.407977983651085618e-02 7.332997738659713209e-03 7.685720476323692346e-03 1.857388175566553057e-02
-3.658555745284679944e-02 1.445860831925928694e-02 1.478573366304088837e-02 1.119145570747881978e-02 -2.064121784846384422e-02 1.672724268934289507e-02 1.442036700563257634e-03 1.463237306454796653e-02
-3.121758816065171513e-02 1.209491781539885104e-02 1.038020405249349964e-02 1.050845086017468052e-02 -2.358925263513327736e-02 1.690453012965143637e-02 5.648157909629154989e-03 1.255757944139775789e-02
-2.877358415958069723e-02 8.587610164877251470e-03 9.137398778960890283e-03 1.708023949788532378e-02 -2.702338943278159711e-02 1.948928314212174454e-02 6.610869349907873629e-03 8.772689969127384427e-03
-3.037935566972528936e-02 1.006992576994347743e-02 1.365212916567951767e-02 1.588961563655060666e-02 -2.647259295043943514e-02 1.156901977576148786e-02 8.442339393329155797e-03 1.125538382505329726e-02
-3.393705890046343904e-02 8.062281897406320397e-03 1.992277295381749552e-02 1.719063080608636968e-02 -2.723603738877061059e-02 1.896934155747896297e-02 9.124478917831548713e-03 5.365792924856795619e-03
-3.025942251814674536e-02 1.159846542359601121e-02 1.533096807593203360e-02 1.358529989464406923e-02 -2.838009504480449446e-02 1.854509531146830009e-02 8.815792051254904213e-03 6.053451190703398876e-03
-2.707792151135581318e-02 9.406105902349536779e-03 1.333219050553503121e-02 1.162777852928055002e-02 -3.099244161529418271e-02 2.001883140717846885e-02 9.843424025984722978e-03 8.790001317646527548e-03
-3.044045718248802879e-02 1.091198977652190621e-02 1.081263220666275893e-02 1.613990802911983644e-02 -2.521349717076210722e-02 8.652495967048574529e-03 1.214620287904732802e-02 1.041135663516524167e-02
-3.161426353306359682e-02 1.504185133981340156e-02 4.547013363695610877e-03 1.071219188380463649e-02 -2.591467528071082077e-02 7.058698363797440492e-03 2.232023448036546398e-02 1.309566653455400929e-02
-3.003617862074170822e-02 1.095391539313088879e-02 8.604893524605677219e-03 9.510686169065333748e-03 -2.829731962765236544e-02 1.190908636075826109e-02 1.827042658919727017e-02 1.400565455142761297e-02
-3.043607243677311225e-02 1.377829022926007480e-02 1.363590598257818573e-02 1.290469946512549579e-02 -3.301473785460724147e-02 1.072040004645939855e-02 1.972476726984581999e-02 1.070205186375520166e-02
-3.580538383693714771e-02 1.316463389836988566e-02 1.356280834208310922e-02 1.244721475333320990e-02 -2.393664377706826440e-02 6.227624923530687868e-03 2.277235680124206282e-02 8.468390420981053088e-03
-3.508577476856206828e-02 1.341399764629305075e-02 1.600763623615371334e-02 9.945674650257889035e-03 -3.086391691913870430e-02 8.929234016779604918e-03 2.166131556901599448e-02 1.598178236791072959e-02
