# ex_work for 8 qbits with connectivity c7 and unitary DM 23202137152192
-9.396235507879802107e-02 1.406706849968649420e-01 1.406706849968649420e-01 1.406706849968649420e-01 -9.396235507879802107e-02 1.406706690892610412e-01 1.406706690892610412e-01 1.406706690892610412e-01
-6.876912863727849268e-02 8.907362445492292280e-02 -3.274677316888548097e-03 8.907362445492292280e-02 -8.324397487252388483e-02 8.907362445492292280e-02 8.907363824335240432e-02 3.481477508644348351e-02
-4.477795380286900967e-02 5.029241511688219840e-02 -7.370577692808485504e-05 2.038064482660247381e-02 -5.314808764826976090e-02 3.252856879533405632e-02 3.611550359840211277e-02 1.718533940026181067e-02
-2.887213364372389832e-02 1.486522140825724363e-02 2.051112881533522728e-03 1.961065088830999878e-02 -3.835176725060077119e-02 1.116179840162713835e-02 3.237528204101015883e-02 1.032494002522908218e-02
-2.447282608355045436e-02 1.244660230751131955e-02 1.195277367973429736e-03 1.780174702045239296e-02 -3.531736003174231614e-02 1.356250621982392664e-02 2.187781787831176786e-02 1.016292990708262019e-02
-2.270681561539594079e-02 5.225264876486287492e-03 -3.237554290143940684e-03 2.238887464219607021e-02 -2.933347720199339093e-02 1.358949086275190732e-02 2.343497528093858515e-02 4.819125303814514837e-03
-2.892857009466737184e-02 1.546817508606370892e-02 -1.000228433317455626e-03 1.725699525870328863e-02 -2.723266139350554935e-02 1.200101381016041580e-02 2.373815205984413854e-02 4.074384142417725521e-03
-2.938919832315151776e-02 1.578305997195599691e-02 3.445725535740999049e-03 1.577787143204905859e-02 -3.045481515850698498e-02 1.264704691048387092e-02 2.399157771101921924e-02 5.060471155942568300e-03
-2.766047494660274844e-02 9.050543686024552573e-03 1.462880237111851070e-02 2.141614924948656920e-02 -3.455341608148265048e-02 1.035103187695946871e-02 1.382040338732460662e-02 1.060536846517952381e-02
-3.173422089018483605e-02 1.207144636440074352e-02 2.577379098253990142e-02 1.757871710195822376e-02 -3.689377192538178390e-02 1.391632097811939216e-02 1.111460388768705128e-02 1.036588309317635140e-02
-3.028262400066053517e-02 1.070877479559463955e-02 2.313730793600749652e-02 1.396707509856071928e-02 -3.466353547473224189e-02 1.349309005335588667e-02 1.234697330373239581e-02 1.060022409056016711e-02
-3.386705981902483897e-02 1.051195897048733292e-02 2.197765879797508939e-02 1.202864380538390572e-02 -3.650452750113187400e-02 1.924292884523454150e-02 1.302152227505919829e-02 1.666597264352244478e-02
-3.335112191916975166e-02 1.512352328713910919e-02 1.932282081233147389e-02 1.606839881385881130e-02 -3.703451649746007657e-02 1.813845992538619042e-02 9.026071990150173752e-03 1.567299728981402795e-02
-3.428141756032653670e-02 1.790391240472349529e-02 1.106056410470872969e-02 1.406413566932447970e-02 -3.298553982924523620e-02 1.557704062546637173e-02 8.768932706012935729e-03 2.065007682044913209e-02
-3.520862385546499884e-02 2.415587415063178908e-02 9.757531471755476540e-03 1.026947486680434771e-02 -3.035172855768180147e-02 1.724728735580669664e-02 6.302063049865609147e-03 1.810343930324133377e-02
-3.154911710245691947e-02 2.058264853158931623e-02 1.514105046275735118e-02 4.066648531130789487e-03 -3.377269329070557019e-02 1.553348248514506771e-02 1.208318595877937683e-02 1.768201818941454728e-02
-2.945773602475897784e-02 2.077019410522744011e-02 1.181043024320814483e-02 6.162590250797966504e-03 -3.158808416684928677e-02 1.105488707972196449e-02 1.091969152338723853e-02 1.719472273461860115e-02
-2.698512173154467633e-02 1.483295213121632768e-02 8.643496992820328198e-03 5.937979621847892103e-03 -2.727242400123454022e-02 1.213957672526494620e-02 1.185222002149891908e-02 1.351718076381707226e-02
-2.815389504047290450e-02 1.151637217396644930e-02 9.716664599285003423e-03 1.038776277847269780e-02 -2.824708340142085411e-02 8.751181683943331027e-03 1.812768009498558208e-02 1.170027340665895886e-02
-3.020857413902879388e-02 1.279883971755575722e-02 9.430951317486217789e-03 1.040493575299123244e-02 -2.543663889869891490e-02 1.382830077884828965e-02 1.561249390963386288e-02 7.047441101377915386e-03
-3.054728574009160300e-02 1.131775746188293241e-02 7.733997291299477862e-03 1.023271440579907182e-02 -2.533353780178462106e-02 1.398335274310025592e-02 1.747907721635401368e-02 8.828663540928991318e-03
-2.832357585956464530e-02 1.145199953653603525e-02 6.020184948454792608e-03 7.868776334580539558e-03 -2.250627732056985353e-02 1.165458309577542886e-02 1.615851452136042588e-02 8.848318524388078948e-03
-2.949433539552475877e-02 1.139816472608372842e-02 6.063607106484801383e-03 1.099732312488234040e-02 -2.394763663195309533e-02 1.192554394817939636e-02 1.184291784542741179e-02 1.350596554123311213e-02
-2.549248489024289258e-02 6.127405682485874937e-03 5.615302335537945486e-03 1.207012211044851749e-02 -2.764506859704870395e-02 1.656992805921478004e-02 1.148543280489581001e-02 1.356535728075834724e-02
-2.412922679416328736e-02 7.581491233103322333e-03 5.704824906745034792e-03 1.147813500532219970e-02 -2.315955350326614690e-02 1.305943586206522941e-02 1.301233643368156397e-02 5.873742987736872700e-03
-2.697440000454039144e-02 9.936835456875065323e-03 7.518755843508130761e-03 1.125286806451387608e-02 -2.504725081308182416e-02 1.144640202832172826e-02 1.515329653323908149e-02 8.196083474008188444e-03
-2.829630417746220247e-02 7.254914814873663666e-03 3.866899767014033915e-03 1.936138500889136513e-02 -2.232509516316677489e-02 1.112089942464741972e-02 1.359567895230569430e-02 6.932611538180853163e-03
-2.870057369741713105e-02 1.319284551960995568e-02 5.201429135602056095e-03 1.948258285518094171e-02 -2.010170697706436735e-02 8.246293063605235688e-03 1.123297912507553904e-02 2.435197331774546260e-03
-3.253432186153641659e-02 1.683930902967237242e-02 5.733226716725319839e-03 2.328556481109687881e-02 -2.407935590778959370e-02 4.612484410143096597e-03 1.305277845062049157e-02 8.298675844420818140e-03
-3.165246868822936543e-02 1.381343991694446681e-02 6.323253759060770002e-03 1.404350725678560861e-02 -2.758900481276271854e-02 1.069062301414666800e-02 1.201537798416302087e-02 1.793730494839020084e-02
-2.424786473841977069e-02 4.735661627437071433e-03 7.265154490806819895e-03 1.258539945050191240e-02 -2.934964670570847783e-02 1.042983591673160050e-02 1.131844645721577329e-02 2.010261098467729102e-02
-2.513609617087923798e-02 1.000408965957236967e-02 5.650368524870314976e-03 8.278310564510043407e-03 -2.990650747276782720e-02 1.031467541120331330e-02 1.310965356744075300e-02 2.128441784911325879e-02
-2.838496344285864476e-02 7.086321435761797766e-03 4.337560417395963999e-03 1.646662028888381049e-02 -2.861167524149009142e-02 8.505000749842573857e-03 1.714833100323505041e-02 1.817037847322261479e-02
-2.774082897226229361e-02 1.076934242592708472e-02 7.301200483196499183e-03 1.304784294772279654e-02 -2.708892426495159919e-02 8.258912560606190140e-03 1.743029047605409998e-02 1.103778248480052730e-02
-2.871786423647658404e-02 1.388663174442431557e-02 4.793097608035196480e-03 1.467635640902126802e-02 -3.118128403142621935e-02 1.512574194069121053e-02 1.715112903477579095e-02 1.030261573428032686e-02
-2.835527973466556509e-02 8.115630297694340078e-03 1.612406062392467750e-03 1.028660388258367114e-02 -2.805158761715131205e-02 2.011434541983097776e-02 1.897544524467904836e-02 1.198648721031047096e-02
-2.868846582992709907e-02 6.676908831893194583e-03 9.772796909697590087e-03 3.325656446162558906e-03 -2.488682334262657531e-02 1.469875577208091914e-02 1.816473293518746507e-02 1.378523635470252882e-02
-2.782862649827167606e-02 9.424811184185789836e-03 1.498027655664352711e-02 1.306144219773532761e-02 -3.333727910794431065e-02 1.169478208236779219e-02 1.618182599352740655e-02 1.240835519270759926e-02
-3.037564473518449340e-02 1.062924907396279282e-02 8.858868987402415685e-03 1.275179358293023271e-02 -3.142960716178679059e-02 1.295999784228348169e-02 1.840456559070237710e-02 1.515666627308656818e-02
-3.174057595167054102e-02 8.333554881544573412e-03 9.163395855633138520e-03 1.200445304146636333e-02 -2.643896198328004807e-02 1.841550270931503058e-02 1.361109987904758276e-02 1.162545213666462893e-02
-3.225853650837048198e-02 8.815285902467755869e-03 1.197220156930688638e-02 9.725986551942551392e-03 -2.806780539506736200e-02 1.820456569558526541e-02 1.561860752435310744e-02 1.215994506825235702e-02
-3.376511498519049748e-02 1.157519951685361329e-02 1.231510174108750751e-02 1.569867432967004400e-02 -2.841015573590582530e-02 1.806539413106620154e-02 7.072046181601974145e-03 1.486451378545325559e-02
-3.669645769434322358e-02 1.230974777886761559e-02 1.478657727960724574e-02 1.725917588125625013e-02 -3.053950699794208759e-02 1.427294413263897194e-02 9.460489498416282950e-03 1.995819176385814006e-02
-3.849160868419479464e-02 8.909193617994389316e-03 1.795793165622629889e-02 2.158537938651826360e-02 -3.458476122835763000e-02 1.824316242686542522e-02 7.297726308211896148e-03 2.500376266993079716e-02
-3.499610517826710204e-02 1.728078079061414613e-02 2.346331701349213539e-02 2.176937954705505593e-02 -3.529048333545006105e-02 1.271037779373041660e-02 5.652458449785354756e-03 1.293365987696466421e-02
-3.339643200157828284e-02 1.500302411256339112e-02 1.837645073055083414e-02 1.493986696801875153e-02 -3.326615479771423411e-02 9.432345663772108424e-03 1.509927814277434686e-02 1.389040717023086978e-02
-3.400369016473540201e-02 1.429929577766836032e-02 1.977594189018013621e-02 1.965938053297814486e-02 -3.320423015441944375e-02 8.934508642752369417e-03 1.219478110168124158e-02 1.304130695800610404e-02
-3.385781090750370620e-02 1.271632350986175164e-02 1.539323038313908029e-02 1.937254502554165356e-02 -2.957322246079545705e-02 9.285655719043078848e-03 1.107391443694656467e-02 1.369207696167681378e-02
-3.137962797753326982e-02 9.974538158635639154e-03 1.890666844646252467e-02 1.510696387069177318e-02 -2.962655246508675080e-02 1.154804140046368152e-02 1.521207055312745644e-02 6.903434184141139796e-03
-3.716389616889384517e-02 4.916947056625874633e-03 1.523414271207824099e-02 2.004223129838799550e-02 -2.404804489211670449e-02 1.517876286663782243e-02 1.125216974120520769e-02 1.240866612155351947e-02
-3.543705648033497468e-02 4.783288213300108602e-03 1.846226468395999534e-02 1.672033559897028593e-02 -2.354941168708496457e-02 1.133243880923966683e-02 1.256985659865545064e-02 1.137379999962773690e-02
-3.128748418354298372e-02 4.979016187648277296e-03 1.531607301422164766e-02 1.697732121590661558e-02 -2.790744846320271019e-02 1.398522937337409039e-02 1.220485190194351040e-02 1.132810778434468167e-02
-3.438170510867723240e-02 2.437349745830028926e-03 1.498530381511347341e-02 1.702318333893865568e-02 -2.487198247286063688e-02 1.347987563765244701e-02 1.525706382484614924e-02 1.234341163317493814e-02
-2.945474985555443515e-02 4.678776979753516974e-03 1.517308969740752134e-02 1.206692321184534532e-02 -2.845938305614857319e-02 1.620537513702732108e-02 1.361008309294574337e-02 1.097327593382432624e-02
-2.942195114241403717e-02 5.838094232744348369e-03 1.471362698164375808e-02 5.876084689599093275e-03 -2.730287100715881807e-02 1.394341620499033388e-02 1.949982562317896170e-02 1.126866713395069212e-02
-3.225208309277655810e-02 7.158154667507327096e-03 1.167420261596730131e-02 1.183390011591358391e-02 -2.965381790965023606e-02 1.554511521070773075e-02 2.093344962503407639e-02 1.204197297048071810e-02
-2.854940996725750801e-02 4.602325618269111247e-03 5.755689163789124221e-03 1.771906614614199293e-02 -2.898320512574348654e-02 1.850146425954159873e-02 1.389877658729268654e-02 1.203905307906845586e-02
-2.740398093230006493e-02 1.046750540478379871e-02 6.257162870110583551e-03 1.816711785781819841e-02 -2.848120893497565337e-02 1.565696383648782983e-02 1.038431632196348126e-02 8.685690900436342926e-03
-2.515823906126665732e-02 1.159557675734802437e-02 5.285619680812043975e-03 1.545620308071314272e-02 -3.094276016584110098e-02 1.582655402530688121e-02 7.206978528491044499e-03 1.475706013414936763e-02
-3.034382595130449140e-02 1.229684033524490808e-02 9.932367819507783788e-03 2.062467134950734041e-02 -3.017144011037638934e-02 8.136603194079144313e-03 1.241926632525033880e-02 1.342636942396828979e-02
-3.193088432900972190e-02 1.508416391830473026e-02 9.590111324543628205e-03 2.153149555967023149e-02 -3.056744746741346316e-02 1.003635787795117452e-02 1.279708090348088620e-02 1.104915980056477703e-02
-2.918513882311648058e-02 2.037929480430513904e-02 1.012800063856940727e-02 1.882338354886643056e-02 -3.296679497661712810e-02 1.038280398078385812e-02 1.407801736492574930e-02 6.049173528309448843e-03
-2.815916408281864819e-02 1.364150378528747494e-02 1.470944768002640894e-02 9.177770555149246043e-03 -3.348330375681429077e-02 1.577635912492113268e-02 1.362518447621808952e-02 1.157821483173146308e-02
-2.787553086713494971e-02 5.864547615814729407e-03 1.826612447489659591e-02 1.551406429003704228e-02 -3.257057927844453360e-02 1.605899260053035224e-02 1.278624120788674282e-02 8.468884108802119531e-03
-3.069534400323894324e-02 8.668923567957211029e-03 1.998231989613962617e-02 1.277874779472160972e-02 -3.130331716762629196e-02 2.012080869771798106e-02 1.266794928459566948e-02 5.409278628163726767e-03
-3.024714202594044887e-02 5.922671599348379966e-03 2.113334794247891460e-02 1.367529569298371085e-02 -3.048654679034485879e-02 1.709686775893218269e-02 1.362863853458748907e-02 6.154751309273712515e-03
-3.045100793394110716e-02 1.712237029032346106e-02 1.807637876489946033e-02 1.428294314073489356e-02 -3.163835238122044563e-02 2.134507088264095409e-02 5.169064865432440245e-03 4.162908590202298378e-03
-2.757186029234494004e-02 1.249003122601543593e-02 1.616187224802709613e-02 1.913060433090867790e-02 -3.261546953976877938e-02 1.363378820850189542e-02 6.989287867739541089e-03 8.118959033847714807e-03
-2.561943648238254947e-02 6.263976381278748250e-03 1.206487842854862130e-02 1.494347568058779566e-02 -2.624128114063964054e-02 1.260311820761436837e-02 9.257490034653920521e-03 8.184171694406577879e-03
-2.794466027546832487e-02 1.253972219931806346e-02 1.505476478484333962e-02 1.247007953210302333e-02 -3.220241263162575140e-02 1.183866522548934069e-02 1.359473048550950171e-02 1.047592725791677074e-02
-2.927639220339060128e-02 1.580015486676726935e-02 1.818072305604526845e-02 6.471127670698048444e-03 -3.319472620815129560e-02 1.456990836961044242e-02 1.370930709556165625e-02 1.131490285118699583e-02
-2.690559030479044295e-02 1.441503824771450844e-02 1.085722105928539974e-02 1.121950873956794291e-02 -3.071216479632274746e-02 1.391166054288448320e-02 1.520913650823868188e-02 6.536420416084853455e-03
-3.222085516424570001e-02 1.729297894154469689e-02 1.328896711610469926e-02 1.160137114731117983e-02 -3.249289362331168884e-02 9.075817742164106125e-03 1.623591280790164307e-02 1.601190530914861285e-02
-2.798340026695290625e-02 1.317878149414794531e-02 1.231484989181630581e-02 1.134858938375993970e-02 -3.516001148619857242e-02 9.515306488086589659e-03 1.725441088842524784e-02 1.758256482558134826e-02
-2.593299635403791686e-02 5.354151484353388696e-03 2.170504874259187103e-02 1.242187213407936960e-02 -3.519554302037481569e-02 4.945830663567274063e-03 1.586475910552148996e-02 1.868019780149990372e-02
-2.698048278686561788e-02 6.358233400863512116e-03 2.032320755386329836e-02 1.188660199972203964e-02 -3.343864684599454073e-02 8.348127715184568143e-03 1.385938217627525650e-02 1.631562476649760229e-02
-2.696736008844119112e-02 7.375619232649459518e-03 1.303694542395509616e-02 2.197083921313096669e-02 -3.615738409404428699e-02 6.960087738755551742e-03 1.325289682627683353e-02 1.936363523229596428e-02
-2.883909908933734653e-02 5.147871535168475551e-03 1.600663942027327757e-02 2.362976007107015289e-02 -3.489063469109746074e-02 1.198905818081474374e-02 1.020515741675915092e-02 1.576778107913713936e-02
-3.244799882027735866e-02 9.165031713062920041e-03 2.047884649054982145e-02 1.867708177370590999e-02 -3.599424236203553618e-02 1.130226112978766420e-02 1.268809218145848690e-02 1.783482681778414056e-02
-2.864256622490174431e-02 9.212529280259866213e-03 1.989545809651421457e-02 1.432242115107470667e-02 -3.820906966706159175e-02 1.255696803218266967e-02 1.344491861623442822e-02 1.830132629572187031e-02
-2.782942012440885529e-02 1.401171490894737026e-02 1.532778723995640961e-02 6.985195945359243611e-03 -3.122242217605676606e-02 1.539916076097663615e-02 5.793949752311787146e-03 1.717665952919760625e-02
-2.736964914726561574e-02 9.932335490093535668e-03 1.610709776371711116e-02 8.748601624182486894e-03 -2.679870149038258639e-02 1.391606499360769841e-02 3.251658848874539390e-03 1.514073046921320977e-02
-2.730286407544882735e-02 1.308053847083514611e-02 1.319396728711378329e-02 7.926597817601030785e-03 -2.404927575115856433e-02 1.242199067300980841e-02 2.796529920130728410e-03 1.339395178100181646e-02
-3.268214346635013590e-02 1.468280800475546370e-02 1.111833076857886293e-02 1.016140206759251659e-02 -2.482120976018163672e-02 1.352364892406702698e-02 7.473989884170398681e-03 1.520902685338957130e-02
-2.792038091567999869e-02 1.291322597236285730e-02 1.077342457690941800e-02 6.249644020847237511e-03 -2.746427838239208150e-02 1.943180306489064590e-02 6.720718900844200108e-03 1.284231874428153584e-02
-2.964042738794442355e-02 1.491411244567614376e-02 1.467830936496945619e-02 4.563019266428281102e-03 -3.009374064689765427e-02 1.615702943972121761e-02 5.039198571112482768e-03 2.081854324895020258e-02
-2.897728828670767531e-02 1.806671173507160000e-02 1.919276718550474992e-02 9.067750648409903316e-03 -3.317357682209538805e-02 1.336761503115414286e-02 3.146717925735740065e-03 1.723064828781836061e-02
-3.470712154297812130e-02 1.581580186534099416e-02 1.959962211204307331e-02 8.690386800334829256e-03 -3.424955049783772604e-02 1.435335388544147113e-02 1.070630040156230790e-02 2.190561886122151941e-02
-2.700749112876965966e-02 1.282387243680799607e-02 1.302974672123044346e-02 1.267234457852987189e-02 -3.737300549163677377e-02 1.827507209154660348e-02 1.079675099593361935e-02 1.586828098568714845e-02
-2.757110946657044190e-02 1.440818766714754839e-02 1.652094054582728053e-02 1.570246543980618331e-02 -3.759247271581304950e-02 1.938818497973231192e-02 9.039745997944818867e-03 9.885153453987388303e-03
-2.602774736464066874e-02 1.267736048304506959e-02 9.221898418119701263e-03 1.179011152325579528e-02 -3.367453487005029472e-02 1.914138100787615010e-02 7.949896235225014512e-03 1.501534124149426185e-02
-2.799971183352413864e-02 8.873277162835617113e-03 1.108273021413881503e-02 1.385970159565386509e-02 -3.225852350398671076e-02 1.940356354838145003e-02 1.058376124696762573e-02 1.260540598136076183e-02
-3.150046748799764651e-02 1.045725211781685371e-02 1.704009139305318055e-02 1.121291132499037217e-02 -3.235081836654368770e-02 1.755911931425246930e-02 1.509965986605503983e-02 1.072399723035026044e-02
-3.210859373496464247e-02 4.561552159738280730e-03 1.469203826601610252e-02 2.045490605976750878e-02 -3.152538005259809123e-02 1.464672273374385998e-02 1.522598891335087863e-02 1.254213406896853393e-02
-3.244934350517693356e-02 4.533294822359613778e-03 8.157516951977056285e-03 1.746582894717910173e-02 -2.963298900362467542e-02 1.627816999011668514e-02 2.043079138467878558e-02 1.297073441503622526e-02
-2.836676528985039580e-02 1.508902851953453257e-02 5.010288526716723950e-03 3.914352214300076231e-03 -2.681555933652585502e-02 1.708897260871439228e-02 1.847803193901380661e-02 9.435470476232324030e-03
-3.359598841549440301e-02 7.593996413024571568e-03 7.493983210767093950e-03 1.638108552915462646e-02 -2.812281627764299033e-02 2.109203778258626413e-02 1.973613152762939207e-02 7.211850650606175389e-03
-3.201606185047715936e-02 1.238621151141245692e-02 1.133381178320428360e-02 1.392086428770681478e-02 -3.321567691778355702e-02 1.879254381907387306e-02 1.755082440381464798e-02 1.042680298270712291e-02
-2.673423496178428324e-02 1.219308854227314949e-02 8.841702866242646952e-03 9.238647474186591907e-03 -3.225585305147818382e-02 9.090446882213391172e-03 2.392365195921913879e-02 1.160428545049466131e-02
-2.688337868519701315e-02 1.195807272988145230e-02 9.876721820175942551e-03 7.715102977508790649e-03 -2.755899108023205854e-02 8.385302707297674282e-03 2.205743237159920114e-02 7.649372434233128390e-03
-2.969890462494794575e-02 1.170753480281407945e-02 9.295093097909167684e-03 1.323002322780294886e-02 -3.264390260375207853e-02 1.390101390365654915e-02 1.765302805822001331e-02 1.380234495517096080e-02
