# pops for 8 qbits with connectivity c7 and unitary DM 22456848408256
3.999999761581420898e-01 1.999999880790710449e-01 1.999999880790710449e-01 1.999999880790710449e-01 3.999999761581420898e-01 2.000000029802322388e-01 2.000000029802322388e-01 2.000000029802322388e-01
3.289471864700317383e-01 2.274636030197143555e-01 2.233866006135940552e-01 2.202025800943374634e-01 3.558904528617858887e-01 2.245565354824066162e-01 2.112641036510467529e-01 2.082888931035995483e-01
3.110698461532592773e-01 2.295473814010620117e-01 2.308861017227172852e-01 2.311082780361175537e-01 3.187985420227050781e-01 2.193189263343811035e-01 2.387726753950119019e-01 2.204981446266174316e-01
3.019689023494720459e-01 2.435297071933746338e-01 2.305418848991394043e-01 2.314366102218627930e-01 3.029797673225402832e-01 2.220332026481628418e-01 2.311770021915435791e-01 2.363328039646148682e-01
2.952995896339416504e-01 2.319336533546447754e-01 2.566213309764862061e-01 2.349025905132293701e-01 2.795931696891784668e-01 2.294621467590332031e-01 2.318781316280364990e-01 2.403093278408050537e-01
2.948791086673736572e-01 2.310394048690795898e-01 2.618433833122253418e-01 2.333388179540634155e-01 2.755134105682373047e-01 2.371782809495925903e-01 2.372726052999496460e-01 2.289349138736724854e-01
2.946175038814544678e-01 2.318013310432434082e-01 2.459660768508911133e-01 2.308304756879806519e-01 2.719649970531463623e-01 2.421540915966033936e-01 2.484356760978698730e-01 2.342297583818435669e-01
2.930331826210021973e-01 2.347859293222427368e-01 2.415597885847091675e-01 2.338364571332931519e-01 2.727512717247009277e-01 2.391857802867889404e-01 2.472647875547409058e-01 2.375826239585876465e-01
2.930476069450378418e-01 2.358911037445068359e-01 2.496258020401000977e-01 2.351657748222351074e-01 2.731187641620635986e-01 2.363837659358978271e-01 2.341264486312866211e-01 2.426405400037765503e-01
2.867580652236938477e-01 2.422182559967041016e-01 2.446190267801284790e-01 2.401349395513534546e-01 2.738694548606872559e-01 2.378695011138916016e-01 2.355986386537551880e-01 2.389318495988845825e-01
2.868766188621520996e-01 2.385955899953842163e-01 2.459356188774108887e-01 2.423224449157714844e-01 2.742177248001098633e-01 2.357467412948608398e-01 2.359274923801422119e-01 2.403775453567504883e-01
2.765228748321533203e-01 2.437000870704650879e-01 2.419145405292510986e-01 2.459101080894470215e-01 2.743122577667236328e-01 2.413309663534164429e-01 2.347495704889297485e-01 2.415593713521957397e-01
2.803218364715576172e-01 2.397789359092712402e-01 2.440984547138214111e-01 2.438484132289886475e-01 2.792727351188659668e-01 2.390789389610290527e-01 2.340745478868484497e-01 2.395259290933609009e-01
2.799693942070007324e-01 2.394125759601593018e-01 2.435428202152252197e-01 2.427541911602020264e-01 2.798082232475280762e-01 2.394514977931976318e-01 2.384275346994400024e-01 2.366335093975067139e-01
2.797043621540069580e-01 2.392050772905349731e-01 2.407907694578170776e-01 2.421739995479583740e-01 2.843294143676757812e-01 2.390930652618408203e-01 2.395736426115036011e-01 2.351293563842773438e-01
2.822265625000000000e-01 2.408114373683929443e-01 2.395970821380615234e-01 2.392391264438629150e-01 2.837847471237182617e-01 2.361654341220855713e-01 2.409374266862869263e-01 2.372379302978515625e-01
2.813928127288818359e-01 2.407032400369644165e-01 2.402461320161819458e-01 2.430161237716674805e-01 2.815788388252258301e-01 2.389897406101226807e-01 2.375722676515579224e-01 2.365005612373352051e-01
2.796639800071716309e-01 2.346968799829483032e-01 2.416066378355026245e-01 2.493907958269119263e-01 2.843781113624572754e-01 2.417226135730743408e-01 2.339847683906555176e-01 2.345559149980545044e-01
2.817649543285369873e-01 2.368429154157638550e-01 2.363311946392059326e-01 2.431650459766387939e-01 2.833484411239624023e-01 2.424746006727218628e-01 2.373125106096267700e-01 2.387600243091583252e-01
2.845205962657928467e-01 2.384134083986282349e-01 2.404263615608215332e-01 2.380879819393157959e-01 2.785637974739074707e-01 2.404084205627441406e-01 2.366231530904769897e-01 2.429559677839279175e-01
2.826901376247406006e-01 2.367871105670928955e-01 2.412984073162078857e-01 2.325134128332138062e-01 2.802474498748779297e-01 2.461298108100891113e-01 2.370176911354064941e-01 2.433156371116638184e-01
2.855597734451293945e-01 2.336865514516830444e-01 2.483956813812255859e-01 2.400397062301635742e-01 2.815537452697753906e-01 2.408268153667449951e-01 2.325455695390701294e-01 2.373917996883392334e-01
2.859660983085632324e-01 2.357791662216186523e-01 2.444415241479873657e-01 2.394666373729705811e-01 2.824399173259735107e-01 2.406298518180847168e-01 2.372697889804840088e-01 2.340066879987716675e-01
2.807867527008056641e-01 2.413185238838195801e-01 2.417547255754470825e-01 2.378886044025421143e-01 2.790841460227966309e-01 2.360785603523254395e-01 2.378597110509872437e-01 2.452286183834075928e-01
2.795446217060089111e-01 2.414902448654174805e-01 2.470630258321762085e-01 2.336506545543670654e-01 2.785181701183319092e-01 2.399192750453948975e-01 2.357260584831237793e-01 2.440875768661499023e-01
2.762784659862518311e-01 2.407272458076477051e-01 2.487055063247680664e-01 2.319043576717376709e-01 2.765869796276092529e-01 2.409709542989730835e-01 2.372856885194778442e-01 2.475403547286987305e-01
2.737571001052856445e-01 2.359178960323333740e-01 2.459154129028320312e-01 2.344253212213516235e-01 2.837207913398742676e-01 2.425929158926010132e-01 2.379521131515502930e-01 2.457180470228195190e-01
2.754713892936706543e-01 2.361651510000228882e-01 2.441829890012741089e-01 2.423556596040725708e-01 2.780054211616516113e-01 2.423793822526931763e-01 2.381837666034698486e-01 2.432558238506317139e-01
2.788712382316589355e-01 2.368284463882446289e-01 2.475101649761199951e-01 2.424637973308563232e-01 2.751557826995849609e-01 2.411658316850662231e-01 2.397547215223312378e-01 2.382495403289794922e-01
2.783996462821960449e-01 2.354577332735061646e-01 2.507392168045043945e-01 2.397571355104446411e-01 2.804766297340393066e-01 2.393782138824462891e-01 2.385112494230270386e-01 2.372796982526779175e-01
2.792696952819824219e-01 2.338731884956359863e-01 2.502326369285583496e-01 2.409781813621520996e-01 2.811910510063171387e-01 2.395292520523071289e-01 2.403322160243988037e-01 2.345932871103286743e-01
2.768835723400115967e-01 2.349789738655090332e-01 2.464936971664428711e-01 2.435109913349151611e-01 2.796340584754943848e-01 2.387832105159759521e-01 2.431695163249969482e-01 2.365454435348510742e-01
2.788577377796173096e-01 2.350223809480667114e-01 2.463527917861938477e-01 2.416343092918395996e-01 2.831270396709442139e-01 2.377104610204696655e-01 2.441623061895370483e-01 2.331324070692062378e-01
2.797045707702636719e-01 2.363067716360092163e-01 2.468659579753875732e-01 2.408294081687927246e-01 2.770005464553833008e-01 2.345315814018249512e-01 2.472992539405822754e-01 2.374613285064697266e-01
2.799588441848754883e-01 2.390169799327850342e-01 2.469544112682342529e-01 2.377765178680419922e-01 2.753331661224365234e-01 2.310349941253662109e-01 2.489487975835800171e-01 2.409757375717163086e-01
2.792309820652008057e-01 2.419723272323608398e-01 2.447408735752105713e-01 2.339363545179367065e-01 2.774656713008880615e-01 2.335902601480484009e-01 2.460744678974151611e-01 2.429884970188140869e-01
2.833951413631439209e-01 2.431064546108245850e-01 2.456577271223068237e-01 2.334213256835937500e-01 2.727938890457153320e-01 2.346129119396209717e-01 2.468257993459701538e-01 2.401861399412155151e-01
2.820026874542236328e-01 2.416334152221679688e-01 2.453121840953826904e-01 2.362448573112487793e-01 2.727333307266235352e-01 2.373055070638656616e-01 2.427021563053131104e-01 2.420653402805328369e-01
2.813450396060943604e-01 2.418265193700790405e-01 2.468933165073394775e-01 2.370238304138183594e-01 2.717463672161102295e-01 2.329412400722503662e-01 2.419148534536361694e-01 2.463082373142242432e-01
2.783837318420410156e-01 2.412826865911483765e-01 2.421830892562866211e-01 2.352018803358078003e-01 2.762678861618041992e-01 2.373874336481094360e-01 2.450648248195648193e-01 2.442277669906616211e-01
2.749915122985839844e-01 2.389124929904937744e-01 2.402332425117492676e-01 2.429141402244567871e-01 2.778829336166381836e-01 2.387401163578033447e-01 2.432526648044586182e-01 2.430722117424011230e-01
2.806522846221923828e-01 2.366180419921875000e-01 2.400160729885101318e-01 2.397650480270385742e-01 2.752227783203125000e-01 2.410319447517395020e-01 2.448919415473937988e-01 2.418012470006942749e-01
2.831629216670989990e-01 2.365578413009643555e-01 2.422381937503814697e-01 2.432933151721954346e-01 2.769292593002319336e-01 2.371634989976882935e-01 2.422242164611816406e-01 2.384300380945205688e-01
2.783384323120117188e-01 2.371502667665481567e-01 2.401720136404037476e-01 2.429008185863494873e-01 2.783301472663879395e-01 2.401286661624908447e-01 2.434911131858825684e-01 2.394878268241882324e-01
2.785909175872802734e-01 2.421861886978149414e-01 2.359287142753601074e-01 2.418557107448577881e-01 2.808761596679687500e-01 2.411998808383941650e-01 2.445649653673171997e-01 2.347967475652694702e-01
2.785445451736450195e-01 2.435592412948608398e-01 2.355194687843322754e-01 2.452284544706344604e-01 2.764917016029357910e-01 2.380425333976745605e-01 2.456230819225311279e-01 2.369902729988098145e-01
2.754012048244476318e-01 2.444375455379486084e-01 2.352674603462219238e-01 2.409807741641998291e-01 2.826925814151763916e-01 2.368580400943756104e-01 2.461812794208526611e-01 2.381803989410400391e-01
2.719561755657196045e-01 2.428980022668838501e-01 2.402046620845794678e-01 2.410281300544738770e-01 2.817040085792541504e-01 2.365303337574005127e-01 2.461286187171936035e-01 2.395493388175964355e-01
2.707372307777404785e-01 2.422281801700592041e-01 2.431132346391677856e-01 2.401562035083770752e-01 2.828859686851501465e-01 2.408112287521362305e-01 2.398110926151275635e-01 2.402560710906982422e-01
2.783200740814208984e-01 2.419520020484924316e-01 2.413423657417297363e-01 2.346203774213790894e-01 2.810165584087371826e-01 2.449931353330612183e-01 2.383906841278076172e-01 2.393640279769897461e-01
2.808934152126312256e-01 2.418498694896697998e-01 2.410654574632644653e-01 2.381724119186401367e-01 2.768710255622863770e-01 2.419853061437606812e-01 2.391020506620407104e-01 2.400596439838409424e-01
2.813476920127868652e-01 2.401238381862640381e-01 2.403662204742431641e-01 2.392511963844299316e-01 2.739706635475158691e-01 2.403531074523925781e-01 2.420060634613037109e-01 2.425804436206817627e-01
2.782301902770996094e-01 2.355937808752059937e-01 2.451473027467727661e-01 2.421176433563232422e-01 2.755746543407440186e-01 2.382513135671615601e-01 2.417310774326324463e-01 2.433531582355499268e-01
2.731963098049163818e-01 2.379480004310607910e-01 2.464487403631210327e-01 2.383067756891250610e-01 2.792559266090393066e-01 2.419755756855010986e-01 2.406864464282989502e-01 2.421813309192657471e-01
2.798342704772949219e-01 2.422789633274078369e-01 2.389593571424484253e-01 2.356764078140258789e-01 2.796273231506347656e-01 2.402979731559753418e-01 2.434735000133514404e-01 2.398513406515121460e-01
2.876842021942138672e-01 2.406104803085327148e-01 2.392053008079528809e-01 2.336651384830474854e-01 2.839962244033813477e-01 2.342712432146072388e-01 2.433187514543533325e-01 2.372477650642395020e-01
2.860770523548126221e-01 2.380782663822174072e-01 2.389942556619644165e-01 2.365991622209548950e-01 2.871964871883392334e-01 2.352103143930435181e-01 2.404156923294067383e-01 2.374278753995895386e-01
2.858954071998596191e-01 2.410922497510910034e-01 2.363400608301162720e-01 2.377264499664306641e-01 2.836320102214813232e-01 2.365687787532806396e-01 2.405841648578643799e-01 2.381599545478820801e-01
2.815123200416564941e-01 2.434641867876052856e-01 2.376729398965835571e-01 2.384047061204910278e-01 2.795380353927612305e-01 2.393787056207656860e-01 2.372633665800094604e-01 2.427648007869720459e-01
2.806214094161987305e-01 2.403852343559265137e-01 2.409857809543609619e-01 2.390617132186889648e-01 2.805197834968566895e-01 2.351502478122711182e-01 2.463981807231903076e-01 2.368766665458679199e-01
2.817458510398864746e-01 2.400449663400650024e-01 2.430140227079391479e-01 2.362492978572845459e-01 2.838990092277526855e-01 2.382273375988006592e-01 2.388164848089218140e-01 2.380020171403884888e-01
2.805306315422058105e-01 2.408797740936279297e-01 2.401743829250335693e-01 2.394693195819854736e-01 2.825444638729095459e-01 2.392966300249099731e-01 2.374604344367980957e-01 2.396433055400848389e-01
2.809104621410369873e-01 2.429863661527633667e-01 2.466630935668945312e-01 2.377207875251770020e-01 2.751676142215728760e-01 2.408063858747482300e-01 2.334643006324768066e-01 2.422799766063690186e-01
2.796817421913146973e-01 2.426582425832748413e-01 2.432577013969421387e-01 2.372488379478454590e-01 2.740735113620758057e-01 2.405168116092681885e-01 2.382919043302536011e-01 2.442701607942581177e-01
2.788270115852355957e-01 2.485696077346801758e-01 2.412160336971282959e-01 2.342338711023330688e-01 2.756693661212921143e-01 2.364099174737930298e-01 2.432918399572372437e-01 2.417812943458557129e-01
2.811404466629028320e-01 2.484354823827743530e-01 2.428738176822662354e-01 2.324108183383941650e-01 2.771238088607788086e-01 2.351207435131072998e-01 2.373302131891250610e-01 2.455636262893676758e-01
2.781340777873992920e-01 2.477352470159530640e-01 2.388559579849243164e-01 2.344669699668884277e-01 2.800064980983734131e-01 2.401408255100250244e-01 2.393343150615692139e-01 2.413250356912612915e-01
2.798757255077362061e-01 2.459366023540496826e-01 2.389787584543228149e-01 2.397432774305343628e-01 2.803649306297302246e-01 2.398393750190734863e-01 2.377511560916900635e-01 2.375090867280960083e-01
2.786400914192199707e-01 2.447692602872848511e-01 2.390859127044677734e-01 2.393939495086669922e-01 2.762348651885986328e-01 2.442116737365722656e-01 2.380476146936416626e-01 2.396155595779418945e-01
2.815903425216674805e-01 2.475279271602630615e-01 2.425719350576400757e-01 2.419994771480560303e-01 2.741320729255676270e-01 2.419597357511520386e-01 2.349353134632110596e-01 2.352820336818695068e-01
2.830874323844909668e-01 2.480296045541763306e-01 2.425711899995803833e-01 2.400014251470565796e-01 2.729992866516113281e-01 2.436673194169998169e-01 2.343395650386810303e-01 2.353029996156692505e-01
2.817882001399993896e-01 2.423028945922851562e-01 2.395571321249008179e-01 2.426875680685043335e-01 2.732297182083129883e-01 2.457585185766220093e-01 2.392742931842803955e-01 2.354004979133605957e-01
2.808217108249664307e-01 2.414370626211166382e-01 2.389058917760848999e-01 2.379678636789321899e-01 2.762944400310516357e-01 2.442108690738677979e-01 2.425239086151123047e-01 2.378370910882949829e-01
2.806627154350280762e-01 2.386259138584136963e-01 2.386091053485870361e-01 2.412347495555877686e-01 2.864152789115905762e-01 2.388859391212463379e-01 2.372203320264816284e-01 2.383448034524917603e-01
2.809530198574066162e-01 2.379952371120452881e-01 2.367753088474273682e-01 2.429583072662353516e-01 2.840936183929443359e-01 2.397063970565795898e-01 2.375281751155853271e-01 2.399888038635253906e-01
2.806457877159118652e-01 2.388634085655212402e-01 2.387233078479766846e-01 2.414761632680892944e-01 2.830622792243957520e-01 2.361297905445098877e-01 2.406389117240905762e-01 2.404591441154479980e-01
2.789198160171508789e-01 2.360583841800689697e-01 2.401897460222244263e-01 2.415113598108291626e-01 2.819829583168029785e-01 2.358807921409606934e-01 2.444880306720733643e-01 2.409676015377044678e-01
2.800461053848266602e-01 2.391942292451858521e-01 2.401668727397918701e-01 2.372720837593078613e-01 2.790524959564208984e-01 2.355287075042724609e-01 2.464036494493484497e-01 2.423345297574996948e-01
2.758398652076721191e-01 2.381608486175537109e-01 2.431228905916213989e-01 2.395557165145874023e-01 2.794329524040222168e-01 2.369181364774703979e-01 2.415016591548919678e-01 2.454666644334793091e-01
2.801277041435241699e-01 2.386524826288223267e-01 2.423658370971679688e-01 2.375400215387344360e-01 2.773825824260711670e-01 2.366963326930999756e-01 2.397949695587158203e-01 2.474387139081954956e-01
2.831419706344604492e-01 2.385262399911880493e-01 2.378517091274261475e-01 2.391661852598190308e-01 2.813280224800109863e-01 2.318654954433441162e-01 2.443242520093917847e-01 2.437948584556579590e-01
2.813773453235626221e-01 2.383275330066680908e-01 2.384188026189804077e-01 2.352373898029327393e-01 2.838150560855865479e-01 2.335059493780136108e-01 2.472655624151229858e-01 2.420510649681091309e-01
2.717271447181701660e-01 2.397545576095581055e-01 2.432981133460998535e-01 2.385812699794769287e-01 2.813298702239990234e-01 2.349994182586669922e-01 2.443685233592987061e-01 2.459398061037063599e-01
2.806147336959838867e-01 2.363193035125732422e-01 2.393433451652526855e-01 2.370837032794952393e-01 2.769896984100341797e-01 2.371923178434371948e-01 2.485040575265884399e-01 2.439514696598052979e-01
2.827310562133789062e-01 2.345983833074569702e-01 2.406991124153137207e-01 2.367123216390609741e-01 2.739534378051757812e-01 2.405937016010284424e-01 2.493261545896530151e-01 2.413844317197799683e-01
2.804956436157226562e-01 2.360145300626754761e-01 2.434264570474624634e-01 2.424931377172470093e-01 2.759611606597900391e-01 2.454601228237152100e-01 2.409142702817916870e-01 2.352332174777984619e-01
2.769251167774200439e-01 2.380288243293762207e-01 2.455239742994308472e-01 2.419518679380416870e-01 2.753870189189910889e-01 2.453410029411315918e-01 2.414611279964447021e-01 2.353795766830444336e-01
2.815969288349151611e-01 2.355211228132247925e-01 2.419520616531372070e-01 2.433596253395080566e-01 2.731628119945526123e-01 2.446871697902679443e-01 2.443874627351760864e-01 2.353312820196151733e-01
2.857128977775573730e-01 2.388081699609756470e-01 2.385376691818237305e-01 2.415283620357513428e-01 2.699570059776306152e-01 2.369388788938522339e-01 2.498510777950286865e-01 2.386644482612609863e-01
2.800863981246948242e-01 2.405786216259002686e-01 2.420148849487304688e-01 2.419071495532989502e-01 2.725917696952819824e-01 2.365992218255996704e-01 2.460276931524276733e-01 2.401926815509796143e-01
2.776946425437927246e-01 2.435637414455413818e-01 2.430990487337112427e-01 2.364925295114517212e-01 2.759714424610137939e-01 2.345272451639175415e-01 2.452426701784133911e-01 2.434072047472000122e-01
2.793021500110626221e-01 2.423275411128997803e-01 2.393341213464736938e-01 2.374847978353500366e-01 2.754464149475097656e-01 2.410698831081390381e-01 2.437011450529098511e-01 2.413324266672134399e-01
2.831102609634399414e-01 2.442592978477478027e-01 2.344262301921844482e-01 2.366528213024139404e-01 2.764312624931335449e-01 2.352007031440734863e-01 2.433605790138244629e-01 2.465573847293853760e-01
2.792688310146331787e-01 2.411311119794845581e-01 2.380309402942657471e-01 2.394754439592361450e-01 2.774065732955932617e-01 2.353957593441009521e-01 2.434710562229156494e-01 2.458187043666839600e-01
2.761021554470062256e-01 2.429493367671966553e-01 2.396624386310577393e-01 2.410833537578582764e-01 2.799761891365051270e-01 2.341746389865875244e-01 2.425807714462280273e-01 2.434695959091186523e-01
2.793208062648773193e-01 2.415781617164611816e-01 2.416614890098571777e-01 2.372368127107620239e-01 2.741759419441223145e-01 2.434812486171722412e-01 2.405455410480499268e-01 2.419984191656112671e-01
2.806153297424316406e-01 2.382636517286300659e-01 2.471037805080413818e-01 2.418678253889083862e-01 2.749814093112945557e-01 2.449555993080139160e-01 2.323343455791473389e-01 2.398764491081237793e-01
2.790222465991973877e-01 2.416464090347290039e-01 2.436249256134033203e-01 2.428599148988723755e-01 2.773003578186035156e-01 2.408469617366790771e-01 2.355952262878417969e-01 2.391022741794586182e-01
2.796388268470764160e-01 2.395089268684387207e-01 2.396270930767059326e-01 2.402348518371582031e-01 2.822222709655761719e-01 2.420604228973388672e-01 2.346301525831222534e-01 2.420758306980133057e-01
2.849738299846649170e-01 2.399400770664215088e-01 2.396092116832733154e-01 2.405373901128768921e-01 2.731806039810180664e-01 2.457849979400634766e-01 2.320922613143920898e-01 2.438799887895584106e-01
2.844574749469757080e-01 2.399489879608154297e-01 2.378048896789550781e-01 2.428491562604904175e-01 2.802034020423889160e-01 2.437063753604888916e-01 2.332019805908203125e-01 2.378261387348175049e-01
