# pops for 8 qbits with connectivity line_with_one_uni in chunks 2
1.999999999999999278e-01 1.999999999999999278e-01 1.999999999999999278e-01 1.999999999999999278e-01 1.999999999999999278e-01 3.999999999999999667e-01 1.999999999999999278e-01 1.999999999999999278e-01
1.999999999999999556e-01 1.999999999999999001e-01 2.288734465300610865e-01 2.345560876006432816e-01 2.398840347615363300e-01 2.966864311077592187e-01 2.000000000000000111e-01 2.000000000000000111e-01
2.133700645355824932e-01 2.159614938389610994e-01 2.164519839410465885e-01 2.176459918151145700e-01 2.288713252881086346e-01 2.468466137809292027e-01 2.313354602212934208e-01 2.295170665789648956e-01
2.260096990153903640e-01 2.183939338244580142e-01 2.268806228044149831e-01 2.291044312696601803e-01 2.319265538386232617e-01 2.219043069125001821e-01 2.218787782299582456e-01 2.239016741049949522e-01
2.179591866425012736e-01 2.280160203990478363e-01 2.343240346238212313e-01 2.200894452485533392e-01 2.227497117778697577e-01 2.229756389681369633e-01 2.245189907152100040e-01 2.293669716248599444e-01
2.228050231177187701e-01 2.276711241861756052e-01 2.217659775126801514e-01 2.245472228828146732e-01 2.331149147060268545e-01 2.207107155168589185e-01 2.261787956342808104e-01 2.232062264434436782e-01
2.238384665197575840e-01 2.219737968402526462e-01 2.261222231968685326e-01 2.248548611425101318e-01 2.348639797693596043e-01 2.226565155602734936e-01 2.207076049204879653e-01 2.249825520504887821e-01
2.178740657968941119e-01 2.198964902441114533e-01 2.228348053150207841e-01 2.385196290951988318e-01 2.292637268987498811e-01 2.178794183600426537e-01 2.246396981808449489e-01 2.290921661091366579e-01
2.254614158353432929e-01 2.193757360871086137e-01 2.265130595706892624e-01 2.277747789580841786e-01 2.356909568498252172e-01 2.227059950746700379e-01 2.190632009596553964e-01 2.234148566646234624e-01
2.189613701430662696e-01 2.283942891258612384e-01 2.404619116486773345e-01 2.207384037307183189e-01 2.297198776700445366e-01 2.217645974038278123e-01 2.181126593426427340e-01 2.218468909351601071e-01
2.185078744941652829e-01 2.256415344306186010e-01 2.361182203026628845e-01 2.282883454208766982e-01 2.297071809909782825e-01 2.213334746510982332e-01 2.227243644123320099e-01 2.176790052972670253e-01
2.227748652520383787e-01 2.235533913039643161e-01 2.245298512970385629e-01 2.546204903386030671e-01 2.189166317367556847e-01 2.173802479932182841e-01 2.182111400077880181e-01 2.200133820705916232e-01
2.350816005352783511e-01 2.218908606991417676e-01 2.295064405714165867e-01 2.389996963858077861e-01 2.187083163743123448e-01 2.213983985946366695e-01 2.210757231836898429e-01 2.133389636557145586e-01
2.311596568734815560e-01 2.185803236938433924e-01 2.316721377215816002e-01 2.347093523606017806e-01 2.225875301946295959e-01 2.196438316493601051e-01 2.186871359850677821e-01 2.229600315214314843e-01
2.184186127325440929e-01 2.519995945250956271e-01 2.229658119553820927e-01 2.227374514364866553e-01 2.212451240302939770e-01 2.245529071411310196e-01 2.187770700650728262e-01 2.193034281139907005e-01
2.205029924220383297e-01 2.454075365717738599e-01 2.215222407214958167e-01 2.220763528525952490e-01 2.249815760330323433e-01 2.229211249561705854e-01 2.209173188759329109e-01 2.216708575669582015e-01
2.241323777342341395e-01 2.321459787300380884e-01 2.315790233429524669e-01 2.216517427606786717e-01 2.167176729141079006e-01 2.279799452108723368e-01 2.254144222109609186e-01 2.203788370961532461e-01
2.267766591983666202e-01 2.191461684294864765e-01 2.208381313069313345e-01 2.221800403858869843e-01 2.326371147810474549e-01 2.222730977547451581e-01 2.329588350784808637e-01 2.231899530650517105e-01
2.132920835933081183e-01 2.311103294770441574e-01 2.258125929070848026e-01 2.187259933432343928e-01 2.301978255646602300e-01 2.366686896248301752e-01 2.214078011273315771e-01 2.227846843625028439e-01
2.273880839453660263e-01 2.236274570971893139e-01 2.444424946858496372e-01 2.216162242508890046e-01 2.215512750758359128e-01 2.237951074272349905e-01 2.187330649568262897e-01 2.188462925608052612e-01
2.438858853920193859e-01 2.212902480702154673e-01 2.280993101763613418e-01 2.237988163406979814e-01 2.143329072122288625e-01 2.263678178919429906e-01 2.208437495781247761e-01 2.213812653384057971e-01
2.283484523858159143e-01 2.204960849979297477e-01 2.285564231434870086e-01 2.236910889373614486e-01 2.228464368302969234e-01 2.175049027100852406e-01 2.208838402254246491e-01 2.376727707695947267e-01
2.314647870027628784e-01 2.305258811884914882e-01 2.188941591424365674e-01 2.202072221309034350e-01 2.237998604859016971e-01 2.221622178179674112e-01 2.222275397599450253e-01 2.307183324715875727e-01
2.314934563338651996e-01 2.228262563346746494e-01 2.183520835317992737e-01 2.230909378456429060e-01 2.221078576038971741e-01 2.215125805958695349e-01 2.395129355707981966e-01 2.211038921834487803e-01
2.221663336330670646e-01 2.263882428939856528e-01 2.264237661769974985e-01 2.207843913419311188e-01 2.201304554240265665e-01 2.349925429496693419e-01 2.286740115913094007e-01 2.204402559890079605e-01
2.174714537150647664e-01 2.197479020065337130e-01 2.161409390453592205e-01 2.322580632685848079e-01 2.218984567316666656e-01 2.320336968470144423e-01 2.170350627586186409e-01 2.434144256271537632e-01
2.204519011170868459e-01 2.217107511567586731e-01 2.284226315618547998e-01 2.150330741998413286e-01 2.301853134010986013e-01 2.252625111323529050e-01 2.250899677091433571e-01 2.338438497218576495e-01
2.242824411743308544e-01 2.252789070009189321e-01 2.202689659455516480e-01 2.311216879789178558e-01 2.306568611513406808e-01 2.168560152193374779e-01 2.241697772306914527e-01 2.273653442989054252e-01
2.181334488392231152e-01 2.309605416131938205e-01 2.238113783965101911e-01 2.280466332507923022e-01 2.227102318012514348e-01 2.310623162560462573e-01 2.256626680385231121e-01 2.196127818044543989e-01
2.258452190328146536e-01 2.236985505476493385e-01 2.270275536403760508e-01 2.273467318023991990e-01 2.217288318500364730e-01 2.295274424117872969e-01 2.182866506763584680e-01 2.265390200385713482e-01
2.260142488021830154e-01 2.210625598533378366e-01 2.247377599341871535e-01 2.321034864335318748e-01 2.222411639467873068e-01 2.208620186898511417e-01 2.303813924279828618e-01 2.225973699121328031e-01
2.303275047465526970e-01 2.207880653754600575e-01 2.252052513203986750e-01 2.267718846046077874e-01 2.285642323911137586e-01 2.194030606882369505e-01 2.243461865831797852e-01 2.245938142904436996e-01
2.324150203249356339e-01 2.288203659499328524e-01 2.218435813196203144e-01 2.200137384525303053e-01 2.186326828851570259e-01 2.352003245399549303e-01 2.223672692940261986e-01 2.207070172338356229e-01
2.228772863810885574e-01 2.203053206437613487e-01 2.294131668116694833e-01 2.132795162220820218e-01 2.238415435151769328e-01 2.291561006483338048e-01 2.315396649086651770e-01 2.295874008692147250e-01
2.152722602236405713e-01 2.225886507088012112e-01 2.243063244111120902e-01 2.237080547150479271e-01 2.329998865034171307e-01 2.223028152108927902e-01 2.384146493617293194e-01 2.204073588653518989e-01
2.304080832369756193e-01 2.161994276710653695e-01 2.181279662364210004e-01 2.468628787826000759e-01 2.183055484279105007e-01 2.200206873935378060e-01 2.276393145145667596e-01 2.224360937369147806e-01
2.246561729967947452e-01 2.229828480633961330e-01 2.188732063703174024e-01 2.450861284965539233e-01 2.122410768143549731e-01 2.275479205951180528e-01 2.187746511785340076e-01 2.298379954849227025e-01
2.376311067207718675e-01 2.189291165584696663e-01 2.269838673580438226e-01 2.241257919075705929e-01 2.339457648033662907e-01 2.186929082073634234e-01 2.172714700793949849e-01 2.224199743650110139e-01
2.196728236241935472e-01 2.383365308957299256e-01 2.294561526124318240e-01 2.202043754125011243e-01 2.166396363028092464e-01 2.264691395106079863e-01 2.244325274063686260e-01 2.247888142353500207e-01
2.181987445614213261e-01 2.314740408524618154e-01 2.239153375458536877e-01 2.230744707766001145e-01 2.200297696918084023e-01 2.257497258240876992e-01 2.202456138548203601e-01 2.373122968929384236e-01
2.270616107444168585e-01 2.279642458500535929e-01 2.195303528990688591e-01 2.221063842427972723e-01 2.234280170891410067e-01 2.313520885196356514e-01 2.305744354835704557e-01 2.179828651713074106e-01
2.244497502300054903e-01 2.224244419292424335e-01 2.235285182440775453e-01 2.192989892422765597e-01 2.210493240275203941e-01 2.325400112367682903e-01 2.247656443149112782e-01 2.319433207751892267e-01
2.212078313499541704e-01 2.241183208283331063e-01 2.282861582163838721e-01 2.160893892509311576e-01 2.277371687779005116e-01 2.321476029286662912e-01 2.250226692240555049e-01 2.253908594237672702e-01
2.223123915671068873e-01 2.232805445714665937e-01 2.322475846274929534e-01 2.288210760090689799e-01 2.215099707581479893e-01 2.216816877791717710e-01 2.225010293061126243e-01 2.276457153814235024e-01
2.315669188269464107e-01 2.226690476249361117e-01 2.273308353654475145e-01 2.250947949578047114e-01 2.168955694010205049e-01 2.283008795308075489e-01 2.256167767588845297e-01 2.225251775341430260e-01
2.196099292596241925e-01 2.234776555119299679e-01 2.279125392408233031e-01 2.198395957848246485e-01 2.270348880777696976e-01 2.228350561516621864e-01 2.247079995325001189e-01 2.345823364408552991e-01
2.124695011180135207e-01 2.403186509587681430e-01 2.185782663994420838e-01 2.194733013209790862e-01 2.278710649712347991e-01 2.249985925617064841e-01 2.303488312122914938e-01 2.259417914575548858e-01
2.175810164333764896e-01 2.277779761598084374e-01 2.208926083613392266e-01 2.312860208226675818e-01 2.216150858218848274e-01 2.171275102474696794e-01 2.364549845943493822e-01 2.272647975590927349e-01
2.253982970166353850e-01 2.201764745802122225e-01 2.282292710560328841e-01 2.237335791243116878e-01 2.247083496572332972e-01 2.250136378850660368e-01 2.325867285736140377e-01 2.201536621068837241e-01
2.226853949857110215e-01 2.216832500491363878e-01 2.201068549398065843e-01 2.169540168934814828e-01 2.429961230933581351e-01 2.216278427959970654e-01 2.194356033381862636e-01 2.345109139043111135e-01
2.207746050834634155e-01 2.243236965605162614e-01 2.171019142683495440e-01 2.192293009558069217e-01 2.265519300398008140e-01 2.400300802830349634e-01 2.228842895666660329e-01 2.291041832423518221e-01
2.240083288087645064e-01 2.206304238430814302e-01 2.173692299834766306e-01 2.239574964275380387e-01 2.423954615019917047e-01 2.191910376339853139e-01 2.265227628303883578e-01 2.259252589707625158e-01
2.133845794658544015e-01 2.208085129563670812e-01 2.274100776998614348e-01 2.243623089407775772e-01 2.226968265066832930e-01 2.426838216697972117e-01 2.235200794580929906e-01 2.251337933025542304e-01
2.202241357566060431e-01 2.229489222260789827e-01 2.305284807936384683e-01 2.304326453123471397e-01 2.212227924009892432e-01 2.349691163101448321e-01 2.152616629148752792e-01 2.244122442853087041e-01
2.272713441391567835e-01 2.330473728776484565e-01 2.165345226098821796e-01 2.272809444619831865e-01 2.239804375306636008e-01 2.322242427510238516e-01 2.209213005215800441e-01 2.187398351080502568e-01
2.235128224395828700e-01 2.298765526693029027e-01 2.295294528062785111e-01 2.220371840180063727e-01 2.220881306318276682e-01 2.263653798974397668e-01 2.247884590360745005e-01 2.218020185014751844e-01
2.381026955565934689e-01 2.200636729446059092e-01 2.240759097905196395e-01 2.227137336414510005e-01 2.201494357406280356e-01 2.298569670698678569e-01 2.244086487180321221e-01 2.206289365382884116e-01
2.259359870714182372e-01 2.185491700589048403e-01 2.214919334884051516e-01 2.254655632952299316e-01 2.240830764212917992e-01 2.257554730375396224e-01 2.316165522761379214e-01 2.271022443510593014e-01
2.159688054373633814e-01 2.274604378795683779e-01 2.295406591465399271e-01 2.184727514504868628e-01 2.494075495355988770e-01 2.239639790353904203e-01 2.147832615556581892e-01 2.204025559593813799e-01
2.195708730519659035e-01 2.192710493726220400e-01 2.210863685510380261e-01 2.505047028825186928e-01 2.237536876164975819e-01 2.260401801179613701e-01 2.213754538764932389e-01 2.183976845308896186e-01
2.196666326193928986e-01 2.207603645077510224e-01 2.355292778806412912e-01 2.344767188503596167e-01 2.165985606992458512e-01 2.301438685895876024e-01 2.187090736713145356e-01 2.241155031816939869e-01
2.250353084992061659e-01 2.153399725585517788e-01 2.233260143205683945e-01 2.373748703045329145e-01 2.255345241648903654e-01 2.305130172298422708e-01 2.150149757829638297e-01 2.278613171394301973e-01
2.266693559135350144e-01 2.244241718344919534e-01 2.326371750652192483e-01 2.173454628696127322e-01 2.252699256983118348e-01 2.262209057114361876e-01 2.228567314980806624e-01 2.245762714092977841e-01
2.415067539596152391e-01 2.194381521035249638e-01 2.238134602518961902e-01 2.352414031264806749e-01 2.233633344509776963e-01 2.190552715152257190e-01 2.199269597383635977e-01 2.176546648539024187e-01
2.279483230950071770e-01 2.380284464718514792e-01 2.279623258184885481e-01 2.260606740561694750e-01 2.164133818708688095e-01 2.255502698525972682e-01 2.150705810987398603e-01 2.229659977362631607e-01
2.283901347302547125e-01 2.219295860304464907e-01 2.301264808636492021e-01 2.273895630964859194e-01 2.200329183653721987e-01 2.184376892726164199e-01 2.318385101240739155e-01 2.218551175170862255e-01
2.217939977227959825e-01 2.509099879707132330e-01 2.199023165506965027e-01 2.152294624766304953e-01 2.187119712095445812e-01 2.216792206675586574e-01 2.234094708584788147e-01 2.283635725435666786e-01
2.291868095355584778e-01 2.349014672255375080e-01 2.170524964706116167e-01 2.244074028832397927e-01 2.173565309512187349e-01 2.167065405993598148e-01 2.418557786665502807e-01 2.185329736679083035e-01
2.238266859340997117e-01 2.314499261464393887e-01 2.280085279916980179e-01 2.222630360427101659e-01 2.282096635279769470e-01 2.259073098371607302e-01 2.201756381979674826e-01 2.201592123219318631e-01
2.267453570800174179e-01 2.231811284273696738e-01 2.316633323758620910e-01 2.266201295044038555e-01 2.198633119481129272e-01 2.262417635711673480e-01 2.300811580338250617e-01 2.156038190592263759e-01
2.192110042585689034e-01 2.441418090940107033e-01 2.210064428978944784e-01 2.238506911371785368e-01 2.321962225830525861e-01 2.207443733124167806e-01 2.223150410798420684e-01 2.165344156370199169e-01
2.253045526739430593e-01 2.325028501505338185e-01 2.150349231898195379e-01 2.299862626105850516e-01 2.355505481116704214e-01 2.172259960184675653e-01 2.199340867362938323e-01 2.244607805086712982e-01
2.318986189002740506e-01 2.265800537720312202e-01 2.222765010638875216e-01 2.220734148886880088e-01 2.202836258347387610e-01 2.276708056972159000e-01 2.310976252346030602e-01 2.181193546085448409e-01
2.276526881244007872e-01 2.238362550292483932e-01 2.251924386139775303e-01 2.212165628469615342e-01 2.175084838946799992e-01 2.283868621289113499e-01 2.182933229792754781e-01 2.379133863825288742e-01
2.142222511595945900e-01 2.296320512924109880e-01 2.244664983463842134e-01 2.295771438161978151e-01 2.213197145048291237e-01 2.213261747810539304e-01 2.272198109735143190e-01 2.322363551259976622e-01
2.368492667287800113e-01 2.159851310761865262e-01 2.170808319023178612e-01 2.259329185440566157e-01 2.280112773925741243e-01 2.256645036095163426e-01 2.226879004477562707e-01 2.277881702987947787e-01
2.215811362543187168e-01 2.236729715348560743e-01 2.255946058125564702e-01 2.249994346496094755e-01 2.223914559981278738e-01 2.254074995634103018e-01 2.328396003647006940e-01 2.235132958224024802e-01
2.167242672308892781e-01 2.136481944392254750e-01 2.203439089901779724e-01 2.196485618653613303e-01 2.299586184176923009e-01 2.284419067504724621e-01 2.246157448959787140e-01 2.466187974101846092e-01
2.163317991370382332e-01 2.203880565963035609e-01 2.145575944460520468e-01 2.190874823462592713e-01 2.401326787635053306e-01 2.283457674453261976e-01 2.327100352736074518e-01 2.284465859918883290e-01
2.217245524295858028e-01 2.215733242525015079e-01 2.260717865627265566e-01 2.325258119142015745e-01 2.265202435080057031e-01 2.170056810162100669e-01 2.242352892930352670e-01 2.303433110237158299e-01
2.291588272825554606e-01 2.253058257714470047e-01 2.201573363986723819e-01 2.272734857063394842e-01 2.268339204413348520e-01 2.273953502835896479e-01 2.214474241008345945e-01 2.224278300152073284e-01
2.196811925114678377e-01 2.266496294824186797e-01 2.304305330917450212e-01 2.243317149656818277e-01 2.195485178571003337e-01 2.273493269154099050e-01 2.243316272862700411e-01 2.276774578898883017e-01
2.148971204285815284e-01 2.316478785870639268e-01 2.362872846848912689e-01 2.182607863507761981e-01 2.288832892854363033e-01 2.205590062857492317e-01 2.283668349459720137e-01 2.210977994315102835e-01
2.272400529092303556e-01 2.214364263028525404e-01 2.248177751176011485e-01 2.201851265214467834e-01 2.366427607746708350e-01 2.223447041931340407e-01 2.216282388026233341e-01 2.257049153784214668e-01
2.273686683743489367e-01 2.267419944760700745e-01 2.231662749214753105e-01 2.164024430792366172e-01 2.198589748716747450e-01 2.450350804974573693e-01 2.182011108417568068e-01 2.232254529379606445e-01
2.203669965274042963e-01 2.206375490151509799e-01 2.226884523589767739e-01 2.213203077013216058e-01 2.253294421860152497e-01 2.351245711235299407e-01 2.242475878113395771e-01 2.302850932762413039e-01
2.180574655789570548e-01 2.250834140564436092e-01 2.256928288918522707e-01 2.161795970756009433e-01 2.264440068734558664e-01 2.308128816383927806e-01 2.256703351491506360e-01 2.320594707361267328e-01
2.225989907006362956e-01 2.257065265202576332e-01 2.210272611450172509e-01 2.319282312274950908e-01 2.245993341785462727e-01 2.215744879282432189e-01 2.303324697761311712e-01 2.222326985236527386e-01
2.257070723864275374e-01 2.226435991988922891e-01 2.260063810669996898e-01 2.269039569410864210e-01 2.157430577565424279e-01 2.393164144516245762e-01 2.192373733057959850e-01 2.244421448926102458e-01
2.221451208409195577e-01 2.192874569079088509e-01 2.242452985397386800e-01 2.238050973392130827e-01 2.398757520583530145e-01 2.200436622789481433e-01 2.237301792988075078e-01 2.268674327360900855e-01
2.204531875497907079e-01 2.261554002785154394e-01 2.249116632918733705e-01 2.179627225076009311e-01 2.224805843918007675e-01 2.358026794582192276e-01 2.232387246700090477e-01 2.289950378521700691e-01
2.201671251264054052e-01 2.287151950867949424e-01 2.232128147715531363e-01 2.420855252416875270e-01 2.192003855625835329e-01 2.166589240736697675e-01 2.324206413904464641e-01 2.175393887468379250e-01
2.235034864257804677e-01 2.268024270195435621e-01 2.328688195630989610e-01 2.310059272180171319e-01 2.247061454288632465e-01 2.203326068391226467e-01 2.230771158643569396e-01 2.177034716411939130e-01
2.267147335315922441e-01 2.168425128700364468e-01 2.304027964132009942e-01 2.328322461078617123e-01 2.289919828138376190e-01 2.166864737142019381e-01 2.235920480422822765e-01 2.239372065069644147e-01
2.269750215831811413e-01 2.247395088381887729e-01 2.298494343339403390e-01 2.252283241673811998e-01 2.338248642448798043e-01 2.220530159048279550e-01 2.200358623103522981e-01 2.172939686172262186e-01
2.272596062861832467e-01 2.213853851585053101e-01 2.223488275778771062e-01 2.348051139914153207e-01 2.223713890733243492e-01 2.314303080084123276e-01 2.192644280880813867e-01 2.211349418161784319e-01
2.247144583337667145e-01 2.210191528603556443e-01 2.311091111861459102e-01 2.289562106337134639e-01 2.195368350933597501e-01 2.262640752163957436e-01 2.303283742462006456e-01 2.180717824300408836e-01
2.317024493423266718e-01 2.212284943073934973e-01 2.275532581215616024e-01 2.298306109806156627e-01 2.185371958639810153e-01 2.299451671634560046e-01 2.186132494452880659e-01 2.225895747753548204e-01
2.157058954591614952e-01 2.367988017500198550e-01 2.263081779900986412e-01 2.315019375526171097e-01 2.281084216223478178e-01 2.252225005731725849e-01 2.163489224028402325e-01 2.200053426497190212e-01
2.173190157396732436e-01 2.293715826375660738e-01 2.182675871382252220e-01 2.599543499116258594e-01 2.150051622159072640e-01 2.179139384724772255e-01 2.238925269660301254e-01 2.182758369184706337e-01
2.282654977954572673e-01 2.316996416491745869e-01 2.296640788736508954e-01 2.352833171088083430e-01 2.194372145658490536e-01 2.222512401132265003e-01 2.169841803308116823e-01 2.164148295629983454e-01
