# ex_work for 16 qbits with connectivity m in chunks 4
3.516373505723891651e-02 3.516373505723891651e-02 3.516373505723891651e-02 3.516373505723891651e-02 -1.245112338684901676e-01 3.516374571164630064e-02 3.516374571164630064e-02 3.516374571164630064e-02 3.516374571164630064e-02 3.516374571164630064e-02 3.516374571164630064e-02 3.516374571164630064e-02 3.516374571164630064e-02 3.516374571164630064e-02 3.516374571164630064e-02 3.516374571164630064e-02
2.087202297560937850e-02 2.087202297560937850e-02 2.087200274096043598e-02 2.087201285828486907e-02 -1.014522632084104703e-01 1.840993582128471959e-02 -3.674655600832800375e-03 -1.283745447336678315e-02 2.087201285828486907e-02 2.087201285828486907e-02 2.087201285828486907e-02 2.087201285828486907e-02 2.087201285828486907e-02 2.087201285828486907e-02 2.087201285828486907e-02 2.087201285828486907e-02
2.240950952947072528e-02 2.240951970421384276e-02 2.240951970421384276e-02 2.240949935472795126e-02 -1.065454576241732509e-01 2.213697471948165157e-03 1.468240782711125077e-03 1.263972478192665165e-02 2.240951970421384276e-02 2.240951970421384276e-02 2.240951970421384276e-02 2.240951970421384276e-02 2.240951970421384276e-02 2.240951970421384276e-02 2.240951970421384276e-02 2.240951970421384276e-02
2.148761288124066346e-02 2.148761288124066346e-02 2.148761288124066346e-02 2.148761288124066346e-02 -1.036021427083803348e-01 -9.117358572481778015e-03 1.937617007464817812e-02 -2.261258958499896572e-03 2.148760274093600153e-02 2.148760274093600153e-02 2.148760274093600153e-02 2.148760274093600153e-02 2.148760274093600153e-02 2.148760274093600153e-02 2.148760274093600153e-02 2.148760274093600153e-02
2.289753781888111822e-02 2.289753781888111822e-02 2.289753781888111822e-02 2.289753781888111822e-02 -1.076968862260890558e-01 2.360332755319560945e-03 -3.266205630803389447e-03 2.187058324552214328e-02 2.289753781888111822e-02 2.289754801186604655e-02 2.289753781888111822e-02 2.289753781888111822e-02 2.289753781888111822e-02 2.289753781888111822e-02 2.289753781888111822e-02 2.289753781888111822e-02
2.317047257381371281e-02 2.317047257381371281e-02 2.317047257381371281e-02 2.317047257381371281e-02 -1.084595988667351463e-01 -2.071031122446702170e-03 1.636885527455511635e-02 8.864701897977216027e-03 2.317046237062348260e-02 2.317048277700410608e-02 2.317046237062348260e-02 2.317046237062348260e-02 2.317047257381371281e-02 2.317048277700410608e-02 2.317047257381371281e-02 2.317046237062348260e-02
2.046012515381210109e-02 2.046014535772421386e-02 2.046012515381210109e-02 2.046012515381210109e-02 -1.002553080084856302e-01 8.497414296614092021e-04 4.307418298935523394e-03 -7.854359097181087823e-03 2.046014535772421386e-02 2.046014535772421386e-02 2.046014535772421386e-02 2.046014535772421386e-02 2.046014535772421386e-02 2.046014535772421386e-02 2.046014535772421386e-02 2.046014535772421386e-02
2.115623866966760691e-02 2.115623866966760691e-02 2.115623866966760691e-02 2.115623866966760691e-02 -1.028059117349788137e-01 1.500937942009453446e-03 2.488379289568352134e-03 3.837628507251182835e-04 2.115623866966760691e-02 2.115624879760080387e-02 2.115623866966760691e-02 2.115623866966760691e-02 2.115623866966760691e-02 2.115624879760080387e-02 2.115623866966760691e-02 2.115623866966760691e-02
2.515318530367306044e-02 2.515322641330122039e-02 2.515320585848667898e-02 2.515320585848667898e-02 -1.127681163802980446e-01 1.541494857390587198e-02 1.016645468950158962e-02 1.367589070238002871e-02 2.515320585848667898e-02 2.515320585848667898e-02 2.515320585848667898e-02 2.515320585848667898e-02 2.515319558107987491e-02 2.515320585848667898e-02 2.515320585848667898e-02 2.515320585848667898e-02
2.504173025100187716e-02 2.504173025100187716e-02 2.504173025100187716e-02 2.504173025100187716e-02 -1.124738646225953986e-01 2.587161846672714205e-02 5.753579402006180066e-03 7.053980455471351232e-03 2.504170970454136502e-02 2.504170970454136502e-02 2.504170970454136502e-02 2.504170970454136502e-02 2.504170970454136502e-02 2.504170970454136502e-02 2.504170970454136502e-02 2.504170970454136502e-02
2.375361046226590403e-02 2.375361046226590403e-02 2.375361046226590403e-02 2.375361046226590403e-02 -1.098821078010145530e-01 1.319255108658367974e-02 3.465869951815884684e-03 1.133932258665024465e-02 2.375360023726234490e-02 2.375360023726234490e-02 2.375360023726234490e-02 2.375360023726234490e-02 2.375359001225903904e-02 2.375360023726234490e-02 2.375359001225903904e-02 2.375359001225903904e-02
2.038584378560642091e-02 2.038584378560642091e-02 2.038584378560642091e-02 2.038584378560642091e-02 -9.990932977266098192e-02 2.083950013176517381e-03 5.276200327172568538e-03 -1.080696768016135151e-02 2.038582358723823110e-02 2.038582358723823110e-02 2.038582358723823110e-02 2.038582358723823110e-02 2.038582358723823110e-02 2.038582358723823110e-02 2.038582358723823110e-02 2.038582358723823110e-02
2.621235678867938484e-02 2.621235678867938484e-02 2.621235678867938484e-02 2.621235678867938484e-02 -1.146221519742855743e-01 1.016026200134289084e-02 1.893926809780117557e-02 1.828064663488407002e-02 2.621236710578996737e-02 2.621237742290080316e-02 2.621236710578996737e-02 2.621236710578996737e-02 2.621236710578996737e-02 2.621236710578996737e-02 2.621236710578996737e-02 2.621236710578996737e-02
2.194672399328254087e-02 2.194674430818670599e-02 2.194672399328254087e-02 2.194672399328254087e-02 -1.052433983844629495e-01 2.959272778895275739e-03 -1.010867886836875349e-03 1.009402317951214184e-02 2.194672399328254087e-02 2.194674430818670946e-02 2.194672399328254087e-02 2.194672399328254087e-02 2.194672399328254087e-02 2.194672399328254087e-02 2.194672399328254087e-02 2.194672399328254087e-02
2.178479646663633584e-02 2.178481676944364620e-02 2.178480661803986612e-02 2.178478631523287842e-02 -1.047488375219918361e-01 9.315913463629857698e-05 1.105984850949649420e-02 -6.145175939251483997e-04 2.178480661803977592e-02 2.178481676944355599e-02 2.178480661803977592e-02 2.178480661803977592e-02 2.178480661803977592e-02 2.178480661803977592e-02 2.178480661803977592e-02 2.178480661803977592e-02
2.117560833392786307e-02 2.117560833392786307e-02 2.117560833392786307e-02 2.117560833392786307e-02 -1.026369586459358885e-01 -1.213171236187428337e-02 1.267777615950184573e-02 4.260262009018985982e-03 2.117558807661618081e-02 2.117558807661618081e-02 2.117558807661618081e-02 2.117558807661618081e-02 2.117558807661618081e-02 2.117558807661618081e-02 2.117558807661618081e-02 2.117558807661618081e-02
2.097960232232568001e-02 2.097962256500665243e-02 2.097960232232568001e-02 2.097960232232568001e-02 -1.021801763255470036e-01 3.075454379356286870e-03 3.516148763385315221e-03 -3.960370456105144488e-03 2.097962256500665243e-02 2.097962256500665243e-02 2.097962256500665243e-02 2.097962256500665243e-02 2.097961244366599795e-02 2.097962256500665243e-02 2.097961244366599795e-02 2.097961244366599795e-02
2.674405627641348107e-02 2.674407695052851558e-02 2.674405627641348107e-02 2.674405627641348107e-02 -1.154466840155254637e-01 1.708715620475577054e-02 8.468868556832811686e-03 2.588684928775125335e-02 2.674406661347082312e-02 2.674406661347082312e-02 2.674406661347082312e-02 2.674406661347082312e-02 2.674405627641347760e-02 2.674407695052842190e-02 2.674405627641347760e-02 2.674406661347082312e-02
2.126431431597422539e-02 2.126431431597422539e-02 2.126431431597422539e-02 2.126431431597422539e-02 -1.029528890902286081e-01 1.617622769028899746e-02 -7.687558371018149948e-03 -2.788343520491706577e-03 2.126430418400655775e-02 2.126430418400655775e-02 2.126430418400655775e-02 2.126430418400655775e-02 2.126431431597422539e-02 2.126431431597422539e-02 2.126431431597422539e-02 2.126430418400655775e-02
2.330094714232565020e-02 2.330095735039579632e-02 2.330094714232565020e-02 2.330092672618629818e-02 -1.088452752340944713e-01 3.951305292679540768e-03 8.666037633748936708e-03 1.151661621074719782e-02 2.330092672618620450e-02 2.330093693425584755e-02 2.330092672618620450e-02 2.330092672618620450e-02 2.330092672618620450e-02 2.330092672618620450e-02 2.330092672618620450e-02 2.330092672618620450e-02
2.319799111123982752e-02 2.319801151967976899e-02 2.319798090702032342e-02 2.319798090702032342e-02 -1.084630247271533149e-01 1.425884809058144791e-02 1.528100692681867538e-02 -6.016706392650671663e-03 2.319801151967976899e-02 2.319801151967976899e-02 2.319801151967976899e-02 2.319801151967976899e-02 2.319801151967976899e-02 2.319801151967976899e-02 2.319801151967976899e-02 2.319801151967976899e-02
2.641486350648931600e-02 2.641488415590265149e-02 2.641486350648931600e-02 2.641486350648931600e-02 -1.149514939846276312e-01 2.109686743175636855e-02 1.065446536717299351e-02 1.714370689799843417e-02 2.641489448060965403e-02 2.641489448060965403e-02 2.641487383119581200e-02 2.641487383119581200e-02 2.641487383119581200e-02 2.641487383119581200e-02 2.641487383119581200e-02 2.641487383119581200e-02
2.237988836380606569e-02 2.237988836380606569e-02 2.237986801653513158e-02 2.237988836380606569e-02 -1.064800161108740290e-01 5.145529126692233342e-03 1.034212696187192596e-02 5.349131269656572053e-04 2.237985784289999933e-02 2.237986801653513158e-02 2.237986801653513158e-02 2.237985784289999933e-02 2.237985784289999933e-02 2.237986801653513158e-02 2.237985784289999933e-02 2.237985784289999933e-02
2.010544961781696519e-02 2.010544961781696519e-02 2.010542944036605717e-02 2.010544961781696519e-02 -9.888971726819537067e-02 -2.997070471216038961e-03 -5.918571081759313804e-03 2.386412252336200628e-03 2.010544961781696519e-02 2.010544961781696519e-02 2.010544961781696519e-02 2.010544961781696519e-02 2.010544961781696519e-02 2.010544961781696519e-02 2.010544961781696519e-02 2.010544961781696519e-02
2.226236376626262309e-02 2.226236376626262309e-02 2.226233325853151784e-02 2.226236376626262309e-02 -1.057680200191655345e-01 -1.350465163748749108e-02 2.422184604137710140e-02 4.863626974715341660e-03 2.226235359701866923e-02 2.226235359701866923e-02 2.226236376626262309e-02 2.226235359701866923e-02 2.226235359701866923e-02 2.226235359701866923e-02 2.226235359701866923e-02 2.226235359701866923e-02
2.262332698586897589e-02 2.262332698586897589e-02 2.262330662040103885e-02 2.262330662040103885e-02 -1.071054512049424146e-01 1.949880815818333000e-03 1.850737092646409726e-03 1.447567218031941584e-02 2.262332698586897589e-02 2.262331680313488594e-02 2.262331680313488594e-02 2.262331680313488594e-02 2.262331680313488594e-02 2.262331680313488594e-02 2.262331680313488594e-02 2.262331680313488594e-02
2.340731069692999697e-02 2.340734133307713349e-02 2.340731069692999697e-02 2.340731069692999697e-02 -1.090359162835878026e-01 1.890930892491969259e-02 3.746517064426161444e-03 2.540305991264537547e-03 2.340732090897873138e-02 2.340734133307713349e-02 2.340732090897873138e-02 2.340732090897873138e-02 2.340732090897873138e-02 2.340734133307713349e-02 2.340733112102780580e-02 2.340734133307713349e-02
2.192835984807660690e-02 2.192835984807660690e-02 2.192835984807660690e-02 2.192835984807660690e-02 -1.052216256318322524e-01 2.546504883959201191e-03 2.762098482556703087e-03 6.512586681366522995e-03 2.192833953454584664e-02 2.192834969131118861e-02 2.192834969131118861e-02 2.192832937778093141e-02 2.192832937778093141e-02 2.192834969131118861e-02 2.192834969131118861e-02 2.192834969131118861e-02
2.020809807936023092e-02 2.020809807936023092e-02 2.020806780169898814e-02 2.020808798680637924e-02 -9.928635991282659667e-02 4.149038181125651661e-03 -3.154855550358380209e-03 -6.395154046438388841e-03 2.020807789425260043e-02 2.020809807936023092e-02 2.020808798680637924e-02 2.020806780169898814e-02 2.020809807936023092e-02 2.020809807936023092e-02 2.020809807936023092e-02 2.020808798680637924e-02
3.182211887595105815e-02 3.182213993217432313e-02 3.182211887595105815e-02 3.182211887595105815e-02 -1.216976392349471692e-01 2.693869960254005255e-02 3.160973682671711776e-02 2.685806372646610402e-02 3.182216098839851792e-02 3.182216098839851792e-02 3.182216098839851792e-02 3.182213993217432313e-02 3.182213993217432313e-02 3.182216098839851792e-02 3.182213993217432313e-02 3.182213993217432313e-02
2.210983776961542718e-02 2.210984793316112321e-02 2.210983776961542718e-02 2.210983776961542718e-02 -1.056326598639105441e-01 1.639147157117049058e-02 -2.432845102998439904e-04 -2.444523993537472441e-03 2.210985809670715924e-02 2.210985809670715924e-02 2.210985809670715924e-02 2.210984793316112321e-02 2.210984793316112321e-02 2.210985809670715924e-02 2.210984793316112321e-02 2.210984793316112321e-02
2.293795558774325283e-02 2.293795558774325283e-02 2.293793519875192075e-02 2.293793519875192075e-02 -1.079559515182120788e-01 8.759343212405673942e-03 2.733135894514786279e-03 9.490270138718965437e-03 2.293794539324750179e-02 2.293794539324750179e-02 2.293795558774315915e-02 2.293794539324750179e-02 2.293794539324750179e-02 2.293795558774315915e-02 2.293794539324750179e-02 2.293794539324750179e-02
2.070986311967282917e-02 2.070986311967282917e-02 2.070984289712664642e-02 2.070986311967282917e-02 -1.010281898561382619e-01 -8.388741281026849267e-03 1.398044967147320065e-02 -5.522953928167369936e-03 2.070983278585379617e-02 2.070984289712664642e-02 2.070983278585379617e-02 2.070983278585379617e-02 2.070983278585379617e-02 2.070984289712664642e-02 2.070984289712664642e-02 2.070984289712664642e-02
2.186218259970456462e-02 2.186221306258777364e-02 2.186218259970456462e-02 2.186218259970456462e-02 -1.049778718931905774e-01 8.143312782504106206e-04 -9.899256157743607613e-04 1.144943044612115046e-02 2.186219275399874443e-02 2.186219275399874443e-02 2.186219275399874443e-02 2.186219275399874443e-02 2.186219275399874443e-02 2.186221306258777364e-02 2.186219275399874443e-02 2.186219275399874443e-02
2.549211700244774156e-02 2.549211700244774156e-02 2.549210671234107203e-02 2.549210671234107203e-02 -1.133050458207151695e-01 1.455088261733335740e-03 2.280446899404197855e-02 1.792049188752446037e-02 2.549210671234107203e-02 2.549211700244774156e-02 2.549210671234107203e-02 2.549210671234107203e-02 2.549210671234107203e-02 2.549211700244774156e-02 2.549210671234107203e-02 2.549210671234107203e-02
2.114795397142946176e-02 2.114796409905346161e-02 2.114793371618213166e-02 2.114793371618213166e-02 -1.026040401775373118e-01 1.232215486512812722e-02 1.871624141550110943e-03 -9.716469313656156750e-03 2.114795397142946176e-02 2.114796409905346161e-02 2.114795397142946176e-02 2.114795397142946176e-02 2.114795397142946176e-02 2.114795397142946176e-02 2.114795397142946176e-02 2.114795397142946176e-02
2.095166735835396823e-02 2.095166735835396823e-02 2.095164711776000693e-02 2.095166735835396823e-02 -1.020807319869225238e-01 -3.248298721648539261e-03 6.367947498649615084e-05 5.537122136352578758e-03 2.095164711776000693e-02 2.095166735835396823e-02 2.095163699746340272e-02 2.095163699746340272e-02 2.095163699746340272e-02 2.095164711776000693e-02 2.095164711776000693e-02 2.095163699746340272e-02
2.279959401431749105e-02 2.279962458228839209e-02 2.279960420364090384e-02 2.279960420364090384e-02 -1.076114653295157653e-01 5.522824929734555799e-03 9.607489389272435773e-03 4.620243781460355199e-03 2.279959401431749105e-02 2.279960420364090384e-02 2.279960420364090384e-02 2.279959401431749105e-02 2.279959401431749105e-02 2.279960420364090384e-02 2.279959401431749105e-02 2.279959401431749105e-02
2.603147638524238791e-02 2.603150731622472236e-02 2.603147638524238791e-02 2.603147638524238791e-02 -1.142635283868150831e-01 2.422632644152115586e-02 3.962434083685697182e-03 1.805395583081007352e-02 2.603148669556967082e-02 2.603149700589693291e-02 2.603148669556967082e-02 2.603148669556967082e-02 2.603148669556967082e-02 2.603148669556967082e-02 2.603148669556967082e-02 2.603148669556967082e-02
2.409109552264216553e-02 2.409111599791027500e-02 2.409109552264216553e-02 2.409109552264216553e-02 -1.106235318355835717e-01 1.299602517153232786e-02 4.381937437324678886e-03 1.341862855091512097e-02 2.409111599791018479e-02 2.409112623554452923e-02 2.409111599791018479e-02 2.409111599791018479e-02 2.409111599791018479e-02 2.409112623554452923e-02 2.409112623554452923e-02 2.409111599791018479e-02
2.030478984519507382e-02 2.030479994135602970e-02 2.030476965287408841e-02 2.030476965287408841e-02 -9.958435564198887813e-02 8.871477016308170534e-04 5.924732270993949765e-03 -1.112009461201234062e-02 2.030477974903454469e-02 2.030479994135602970e-02 2.030478984519507382e-02 2.030477974903454469e-02 2.030477974903454469e-02 2.030477974903454469e-02 2.030477974903454469e-02 2.030477974903454469e-02
2.463862728587332129e-02 2.463863754400544975e-02 2.463862728587332129e-02 2.463862728587332129e-02 -1.117453673205816289e-01 7.765068578978445019e-03 1.937073472309769687e-02 8.143507977472092332e-03 2.463861702774135590e-02 2.463863754400544975e-02 2.463861702774135590e-02 2.463861702774135590e-02 2.463862728587332129e-02 2.463862728587332129e-02 2.463861702774135590e-02 2.463861702774135590e-02
2.208006202498884879e-02 2.208008234985503818e-02 2.208004170012357534e-02 2.208004170012357534e-02 -1.056533407404184749e-01 5.802554038577462103e-03 4.708976365136901317e-04 6.974400894385291046e-03 2.208006202498884879e-02 2.208008234985503818e-02 2.208005186255608543e-02 2.208005186255608543e-02 2.208006202498884879e-02 2.208008234985503818e-02 2.208005186255608543e-02 2.208005186255608543e-02
2.370931821458033620e-02 2.370932843792687011e-02 2.370929776788785123e-02 2.370931821458033620e-02 -1.097908409486889753e-01 6.547212270000872525e-03 1.410795499725368135e-02 6.952257984408777465e-03 2.370930799123396882e-02 2.370932843792687011e-02 2.370930799123396882e-02 2.370930799123396882e-02 2.370932843792687011e-02 2.370932843792687011e-02 2.370930799123396882e-02 2.370930799123396882e-02
2.119567169844004464e-02 2.119569195725126004e-02 2.119567169844004464e-02 2.119568182784557081e-02 -1.028935912294218769e-01 -4.374185994540522038e-03 6.824379559550308207e-03 2.361943190092100076e-03 2.119567169844004464e-02 2.119569195725126004e-02 2.119567169844004464e-02 2.119567169844004464e-02 2.119567169844004464e-02 2.119568182784557081e-02 2.119567169844004464e-02 2.119567169844004464e-02
2.037674255342322716e-02 2.037678294880546429e-02 2.037674255342322716e-02 2.037674255342322716e-02 -9.998608741194735250e-02 -1.575640497005745050e-03 1.994779256035622735e-03 -4.036347024105240398e-03 2.037674255342322716e-02 2.037675265226841087e-02 2.037674255342322716e-02 2.037674255342322716e-02 2.037674255342322716e-02 2.037674255342322716e-02 2.037674255342322716e-02 2.037674255342322716e-02
2.568579177419550580e-02 2.568581236892847688e-02 2.568576088209785155e-02 2.568577117946345759e-02 -1.137126187948757222e-01 1.049534012564156717e-02 1.107426806912631748e-02 2.188261137230361822e-02 2.568579177419550580e-02 2.568579177419550580e-02 2.568579177419550580e-02 2.568577117946345759e-02 2.568577117946345759e-02 2.568579177419550580e-02 2.568577117946345759e-02 2.568577117946345759e-02
2.305283996007821343e-02 2.305285015887003144e-02 2.305283996007821343e-02 2.305283996007821343e-02 -1.081026977757666430e-01 2.034720364781708590e-02 -4.490009492373408205e-03 6.429066435325688465e-03 2.305283996007820996e-02 2.305283996007820996e-02 2.305283996007820996e-02 2.305283996007820996e-02 2.305283996007820996e-02 2.305285015887002797e-02 2.305283996007820996e-02 2.305283996007820996e-02
2.243789012884009684e-02 2.243791048044737127e-02 2.243786977723365508e-02 2.243786977723365508e-02 -1.066592288265185984e-01 4.460559699040896574e-03 3.938657855623077519e-03 8.112287815185465281e-03 2.243787995303670596e-02 2.243787995303670596e-02 2.243787995303670596e-02 2.243786977723365508e-02 2.243787995303670596e-02 2.243789012884009684e-02 2.243786977723365508e-02 2.243787995303670596e-02
2.214434909135818211e-02 2.214437958586382149e-02 2.214434909135818211e-02 2.214436942102829611e-02 -1.057390313394782067e-01 2.669351639797037760e-03 1.538208223041584444e-02 -4.046010022841478766e-03 2.214436942102829611e-02 2.214437958586382149e-02 2.214436942102829611e-02 2.214435925619311421e-02 2.214436942102829611e-02 2.214437958586382149e-02 2.214436942102829611e-02 2.214435925619311421e-02
2.488687182499004294e-02 2.488688209241958493e-02 2.488685129013144121e-02 2.488687182499004294e-02 -1.122446032154843926e-01 1.638075321128557721e-02 1.446205904278441076e-02 6.373823558652603159e-03 2.488686155756065707e-02 2.488688209241958840e-02 2.488686155756065707e-02 2.488684102270238493e-02 2.488686155756065707e-02 2.488688209241958840e-02 2.488686155756065707e-02 2.488686155756065707e-02
2.398981026812121997e-02 2.398981026812121997e-02 2.398977956659465935e-02 2.398977956659465935e-02 -1.104235380667608624e-01 9.509399614740666334e-03 8.102118935869411648e-03 1.230037546412780618e-02 2.398980003427890126e-02 2.398981026812121997e-02 2.398981026812121997e-02 2.398978980043665193e-02 2.398980003427890126e-02 2.398982050196379542e-02 2.398980003427890126e-02 2.398980003427890126e-02
2.016832481884366091e-02 2.016834500098586141e-02 2.016828116642282315e-02 2.016828116642282315e-02 -9.911652342390697701e-02 4.725238470366674957e-03 -6.461035574473139587e-03 -4.089218786243077955e-03 2.016833490991463626e-02 2.016835509205742658e-02 2.016833490991463626e-02 2.016833490991463626e-02 2.016833490991463626e-02 2.016836518312897786e-02 2.016833490991463626e-02 2.016834500098586141e-02
2.270572814357488256e-02 2.270573832938907813e-02 2.270569758613363159e-02 2.270569758613363159e-02 -1.070453455001043330e-01 -1.234201407335340679e-02 2.121987834951160820e-02 1.061340787640732176e-02 2.270571795776094026e-02 2.270571795776094026e-02 2.270571795776094026e-02 2.270571795776094026e-02 2.270571795776094026e-02 2.270571795776094026e-02 2.270571795776094026e-02 2.270571795776094026e-02
2.114446261875910574e-02 2.114448287374662630e-02 2.114444236377232070e-02 2.114444236377232070e-02 -1.027582021059841588e-01 4.378991011476254455e-03 5.314603157032251560e-04 -6.453089940749656087e-04 2.114447274625273765e-02 2.114449300124085496e-02 2.114447274625274112e-02 2.114445249126554668e-02 2.114446261875910574e-02 2.114447274625274112e-02 2.114446261875910574e-02 2.114447274625274112e-02
2.660723692897375148e-02 2.660728858859481849e-02 2.660723692897375148e-02 2.660723692897375148e-02 -1.152669886895705820e-01 1.992624052749974659e-02 1.231150314205522490e-02 1.804374944601386949e-02 2.660725759282150937e-02 2.660727825667009994e-02 2.660725759282150937e-02 2.660725759282150937e-02 2.660725759282150937e-02 2.660727825667009994e-02 2.660725759282150937e-02 2.660725759282150937e-02
2.199011495361178486e-02 2.199012511268422579e-02 2.199009463546721180e-02 2.199009463546721180e-02 -1.053812126779246072e-01 8.756830568233179429e-03 4.339971243495730283e-03 -6.664974320103392302e-04 2.199010479453932659e-02 2.199011495361178486e-02 2.199010479453932659e-02 2.199010479453932659e-02 2.199010479453932659e-02 2.199011495361178486e-02 2.199010479453932659e-02 2.199010479453932659e-02
2.019915663163121891e-02 2.019915663163121891e-02 2.019913644719054796e-02 2.019913644719054796e-02 -9.922577552012962210e-02 1.605576030955057363e-03 -9.245311967238888790e-03 2.153080914262993362e-03 2.019916672385192735e-02 2.019916672385192735e-02 2.019913644719054796e-02 2.019913644719054796e-02 2.019914653941084354e-02 2.019916672385192735e-02 2.019914653941084354e-02 2.019914653941084354e-02
2.642235509822030495e-02 2.642237574819482002e-02 2.642235509822030495e-02 2.642235509822030495e-02 -1.149096327670251910e-01 7.830992993809824526e-03 2.874607374448016547e-02 1.261437827235800842e-02 2.642235509822030495e-02 2.642236542320748269e-02 2.642236542320748269e-02 2.642235509822030495e-02 2.642235509822030495e-02 2.642236542320748269e-02 2.642235509822030495e-02 2.642235509822030495e-02
2.324983411650580548e-02 2.324987494114247322e-02 2.324983411650580548e-02 2.324984432266461593e-02 -1.087142495929484531e-01 1.223716545178103049e-02 2.692347350872207907e-03 8.784245197844755756e-03 2.324986473498308337e-02 2.324987494114247322e-02 2.324987494114247322e-02 2.324985452882376638e-02 2.324986473498308337e-02 2.324987494114247322e-02 2.324986473498308337e-02 2.324985452882376638e-02
2.332174585723297694e-02 2.332176627492936472e-02 2.332172543953732469e-02 2.332174585723297694e-02 -1.088825305688507772e-01 1.350941169096759979e-02 2.978654812337490961e-03 7.853281016450873800e-03 2.332175606608104940e-02 2.332177648377785004e-02 2.332176627492937165e-02 2.332175606608104940e-02 2.332175606608104940e-02 2.332177648377785004e-02 2.332176627492937165e-02 2.332175606608104940e-02
2.075110199389079008e-02 2.075111210670310333e-02 2.075108176826646889e-02 2.075108176826646889e-02 -1.012860633681101630e-01 -4.158315031545079150e-03 1.016211010827991999e-02 -5.612926651826488471e-03 2.075111210670310333e-02 2.075113233232875332e-02 2.075111210670319700e-02 2.075110199389079355e-02 2.075111210670319700e-02 2.075112221951593700e-02 2.075111210670319700e-02 2.075111210670319700e-02
2.082433913499983844e-02 2.082435936609097066e-02 2.082433913499983844e-02 2.082433913499983844e-02 -1.016584243360468542e-01 -1.433198985998622920e-03 6.793478362832402074e-04 1.788700988551583529e-03 2.082435936609097066e-02 2.082435936609097066e-02 2.082435936609097066e-02 2.082433913499983844e-02 2.082433913499983844e-02 2.082435936609097066e-02 2.082433913499983844e-02 2.082433913499983844e-02
2.691920368739349548e-02 2.691922437465424367e-02 2.691918300013376036e-02 2.691918300013376036e-02 -1.157272821746703900e-01 9.003098363503823573e-03 2.376801891034650491e-02 1.990207291375152218e-02 2.691919334376350129e-02 2.691920368739349548e-02 2.691919334376350129e-02 2.691919334376350129e-02 2.691919334376350129e-02 2.691921403102374641e-02 2.691919334376350129e-02 2.691919334376350129e-02
2.245373983726577788e-02 2.245375001366158377e-02 2.245371948447465529e-02 2.245373983726577788e-02 -1.065286092284153247e-01 1.981445581851877524e-02 2.560882273698603280e-03 -5.400106687097212463e-03 2.245376019005772619e-02 2.245376019005772619e-02 2.245376019005772619e-02 2.245373983726577441e-02 2.245375001366158030e-02 2.245376019005772619e-02 2.245373983726577441e-02 2.245373983726577441e-02
2.174600164576579939e-02 2.174602194567470601e-02 2.174597119590450725e-02 2.174597119590450725e-02 -1.046485110668070734e-01 -4.861702521213371697e-04 1.133669270177540623e-03 9.497112497665735273e-03 2.174599149581199140e-02 2.174600164576579939e-02 2.174600164576579939e-02 2.174599149581199140e-02 2.174599149581199140e-02 2.174600164576579939e-02 2.174599149581199140e-02 2.174598134585807932e-02
2.107325527047968286e-02 2.107327552015127517e-02 2.107325527047968286e-02 2.107325527047968286e-02 -1.025050429748150110e-01 -7.829610453532811218e-04 5.768185959997795993e-03 -1.415962397736683642e-03 2.107325527047968286e-02 2.107327552015127517e-02 2.107326539531535411e-02 2.107324514564426488e-02 2.107326539531535411e-02 2.107326539531535411e-02 2.107324514564426488e-02 2.107324514564426488e-02
2.490581656700723359e-02 2.490582683514649953e-02 2.490579603072953785e-02 2.490581656700723359e-02 -1.122552585699843758e-01 1.570085202199220445e-02 3.540888298153942789e-03 1.820606126814086276e-02 2.490580629886839439e-02 2.490587131100199109e-02 2.490581656700723359e-02 2.490579603072953785e-02 2.490580629886839439e-02 2.490581656700723359e-02 2.490581656700723359e-02 2.490580629886839439e-02
2.505983038753805542e-02 2.505985093535556887e-02 2.505980983972128442e-02 2.505983038753805542e-02 -1.125681799143127826e-01 8.044447175309839271e-03 1.045757376775889591e-02 2.010759797561070816e-02 2.505983038753805542e-02 2.505984066144668898e-02 2.505983038753805542e-02 2.505982011362958839e-02 2.505982011362958839e-02 2.505984066144668898e-02 2.505983038753805542e-02 2.505980983972128442e-02
2.046985952664723274e-02 2.046987973128482421e-02 2.046982921969259586e-02 2.046984942432894528e-02 -1.001786014196685143e-01 5.399045491348739359e-03 4.637179409707232504e-03 -1.255672884076159714e-02 2.046983932201056067e-02 2.046987973128482421e-02 2.046985952664723274e-02 2.046983932201056067e-02 2.046983932201056067e-02 2.046987973128482421e-02 2.046985952664723274e-02 2.046983932201056067e-02
2.326441473025615825e-02 2.326443514366416387e-02 2.326439431684916570e-02 2.326441473025615825e-02 -1.087244079225473670e-01 2.130347326193969722e-03 1.587112595521208633e-02 5.896761876046106680e-03 2.326443514366416387e-02 2.326443514366416387e-02 2.326443514366416387e-02 2.326441473025615825e-02 2.326441473025615825e-02 2.326443514366416387e-02 2.326443514366416387e-02 2.326441473025615825e-02
2.112536806479404020e-02 2.112537819157474933e-02 2.112534781123320826e-02 2.112534781123320826e-02 -1.026836195062447860e-01 3.762676270958947074e-03 3.246477789166344469e-03 -2.923512565461829776e-03 2.112536806479413387e-02 2.112537819157474933e-02 2.112536806479413387e-02 2.112535793801350106e-02 2.112536806479413387e-02 2.112537819157483954e-02 2.112535793801350106e-02 2.112535793801350106e-02
2.627828640613754513e-02 2.627830704530405639e-02 2.627827608655444735e-02 2.627829672572062902e-02 -1.147357875637250585e-01 1.434941189773495177e-02 1.289099950621182093e-02 2.061240580375464648e-02 2.627828640613754513e-02 2.627829672572072270e-02 2.627829672572072270e-02 2.627827608655444735e-02 2.627828640613754513e-02 2.627829672572072270e-02 2.627827608655444735e-02 2.627827608655444735e-02
2.166552121870557804e-02 2.166554151260278657e-02 2.166551107175730684e-02 2.166552121870557804e-02 -1.044082674955134765e-01 8.190992809259011603e-03 2.752835187207908381e-03 -1.574565582305168703e-03 2.166551107175730684e-02 2.166553136565419271e-02 2.166551107175730684e-02 2.166551107175730684e-02 2.166551107175730684e-02 2.166553136565419271e-02 2.166551107175730684e-02 2.166551107175730684e-02
2.074731609265744944e-02 2.074733631799969766e-02 2.074725211447728604e-02 2.074729586731602696e-02 -1.013649337425053948e-01 -4.156046292261933450e-03 1.763700099538693033e-03 2.653490147725385412e-03 2.074731609265744944e-02 2.074732620532849375e-02 2.074732620532849375e-02 2.074729586731602696e-02 2.074729586731602696e-02 2.074732620532849375e-02 2.074729586731602696e-02 2.074729586731602696e-02
2.382207378928205901e-02 2.382209424441335960e-02 2.382204310658686194e-02 2.382204310658686194e-02 -1.100444037162801314e-01 7.497727948788872158e-03 1.425101523784465772e-02 6.799267266392876839e-03 2.382206356171682679e-02 2.382208401684762430e-02 2.382206356171682679e-02 2.382205333415167436e-02 2.382205333415167436e-02 2.382208401684762777e-02 2.382205333415167436e-02 2.382205333415167436e-02
2.483364494544408260e-02 2.483366547631657775e-02 2.483359021672881112e-02 2.483359021672881112e-02 -1.120360131240351054e-01 2.176435676304236747e-02 -1.959901519330751584e-03 1.730826873959893930e-02 2.483366547631657775e-02 2.483367574175307166e-02 2.483366547631657775e-02 2.483364494544408260e-02 2.483364494544408260e-02 2.483366547631657775e-02 2.483366547631657775e-02 2.483364494544408260e-02
2.206247682604237439e-02 2.206254113076071277e-02 2.206246666426667571e-02 2.206246666426667571e-02 -1.056122359901844610e-01 2.402659492138037051e-03 6.538569497632762406e-03 4.129211129631997663e-03 2.206248698781849982e-02 2.206250731137123985e-02 2.206249714959478830e-02 2.206248698781849982e-02 2.206248698781849982e-02 2.206250731137123985e-02 2.206249714959478830e-02 2.206248698781849982e-02
2.196188359593202744e-02 2.196195803368048913e-02 2.196188359593202744e-02 2.196188359593202744e-02 -1.052605946435344331e-01 -2.673325321051831654e-03 1.194848860006862343e-02 2.951315168516786824e-03 2.196189375395021792e-02 2.196192422800630206e-02 2.196189375395031160e-02 2.196188359593203090e-02 2.196188359593203090e-02 2.196192422800630206e-02 2.196189375395031160e-02 2.196189375395031160e-02
2.214239909758010036e-02 2.214241942710389044e-02 2.214238893281858175e-02 2.214238893281858175e-02 -1.057268247594137511e-01 6.395975199873580284e-03 1.362194651381024024e-02 -6.030833697783561168e-03 2.214239909758010036e-02 2.214240926234196244e-02 2.214239909758010036e-02 2.214237876805722621e-02 2.214237876805722621e-02 2.214240926234196244e-02 2.214237876805722621e-02 2.214237876805722621e-02
2.484664956201657754e-02 2.484667009386291522e-02 2.484662903017115232e-02 2.484664956201657754e-02 -1.121355835255171823e-01 7.250314229931766226e-03 7.616932687811567119e-03 2.213830252258475531e-02 2.484664956201657754e-02 2.484670429348590642e-02 2.484667009386291522e-02 2.484663929609382677e-02 2.484663929609382677e-02 2.484670429348590642e-02 2.484663929609382677e-02 2.484663929609382677e-02
2.091944226856278649e-02 2.091947262584870071e-02 2.091944226856278649e-02 2.091944226856278649e-02 -1.018267278584346208e-01 1.323594858157344997e-02 -4.363623797307426312e-03 -6.694624295098391617e-03 2.091946250675329189e-02 2.091949286404026775e-02 2.091946250675329536e-02 2.091946250675329536e-02 2.091946250675329536e-02 2.091949286404026775e-02 2.091946250675329536e-02 2.091945238765796286e-02
2.362796134520251529e-02 2.362799200611164635e-02 2.362794090459760174e-02 2.362796134520251529e-02 -1.095296976269635320e-01 -2.301396385830656310e-03 1.358616602780391910e-02 1.581510183097979000e-02 2.362798178580834824e-02 2.362799200611164635e-02 2.362798178580835171e-02 2.362798178580835171e-02 2.362798178580835171e-02 2.362799200611164635e-02 2.362797156550530686e-02 2.362796134520251529e-02
1.996479748735343132e-02 1.996483782127711840e-02 1.996478740387317916e-02 1.996478740387317916e-02 -9.822795238557065212e-02 2.549024351609167124e-03 6.960213303078238538e-04 -1.128558205634261520e-02 1.996482773779595030e-02 1.996483782127711840e-02 1.996482773779595377e-02 1.996480757083402002e-02 1.996482773779595377e-02 1.996483782127711840e-02 1.996482773779595377e-02 1.996480757083402002e-02
2.919512670989025949e-02 2.919518236403880265e-02 2.919510585159477631e-02 2.919512670989025949e-02 -1.188613894756219008e-01 2.190499054607892779e-02 2.102158453486053374e-02 2.547391696690604404e-02 2.919512670989025949e-02 2.919518236403879918e-02 2.919514756818657533e-02 2.919509542244746320e-02 2.919512670989025949e-02 2.919514756818657533e-02 2.919512670989025949e-02 2.919511628074243637e-02
2.272147984691922154e-02 2.272150021972573278e-02 2.272145947411353256e-02 2.272145947411353256e-02 -1.073338170228061023e-01 1.597286707208258119e-02 4.959431383416577389e-03 -1.724902774497479550e-03 2.272147984691922154e-02 2.272151040612932840e-02 2.272147984691922501e-02 2.272146966051629899e-02 2.272146966051629899e-02 2.272149003332240083e-02 2.272146966051629899e-02 2.272147984691922501e-02
2.052228596156408652e-02 2.052230617011348637e-02 2.052226575301560260e-02 2.052228596156408652e-02 -1.003616445854998290e-01 1.290040266100664400e-03 -1.224884550884535427e-02 9.010880728481917776e-03 2.052227585728972140e-02 2.052233977964365921e-02 2.052228596156408652e-02 2.052227585728972140e-02 2.052227585728972140e-02 2.052228596156408652e-02 2.052227585728972140e-02 2.052227585728972140e-02
2.331340876186218172e-02 2.331342917893461375e-02 2.331337813625515912e-02 2.331339855332634214e-02 -1.085683480139725821e-01 -8.306169498727134642e-03 2.827614142724786672e-02 4.983858362341476132e-03 2.331340876186218172e-02 2.331342917893461375e-02 2.331340876186227540e-02 2.331338834479058236e-02 2.331340876186227540e-02 2.331342917893461375e-02 2.331340876186227540e-02 2.331340876186227540e-02
2.276479465430119795e-02 2.276482521836894340e-02 2.276477427825716882e-02 2.276477427825716882e-02 -1.075146044739512946e-01 8.173546294729888348e-03 2.234038277279616624e-03 9.048524932648835395e-03 2.276480484232358895e-02 2.276481503034613954e-02 2.276481503034613954e-02 2.276479465430119795e-02 2.276480484232358895e-02 2.276481503034613954e-02 2.276480484232358895e-02 2.276479465430119795e-02
2.389293660342881043e-02 2.389295706386346946e-02 2.389291614299488692e-02 2.389290591277825476e-02 -1.102081728393459470e-01 1.056147511036362348e-02 6.442477381864697254e-03 1.211464383460491949e-02 2.389292637321176541e-02 2.389294683364600810e-02 2.389293660342881043e-02 2.389291614299488692e-02 2.389292637321176541e-02 2.389294683364601157e-02 2.389291614299488692e-02 2.389291614299488692e-02
2.142684298830834638e-02 2.142690713515709930e-02 2.142683285027266807e-02 2.142683285027266807e-02 -1.035750498158653637e-01 4.026323382294876366e-03 1.067283948503049314e-02 -7.530695771425212348e-03 2.142685312634418776e-02 2.142685312634418776e-02 2.142685312634418776e-02 2.142683285027266807e-02 2.142684298830834638e-02 2.142685312634418776e-02 2.142685312634418776e-02 2.142683285027266807e-02
2.031167260906671657e-02 2.031172638276157807e-02 2.031165241623217668e-02 2.031167260906671657e-02 -9.974119610221683641e-02 -4.853325580734885116e-04 -3.704514749197105727e-03 -1.274968461988088865e-04 2.031169280190199197e-02 2.031169280190199197e-02 2.031169280190199197e-02 2.031164231981524154e-02 2.031167260906671657e-02 2.031168270548423110e-02 2.031167260906671657e-02 2.031167260906671657e-02
2.584625995441950513e-02 2.584628056118388681e-02 2.584623934765586245e-02 2.584625995441950513e-02 -1.139992825742811716e-01 1.115657107764893297e-02 2.123704944422346447e-02 1.225149321195127296e-02 2.584624965103764910e-02 2.584627025780161444e-02 2.584625995441950860e-02 2.584623934765586592e-02 2.584623934765586592e-02 2.584627025780161791e-02 2.584624965103764910e-02 2.584624965103764910e-02
2.434890089381717276e-02 2.434895551994612287e-02 2.434887015196661800e-02 2.434887015196661800e-02 -1.111136771940292173e-01 2.236775497945985014e-02 5.183201037844408290e-03 5.518652939202800360e-03 2.434889064653349144e-02 2.434895551994612287e-02 2.434891114110119756e-02 2.434887015196661800e-02 2.434887015196661800e-02 2.434891114110119756e-02 2.434888039924997319e-02 2.434887015196661800e-02
2.318908086318390710e-02 2.318910127095664617e-02 2.318905025152628169e-02 2.318906045541182029e-02 -1.085684120703471617e-01 1.030808267577345595e-02 2.325070474531717134e-03 1.055301852200466600e-02 2.318907065929778216e-02 2.318910127095664617e-02 2.318907065929778216e-02 2.318906045541182029e-02 2.318907065929778216e-02 2.318910127095664617e-02 2.318906045541182029e-02 2.318905025152628169e-02
2.029306421644198194e-02 2.029313817766760161e-02 2.029305412071840536e-02 2.029306421644198194e-02 -9.966617762086903143e-02 -3.718287032748330764e-03 7.618093103593330789e-04 -1.558397683953822175e-03 2.029308440788963122e-02 2.029313817766751141e-02 2.029310459933827970e-02 2.029306421644198194e-02 2.029308440788963122e-02 2.029313817766760161e-02 2.029307431216563831e-02 2.029307431216563831e-02
2.300479093671112599e-02 2.300482152769708910e-02 2.300478073971630802e-02 2.300480113370619722e-02 -1.081280688107650739e-01 3.933685959528927800e-03 7.664443257946594590e-03 9.960218740651900771e-03 2.300479093671112599e-02 2.300482152769718278e-02 2.300482152769718278e-02 2.300478073971631149e-02 2.300479093671130640e-02 2.300482152769718278e-02 2.300480113370620069e-02 2.300478073971631149e-02
2.586355476230959780e-02 2.586357537037089344e-02 2.586353415424921809e-02 2.586355476230959780e-02 -1.139832086676346445e-01 4.981124807372137864e-03 1.506346204153467642e-02 2.490753203204383592e-02 2.586355476230960126e-02 2.586360970916236693e-02 2.586355476230960126e-02 2.586353415424931176e-02 2.586354445827942009e-02 2.586356506634021613e-02 2.586355476230960126e-02 2.586353415424931176e-02
2.078287769583856900e-02 2.078290803783382559e-02 2.078285746784272123e-02 2.078285746784272123e-02 -1.013264001616427379e-01 8.420478867355255664e-03 4.292912233053327795e-03 -1.194944733826633007e-02 2.078289792383515577e-02 2.078294168284826673e-02 2.078289792383515577e-02 2.078287769583856900e-02 2.078289792383515577e-02 2.078289792383515577e-02 2.078289792383515577e-02 2.078288780983664555e-02
2.280063277886833911e-02 2.280069726704333707e-02 2.280061240014472773e-02 2.280061240014472773e-02 -1.075458564367164638e-01 -2.351634635052377888e-03 1.442104526633640471e-02 7.822546733902710839e-03 2.280065315759269642e-02 2.280066334695524458e-02 2.280065315759269642e-02 2.280063277886833911e-02 2.280064296823039113e-02 2.280066334695524458e-02 2.280065315759269642e-02 2.280063277886833911e-02
1.998876337966200983e-02 1.998882716970059453e-02 1.998874321091435868e-02 1.998875329528805936e-02 -9.830522436157398958e-02 8.190158613957942979e-04 3.449991218334361349e-03 -1.203271270446948198e-02 1.998876337966200983e-02 1.998878354841058039e-02 1.998877346403621358e-02 1.998875329528805936e-02 1.998875329528805936e-02 1.998878354841058039e-02 1.998876337966200983e-02 1.998875329528805936e-02
