# pops for 16 qbits with connectivity c7 and unitary DM 22679530403008
3.999999761581420898e-01 2.000000029802322388e-01 2.000000029802322388e-01 2.000000029802322388e-01 4.000000059604644775e-01 1.999999880790710449e-01 1.999999880790710449e-01 1.999999880790710449e-01 3.999999463558197021e-01 1.999999880790710449e-01 1.999999880790710449e-01 1.999999880790710449e-01 3.999999761581420898e-01 1.999999880790710449e-01 1.999999880790710449e-01 1.999999880790710449e-01
3.558904230594635010e-01 2.093757241964340210e-01 2.246182262897491455e-01 2.082888931035995483e-01 3.420455157756805420e-01 2.245565503835678101e-01 2.112641185522079468e-01 2.239605188369750977e-01 3.396292924880981445e-01 2.233037650585174561e-01 2.145312279462814331e-01 2.225357443094253540e-01 3.396292626857757568e-01 2.233037799596786499e-01 2.145312428474426270e-01 2.225357294082641602e-01
3.297294974327087402e-01 2.112124115228652954e-01 2.434115260839462280e-01 2.178924381732940674e-01 3.082304596900939941e-01 2.657392323017120361e-01 2.114000171422958374e-01 2.123844027519226074e-01 3.063088059425354004e-01 2.228102535009384155e-01 2.090508490800857544e-01 2.521797418594360352e-01 3.080165684223175049e-01 2.309826165437698364e-01 2.498203516006469727e-01 2.208307832479476929e-01
3.064946830272674561e-01 2.165242582559585571e-01 2.466742247343063354e-01 2.325527071952819824e-01 2.903743684291839600e-01 2.564664483070373535e-01 2.157436013221740723e-01 2.351696938276290894e-01 3.045116961002349854e-01 2.229987680912017822e-01 2.254100739955902100e-01 2.374291121959686279e-01 2.981623411178588867e-01 2.317216843366622925e-01 2.532024979591369629e-01 2.265638411045074463e-01
2.897796034812927246e-01 2.193894833326339722e-01 2.417860627174377441e-01 2.438740581274032593e-01 2.945332229137420654e-01 2.577012777328491211e-01 2.260290682315826416e-01 2.269071638584136963e-01 3.031915724277496338e-01 2.206878811120986938e-01 2.176260054111480713e-01 2.488441616296768188e-01 3.068513274192810059e-01 2.349904328584671021e-01 2.436381578445434570e-01 2.241704314947128296e-01
2.802815139293670654e-01 2.261054217815399170e-01 2.343573272228240967e-01 2.457156777381896973e-01 2.849855422973632812e-01 2.464335709810256958e-01 2.432332187891006470e-01 2.388876527547836304e-01 3.046487271785736084e-01 2.271212786436080933e-01 2.212228327989578247e-01 2.373567819595336914e-01 3.101008832454681396e-01 2.301426529884338379e-01 2.471983283758163452e-01 2.222084552049636841e-01
2.758108079433441162e-01 2.306251376867294312e-01 2.373701184988021851e-01 2.465573400259017944e-01 2.896140515804290771e-01 2.454341500997543335e-01 2.384795993566513062e-01 2.361087352037429810e-01 2.947558462619781494e-01 2.394524067640304565e-01 2.306640893220901489e-01 2.288942933082580566e-01 3.008489012718200684e-01 2.398462891578674316e-01 2.348653078079223633e-01 2.306728661060333252e-01
2.789630293846130371e-01 2.311958372592926025e-01 2.369324713945388794e-01 2.432720363140106201e-01 2.849309146404266357e-01 2.408287525177001953e-01 2.447472810745239258e-01 2.391295880079269409e-01 2.998574972152709961e-01 2.302397638559341431e-01 2.317038327455520630e-01 2.319655269384384155e-01 2.911872565746307373e-01 2.403113991022109985e-01 2.364746928215026855e-01 2.382599413394927979e-01
2.783042788505554199e-01 2.326496392488479614e-01 2.362305223941802979e-01 2.431789040565490723e-01 2.882382571697235107e-01 2.391530275344848633e-01 2.410966902971267700e-01 2.411485165357589722e-01 2.940385043621063232e-01 2.339796125888824463e-01 2.342472523450851440e-01 2.315011620521545410e-01 2.922871112823486328e-01 2.409914284944534302e-01 2.386490255594253540e-01 2.343056648969650269e-01
2.863431870937347412e-01 2.361271828413009644e-01 2.354345023632049561e-01 2.400781661272048950e-01 2.785795032978057861e-01 2.367447167634963989e-01 2.435125708580017090e-01 2.431800067424774170e-01 2.939763665199279785e-01 2.344551831483840942e-01 2.317799776792526245e-01 2.335550785064697266e-01 2.958931028842926025e-01 2.400671541690826416e-01 2.350274026393890381e-01 2.352455556392669678e-01
2.827256619930267334e-01 2.344678938388824463e-01 2.326762229204177856e-01 2.410550266504287720e-01 2.835621535778045654e-01 2.388819754123687744e-01 2.438066899776458740e-01 2.428241819143295288e-01 2.959660589694976807e-01 2.323278486728668213e-01 2.341431379318237305e-01 2.313295751810073853e-01 2.918689548969268799e-01 2.377151101827621460e-01 2.393566817045211792e-01 2.372924685478210449e-01
2.812581956386566162e-01 2.381629794836044312e-01 2.332449406385421753e-01 2.382586598396301270e-01 2.837131321430206299e-01 2.397311031818389893e-01 2.425234168767929077e-01 2.431074231863021851e-01 2.949910759925842285e-01 2.364880144596099854e-01 2.325135767459869385e-01 2.297739088535308838e-01 2.899554967880249023e-01 2.407392859458923340e-01 2.405775934457778931e-01 2.349609136581420898e-01
2.839983105659484863e-01 2.367533147335052490e-01 2.348959594964981079e-01 2.369997650384902954e-01 2.843636572360992432e-01 2.417219728231430054e-01 2.390512973070144653e-01 2.422154694795608521e-01 2.875127196311950684e-01 2.394006103277206421e-01 2.371271550655364990e-01 2.258494645357131958e-01 2.850967049598693848e-01 2.380270361900329590e-01 2.461545914411544800e-01 2.408315241336822510e-01
2.849259376525878906e-01 2.412767112255096436e-01 2.381932288408279419e-01 2.393838912248611450e-01 2.803673744201660156e-01 2.377385646104812622e-01 2.388226389884948730e-01 2.392913401126861572e-01 2.855892181396484375e-01 2.407733649015426636e-01 2.371321469545364380e-01 2.263951748609542847e-01 2.864505648612976074e-01 2.399181276559829712e-01 2.477539181709289551e-01 2.359872013330459595e-01
2.811954617500305176e-01 2.425211966037750244e-01 2.407929897308349609e-01 2.379865348339080811e-01 2.786248922348022461e-01 2.415974140167236328e-01 2.393627613782882690e-01 2.379185259342193604e-01 2.876915335655212402e-01 2.364612519741058350e-01 2.393880933523178101e-01 2.263490855693817139e-01 2.831985950469970703e-01 2.423664778470993042e-01 2.454981505870819092e-01 2.390466183423995972e-01
2.815838754177093506e-01 2.404125183820724487e-01 2.406211197376251221e-01 2.398786395788192749e-01 2.797678709030151367e-01 2.397600561380386353e-01 2.396504729986190796e-01 2.383251488208770752e-01 2.863717973232269287e-01 2.403247058391571045e-01 2.373601794242858887e-01 2.258332222700119019e-01 2.865586876869201660e-01 2.416571825742721558e-01 2.467743754386901855e-01 2.351195514202117920e-01
2.842598855495452881e-01 2.421250045299530029e-01 2.397493124008178711e-01 2.363619208335876465e-01 2.682119905948638916e-01 2.424898147583007812e-01 2.429036051034927368e-01 2.416115701198577881e-01 2.717273235321044922e-01 2.416602820158004761e-01 2.460217624902725220e-01 2.327671051025390625e-01 2.853604555130004883e-01 2.373253405094146729e-01 2.448951750993728638e-01 2.425288259983062744e-01
2.822652757167816162e-01 2.438026815652847290e-01 2.388555854558944702e-01 2.370328605175018311e-01 2.722344398498535156e-01 2.413557469844818115e-01 2.402195036411285400e-01 2.419469803571701050e-01 2.721154391765594482e-01 2.409315556287765503e-01 2.466194778680801392e-01 2.325100004673004150e-01 2.881535291671752930e-01 2.421369254589080811e-01 2.440421134233474731e-01 2.357772737741470337e-01
2.814516127109527588e-01 2.414898425340652466e-01 2.417774498462677002e-01 2.380983829498291016e-01 2.684459090232849121e-01 2.430360019207000732e-01 2.427780628204345703e-01 2.406356930732727051e-01 2.714703977108001709e-01 2.412143796682357788e-01 2.465518563985824585e-01 2.329398095607757568e-01 2.858997285366058350e-01 2.361113876104354858e-01 2.463846504688262939e-01 2.417139858007431030e-01
2.791109979152679443e-01 2.404452413320541382e-01 2.424151003360748291e-01 2.398254275321960449e-01 2.676699459552764893e-01 2.421160191297531128e-01 2.411893457174301147e-01 2.449409663677215576e-01 2.706229090690612793e-01 2.397641986608505249e-01 2.492696195840835571e-01 2.328772991895675659e-01 2.800215780735015869e-01 2.431037873029708862e-01 2.409048676490783691e-01 2.457218915224075317e-01
2.765319943428039551e-01 2.405304759740829468e-01 2.419708669185638428e-01 2.400003522634506226e-01 2.720308303833007812e-01 2.402957379817962646e-01 2.392324805259704590e-01 2.471202164888381958e-01 2.675800621509552002e-01 2.388566881418228149e-01 2.493184208869934082e-01 2.373354583978652954e-01 2.790828347206115723e-01 2.449011802673339844e-01 2.402429580688476562e-01 2.449684888124465942e-01
2.763596773147583008e-01 2.386392503976821899e-01 2.412781268358230591e-01 2.388342320919036865e-01 2.746218144893646240e-01 2.395636141300201416e-01 2.418116927146911621e-01 2.466045320034027100e-01 2.685432136058807373e-01 2.420725226402282715e-01 2.506084144115447998e-01 2.397537380456924438e-01 2.773918509483337402e-01 2.399574816226959229e-01 2.395525276660919189e-01 2.444063127040863037e-01
2.766532301902770996e-01 2.385070025920867920e-01 2.420739531517028809e-01 2.378771156072616577e-01 2.741954922676086426e-01 2.399917244911193848e-01 2.411253303289413452e-01 2.472890764474868774e-01 2.686786353588104248e-01 2.427480965852737427e-01 2.515175342559814453e-01 2.380336374044418335e-01 2.761519551277160645e-01 2.429947555065155029e-01 2.385820448398590088e-01 2.435793876647949219e-01
2.769164741039276123e-01 2.382649332284927368e-01 2.393127530813217163e-01 2.405076026916503906e-01 2.731298804283142090e-01 2.386689335107803345e-01 2.440833002328872681e-01 2.468290030956268311e-01 2.681518793106079102e-01 2.442425340414047241e-01 2.511092126369476318e-01 2.386332303285598755e-01 2.744994163513183594e-01 2.435612231492996216e-01 2.401804178953170776e-01 2.419081628322601318e-01
2.763461768627166748e-01 2.375093102455139160e-01 2.397780865430831909e-01 2.413681447505950928e-01 2.750542461872100830e-01 2.400428801774978638e-01 2.433689236640930176e-01 2.442450821399688721e-01 2.682861685752868652e-01 2.438872754573822021e-01 2.491033226251602173e-01 2.408600896596908569e-01 2.758966088294982910e-01 2.413473725318908691e-01 2.408453077077865601e-01 2.420599162578582764e-01
2.774862051010131836e-01 2.384293079376220703e-01 2.380599826574325562e-01 2.410262525081634521e-01 2.712279856204986572e-01 2.416217327117919922e-01 2.433571070432662964e-01 2.476920932531356812e-01 2.651180326938629150e-01 2.441599965095520020e-01 2.507043778896331787e-01 2.409665435552597046e-01 2.766248285770416260e-01 2.430962324142456055e-01 2.406550347805023193e-01 2.397730946540832520e-01
2.749255299568176270e-01 2.410243749618530273e-01 2.398335635662078857e-01 2.411840260028839111e-01 2.700395584106445312e-01 2.410452067852020264e-01 2.420022934675216675e-01 2.488461732864379883e-01 2.653910815715789795e-01 2.435476332902908325e-01 2.513864636421203613e-01 2.406237721443176270e-01 2.765288352966308594e-01 2.422088384628295898e-01 2.396310418844223022e-01 2.417804300785064697e-01
2.734189927577972412e-01 2.405026555061340332e-01 2.421573102474212646e-01 2.408885359764099121e-01 2.677007913589477539e-01 2.419518083333969116e-01 2.421694397926330566e-01 2.501111328601837158e-01 2.667880058288574219e-01 2.418943643569946289e-01 2.504782676696777344e-01 2.425900101661682129e-01 2.754331529140472412e-01 2.429915517568588257e-01 2.396864742040634155e-01 2.412362247705459595e-01
2.745045125484466553e-01 2.409865558147430420e-01 2.403541356325149536e-01 2.411222308874130249e-01 2.682824730873107910e-01 2.411166727542877197e-01 2.432180196046829224e-01 2.493159919977188110e-01 2.667053639888763428e-01 2.418404221534729004e-01 2.510627806186676025e-01 2.421420663595199585e-01 2.744494676589965820e-01 2.437694966793060303e-01 2.401305437088012695e-01 2.409978657960891724e-01
2.759519219398498535e-01 2.404778152704238892e-01 2.402903586626052856e-01 2.421332746744155884e-01 2.685679197311401367e-01 2.409389168024063110e-01 2.420121580362319946e-01 2.485283017158508301e-01 2.663392424583435059e-01 2.418139874935150146e-01 2.511372268199920654e-01 2.424601465463638306e-01 2.751120924949645996e-01 2.426658570766448975e-01 2.399701625108718872e-01 2.415992617607116699e-01
2.754237651824951172e-01 2.401348799467086792e-01 2.409949153661727905e-01 2.422998100519180298e-01 2.682626247406005859e-01 2.412540167570114136e-01 2.422979325056076050e-01 2.482326477766036987e-01 2.668254375457763672e-01 2.407991886138916016e-01 2.514347136020660400e-01 2.426913231611251831e-01 2.760212421417236328e-01 2.432507127523422241e-01 2.397249042987823486e-01 2.403505295515060425e-01
2.732973694801330566e-01 2.405275404453277588e-01 2.404806017875671387e-01 2.424270063638687134e-01 2.671224772930145264e-01 2.425882220268249512e-01 2.426974475383758545e-01 2.497599422931671143e-01 2.662661969661712646e-01 2.423004209995269775e-01 2.499611824750900269e-01 2.431936264038085938e-01 2.743201851844787598e-01 2.420471608638763428e-01 2.413982301950454712e-01 2.416109293699264526e-01
2.733651697635650635e-01 2.410524487495422363e-01 2.400446385145187378e-01 2.422702014446258545e-01 2.629004716873168945e-01 2.480986714363098145e-01 2.438946068286895752e-01 2.471537590026855469e-01 2.626876235008239746e-01 2.420583814382553101e-01 2.522512674331665039e-01 2.448446750640869141e-01 2.741760015487670898e-01 2.412395775318145752e-01 2.424283176660537720e-01 2.415325641632080078e-01
2.724283635616302490e-01 2.422841936349868774e-01 2.402925789356231689e-01 2.413895577192306519e-01 2.623644471168518066e-01 2.478146404027938843e-01 2.441357523202896118e-01 2.480705082416534424e-01 2.613849043846130371e-01 2.445934414863586426e-01 2.512015998363494873e-01 2.446620464324951172e-01 2.736689746379852295e-01 2.417339384555816650e-01 2.420523911714553833e-01 2.419211864471435547e-01
2.722327411174774170e-01 2.424234896898269653e-01 2.401735484600067139e-01 2.415648400783538818e-01 2.610965073108673096e-01 2.474130243062973022e-01 2.445656061172485352e-01 2.493102103471755981e-01 2.607345581054687500e-01 2.442801743745803833e-01 2.506072521209716797e-01 2.443573325872421265e-01 2.732976078987121582e-01 2.422642707824707031e-01 2.433787882328033447e-01 2.422984242439270020e-01
2.717626094818115234e-01 2.423919439315795898e-01 2.405882179737091064e-01 2.416518628597259521e-01 2.621343433856964111e-01 2.470697611570358276e-01 2.452968806028366089e-01 2.478843629360198975e-01 2.604040205478668213e-01 2.449626177549362183e-01 2.509162127971649170e-01 2.447922378778457642e-01 2.730049192905426025e-01 2.424525320529937744e-01 2.423359900712966919e-01 2.423498332500457764e-01
2.729832828044891357e-01 2.439749389886856079e-01 2.415445894002914429e-01 2.422907203435897827e-01 2.621453702449798584e-01 2.459398955106735229e-01 2.436230182647705078e-01 2.462780475616455078e-01 2.603712379932403564e-01 2.440547943115234375e-01 2.514905631542205811e-01 2.429452985525131226e-01 2.723154425621032715e-01 2.426004856824874878e-01 2.444048821926116943e-01 2.430356293916702271e-01
2.732376456260681152e-01 2.435324788093566895e-01 2.421785742044448853e-01 2.418447732925415039e-01 2.623672485351562500e-01 2.453016638755798340e-01 2.439299374818801880e-01 2.463875114917755127e-01 2.603443861007690430e-01 2.433403879404067993e-01 2.512296736240386963e-01 2.429219186305999756e-01 2.727605402469635010e-01 2.426314949989318848e-01 2.446581274271011353e-01 2.433317601680755615e-01
2.730635702610015869e-01 2.428055554628372192e-01 2.433150112628936768e-01 2.416548728942871094e-01 2.621524930000305176e-01 2.458804547786712646e-01 2.431940138339996338e-01 2.467139065265655518e-01 2.604592740535736084e-01 2.435317933559417725e-01 2.516552209854125977e-01 2.436363846063613892e-01 2.732402384281158447e-01 2.422229200601577759e-01 2.438720762729644775e-01 2.426003068685531616e-01
2.736936509609222412e-01 2.418587654829025269e-01 2.426031231880187988e-01 2.426834553480148315e-01 2.615211904048919678e-01 2.454797178506851196e-01 2.427636831998825073e-01 2.481762915849685669e-01 2.608855664730072021e-01 2.435612678527832031e-01 2.509725093841552734e-01 2.438633292913436890e-01 2.726506590843200684e-01 2.427902817726135254e-01 2.428912520408630371e-01 2.436033934354782104e-01
2.732690870761871338e-01 2.424947023391723633e-01 2.432380318641662598e-01 2.418371587991714478e-01 2.617177069187164307e-01 2.462994754314422607e-01 2.428540885448455811e-01 2.470695972442626953e-01 2.606741487979888916e-01 2.432873398065567017e-01 2.523960769176483154e-01 2.435435950756072998e-01 2.728652656078338623e-01 2.430996298789978027e-01 2.432077974081039429e-01 2.421443909406661987e-01
2.728923559188842773e-01 2.426843494176864624e-01 2.431087791919708252e-01 2.411543130874633789e-01 2.608973085880279541e-01 2.472264170646667480e-01 2.436140477657318115e-01 2.472021579742431641e-01 2.601142823696136475e-01 2.434929311275482178e-01 2.515852451324462891e-01 2.441701442003250122e-01 2.724825739860534668e-01 2.419300526380538940e-01 2.435237318277359009e-01 2.439192235469818115e-01
2.725818157196044922e-01 2.430673837661743164e-01 2.416195720434188843e-01 2.425710558891296387e-01 2.606981098651885986e-01 2.473230957984924316e-01 2.438799589872360229e-01 2.470387965440750122e-01 2.589295208454132080e-01 2.441373914480209351e-01 2.522676289081573486e-01 2.440280765295028687e-01 2.726115882396697998e-01 2.418677508831024170e-01 2.438294589519500732e-01 2.435467988252639771e-01
2.716102898120880127e-01 2.435229718685150146e-01 2.418766468763351440e-01 2.428207844495773315e-01 2.616059184074401855e-01 2.471370995044708252e-01 2.435599714517593384e-01 2.466461211442947388e-01 2.600888907909393311e-01 2.434585839509963989e-01 2.515240609645843506e-01 2.442910373210906982e-01 2.728457748889923096e-01 2.419161498546600342e-01 2.427017986774444580e-01 2.443918734788894653e-01
2.720247805118560791e-01 2.419205605983734131e-01 2.428136467933654785e-01 2.430716305971145630e-01 2.605839967727661133e-01 2.466190755367279053e-01 2.439079433679580688e-01 2.485899925231933594e-01 2.578001916408538818e-01 2.450409233570098877e-01 2.490197569131851196e-01 2.467498481273651123e-01 2.729179859161376953e-01 2.424887418746948242e-01 2.431404590606689453e-01 2.433083951473236084e-01
2.701516151428222656e-01 2.429218590259552002e-01 2.429256290197372437e-01 2.419494390487670898e-01 2.615191638469696045e-01 2.466941028833389282e-01 2.446784228086471558e-01 2.486913502216339111e-01 2.575895190238952637e-01 2.449678480625152588e-01 2.489668130874633789e-01 2.470865249633789062e-01 2.725573480129241943e-01 2.426001727581024170e-01 2.432467788457870483e-01 2.434512078762054443e-01
2.702481150627136230e-01 2.422655820846557617e-01 2.434111982583999634e-01 2.423535734415054321e-01 2.607829868793487549e-01 2.468482255935668945e-01 2.443051189184188843e-01 2.493168264627456665e-01 2.576449513435363770e-01 2.447438091039657593e-01 2.489288896322250366e-01 2.472930550575256348e-01 2.723032832145690918e-01 2.415694594383239746e-01 2.439063787460327148e-01 2.440764456987380981e-01
2.701306045055389404e-01 2.428067177534103394e-01 2.427289336919784546e-01 2.429094314575195312e-01 2.598772644996643066e-01 2.466569244861602783e-01 2.447244971990585327e-01 2.496970742940902710e-01 2.576060295104980469e-01 2.449787259101867676e-01 2.491199821233749390e-01 2.469058781862258911e-01 2.729293704032897949e-01 2.424450814723968506e-01 2.430616319179534912e-01 2.434193938970565796e-01
2.707353532314300537e-01 2.420270740985870361e-01 2.428664863109588623e-01 2.430248856544494629e-01 2.599348127841949463e-01 2.460042089223861694e-01 2.453310936689376831e-01 2.496074885129928589e-01 2.575338184833526611e-01 2.449757307767868042e-01 2.493755817413330078e-01 2.467254847288131714e-01 2.729020714759826660e-01 2.425550222396850586e-01 2.432355582714080811e-01 2.431628555059432983e-01
2.701005935668945312e-01 2.432529628276824951e-01 2.438413202762603760e-01 2.428806424140930176e-01 2.599397003650665283e-01 2.464160770177841187e-01 2.456982433795928955e-01 2.474019527435302734e-01 2.581833004951477051e-01 2.447553575038909912e-01 2.493450194597244263e-01 2.467808872461318970e-01 2.727608084678649902e-01 2.417747825384140015e-01 2.436277419328689575e-01 2.432382106781005859e-01
2.706538736820220947e-01 2.427950501441955566e-01 2.435514926910400391e-01 2.430751323699951172e-01 2.598436474800109863e-01 2.469868361949920654e-01 2.467863112688064575e-01 2.466784864664077759e-01 2.564840316772460938e-01 2.460899651050567627e-01 2.480839341878890991e-01 2.475672513246536255e-01 2.727943360805511475e-01 2.425867319107055664e-01 2.426986396312713623e-01 2.433217763900756836e-01
2.702705562114715576e-01 2.426848560571670532e-01 2.426055818796157837e-01 2.440224587917327881e-01 2.594578862190246582e-01 2.467233091592788696e-01 2.464857846498489380e-01 2.481203377246856689e-01 2.561467587947845459e-01 2.466404587030410767e-01 2.476485669612884521e-01 2.473623156547546387e-01 2.716931700706481934e-01 2.438184320926666260e-01 2.435866147279739380e-01 2.427302896976470947e-01
2.698623538017272949e-01 2.427095621824264526e-01 2.430720329284667969e-01 2.445412725210189819e-01 2.596213519573211670e-01 2.460163235664367676e-01 2.467585355043411255e-01 2.477893978357315063e-01 2.556786835193634033e-01 2.469683736562728882e-01 2.476343810558319092e-01 2.475166320800781250e-01 2.715530395507812500e-01 2.425602227449417114e-01 2.441835403442382812e-01 2.435317635536193848e-01
2.702569067478179932e-01 2.425354868173599243e-01 2.428071498870849609e-01 2.438673675060272217e-01 2.597262561321258545e-01 2.467593401670455933e-01 2.461279928684234619e-01 2.482902109622955322e-01 2.563452124595642090e-01 2.462488114833831787e-01 2.468810677528381348e-01 2.461632192134857178e-01 2.714900672435760498e-01 2.435716092586517334e-01 2.449333071708679199e-01 2.439932823181152344e-01
2.704435288906097412e-01 2.424567490816116333e-01 2.431544214487075806e-01 2.434122711420059204e-01 2.587886750698089600e-01 2.466752827167510986e-01 2.463306635618209839e-01 2.484607696533203125e-01 2.560652494430541992e-01 2.468988150358200073e-01 2.470424324274063110e-01 2.462802529335021973e-01 2.713389992713928223e-01 2.443197518587112427e-01 2.454482764005661011e-01 2.428812533617019653e-01
2.695124745368957520e-01 2.432642877101898193e-01 2.437662780284881592e-01 2.429215013980865479e-01 2.579931616783142090e-01 2.473867684602737427e-01 2.468094825744628906e-01 2.480683773756027222e-01 2.564203143119812012e-01 2.477264106273651123e-01 2.469417303800582886e-01 2.467564195394515991e-01 2.699684798717498779e-01 2.445075511932373047e-01 2.448109835386276245e-01 2.431429624557495117e-01
2.686396241188049316e-01 2.445576637983322144e-01 2.430426478385925293e-01 2.432245761156082153e-01 2.576997876167297363e-01 2.468754351139068604e-01 2.473257184028625488e-01 2.483568191528320312e-01 2.566058039665222168e-01 2.473596185445785522e-01 2.484005689620971680e-01 2.472734153270721436e-01 2.692050635814666748e-01 2.439086735248565674e-01 2.443178594112396240e-01 2.432039678096771240e-01
2.690971791744232178e-01 2.438642233610153198e-01 2.438924014568328857e-01 2.426106333732604980e-01 2.579300999641418457e-01 2.473765909671783447e-01 2.471524626016616821e-01 2.477986067533493042e-01 2.572337388992309570e-01 2.468411475419998169e-01 2.483361214399337769e-01 2.472283542156219482e-01 2.698584198951721191e-01 2.439341247081756592e-01 2.444569468498229980e-01 2.423860430717468262e-01
2.688567042350769043e-01 2.438656389713287354e-01 2.437261641025543213e-01 2.427290976047515869e-01 2.580899596214294434e-01 2.472901195287704468e-01 2.472867071628570557e-01 2.478778660297393799e-01 2.569472789764404297e-01 2.466740459203720093e-01 2.484151571989059448e-01 2.476028949022293091e-01 2.697533965110778809e-01 2.442352771759033203e-01 2.436582744121551514e-01 2.429885566234588623e-01
2.692595720291137695e-01 2.438886016607284546e-01 2.430565953254699707e-01 2.429727911949157715e-01 2.568764388561248779e-01 2.479298114776611328e-01 2.472975850105285645e-01 2.476505041122436523e-01 2.567855119705200195e-01 2.474096119403839111e-01 2.484650015830993652e-01 2.477695494890213013e-01 2.696544528007507324e-01 2.434446662664413452e-01 2.447844147682189941e-01 2.427519708871841431e-01
2.688286304473876953e-01 2.444191128015518188e-01 2.432870119810104370e-01 2.426427751779556274e-01 2.566814124584197998e-01 2.480192035436630249e-01 2.469400614500045776e-01 2.481136173009872437e-01 2.566903829574584961e-01 2.471517026424407959e-01 2.485945969820022583e-01 2.476572841405868530e-01 2.700838148593902588e-01 2.438003718852996826e-01 2.443942427635192871e-01 2.426927834749221802e-01
2.686872184276580811e-01 2.440623790025711060e-01 2.434992194175720215e-01 2.427810281515121460e-01 2.571633458137512207e-01 2.483415156602859497e-01 2.464613765478134155e-01 2.479357868432998657e-01 2.563732266426086426e-01 2.469793707132339478e-01 2.490072846412658691e-01 2.476577162742614746e-01 2.694435119628906250e-01 2.441115975379943848e-01 2.439874559640884399e-01 2.435049116611480713e-01
2.686449587345123291e-01 2.436411082744598389e-01 2.432456165552139282e-01 2.434980869293212891e-01 2.569623291492462158e-01 2.476624995470046997e-01 2.468942552804946899e-01 2.480321675539016724e-01 2.572302222251892090e-01 2.471365630626678467e-01 2.486182004213333130e-01 2.473833858966827393e-01 2.692541480064392090e-01 2.440538108348846436e-01 2.442157268524169922e-01 2.435237765312194824e-01
2.678528428077697754e-01 2.433183342218399048e-01 2.439147830009460449e-01 2.443404346704483032e-01 2.565384507179260254e-01 2.470662146806716919e-01 2.474403232336044312e-01 2.481096833944320679e-01 2.570041418075561523e-01 2.469671219587326050e-01 2.485475540161132812e-01 2.482122778892517090e-01 2.681998908519744873e-01 2.438237667083740234e-01 2.445116937160491943e-01 2.441493719816207886e-01
2.679484784603118896e-01 2.437027245759963989e-01 2.435232251882553101e-01 2.444255203008651733e-01 2.564721405506134033e-01 2.469625920057296753e-01 2.473631948232650757e-01 2.481831610202789307e-01 2.574219405651092529e-01 2.472832351922988892e-01 2.486727237701416016e-01 2.473531663417816162e-01 2.675922811031341553e-01 2.443531453609466553e-01 2.448861300945281982e-01 2.438531816005706787e-01
2.672671079635620117e-01 2.437009960412979126e-01 2.441040426492691040e-01 2.441647052764892578e-01 2.570835649967193604e-01 2.476409226655960083e-01 2.469473630189895630e-01 2.476722449064254761e-01 2.573339939117431641e-01 2.475562095642089844e-01 2.479448318481445312e-01 2.476886659860610962e-01 2.683958709239959717e-01 2.443653792142868042e-01 2.447762787342071533e-01 2.433545291423797607e-01
2.676581144332885742e-01 2.434151619672775269e-01 2.440600544214248657e-01 2.441034466028213501e-01 2.569395601749420166e-01 2.480072379112243652e-01 2.473065257072448730e-01 2.473659217357635498e-01 2.569949924945831299e-01 2.475557625293731689e-01 2.477230131626129150e-01 2.479747980833053589e-01 2.685008943080902100e-01 2.436619400978088379e-01 2.450798898935317993e-01 2.436493486166000366e-01
2.677020132541656494e-01 2.436539381742477417e-01 2.442633509635925293e-01 2.439374029636383057e-01 2.569683492183685303e-01 2.476083636283874512e-01 2.472050040960311890e-01 2.475176453590393066e-01 2.571701705455780029e-01 2.486901283264160156e-01 2.476923167705535889e-01 2.476365864276885986e-01 2.672978341579437256e-01 2.437321692705154419e-01 2.442134767770767212e-01 2.447078675031661987e-01
2.670623064041137695e-01 2.441470026969909668e-01 2.444894015789031982e-01 2.438579648733139038e-01 2.568732500076293945e-01 2.480013817548751831e-01 2.470616847276687622e-01 2.480189949274063110e-01 2.570737600326538086e-01 2.484885603189468384e-01 2.477435618638992310e-01 2.472272813320159912e-01 2.674293518066406250e-01 2.438130974769592285e-01 2.437824904918670654e-01 2.449264228343963623e-01
2.668028175830841064e-01 2.439236342906951904e-01 2.442029565572738647e-01 2.442298531532287598e-01 2.567915320396423340e-01 2.479832321405410767e-01 2.470310926437377930e-01 2.485468983650207520e-01 2.572569847106933594e-01 2.481200844049453735e-01 2.469696998596191406e-01 2.468169629573822021e-01 2.675481438636779785e-01 2.444729954004287720e-01 2.449860572814941406e-01 2.443134784698486328e-01
2.671173810958862305e-01 2.438341528177261353e-01 2.440668940544128418e-01 2.441408336162567139e-01 2.569620013236999512e-01 2.484700232744216919e-01 2.468221485614776611e-01 2.480985522270202637e-01 2.576891779899597168e-01 2.479128688573837280e-01 2.474691569805145264e-01 2.466260045766830444e-01 2.677309513092041016e-01 2.440490126609802246e-01 2.448914349079132080e-01 2.441158741712570190e-01
2.670938670635223389e-01 2.439360618591308594e-01 2.438515424728393555e-01 2.442777603864669800e-01 2.566561996936798096e-01 2.480960935354232788e-01 2.469757497310638428e-01 2.486246675252914429e-01 2.578755915164947510e-01 2.474296391010284424e-01 2.479729652404785156e-01 2.464749664068222046e-01 2.674366831779479980e-01 2.441642433404922485e-01 2.454104125499725342e-01 2.437199354171752930e-01
2.668163478374481201e-01 2.439725100994110107e-01 2.443239539861679077e-01 2.440464794635772705e-01 2.572556734085083008e-01 2.476437389850616455e-01 2.474397271871566772e-01 2.480135262012481689e-01 2.573803961277008057e-01 2.470454126596450806e-01 2.482808381319046021e-01 2.468810677528381348e-01 2.674375474452972412e-01 2.443506717681884766e-01 2.451705634593963623e-01 2.439379096031188965e-01
2.670413553714752197e-01 2.441108524799346924e-01 2.442973703145980835e-01 2.440262734889984131e-01 2.572947442531585693e-01 2.473998665809631348e-01 2.478498220443725586e-01 2.474916130304336548e-01 2.574258446693420410e-01 2.475060075521469116e-01 2.482272684574127197e-01 2.468398213386535645e-01 2.669458687305450439e-01 2.448381632566452026e-01 2.452565580606460571e-01 2.434448301792144775e-01
2.667861878871917725e-01 2.443764060735702515e-01 2.441258728504180908e-01 2.441873699426651001e-01 2.565205991268157959e-01 2.477409243583679199e-01 2.473484575748443604e-01 2.484260499477386475e-01 2.571269273757934570e-01 2.478125542402267456e-01 2.478871643543243408e-01 2.473497837781906128e-01 2.673372030258178711e-01 2.448945790529251099e-01 2.446541637182235718e-01 2.434220165014266968e-01
2.669093012809753418e-01 2.444273680448532104e-01 2.441992461681365967e-01 2.439398616552352905e-01 2.563602030277252197e-01 2.475217282772064209e-01 2.476298809051513672e-01 2.479189187288284302e-01 2.570365965366363525e-01 2.477236241102218628e-01 2.478550821542739868e-01 2.481663972139358521e-01 2.671322226524353027e-01 2.446363270282745361e-01 2.448054105043411255e-01 2.437339872121810913e-01
2.672249078750610352e-01 2.444350421428680420e-01 2.441917061805725098e-01 2.436241656541824341e-01 2.566821575164794922e-01 2.473349571228027344e-01 2.477204948663711548e-01 2.476503849029541016e-01 2.574856877326965332e-01 2.473706305027008057e-01 2.478531301021575928e-01 2.481149286031723022e-01 2.673390805721282959e-01 2.444230318069458008e-01 2.446361333131790161e-01 2.439096719026565552e-01
2.663687467575073242e-01 2.442545145750045776e-01 2.443102449178695679e-01 2.446433901786804199e-01 2.569238543510437012e-01 2.472614943981170654e-01 2.475408315658569336e-01 2.475607991218566895e-01 2.570905983448028564e-01 2.477860599756240845e-01 2.481728196144104004e-01 2.477749288082122803e-01 2.680314779281616211e-01 2.443025112152099609e-01 2.448788583278656006e-01 2.430950701236724854e-01
2.664822041988372803e-01 2.443161010742187500e-01 2.443656772375106812e-01 2.446456104516983032e-01 2.570791244506835938e-01 2.470423430204391479e-01 2.474545985460281372e-01 2.474780976772308350e-01 2.572566270828247070e-01 2.474094182252883911e-01 2.481960803270339966e-01 2.479622811079025269e-01 2.674861848354339600e-01 2.442945688962936401e-01 2.447312623262405396e-01 2.437959164381027222e-01
2.660147845745086670e-01 2.441179901361465454e-01 2.450113892555236816e-01 2.446653991937637329e-01 2.576408386230468750e-01 2.471494525671005249e-01 2.471260130405426025e-01 2.471378892660140991e-01 2.570004463195800781e-01 2.479428648948669434e-01 2.478948682546615601e-01 2.479861676692962646e-01 2.675806581974029541e-01 2.443745136260986328e-01 2.445816844701766968e-01 2.437710165977478027e-01
2.667740583419799805e-01 2.439585775136947632e-01 2.444800436496734619e-01 2.445968538522720337e-01 2.569052278995513916e-01 2.470813691616058350e-01 2.476968616247177124e-01 2.473707199096679688e-01 2.569379210472106934e-01 2.474411278963088989e-01 2.479299008846282959e-01 2.478488981723785400e-01 2.669983208179473877e-01 2.444473206996917725e-01 2.447086721658706665e-01 2.448200881481170654e-01
2.668166160583496094e-01 2.444927543401718140e-01 2.438899278640747070e-01 2.445726990699768066e-01 2.567273676395416260e-01 2.478067576885223389e-01 2.475837171077728271e-01 2.469738274812698364e-01 2.567611336708068848e-01 2.472182214260101318e-01 2.482521384954452515e-01 2.475567460060119629e-01 2.669005393981933594e-01 2.446559667587280273e-01 2.447070628404617310e-01 2.450803965330123901e-01
2.668348848819732666e-01 2.445822656154632568e-01 2.444019317626953125e-01 2.444566041231155396e-01 2.569381594657897949e-01 2.478490620851516724e-01 2.474336177110671997e-01 2.463671267032623291e-01 2.572598755359649658e-01 2.471094578504562378e-01 2.480136901140213013e-01 2.474051564931869507e-01 2.668043673038482666e-01 2.448328286409378052e-01 2.446766048669815063e-01 2.450301945209503174e-01
2.667883634567260742e-01 2.445273250341415405e-01 2.445343136787414551e-01 2.441576272249221802e-01 2.568686008453369141e-01 2.480004727840423584e-01 2.471962720155715942e-01 2.467906475067138672e-01 2.569887936115264893e-01 2.470073699951171875e-01 2.483256161212921143e-01 2.474664151668548584e-01 2.666849493980407715e-01 2.449842244386672974e-01 2.449517846107482910e-01 2.447230219841003418e-01
2.665095031261444092e-01 2.446294575929641724e-01 2.443880140781402588e-01 2.443537265062332153e-01 2.565855979919433594e-01 2.477730512619018555e-01 2.475234568119049072e-01 2.471008002758026123e-01 2.571550905704498291e-01 2.471762895584106445e-01 2.480759024620056152e-01 2.473808974027633667e-01 2.674135565757751465e-01 2.441863715648651123e-01 2.450665235519409180e-01 2.446774691343307495e-01
2.663309276103973389e-01 2.449199259281158447e-01 2.443878799676895142e-01 2.443317770957946777e-01 2.567582428455352783e-01 2.478009462356567383e-01 2.468827068805694580e-01 2.474511414766311646e-01 2.571070492267608643e-01 2.474329620599746704e-01 2.479790151119232178e-01 2.472281455993652344e-01 2.670866549015045166e-01 2.443535625934600830e-01 2.450724840164184570e-01 2.448722869157791138e-01
2.660169601440429688e-01 2.448124140501022339e-01 2.441534399986267090e-01 2.449877113103866577e-01 2.564195692539215088e-01 2.479663491249084473e-01 2.465305477380752563e-01 2.479766011238098145e-01 2.568594515323638916e-01 2.475641369819641113e-01 2.476791739463806152e-01 2.473297715187072754e-01 2.670141160488128662e-01 2.442165464162826538e-01 2.454075962305068970e-01 2.450612485408782959e-01
2.662130892276763916e-01 2.453664839267730713e-01 2.440744191408157349e-01 2.443165481090545654e-01 2.563494443893432617e-01 2.481263875961303711e-01 2.463620603084564209e-01 2.480421066284179688e-01 2.570103406906127930e-01 2.476931065320968628e-01 2.475366741418838501e-01 2.472054213285446167e-01 2.661974430084228516e-01 2.447503209114074707e-01 2.451740950345993042e-01 2.455776333808898926e-01
2.658308148384094238e-01 2.448903024196624756e-01 2.443682253360748291e-01 2.448811978101730347e-01 2.564862668514251709e-01 2.479620426893234253e-01 2.467302381992340088e-01 2.475891113281250000e-01 2.565879821777343750e-01 2.480124980211257935e-01 2.478346079587936401e-01 2.471227645874023438e-01 2.668941915035247803e-01 2.446513175964355469e-01 2.452332824468612671e-01 2.449207454919815063e-01
2.664322555065155029e-01 2.452720552682876587e-01 2.439484745264053345e-01 2.443177103996276855e-01 2.563241720199584961e-01 2.476762533187866211e-01 2.467254102230072021e-01 2.478554397821426392e-01 2.564697861671447754e-01 2.481280267238616943e-01 2.479722201824188232e-01 2.471741586923599243e-01 2.664844989776611328e-01 2.450643479824066162e-01 2.450947314500808716e-01 2.450559437274932861e-01
2.659623324871063232e-01 2.451976537704467773e-01 2.440865486860275269e-01 2.447239607572555542e-01 2.562886178493499756e-01 2.480967342853546143e-01 2.468769550323486328e-01 2.477148771286010742e-01 2.562806904315948486e-01 2.480751574039459229e-01 2.478814274072647095e-01 2.471109777688980103e-01 2.657962739467620850e-01 2.451941967010498047e-01 2.450167834758758545e-01 2.456922084093093872e-01
2.660223245620727539e-01 2.451463192701339722e-01 2.443866133689880371e-01 2.447607666254043579e-01 2.563331723213195801e-01 2.480434477329254150e-01 2.471870332956314087e-01 2.470679283142089844e-01 2.565667629241943359e-01 2.481577098369598389e-01 2.478527277708053589e-01 2.475015968084335327e-01 2.652034461498260498e-01 2.455296516418457031e-01 2.449927181005477905e-01 2.452431470155715942e-01
2.661564648151397705e-01 2.451871633529663086e-01 2.442250996828079224e-01 2.447473257780075073e-01 2.563208937644958496e-01 2.475990056991577148e-01 2.471791356801986694e-01 2.471112012863159180e-01 2.569587230682373047e-01 2.480928450822830200e-01 2.479131072759628296e-01 2.475354671478271484e-01 2.658552825450897217e-01 2.449280768632888794e-01 2.450149506330490112e-01 2.451705783605575562e-01
2.655834853649139404e-01 2.452182769775390625e-01 2.444843053817749023e-01 2.446818649768829346e-01 2.563157081604003906e-01 2.482187449932098389e-01 2.469904869794845581e-01 2.470332831144332886e-01 2.569981217384338379e-01 2.477061599493026733e-01 2.479741722345352173e-01 2.476551383733749390e-01 2.657270431518554688e-01 2.453819215297698975e-01 2.450832873582839966e-01 2.449431866407394409e-01
2.658915221691131592e-01 2.448984682559967041e-01 2.445366680622100830e-01 2.446412295103073120e-01 2.568597197532653809e-01 2.474785894155502319e-01 2.474797368049621582e-01 2.467402219772338867e-01 2.567872107028961182e-01 2.473215758800506592e-01 2.479429244995117188e-01 2.482818812131881714e-01 2.659154534339904785e-01 2.452237606048583984e-01 2.450145781040191650e-01 2.449815720319747925e-01
2.658626139163970947e-01 2.450546175241470337e-01 2.440203875303268433e-01 2.450302839279174805e-01 2.560827732086181641e-01 2.477432638406753540e-01 2.477385848760604858e-01 2.469936460256576538e-01 2.562423646450042725e-01 2.474325597286224365e-01 2.474606186151504517e-01 2.479395121335983276e-01 2.663179039955139160e-01 2.453216165304183960e-01 2.454368025064468384e-01 2.453175187110900879e-01
2.656471729278564453e-01 2.443917095661163330e-01 2.446570247411727905e-01 2.447917759418487549e-01 2.564281821250915527e-01 2.473067641258239746e-01 2.482945173978805542e-01 2.470089644193649292e-01 2.562933862209320068e-01 2.476186454296112061e-01 2.479528933763504028e-01 2.472101449966430664e-01 2.658891379833221436e-01 2.457449734210968018e-01 2.455661445856094360e-01 2.451936602592468262e-01
2.657937109470367432e-01 2.445414364337921143e-01 2.447073161602020264e-01 2.448596060276031494e-01 2.563220262527465820e-01 2.470604181289672852e-01 2.482038885354995728e-01 2.470377236604690552e-01 2.562249600887298584e-01 2.476685196161270142e-01 2.475437819957733154e-01 2.476377785205841064e-01 2.662381529808044434e-01 2.455645650625228882e-01 2.452478259801864624e-01 2.453433126211166382e-01
2.650726735591888428e-01 2.448567450046539307e-01 2.447572946548461914e-01 2.452339828014373779e-01 2.563953697681427002e-01 2.473927885293960571e-01 2.478182166814804077e-01 2.469990402460098267e-01 2.562392354011535645e-01 2.476686090230941772e-01 2.473668754100799561e-01 2.478002756834030151e-01 2.658284008502960205e-01 2.457098215818405151e-01 2.456875145435333252e-01 2.451680600643157959e-01
2.652529180049896240e-01 2.449405491352081299e-01 2.447773665189743042e-01 2.453408390283584595e-01 2.562942504882812500e-01 2.471245229244232178e-01 2.477286159992218018e-01 2.470669746398925781e-01 2.561390697956085205e-01 2.479441612958908081e-01 2.474609315395355225e-01 2.475308328866958618e-01 2.662857174873352051e-01 2.449330985546112061e-01 2.454979270696640015e-01 2.456770986318588257e-01
2.650930881500244141e-01 2.451539635658264160e-01 2.447626739740371704e-01 2.453019171953201294e-01 2.562530934810638428e-01 2.469614297151565552e-01 2.472757250070571899e-01 2.477241307497024536e-01 2.567081153392791748e-01 2.483453452587127686e-01 2.472999989986419678e-01 2.471649199724197388e-01 2.656102180480957031e-01 2.454285919666290283e-01 2.455292940139770508e-01 2.453823834657669067e-01
