# pops for 16 qbits with connectivity c7 and unitary DM 22625146700928
3.999999761581420898e-01 2.000000029802322388e-01 2.000000029802322388e-01 2.000000029802322388e-01 4.000000059604644775e-01 1.999999880790710449e-01 1.999999880790710449e-01 1.999999880790710449e-01 3.999999463558197021e-01 1.999999880790710449e-01 1.999999880790710449e-01 1.999999880790710449e-01 3.999999761581420898e-01 1.999999880790710449e-01 1.999999880790710449e-01 1.999999880790710449e-01
3.420454859733581543e-01 2.093757092952728271e-01 2.239605486392974854e-01 2.246182262897491455e-01 3.420455455780029297e-01 2.093757092952728271e-01 2.246182262897491455e-01 2.239605188369750977e-01 3.396292626857757568e-01 2.145312428474426270e-01 2.225357443094253540e-01 2.233037650585174561e-01 3.289471864700317383e-01 2.202025949954986572e-01 2.274636179208755493e-01 2.233866006135940552e-01
3.182268142700195312e-01 2.284530997276306152e-01 2.275365591049194336e-01 2.296082228422164917e-01 3.099187016487121582e-01 2.329364269971847534e-01 2.272983789443969727e-01 2.260216921567916870e-01 3.126029968261718750e-01 2.173502147197723389e-01 2.338169217109680176e-01 2.198010236024856567e-01 3.075474202632904053e-01 2.318444699048995972e-01 2.315667867660522461e-01 2.454701066017150879e-01
3.107678592205047607e-01 2.444827854633331299e-01 2.250664830207824707e-01 2.350334972143173218e-01 3.039776980876922607e-01 2.339113354682922363e-01 2.177527993917465210e-01 2.290075272321701050e-01 3.161381185054779053e-01 2.140220403671264648e-01 2.373359203338623047e-01 2.160751223564147949e-01 3.149710595607757568e-01 2.279951125383377075e-01 2.254732102155685425e-01 2.479894012212753296e-01
3.096587657928466797e-01 2.469154149293899536e-01 2.295778691768646240e-01 2.303323298692703247e-01 3.095475137233734131e-01 2.285313457250595093e-01 2.190801799297332764e-01 2.263565957546234131e-01 3.211052119731903076e-01 2.173015922307968140e-01 2.314676940441131592e-01 2.136966735124588013e-01 3.186978697776794434e-01 2.239045053720474243e-01 2.277473360300064087e-01 2.460790574550628662e-01
2.948041558265686035e-01 2.481092512607574463e-01 2.259422242641448975e-01 2.233628183603286743e-01 2.888242006301879883e-01 2.629154026508331299e-01 2.284864783287048340e-01 2.275554090738296509e-01 3.029142320156097412e-01 2.151418477296829224e-01 2.541247904300689697e-01 2.177336066961288452e-01 2.849159240722656250e-01 2.372982054948806763e-01 2.570631802082061768e-01 2.308081835508346558e-01
2.923254072666168213e-01 2.483828365802764893e-01 2.257481068372726440e-01 2.257620692253112793e-01 2.811709046363830566e-01 2.523327469825744629e-01 2.411745041608810425e-01 2.331033051013946533e-01 2.930561006069183350e-01 2.268171310424804688e-01 2.445252239704132080e-01 2.376027256250381470e-01 2.806631624698638916e-01 2.387580275535583496e-01 2.453337609767913818e-01 2.332437485456466675e-01
2.892270386219024658e-01 2.371241152286529541e-01 2.373862266540527344e-01 2.334067821502685547e-01 2.777144610881805420e-01 2.459168583154678345e-01 2.400845885276794434e-01 2.391397804021835327e-01 2.909056246280670166e-01 2.349309474229812622e-01 2.417950332164764404e-01 2.331399172544479370e-01 2.817051410675048828e-01 2.373996078968048096e-01 2.407288402318954468e-01 2.393948137760162354e-01
2.886250615119934082e-01 2.374436706304550171e-01 2.405242472887039185e-01 2.305512130260467529e-01 2.668862938880920410e-01 2.499519288539886475e-01 2.457469105720520020e-01 2.447791695594787598e-01 2.720579504966735840e-01 2.441041767597198486e-01 2.430242598056793213e-01 2.370764762163162231e-01 2.755969464778900146e-01 2.432375848293304443e-01 2.373891770839691162e-01 2.430046796798706055e-01
2.860329151153564453e-01 2.382309585809707642e-01 2.389167100191116333e-01 2.328937649726867676e-01 2.668378651142120361e-01 2.471359819173812866e-01 2.499950230121612549e-01 2.444652467966079712e-01 2.718071341514587402e-01 2.449410110712051392e-01 2.394416481256484985e-01 2.360244095325469971e-01 2.754740417003631592e-01 2.472639530897140503e-01 2.377272844314575195e-01 2.428117245435714722e-01
2.854754626750946045e-01 2.376259863376617432e-01 2.385939806699752808e-01 2.343788892030715942e-01 2.667701542377471924e-01 2.447171956300735474e-01 2.534963488578796387e-01 2.432765662670135498e-01 2.611101865768432617e-01 2.416818141937255859e-01 2.463083267211914062e-01 2.432876825332641602e-01 2.759613990783691406e-01 2.457688599824905396e-01 2.422176003456115723e-01 2.393291741609573364e-01
2.854472696781158447e-01 2.381685376167297363e-01 2.389113157987594604e-01 2.335472255945205688e-01 2.629838287830352783e-01 2.454054951667785645e-01 2.512379586696624756e-01 2.454174906015396118e-01 2.586294710636138916e-01 2.457325458526611328e-01 2.464050501585006714e-01 2.448363453149795532e-01 2.757811844348907471e-01 2.437512725591659546e-01 2.408929169178009033e-01 2.428516447544097900e-01
2.852346897125244141e-01 2.374819815158843994e-01 2.401245236396789551e-01 2.332331389188766479e-01 2.594265341758728027e-01 2.459348440170288086e-01 2.497072517871856689e-01 2.471865564584732056e-01 2.580203115940093994e-01 2.477125674486160278e-01 2.447157800197601318e-01 2.479443699121475220e-01 2.753611505031585693e-01 2.451095879077911377e-01 2.414403706789016724e-01 2.413659393787384033e-01
2.852734327316284180e-01 2.358709275722503662e-01 2.398199141025543213e-01 2.351100444793701172e-01 2.586982846260070801e-01 2.478652298450469971e-01 2.483093142509460449e-01 2.468887269496917725e-01 2.603007853031158447e-01 2.471278607845306396e-01 2.435268163681030273e-01 2.479311674833297729e-01 2.754041254520416260e-01 2.458371371030807495e-01 2.404957711696624756e-01 2.415399104356765747e-01
2.798535227775573730e-01 2.356952130794525146e-01 2.462707459926605225e-01 2.382666766643524170e-01 2.559193968772888184e-01 2.426741272211074829e-01 2.524695098400115967e-01 2.466866821050643921e-01 2.613500952720642090e-01 2.472778111696243286e-01 2.439474016427993774e-01 2.472298145294189453e-01 2.729889154434204102e-01 2.441349774599075317e-01 2.424786388874053955e-01 2.427558600902557373e-01
2.787692248821258545e-01 2.388974875211715698e-01 2.435139417648315430e-01 2.389055043458938599e-01 2.567546069622039795e-01 2.433371990919113159e-01 2.499900907278060913e-01 2.476678192615509033e-01 2.612240016460418701e-01 2.477870434522628784e-01 2.437980771064758301e-01 2.473904490470886230e-01 2.720757424831390381e-01 2.443782836198806763e-01 2.430833280086517334e-01 2.424266487360000610e-01
2.796463072299957275e-01 2.361767739057540894e-01 2.452690005302429199e-01 2.389940768480300903e-01 2.560266554355621338e-01 2.425385862588882446e-01 2.509003877639770508e-01 2.482840567827224731e-01 2.599545419216156006e-01 2.473601996898651123e-01 2.454156726598739624e-01 2.474691271781921387e-01 2.724898159503936768e-01 2.450349628925323486e-01 2.424084842205047607e-01 2.420306354761123657e-01
2.762543857097625732e-01 2.378713935613632202e-01 2.418118417263031006e-01 2.419775724411010742e-01 2.582350373268127441e-01 2.455916553735733032e-01 2.504545748233795166e-01 2.456393390893936157e-01 2.591916620731353760e-01 2.474358677864074707e-01 2.453527897596359253e-01 2.466306835412979126e-01 2.748466432094573975e-01 2.442795336246490479e-01 2.426253706216812134e-01 2.418009489774703979e-01
2.777354419231414795e-01 2.382375299930572510e-01 2.400183677673339844e-01 2.419238686561584473e-01 2.577896714210510254e-01 2.464304864406585693e-01 2.491824179887771606e-01 2.467323094606399536e-01 2.573958933353424072e-01 2.485840618610382080e-01 2.459733933210372925e-01 2.464433610439300537e-01 2.738858461380004883e-01 2.439768165349960327e-01 2.443981766700744629e-01 2.412916719913482666e-01
2.763388156890869141e-01 2.387116104364395142e-01 2.405893057584762573e-01 2.422754615545272827e-01 2.563813030719757080e-01 2.481226474046707153e-01 2.492433339357376099e-01 2.463876008987426758e-01 2.571409642696380615e-01 2.475475817918777466e-01 2.468230426311492920e-01 2.463414072990417480e-01 2.728382945060729980e-01 2.452111393213272095e-01 2.429729700088500977e-01 2.430737316608428955e-01
2.744414210319519043e-01 2.418072819709777832e-01 2.415029406547546387e-01 2.418426871299743652e-01 2.572890520095825195e-01 2.472547888755798340e-01 2.471372336149215698e-01 2.467745393514633179e-01 2.581569850444793701e-01 2.475848048925399780e-01 2.477555721998214722e-01 2.455545961856842041e-01 2.723774015903472900e-01 2.444708645343780518e-01 2.426600158214569092e-01 2.433889061212539673e-01
2.739468812942504883e-01 2.425192743539810181e-01 2.418507337570190430e-01 2.414633929729461670e-01 2.559441328048706055e-01 2.483822703361511230e-01 2.474739253520965576e-01 2.464693486690521240e-01 2.575052976608276367e-01 2.475257068872451782e-01 2.478031665086746216e-01 2.469758391380310059e-01 2.719662189483642578e-01 2.441124618053436279e-01 2.428836226463317871e-01 2.431767433881759644e-01
2.731675505638122559e-01 2.424448579549789429e-01 2.420511394739151001e-01 2.431766241788864136e-01 2.560430765151977539e-01 2.476569414138793945e-01 2.472489476203918457e-01 2.462607920169830322e-01 2.572456896305084229e-01 2.484053373336791992e-01 2.467348724603652954e-01 2.469411939382553101e-01 2.719895839691162109e-01 2.439901083707809448e-01 2.431946843862533569e-01 2.434476315975189209e-01
2.719962000846862793e-01 2.414613515138626099e-01 2.427995651960372925e-01 2.435875982046127319e-01 2.573659420013427734e-01 2.476170510053634644e-01 2.461294084787368774e-01 2.470928132534027100e-01 2.566077709197998047e-01 2.477384209632873535e-01 2.473519593477249146e-01 2.471275329589843750e-01 2.716348171234130859e-01 2.447837293148040771e-01 2.440299987792968750e-01 2.426747977733612061e-01
2.716522812843322754e-01 2.419530898332595825e-01 2.436117827892303467e-01 2.425636202096939087e-01 2.576064467430114746e-01 2.472287118434906006e-01 2.465170770883560181e-01 2.469169199466705322e-01 2.564750611782073975e-01 2.479372024536132812e-01 2.474129199981689453e-01 2.470004707574844360e-01 2.716376781463623047e-01 2.441632151603698730e-01 2.443065494298934937e-01 2.430158853530883789e-01
2.717083394527435303e-01 2.427483648061752319e-01 2.430720031261444092e-01 2.426465898752212524e-01 2.569743692874908447e-01 2.463198006153106689e-01 2.478827834129333496e-01 2.466976791620254517e-01 2.569421231746673584e-01 2.484592050313949585e-01 2.472844123840332031e-01 2.477415204048156738e-01 2.714515328407287598e-01 2.434169948101043701e-01 2.435036599636077881e-01 2.431496083736419678e-01
2.712958455085754395e-01 2.424941956996917725e-01 2.441354095935821533e-01 2.422497421503067017e-01 2.567171752452850342e-01 2.463503330945968628e-01 2.473295032978057861e-01 2.474775910377502441e-01 2.567520737648010254e-01 2.480982244014739990e-01 2.474037855863571167e-01 2.481731772422790527e-01 2.719967663288116455e-01 2.423437237739562988e-01 2.438582181930541992e-01 2.433230131864547729e-01
2.713170945644378662e-01 2.421248853206634521e-01 2.424124628305435181e-01 2.432510405778884888e-01 2.566792368888854980e-01 2.467363774776458740e-01 2.470692396163940430e-01 2.484595179557800293e-01 2.568203210830688477e-01 2.477677315473556519e-01 2.470298111438751221e-01 2.470093667507171631e-01 2.734261751174926758e-01 2.421199083328247070e-01 2.439664751291275024e-01 2.438090294599533081e-01
2.712277770042419434e-01 2.427943050861358643e-01 2.422102391719818115e-01 2.428731471300125122e-01 2.569275498390197754e-01 2.461794763803482056e-01 2.469113767147064209e-01 2.481416165828704834e-01 2.566752135753631592e-01 2.479823976755142212e-01 2.473816126585006714e-01 2.473723590373992920e-01 2.717070281505584717e-01 2.430261224508285522e-01 2.440619468688964844e-01 2.445265054702758789e-01
2.708502411842346191e-01 2.430895119905471802e-01 2.439863830804824829e-01 2.419674396514892578e-01 2.567130327224731445e-01 2.464762926101684570e-01 2.463660985231399536e-01 2.478165030479431152e-01 2.575431466102600098e-01 2.474804073572158813e-01 2.475178241729736328e-01 2.468701750040054321e-01 2.734519541263580322e-01 2.429381757974624634e-01 2.432789206504821777e-01 2.436525523662567139e-01
2.707723379135131836e-01 2.450904846191406250e-01 2.439159750938415527e-01 2.419328689575195312e-01 2.570051550865173340e-01 2.447059899568557739e-01 2.461789101362228394e-01 2.476637214422225952e-01 2.577788233757019043e-01 2.478048801422119141e-01 2.479591071605682373e-01 2.466587573289871216e-01 2.715679705142974854e-01 2.432300001382827759e-01 2.446027249097824097e-01 2.431308478116989136e-01
2.700515687465667725e-01 2.441124022006988525e-01 2.440897822380065918e-01 2.424562722444534302e-01 2.570033371448516846e-01 2.451624423265457153e-01 2.467628866434097290e-01 2.476266175508499146e-01 2.576397359371185303e-01 2.480233907699584961e-01 2.472176700830459595e-01 2.473207116127014160e-01 2.707507610321044922e-01 2.439531236886978149e-01 2.448990345001220703e-01 2.429286688566207886e-01
2.713270485401153564e-01 2.427818030118942261e-01 2.437709271907806396e-01 2.430831342935562134e-01 2.571924626827239990e-01 2.446653544902801514e-01 2.470070272684097290e-01 2.474376708269119263e-01 2.572595179080963135e-01 2.485931068658828735e-01 2.470570057630538940e-01 2.467409968376159668e-01 2.706031799316406250e-01 2.441107183694839478e-01 2.440646439790725708e-01 2.443039417266845703e-01
2.715589106082916260e-01 2.426776289939880371e-01 2.434983849525451660e-01 2.432279288768768311e-01 2.565660476684570312e-01 2.455293685197830200e-01 2.470011711120605469e-01 2.472058981657028198e-01 2.576315701007843018e-01 2.493100911378860474e-01 2.466654181480407715e-01 2.464365810155868530e-01 2.685821950435638428e-01 2.437835484743118286e-01 2.457602024078369141e-01 2.445634603500366211e-01
2.708776891231536865e-01 2.432205229997634888e-01 2.429479658603668213e-01 2.438241541385650635e-01 2.558485567569732666e-01 2.457803487777709961e-01 2.468884587287902832e-01 2.478775084018707275e-01 2.579780519008636475e-01 2.485748827457427979e-01 2.462993264198303223e-01 2.471914291381835938e-01 2.693707346916198730e-01 2.440299838781356812e-01 2.452923953533172607e-01 2.439962029457092285e-01
2.710561454296112061e-01 2.433846592903137207e-01 2.427933514118194580e-01 2.436361908912658691e-01 2.563530802726745605e-01 2.453315556049346924e-01 2.470970004796981812e-01 2.476133406162261963e-01 2.576882839202880859e-01 2.493259757757186890e-01 2.469003498554229736e-01 2.461290359497070312e-01 2.693759202957153320e-01 2.431826889514923096e-01 2.457053661346435547e-01 2.444253563880920410e-01
2.712657451629638672e-01 2.432194203138351440e-01 2.431010305881500244e-01 2.432840913534164429e-01 2.569563388824462891e-01 2.454501092433929443e-01 2.463437467813491821e-01 2.476447224617004395e-01 2.573188245296478271e-01 2.500496208667755127e-01 2.472105324268341064e-01 2.458730041980743408e-01 2.695020139217376709e-01 2.438343763351440430e-01 2.449995428323745728e-01 2.439451217651367188e-01
2.710247635841369629e-01 2.429849207401275635e-01 2.430068254470825195e-01 2.438537925481796265e-01 2.570212185382843018e-01 2.449974566698074341e-01 2.472343444824218750e-01 2.471419125795364380e-01 2.574629187583923340e-01 2.491840273141860962e-01 2.474370151758193970e-01 2.463679760694503784e-01 2.693857550621032715e-01 2.441561520099639893e-01 2.450012266635894775e-01 2.437378466129302979e-01
2.708192765712738037e-01 2.435292750597000122e-01 2.435020506381988525e-01 2.434856295585632324e-01 2.563227117061614990e-01 2.455196976661682129e-01 2.472383677959442139e-01 2.468481510877609253e-01 2.571694552898406982e-01 2.483610212802886963e-01 2.473854571580886841e-01 2.485566586256027222e-01 2.695728242397308350e-01 2.442853599786758423e-01 2.434485256671905518e-01 2.439536601305007935e-01
2.703363597393035889e-01 2.442579269409179688e-01 2.430873662233352661e-01 2.436545044183731079e-01 2.563581764698028564e-01 2.457493990659713745e-01 2.463847994804382324e-01 2.474365532398223877e-01 2.577196061611175537e-01 2.478577345609664917e-01 2.470377683639526367e-01 2.481289058923721313e-01 2.697253227233886719e-01 2.446219772100448608e-01 2.438872903585433960e-01 2.437543421983718872e-01
2.706668376922607422e-01 2.434510439634323120e-01 2.429421991109848022e-01 2.442760765552520752e-01 2.553092837333679199e-01 2.457024008035659790e-01 2.475690692663192749e-01 2.473481893539428711e-01 2.577484250068664551e-01 2.482511997222900391e-01 2.472039163112640381e-01 2.469742000102996826e-01 2.698022425174713135e-01 2.446112185716629028e-01 2.437030375003814697e-01 2.444386184215545654e-01
2.701815962791442871e-01 2.432483732700347900e-01 2.431558221578598022e-01 2.437647283077239990e-01 2.559422850608825684e-01 2.462752610445022583e-01 2.469251453876495361e-01 2.477719485759735107e-01 2.568611800670623779e-01 2.488960772752761841e-01 2.472998797893524170e-01 2.471205741167068481e-01 2.705086767673492432e-01 2.445080578327178955e-01 2.442514300346374512e-01 2.432870119810104370e-01
2.707172334194183350e-01 2.432446926832199097e-01 2.433786392211914062e-01 2.430098950862884521e-01 2.558353245258331299e-01 2.462740391492843628e-01 2.465605586767196655e-01 2.480372041463851929e-01 2.566863298416137695e-01 2.487258315086364746e-01 2.472060918807983398e-01 2.477670162916183472e-01 2.699210941791534424e-01 2.450140118598937988e-01 2.432807832956314087e-01 2.443393021821975708e-01
2.698218524456024170e-01 2.438721060752868652e-01 2.437666356563568115e-01 2.428898513317108154e-01 2.562807202339172363e-01 2.463353276252746582e-01 2.462266385555267334e-01 2.478644400835037231e-01 2.570172250270843506e-01 2.487801909446716309e-01 2.470140755176544189e-01 2.477286010980606079e-01 2.692330181598663330e-01 2.450595945119857788e-01 2.438299506902694702e-01 2.442777305841445923e-01
2.700617909431457520e-01 2.433359473943710327e-01 2.434464544057846069e-01 2.435062527656555176e-01 2.561576664447784424e-01 2.464361190795898438e-01 2.463852167129516602e-01 2.479229271411895752e-01 2.571526169776916504e-01 2.486092746257781982e-01 2.467174977064132690e-01 2.478657960891723633e-01 2.696781754493713379e-01 2.449233233928680420e-01 2.444709539413452148e-01 2.433278262615203857e-01
2.700711786746978760e-01 2.436063140630722046e-01 2.426951974630355835e-01 2.439777553081512451e-01 2.564554512500762939e-01 2.465902566909790039e-01 2.464929074048995972e-01 2.480164170265197754e-01 2.571336030960083008e-01 2.482370287179946899e-01 2.467036843299865723e-01 2.476177960634231567e-01 2.699663341045379639e-01 2.443241477012634277e-01 2.442967444658279419e-01 2.438130378723144531e-01
2.704958021640777588e-01 2.435868084430694580e-01 2.425531148910522461e-01 2.437146455049514771e-01 2.564359009265899658e-01 2.468933910131454468e-01 2.466585189104080200e-01 2.479870021343231201e-01 2.566423714160919189e-01 2.481711208820343018e-01 2.468184381723403931e-01 2.476402968168258667e-01 2.690897285938262939e-01 2.442789673805236816e-01 2.441757172346115112e-01 2.448557764291763306e-01
2.690630257129669189e-01 2.438890784978866577e-01 2.429351061582565308e-01 2.448697984218597412e-01 2.569740712642669678e-01 2.474169433116912842e-01 2.463979870080947876e-01 2.467791736125946045e-01 2.565445899963378906e-01 2.479524016380310059e-01 2.464496195316314697e-01 2.483256310224533081e-01 2.692944109439849854e-01 2.445250600576400757e-01 2.445014417171478271e-01 2.440793067216873169e-01
2.684397995471954346e-01 2.434170395135879517e-01 2.439726442098617554e-01 2.449275553226470947e-01 2.566176056861877441e-01 2.476274371147155762e-01 2.463596165180206299e-01 2.469634860754013062e-01 2.564533948898315430e-01 2.480441331863403320e-01 2.468333095312118530e-01 2.479413896799087524e-01 2.690913677215576172e-01 2.449274212121963501e-01 2.438838034868240356e-01 2.444976568222045898e-01
2.685032486915588379e-01 2.435712814331054688e-01 2.448468059301376343e-01 2.440736144781112671e-01 2.565822899341583252e-01 2.465776503086090088e-01 2.471916526556015015e-01 2.469785660505294800e-01 2.566350102424621582e-01 2.484736591577529907e-01 2.465126663446426392e-01 2.476508915424346924e-01 2.691695094108581543e-01 2.440580874681472778e-01 2.447816282510757446e-01 2.443909943103790283e-01
2.687369585037231445e-01 2.438363134860992432e-01 2.441967129707336426e-01 2.442249506711959839e-01 2.566323876380920410e-01 2.465150207281112671e-01 2.471837103366851807e-01 2.469990551471710205e-01 2.565485835075378418e-01 2.479692846536636353e-01 2.468930780887603760e-01 2.480072528123855591e-01 2.683441340923309326e-01 2.443200349807739258e-01 2.457309067249298096e-01 2.438590824604034424e-01
2.697602808475494385e-01 2.440858930349349976e-01 2.443248778581619263e-01 2.440055757761001587e-01 2.565762698650360107e-01 2.467712014913558960e-01 2.461235523223876953e-01 2.466774582862854004e-01 2.561677992343902588e-01 2.477371841669082642e-01 2.474973499774932861e-01 2.480158656835556030e-01 2.682802975177764893e-01 2.451756000518798828e-01 2.452713549137115479e-01 2.435269057750701904e-01
2.690914273262023926e-01 2.440585345029830933e-01 2.435338348150253296e-01 2.435914576053619385e-01 2.567900121212005615e-01 2.470348626375198364e-01 2.469429224729537964e-01 2.472820580005645752e-01 2.557763755321502686e-01 2.474815845489501953e-01 2.478234469890594482e-01 2.478387206792831421e-01 2.677943706512451172e-01 2.457268238067626953e-01 2.451867163181304932e-01 2.440442442893981934e-01
2.693529427051544189e-01 2.440244257450103760e-01 2.438448667526245117e-01 2.430529296398162842e-01 2.563665807247161865e-01 2.469191402196884155e-01 2.468358278274536133e-01 2.468636482954025269e-01 2.557894587516784668e-01 2.478380650281906128e-01 2.480331957340240479e-01 2.483241111040115356e-01 2.680335342884063721e-01 2.453837990760803223e-01 2.451558411121368408e-01 2.441789656877517700e-01
2.686989903450012207e-01 2.444936633110046387e-01 2.442250400781631470e-01 2.428574711084365845e-01 2.562698125839233398e-01 2.469700872898101807e-01 2.468160241842269897e-01 2.469291985034942627e-01 2.559716105461120605e-01 2.477630525827407837e-01 2.481221556663513184e-01 2.481279373168945312e-01 2.678032219409942627e-01 2.456422746181488037e-01 2.451898306608200073e-01 2.441168427467346191e-01
2.684006690979003906e-01 2.451278418302536011e-01 2.444734722375869751e-01 2.425534427165985107e-01 2.560521066188812256e-01 2.468216866254806519e-01 2.470893412828445435e-01 2.467417716979980469e-01 2.561706900596618652e-01 2.478111237287521362e-01 2.476514726877212524e-01 2.480058968067169189e-01 2.679230570793151855e-01 2.458703219890594482e-01 2.451439350843429565e-01 2.441603839397430420e-01
2.691300809383392334e-01 2.444866150617599487e-01 2.442511320114135742e-01 2.426876127719879150e-01 2.558622956275939941e-01 2.470586597919464111e-01 2.475084662437438965e-01 2.466670274734497070e-01 2.560598850250244141e-01 2.476925700902938843e-01 2.475250065326690674e-01 2.479701489210128784e-01 2.680414915084838867e-01 2.453074306249618530e-01 2.449220120906829834e-01 2.448267489671707153e-01
2.688919901847839355e-01 2.444197237491607666e-01 2.445131540298461914e-01 2.429876029491424561e-01 2.560972273349761963e-01 2.470430880784988403e-01 2.474620938301086426e-01 2.462369650602340698e-01 2.561850547790527344e-01 2.478968203067779541e-01 2.473975569009780884e-01 2.477681338787078857e-01 2.672409713268280029e-01 2.463004440069198608e-01 2.448728531599044800e-01 2.446834146976470947e-01
2.683761715888977051e-01 2.443688213825225830e-01 2.448195815086364746e-01 2.432478964328765869e-01 2.563978731632232666e-01 2.468592375516891479e-01 2.474223375320434570e-01 2.461598962545394897e-01 2.561663091182708740e-01 2.474763095378875732e-01 2.474518716335296631e-01 2.481531649827957153e-01 2.683256268501281738e-01 2.454126328229904175e-01 2.451449483633041382e-01 2.442144453525543213e-01
2.682205736637115479e-01 2.449355572462081909e-01 2.446594536304473877e-01 2.436032742261886597e-01 2.560388743877410889e-01 2.467789798974990845e-01 2.473073452711105347e-01 2.461077123880386353e-01 2.569401860237121582e-01 2.472167760133743286e-01 2.477189898490905762e-01 2.483240813016891479e-01 2.674075365066528320e-01 2.453769445419311523e-01 2.450219988822937012e-01 2.443387210369110107e-01
2.677936553955078125e-01 2.445340901613235474e-01 2.445031404495239258e-01 2.436812967061996460e-01 2.561196684837341309e-01 2.468169927597045898e-01 2.478271126747131348e-01 2.463758736848831177e-01 2.566768825054168701e-01 2.476601302623748779e-01 2.474466562271118164e-01 2.484163790941238403e-01 2.677136957645416260e-01 2.451588958501815796e-01 2.450781613588333130e-01 2.441944777965545654e-01
2.675107121467590332e-01 2.446498423814773560e-01 2.442934662103652954e-01 2.436312288045883179e-01 2.561529576778411865e-01 2.470504641532897949e-01 2.477280795574188232e-01 2.466349899768829346e-01 2.570611238479614258e-01 2.484084665775299072e-01 2.468000650405883789e-01 2.482372671365737915e-01 2.670617997646331787e-01 2.452415227890014648e-01 2.447815239429473877e-01 2.447534203529357910e-01
2.674390673637390137e-01 2.447554469108581543e-01 2.442969977855682373e-01 2.435936927795410156e-01 2.563522756099700928e-01 2.467931658029556274e-01 2.478742748498916626e-01 2.465467602014541626e-01 2.575709819793701172e-01 2.477308958768844604e-01 2.468839585781097412e-01 2.483209967613220215e-01 2.669540047645568848e-01 2.452203333377838135e-01 2.447925657033920288e-01 2.448713928461074829e-01
2.677874565124511719e-01 2.444849759340286255e-01 2.442708313465118408e-01 2.435419559478759766e-01 2.561939358711242676e-01 2.474321573972702026e-01 2.475060373544692993e-01 2.462419122457504272e-01 2.576784193515777588e-01 2.481172680854797363e-01 2.469608187675476074e-01 2.479428052902221680e-01 2.666728794574737549e-01 2.453642785549163818e-01 2.448722571134567261e-01 2.449288219213485718e-01
2.675907015800476074e-01 2.444175183773040771e-01 2.445136159658432007e-01 2.435634732246398926e-01 2.561214268207550049e-01 2.475328445434570312e-01 2.471420466899871826e-01 2.465776652097702026e-01 2.578149735927581787e-01 2.482487261295318604e-01 2.471726387739181519e-01 2.474629580974578857e-01 2.669171690940856934e-01 2.450799793004989624e-01 2.446622252464294434e-01 2.451788485050201416e-01
2.674344778060913086e-01 2.448300868272781372e-01 2.438944131135940552e-01 2.446038573980331421e-01 2.559881210327148438e-01 2.470173388719558716e-01 2.468541264533996582e-01 2.468368411064147949e-01 2.575366199016571045e-01 2.480036765336990356e-01 2.470675408840179443e-01 2.480914145708084106e-01 2.670781612396240234e-01 2.448896020650863647e-01 2.447623163461685181e-01 2.451081871986389160e-01
2.675999999046325684e-01 2.445484399795532227e-01 2.441445738077163696e-01 2.444534748792648315e-01 2.561045289039611816e-01 2.471508085727691650e-01 2.467054724693298340e-01 2.467519044876098633e-01 2.581143677234649658e-01 2.473722398281097412e-01 2.473409026861190796e-01 2.475423365831375122e-01 2.668366432189941406e-01 2.442294806241989136e-01 2.452794760465621948e-01 2.458219975233078003e-01
2.676091492176055908e-01 2.443466484546661377e-01 2.443237006664276123e-01 2.444670051336288452e-01 2.563998699188232422e-01 2.475325912237167358e-01 2.467519938945770264e-01 2.471580654382705688e-01 2.577449679374694824e-01 2.469536960124969482e-01 2.470002770423889160e-01 2.475410699844360352e-01 2.665706872940063477e-01 2.448141127824783325e-01 2.452423423528671265e-01 2.455404549837112427e-01
2.674072384834289551e-01 2.449479103088378906e-01 2.439507544040679932e-01 2.444406151771545410e-01 2.564227283000946045e-01 2.475279420614242554e-01 2.470666468143463135e-01 2.468251883983612061e-01 2.576448619365692139e-01 2.474514245986938477e-01 2.468906342983245850e-01 2.473006099462509155e-01 2.667146623134613037e-01 2.448012083768844604e-01 2.454388886690139771e-01 2.451652437448501587e-01
2.676781117916107178e-01 2.441499084234237671e-01 2.444495856761932373e-01 2.444689273834228516e-01 2.563218772411346436e-01 2.476823478937149048e-01 2.467724233865737915e-01 2.470658868551254272e-01 2.579090297222137451e-01 2.471734881401062012e-01 2.466187477111816406e-01 2.475862950086593628e-01 2.664932310581207275e-01 2.447264790534973145e-01 2.451732605695724487e-01 2.457270324230194092e-01
2.672930657863616943e-01 2.448647022247314453e-01 2.443114370107650757e-01 2.445699572563171387e-01 2.560699880123138428e-01 2.471331804990768433e-01 2.469917982816696167e-01 2.473548054695129395e-01 2.581869065761566162e-01 2.473340481519699097e-01 2.464668601751327515e-01 2.481166720390319824e-01 2.652449011802673340e-01 2.455363422632217407e-01 2.444087117910385132e-01 2.461130619049072266e-01
2.668115794658660889e-01 2.443130463361740112e-01 2.444725334644317627e-01 2.449084967374801636e-01 2.562707960605621338e-01 2.475232183933258057e-01 2.469339221715927124e-01 2.473553270101547241e-01 2.575210034847259521e-01 2.466911971569061279e-01 2.469808012247085571e-01 2.482419908046722412e-01 2.652708590030670166e-01 2.447453141212463379e-01 2.449233531951904297e-01 2.470329701900482178e-01
2.662616968154907227e-01 2.449053525924682617e-01 2.444046288728713989e-01 2.449339777231216431e-01 2.562986612319946289e-01 2.471926808357238770e-01 2.477068156003952026e-01 2.468851059675216675e-01 2.568301856517791748e-01 2.469042837619781494e-01 2.469816952943801880e-01 2.478507161140441895e-01 2.652024626731872559e-01 2.452040910720825195e-01 2.465128302574157715e-01 2.459211945533752441e-01
2.666005194187164307e-01 2.447869479656219482e-01 2.447363436222076416e-01 2.446694523096084595e-01 2.557494044303894043e-01 2.478149384260177612e-01 2.475855648517608643e-01 2.466457635164260864e-01 2.569204866886138916e-01 2.466747611761093140e-01 2.468281686305999756e-01 2.481434345245361328e-01 2.656362354755401611e-01 2.448287159204483032e-01 2.462882399559020996e-01 2.460874319076538086e-01
2.662786245346069336e-01 2.449884265661239624e-01 2.447479963302612305e-01 2.446406632661819458e-01 2.562601268291473389e-01 2.473213225603103638e-01 2.473850697278976440e-01 2.469667345285415649e-01 2.568369805812835693e-01 2.470172196626663208e-01 2.478135973215103149e-01 2.483365386724472046e-01 2.662352025508880615e-01 2.450059205293655396e-01 2.458520978689193726e-01 2.443098574876785278e-01
2.664567232131958008e-01 2.444447875022888184e-01 2.444649636745452881e-01 2.452892214059829712e-01 2.561203241348266602e-01 2.472409754991531372e-01 2.470626235008239746e-01 2.470553964376449585e-01 2.569617033004760742e-01 2.473063468933105469e-01 2.481510490179061890e-01 2.480390518903732300e-01 2.658904790878295898e-01 2.454079687595367432e-01 2.450531125068664551e-01 2.450515329837799072e-01
2.662872672080993652e-01 2.442793250083923340e-01 2.448085248470306396e-01 2.452186644077301025e-01 2.562264800071716309e-01 2.474696934223175049e-01 2.469666600227355957e-01 2.468782663345336914e-01 2.569663822650909424e-01 2.474162429571151733e-01 2.479205727577209473e-01 2.481549233198165894e-01 2.658387720584869385e-01 2.453122287988662720e-01 2.461852580308914185e-01 2.440667301416397095e-01
2.661149799823760986e-01 2.446569651365280151e-01 2.449397146701812744e-01 2.449506819248199463e-01 2.562972903251647949e-01 2.472892701625823975e-01 2.470208853483200073e-01 2.468651682138442993e-01 2.566486597061157227e-01 2.475806325674057007e-01 2.477374225854873657e-01 2.481890469789505005e-01 2.661583423614501953e-01 2.454008311033248901e-01 2.460190355777740479e-01 2.441271245479583740e-01
2.665130198001861572e-01 2.445024549961090088e-01 2.447080165147781372e-01 2.448313683271408081e-01 2.563720941543579102e-01 2.475195825099945068e-01 2.471416145563125610e-01 2.465468049049377441e-01 2.559247314929962158e-01 2.482317090034484863e-01 2.483575940132141113e-01 2.476417124271392822e-01 2.664836347103118896e-01 2.447430342435836792e-01 2.458000779151916504e-01 2.446786612272262573e-01
2.663443684577941895e-01 2.447683364152908325e-01 2.449432313442230225e-01 2.443098723888397217e-01 2.563866674900054932e-01 2.468713819980621338e-01 2.472886890172958374e-01 2.472223341464996338e-01 2.560083270072937012e-01 2.481558620929718018e-01 2.480048239231109619e-01 2.474162727594375610e-01 2.657707631587982178e-01 2.451042234897613525e-01 2.460170686244964600e-01 2.453837841749191284e-01
2.663027644157409668e-01 2.444864511489868164e-01 2.448667734861373901e-01 2.444618791341781616e-01 2.565568089485168457e-01 2.465908229351043701e-01 2.473976165056228638e-01 2.474717497825622559e-01 2.558346688747406006e-01 2.482435405254364014e-01 2.484391480684280396e-01 2.480199038982391357e-01 2.652934491634368896e-01 2.450637370347976685e-01 2.454563975334167480e-01 2.455102503299713135e-01
2.660002708435058594e-01 2.448339760303497314e-01 2.450333088636398315e-01 2.443986833095550537e-01 2.562855780124664307e-01 2.472277879714965820e-01 2.471799999475479126e-01 2.471752762794494629e-01 2.560332715511322021e-01 2.475922107696533203e-01 2.479951083660125732e-01 2.479989230632781982e-01 2.657041251659393311e-01 2.452470511198043823e-01 2.450954169034957886e-01 2.461949586868286133e-01
2.662301361560821533e-01 2.445430308580398560e-01 2.449800968170166016e-01 2.445129603147506714e-01 2.558216750621795654e-01 2.469968199729919434e-01 2.477573454380035400e-01 2.472927868366241455e-01 2.559985220432281494e-01 2.476455420255661011e-01 2.482331991195678711e-01 2.481932044029235840e-01 2.660948336124420166e-01 2.448114156723022461e-01 2.453715503215789795e-01 2.455128133296966553e-01
2.658348679542541504e-01 2.446441650390625000e-01 2.448343485593795776e-01 2.440619468688964844e-01 2.560321688652038574e-01 2.470612525939941406e-01 2.478409409523010254e-01 2.478251457214355469e-01 2.566419243812561035e-01 2.474274486303329468e-01 2.476141005754470825e-01 2.483869493007659912e-01 2.665890753269195557e-01 2.452723532915115356e-01 2.453724890947341919e-01 2.445566654205322266e-01
2.663780748844146729e-01 2.443251162767410278e-01 2.448713928461074829e-01 2.449319660663604736e-01 2.557331323623657227e-01 2.471360564231872559e-01 2.472657859325408936e-01 2.474931776523590088e-01 2.565118670463562012e-01 2.477852255105972290e-01 2.477631121873855591e-01 2.480101734399795532e-01 2.658269107341766357e-01 2.454194426536560059e-01 2.455102801322937012e-01 2.450338900089263916e-01
2.660648226737976074e-01 2.448663860559463501e-01 2.446506917476654053e-01 2.449246644973754883e-01 2.561760842800140381e-01 2.470409870147705078e-01 2.473100125789642334e-01 2.471010982990264893e-01 2.564005553722381592e-01 2.477906048297882080e-01 2.477418333292007446e-01 2.481373846530914307e-01 2.660747468471527100e-01 2.449587881565093994e-01 2.459706813097000122e-01 2.447862923145294189e-01
2.667340338230133057e-01 2.442890107631683350e-01 2.445646524429321289e-01 2.449188828468322754e-01 2.562575340270996094e-01 2.469124048948287964e-01 2.469937056303024292e-01 2.474645227193832397e-01 2.563108801841735840e-01 2.477867156267166138e-01 2.479532361030578613e-01 2.480195909738540649e-01 2.664646208286285400e-01 2.448421567678451538e-01 2.448281496763229370e-01 2.456556260585784912e-01
2.668250203132629395e-01 2.441815882921218872e-01 2.441586107015609741e-01 2.450410723686218262e-01 2.565926015377044678e-01 2.474191486835479736e-01 2.464722245931625366e-01 2.474444210529327393e-01 2.562190890312194824e-01 2.487339824438095093e-01 2.473365217447280884e-01 2.476148456335067749e-01 2.661010026931762695e-01 2.452841401100158691e-01 2.448827177286148071e-01 2.456885576248168945e-01
2.671022415161132812e-01 2.448802590370178223e-01 2.438160777091979980e-01 2.450060546398162842e-01 2.564161121845245361e-01 2.471593916416168213e-01 2.467973381280899048e-01 2.469571977853775024e-01 2.562587857246398926e-01 2.482265532016754150e-01 2.476810961961746216e-01 2.477380186319351196e-01 2.663616240024566650e-01 2.452692240476608276e-01 2.446468323469161987e-01 2.456787526607513428e-01
2.669631838798522949e-01 2.441419512033462524e-01 2.444570362567901611e-01 2.450784742832183838e-01 2.564582526683807373e-01 2.471838444471359253e-01 2.470361888408660889e-01 2.468156814575195312e-01 2.563066184520721436e-01 2.485007047653198242e-01 2.482310235500335693e-01 2.475239783525466919e-01 2.658011913299560547e-01 2.450055480003356934e-01 2.448109090328216553e-01 2.456808090209960938e-01
2.668536305427551270e-01 2.442201972007751465e-01 2.446336299180984497e-01 2.449332177639007568e-01 2.563333511352539062e-01 2.472017407417297363e-01 2.471102774143218994e-01 2.468485981225967407e-01 2.560985982418060303e-01 2.484713047742843628e-01 2.474073171615600586e-01 2.472755312919616699e-01 2.661422491073608398e-01 2.449018806219100952e-01 2.453074306249618530e-01 2.462564408779144287e-01
2.669011652469635010e-01 2.441294491291046143e-01 2.447500377893447876e-01 2.449815869331359863e-01 2.561969757080078125e-01 2.473804056644439697e-01 2.468346059322357178e-01 2.469602972269058228e-01 2.561798095703125000e-01 2.481471896171569824e-01 2.468155771493911743e-01 2.481102198362350464e-01 2.664512395858764648e-01 2.449273020029067993e-01 2.457057088613510132e-01 2.455237507820129395e-01
2.665248215198516846e-01 2.437714487314224243e-01 2.442382425069808960e-01 2.452347874641418457e-01 2.563252449035644531e-01 2.479865550994873047e-01 2.467918097972869873e-01 2.472616434097290039e-01 2.566633820533752441e-01 2.481413781642913818e-01 2.466783225536346436e-01 2.483285367488861084e-01 2.663055956363677979e-01 2.450026273727416992e-01 2.454178482294082642e-01 2.453230172395706177e-01
2.667913436889648438e-01 2.439416646957397461e-01 2.442926317453384399e-01 2.447436600923538208e-01 2.564146518707275391e-01 2.476239502429962158e-01 2.467806190252304077e-01 2.475460469722747803e-01 2.568211555480957031e-01 2.478643506765365601e-01 2.473254352807998657e-01 2.478007674217224121e-01 2.661616504192352295e-01 2.454949617385864258e-01 2.450845241546630859e-01 2.453079521656036377e-01
2.665236592292785645e-01 2.439521402120590210e-01 2.443109899759292603e-01 2.449824661016464233e-01 2.562875151634216309e-01 2.480183839797973633e-01 2.467158436775207520e-01 2.473434507846832275e-01 2.561810016632080078e-01 2.482108324766159058e-01 2.472408562898635864e-01 2.481789588928222656e-01 2.660021483898162842e-01 2.453346401453018188e-01 2.453150004148483276e-01 2.453972399234771729e-01
2.668849825859069824e-01 2.440052330493927002e-01 2.437691539525985718e-01 2.451099306344985962e-01 2.564982175827026367e-01 2.477458119392395020e-01 2.469712793827056885e-01 2.469289302825927734e-01 2.563893795013427734e-01 2.482062727212905884e-01 2.474239468574523926e-01 2.480130046606063843e-01 2.661820054054260254e-01 2.449211776256561279e-01 2.450599670410156250e-01 2.458858937025070190e-01
2.663736045360565186e-01 2.442058771848678589e-01 2.443777769804000854e-01 2.444068491458892822e-01 2.565920948982238770e-01 2.481423914432525635e-01 2.473797649145126343e-01 2.464350610971450806e-01 2.567786872386932373e-01 2.477225512266159058e-01 2.472798228263854980e-01 2.482515275478363037e-01 2.661006450653076172e-01 2.451914250850677490e-01 2.448862642049789429e-01 2.458707094192504883e-01
2.660827636718750000e-01 2.443903833627700806e-01 2.446434795856475830e-01 2.442475408315658569e-01 2.562320828437805176e-01 2.479582577943801880e-01 2.475327998399734497e-01 2.468261718750000000e-01 2.570215463638305664e-01 2.478539347648620605e-01 2.470801919698715210e-01 2.476046681404113770e-01 2.660037875175476074e-01 2.451396286487579346e-01 2.454985678195953369e-01 2.458792924880981445e-01
2.663224637508392334e-01 2.442368268966674805e-01 2.443513721227645874e-01 2.444534599781036377e-01 2.566871941089630127e-01 2.481883764266967773e-01 2.470803558826446533e-01 2.465934008359909058e-01 2.567871809005737305e-01 2.485355734825134277e-01 2.470581680536270142e-01 2.471793591976165771e-01 2.658888101577758789e-01 2.454793304204940796e-01 2.451229691505432129e-01 2.460302114486694336e-01
2.660730779170989990e-01 2.442785054445266724e-01 2.445897161960601807e-01 2.444227784872055054e-01 2.567640244960784912e-01 2.480332702398300171e-01 2.472057044506072998e-01 2.465092390775680542e-01 2.567910850048065186e-01 2.484282553195953369e-01 2.472935020923614502e-01 2.470845431089401245e-01 2.654423415660858154e-01 2.454850524663925171e-01 2.452550381422042847e-01 2.463388741016387939e-01
2.654567658901214600e-01 2.449928522109985352e-01 2.447131425142288208e-01 2.441609799861907959e-01 2.572909593582153320e-01 2.477889657020568848e-01 2.473520040512084961e-01 2.461207062005996704e-01 2.569367587566375732e-01 2.485263496637344360e-01 2.471386045217514038e-01 2.469956725835800171e-01 2.660436630249023438e-01 2.454872876405715942e-01 2.452242821455001831e-01 2.457660138607025146e-01
