# pops for 16 qbits with connectivity c7 and unitary DM 23173648465536
3.999999761581420898e-01 2.000000029802322388e-01 2.000000029802322388e-01 2.000000029802322388e-01 4.000000059604644775e-01 1.999999880790710449e-01 1.999999880790710449e-01 1.999999880790710449e-01 3.999999463558197021e-01 1.999999880790710449e-01 1.999999880790710449e-01 1.999999880790710449e-01 3.999999761581420898e-01 1.999999880790710449e-01 1.999999880790710449e-01 1.999999880790710449e-01
3.722684979438781738e-01 2.000000029802322388e-01 2.000000029802322388e-01 2.538968920707702637e-01 3.368194401264190674e-01 2.370152026414871216e-01 2.000000029802322388e-01 1.999999880790710449e-01 3.722684383392333984e-01 1.999999880790710449e-01 1.999999880790710449e-01 2.538968920707702637e-01 3.368193507194519043e-01 1.999999731779098511e-01 1.999999731779098511e-01 2.370151877403259277e-01
3.235377073287963867e-01 2.144467830657958984e-01 2.177446931600570679e-01 2.539499402046203613e-01 3.087806999683380127e-01 2.411007434129714966e-01 2.269005328416824341e-01 2.135388553142547607e-01 3.056343197822570801e-01 2.413460761308670044e-01 2.228316217660903931e-01 2.563533782958984375e-01 2.891967594623565674e-01 2.233064025640487671e-01 2.197740375995635986e-01 2.415574342012405396e-01
3.076120018959045410e-01 2.169551849365234375e-01 2.171082496643066406e-01 2.463945150375366211e-01 3.065193891525268555e-01 2.361776083707809448e-01 2.526430189609527588e-01 2.165900766849517822e-01 3.275871574878692627e-01 2.212702035903930664e-01 2.275754958391189575e-01 2.497325241565704346e-01 3.006298840045928955e-01 2.284704446792602539e-01 2.185108661651611328e-01 2.262233942747116089e-01
3.126260340213775635e-01 2.228404581546783447e-01 2.275455147027969360e-01 2.255814969539642334e-01 2.988350391387939453e-01 2.366130948066711426e-01 2.448759526014328003e-01 2.310823351144790649e-01 2.997668981552124023e-01 2.281472682952880859e-01 2.244508415460586548e-01 2.449446767568588257e-01 2.841766476631164551e-01 2.528361380100250244e-01 2.289816439151763916e-01 2.366958111524581909e-01
2.933605313301086426e-01 2.265615165233612061e-01 2.323279082775115967e-01 2.363435626029968262e-01 2.926690578460693359e-01 2.283092290163040161e-01 2.515111565589904785e-01 2.389170080423355103e-01 2.865742743015289307e-01 2.338532954454421997e-01 2.237300276756286621e-01 2.375458329916000366e-01 2.835892438888549805e-01 2.476559430360794067e-01 2.422815710306167603e-01 2.447698265314102173e-01
2.938406765460968018e-01 2.226233631372451782e-01 2.410014271736145020e-01 2.311280518770217896e-01 2.864422500133514404e-01 2.286963760852813721e-01 2.563579976558685303e-01 2.342699915170669556e-01 2.690191268920898438e-01 2.343447506427764893e-01 2.274983525276184082e-01 2.564808428287506104e-01 2.851221561431884766e-01 2.384993135929107666e-01 2.467841207981109619e-01 2.478909641504287720e-01
2.966189086437225342e-01 2.310495525598526001e-01 2.293993830680847168e-01 2.315256297588348389e-01 2.800921499729156494e-01 2.368740886449813843e-01 2.519107460975646973e-01 2.368896454572677612e-01 2.709063887596130371e-01 2.417011111974716187e-01 2.285183221101760864e-01 2.515162229537963867e-01 2.801166474819183350e-01 2.403562366962432861e-01 2.488823831081390381e-01 2.436422556638717651e-01
2.938178181648254395e-01 2.262988239526748657e-01 2.345397621393203735e-01 2.339370548725128174e-01 2.812375128269195557e-01 2.327569872140884399e-01 2.523090243339538574e-01 2.394631057977676392e-01 2.663987874984741211e-01 2.421767860651016235e-01 2.344937920570373535e-01 2.495727241039276123e-01 2.799197435379028320e-01 2.450095862150192261e-01 2.488118559122085571e-01 2.392563223838806152e-01
2.898103296756744385e-01 2.385024577379226685e-01 2.353527098894119263e-01 2.374160438776016235e-01 2.701308131217956543e-01 2.395717203617095947e-01 2.512406110763549805e-01 2.323353886604309082e-01 2.698178887367248535e-01 2.410455942153930664e-01 2.328612804412841797e-01 2.489172667264938354e-01 2.812100350856781006e-01 2.407582551240921021e-01 2.485551536083221436e-01 2.424740195274353027e-01
2.780015170574188232e-01 2.398004829883575439e-01 2.369489371776580811e-01 2.438188046216964722e-01 2.733649909496307373e-01 2.417435795068740845e-01 2.451107054948806763e-01 2.355710417032241821e-01 2.670550644397735596e-01 2.421628683805465698e-01 2.334560453891754150e-01 2.499680966138839722e-01 2.769810557365417480e-01 2.441583573818206787e-01 2.471331059932708740e-01 2.447249293327331543e-01
2.790807187557220459e-01 2.453456073999404907e-01 2.362879365682601929e-01 2.395321726799011230e-01 2.717791795730590820e-01 2.400502115488052368e-01 2.454379945993423462e-01 2.368462085723876953e-01 2.681958973407745361e-01 2.435917854309082031e-01 2.382078766822814941e-01 2.459481060504913330e-01 2.770608663558959961e-01 2.422835975885391235e-01 2.444835901260375977e-01 2.458678036928176880e-01
2.806057333946228027e-01 2.416734099388122559e-01 2.375620156526565552e-01 2.404052615165710449e-01 2.687807679176330566e-01 2.413163781166076660e-01 2.476689964532852173e-01 2.363474667072296143e-01 2.646385431289672852e-01 2.431977987289428711e-01 2.393171340227127075e-01 2.475774735212326050e-01 2.780123353004455566e-01 2.432600408792495728e-01 2.440208494663238525e-01 2.456152886152267456e-01
2.784288525581359863e-01 2.397103756666183472e-01 2.389635890722274780e-01 2.411886900663375854e-01 2.670397162437438965e-01 2.436188608407974243e-01 2.470663487911224365e-01 2.383436113595962524e-01 2.630591094493865967e-01 2.436433881521224976e-01 2.387646734714508057e-01 2.512424588203430176e-01 2.801057100296020508e-01 2.423005551099777222e-01 2.429384440183639526e-01 2.435851097106933594e-01
2.768303751945495605e-01 2.413588017225265503e-01 2.383268624544143677e-01 2.412501275539398193e-01 2.669184505939483643e-01 2.429436296224594116e-01 2.487246394157409668e-01 2.380070686340332031e-01 2.623309195041656494e-01 2.452125400304794312e-01 2.370350956916809082e-01 2.523756921291351318e-01 2.782423198223114014e-01 2.433229833841323853e-01 2.429217845201492310e-01 2.441981285810470581e-01
2.778127193450927734e-01 2.406911700963973999e-01 2.384575456380844116e-01 2.395563125610351562e-01 2.660080790519714355e-01 2.417639195919036865e-01 2.501719892024993896e-01 2.398982197046279907e-01 2.623909711837768555e-01 2.451883703470230103e-01 2.366916537284851074e-01 2.526832818984985352e-01 2.787210941314697266e-01 2.416680902242660522e-01 2.447771131992340088e-01 2.435189038515090942e-01
2.783704698085784912e-01 2.426429092884063721e-01 2.360762506723403931e-01 2.394281178712844849e-01 2.647991180419921875e-01 2.423159629106521606e-01 2.511347532272338867e-01 2.411228865385055542e-01 2.553741931915283203e-01 2.502764761447906494e-01 2.419316470623016357e-01 2.478413134813308716e-01 2.793927490711212158e-01 2.415685653686523438e-01 2.439745664596557617e-01 2.437492907047271729e-01
2.764926552772521973e-01 2.443594485521316528e-01 2.381623536348342896e-01 2.385497689247131348e-01 2.646578252315521240e-01 2.423465847969055176e-01 2.508958876132965088e-01 2.404259890317916870e-01 2.570370733737945557e-01 2.498460561037063599e-01 2.418851852416992188e-01 2.466553449630737305e-01 2.782858014106750488e-01 2.432831227779388428e-01 2.442233115434646606e-01 2.428929507732391357e-01
2.775104939937591553e-01 2.443131208419799805e-01 2.385350912809371948e-01 2.406462281942367554e-01 2.639106214046478271e-01 2.418678849935531616e-01 2.485287189483642578e-01 2.405782490968704224e-01 2.571544051170349121e-01 2.491655349731445312e-01 2.430547773838043213e-01 2.460489273071289062e-01 2.791216969490051270e-01 2.425113022327423096e-01 2.446443587541580200e-01 2.424077987670898438e-01
2.760198712348937988e-01 2.428723573684692383e-01 2.405474483966827393e-01 2.415652126073837280e-01 2.643253505229949951e-01 2.416000962257385254e-01 2.484697252511978149e-01 2.404903769493103027e-01 2.578279376029968262e-01 2.473317235708236694e-01 2.452514618635177612e-01 2.463514208793640137e-01 2.763420045375823975e-01 2.422908544540405273e-01 2.445019185543060303e-01 2.442114055156707764e-01
2.759919464588165283e-01 2.435260862112045288e-01 2.414456903934478760e-01 2.407430261373519897e-01 2.640154659748077393e-01 2.410396486520767212e-01 2.478250414133071899e-01 2.413035333156585693e-01 2.587118446826934814e-01 2.468913942575454712e-01 2.459293156862258911e-01 2.461062669754028320e-01 2.740791440010070801e-01 2.441100925207138062e-01 2.448621392250061035e-01 2.434184551239013672e-01
2.768940329551696777e-01 2.444579452276229858e-01 2.402655184268951416e-01 2.400891929864883423e-01 2.636489570140838623e-01 2.418009787797927856e-01 2.467927336692810059e-01 2.419410496950149536e-01 2.583785057067871094e-01 2.478219270706176758e-01 2.478627115488052368e-01 2.475306391716003418e-01 2.729363143444061279e-01 2.434558868408203125e-01 2.436501085758209229e-01 2.424726188182830811e-01
2.767424583435058594e-01 2.443918883800506592e-01 2.408731877803802490e-01 2.402665615081787109e-01 2.644574344158172607e-01 2.405364066362380981e-01 2.466836720705032349e-01 2.419386953115463257e-01 2.597105503082275391e-01 2.463350147008895874e-01 2.465462535619735718e-01 2.479843050241470337e-01 2.729386091232299805e-01 2.419343739748001099e-01 2.445105612277984619e-01 2.441490292549133301e-01
2.763959169387817383e-01 2.419948875904083252e-01 2.421461641788482666e-01 2.417371273040771484e-01 2.654064893722534180e-01 2.414261996746063232e-01 2.472869604825973511e-01 2.394965589046478271e-01 2.594189643859863281e-01 2.470577806234359741e-01 2.460359334945678711e-01 2.480633705854415894e-01 2.722707092761993408e-01 2.427088767290115356e-01 2.430371493101119995e-01 2.455158829689025879e-01
2.747769951820373535e-01 2.423260062932968140e-01 2.428932785987854004e-01 2.408963739871978760e-01 2.649816572666168213e-01 2.407727390527725220e-01 2.484382688999176025e-01 2.408049255609512329e-01 2.598274350166320801e-01 2.476914674043655396e-01 2.464841306209564209e-01 2.495366483926773071e-01 2.728756368160247803e-01 2.416803538799285889e-01 2.415754348039627075e-01 2.444373667240142822e-01
2.750532627105712891e-01 2.427383810281753540e-01 2.413208633661270142e-01 2.417801022529602051e-01 2.651220560073852539e-01 2.413474023342132568e-01 2.463720291852951050e-01 2.421561032533645630e-01 2.591733932495117188e-01 2.483231574296951294e-01 2.469778060913085938e-01 2.490653544664382935e-01 2.717126905918121338e-01 2.423112690448760986e-01 2.418848127126693726e-01 2.446600794792175293e-01
2.746082842350006104e-01 2.435516715049743652e-01 2.402337193489074707e-01 2.427018135786056519e-01 2.638281881809234619e-01 2.415141463279724121e-01 2.472975403070449829e-01 2.421547919511795044e-01 2.589230835437774658e-01 2.483088523149490356e-01 2.469926178455352783e-01 2.493151873350143433e-01 2.725822329521179199e-01 2.425270527601242065e-01 2.421743422746658325e-01 2.432852238416671753e-01
2.761957943439483643e-01 2.428420633077621460e-01 2.410316914319992065e-01 2.429323941469192505e-01 2.644540965557098389e-01 2.406317740678787231e-01 2.457937002182006836e-01 2.420086711645126343e-01 2.600366175174713135e-01 2.466713637113571167e-01 2.467821985483169556e-01 2.500495314598083496e-01 2.722592055797576904e-01 2.422267794609069824e-01 2.416959851980209351e-01 2.443868219852447510e-01
2.771951854228973389e-01 2.433581054210662842e-01 2.404978126287460327e-01 2.413892596960067749e-01 2.649003267288208008e-01 2.407292425632476807e-01 2.469878494739532471e-01 2.408323585987091064e-01 2.582519650459289551e-01 2.464412599802017212e-01 2.470362186431884766e-01 2.504914700984954834e-01 2.733151912689208984e-01 2.420795857906341553e-01 2.418192476034164429e-01 2.446735501289367676e-01
2.772989571094512939e-01 2.419307231903076172e-01 2.415321618318557739e-01 2.413635402917861938e-01 2.637134492397308350e-01 2.428192198276519775e-01 2.463509142398834229e-01 2.408811897039413452e-01 2.584994435310363770e-01 2.465472668409347534e-01 2.468460053205490112e-01 2.484081834554672241e-01 2.743798494338989258e-01 2.432883530855178833e-01 2.430185377597808838e-01 2.431207746267318726e-01
2.748996913433074951e-01 2.418393194675445557e-01 2.425383627414703369e-01 2.428479790687561035e-01 2.646608054637908936e-01 2.429896593093872070e-01 2.444755882024765015e-01 2.416386902332305908e-01 2.584678530693054199e-01 2.479889839887619019e-01 2.471201866865158081e-01 2.467238903045654297e-01 2.732990384101867676e-01 2.430366575717926025e-01 2.452293932437896729e-01 2.422424554824829102e-01
2.739718258380889893e-01 2.423594295978546143e-01 2.433909177780151367e-01 2.423522323369979858e-01 2.645824253559112549e-01 2.421101182699203491e-01 2.446292787790298462e-01 2.424938529729843140e-01 2.586399018764495850e-01 2.460911124944686890e-01 2.461717873811721802e-01 2.459185868501663208e-01 2.735781073570251465e-01 2.433908730745315552e-01 2.455583810806274414e-01 2.447597086429595947e-01
2.743990719318389893e-01 2.423209995031356812e-01 2.441930323839187622e-01 2.427054047584533691e-01 2.642841339111328125e-01 2.425544559955596924e-01 2.429555952548980713e-01 2.424773722887039185e-01 2.585898935794830322e-01 2.474275529384613037e-01 2.473019212484359741e-01 2.465148866176605225e-01 2.735829055309295654e-01 2.428397089242935181e-01 2.447549700736999512e-01 2.430965602397918701e-01
2.739356458187103271e-01 2.421460002660751343e-01 2.439866214990615845e-01 2.435502111911773682e-01 2.606380581855773926e-01 2.421693503856658936e-01 2.471194565296173096e-01 2.428692877292633057e-01 2.577804028987884521e-01 2.477193325757980347e-01 2.471179068088531494e-01 2.466920018196105957e-01 2.742773592472076416e-01 2.436897903680801392e-01 2.430169284343719482e-01 2.432900220155715942e-01
2.762614786624908447e-01 2.421795278787612915e-01 2.428436279296875000e-01 2.423338741064071655e-01 2.590165436267852783e-01 2.441670745611190796e-01 2.467618286609649658e-01 2.440032660961151123e-01 2.559292316436767578e-01 2.471990436315536499e-01 2.481926530599594116e-01 2.468361109495162964e-01 2.746442258358001709e-01 2.428358495235443115e-01 2.433527857065200806e-01 2.434412091970443726e-01
2.747999429702758789e-01 2.413670122623443604e-01 2.421755045652389526e-01 2.421844899654388428e-01 2.595062255859375000e-01 2.440541684627532959e-01 2.472341060638427734e-01 2.462457269430160522e-01 2.553883492946624756e-01 2.464533150196075439e-01 2.487810403108596802e-01 2.475343048572540283e-01 2.732020616531372070e-01 2.437368929386138916e-01 2.440930902957916260e-01 2.432420253753662109e-01
2.733854949474334717e-01 2.420529276132583618e-01 2.422841042280197144e-01 2.428044676780700684e-01 2.597795426845550537e-01 2.432237118482589722e-01 2.488016039133071899e-01 2.452353686094284058e-01 2.558343112468719482e-01 2.472087889909744263e-01 2.479416877031326294e-01 2.480291575193405151e-01 2.722875177860260010e-01 2.438040673732757568e-01 2.450914829969406128e-01 2.422339618206024170e-01
2.734748721122741699e-01 2.413212954998016357e-01 2.432364374399185181e-01 2.424944043159484863e-01 2.597709298133850098e-01 2.435612678527832031e-01 2.477426826953887939e-01 2.459653764963150024e-01 2.567323446273803711e-01 2.472904473543167114e-01 2.483449876308441162e-01 2.483942806720733643e-01 2.720375359058380127e-01 2.435691505670547485e-01 2.436411827802658081e-01 2.424211055040359497e-01
2.727710604667663574e-01 2.407881468534469604e-01 2.443925589323043823e-01 2.427307367324829102e-01 2.603442966938018799e-01 2.447867840528488159e-01 2.468138933181762695e-01 2.449397295713424683e-01 2.575476765632629395e-01 2.469146400690078735e-01 2.484156489372253418e-01 2.478840947151184082e-01 2.719844877719879150e-01 2.435813248157501221e-01 2.418961673974990845e-01 2.442069798707962036e-01
2.722431421279907227e-01 2.413547486066818237e-01 2.445283830165863037e-01 2.428972870111465454e-01 2.591775357723236084e-01 2.463455498218536377e-01 2.472351342439651489e-01 2.437853068113327026e-01 2.572006881237030029e-01 2.470297068357467651e-01 2.477856725454330444e-01 2.487459480762481689e-01 2.726562023162841797e-01 2.422617524862289429e-01 2.436068058013916016e-01 2.431441694498062134e-01
2.720415592193603516e-01 2.420212030410766602e-01 2.440062463283538818e-01 2.439044564962387085e-01 2.592764198780059814e-01 2.448879927396774292e-01 2.466713786125183105e-01 2.447578608989715576e-01 2.573273777961730957e-01 2.468140572309494019e-01 2.476292997598648071e-01 2.483356893062591553e-01 2.726805210113525391e-01 2.428041100502014160e-01 2.437545508146286011e-01 2.430853992700576782e-01
2.720900475978851318e-01 2.426576614379882812e-01 2.429387420415878296e-01 2.435355782508850098e-01 2.595634758472442627e-01 2.441905289888381958e-01 2.478206902742385864e-01 2.447703778743743896e-01 2.579400539398193359e-01 2.465076297521591187e-01 2.476368099451065063e-01 2.481925934553146362e-01 2.723956704139709473e-01 2.433788031339645386e-01 2.434191852807998657e-01 2.429601699113845825e-01
2.722930908203125000e-01 2.421677410602569580e-01 2.429642826318740845e-01 2.437968403100967407e-01 2.595016062259674072e-01 2.446319758892059326e-01 2.476705014705657959e-01 2.448334097862243652e-01 2.574562728404998779e-01 2.469262927770614624e-01 2.476160675287246704e-01 2.479859441518783569e-01 2.721031308174133301e-01 2.438464760780334473e-01 2.434208095073699951e-01 2.427833825349807739e-01
2.716246247291564941e-01 2.427553236484527588e-01 2.434871345758438110e-01 2.433548867702484131e-01 2.584740817546844482e-01 2.450901269912719727e-01 2.474758625030517578e-01 2.455974817276000977e-01 2.577108442783355713e-01 2.468914389610290527e-01 2.479049414396286011e-01 2.473449707031250000e-01 2.704923450946807861e-01 2.432921528816223145e-01 2.447775602340698242e-01 2.437240928411483765e-01
2.709193527698516846e-01 2.424833178520202637e-01 2.429421246051788330e-01 2.444977760314941406e-01 2.588272094726562500e-01 2.451385855674743652e-01 2.482444047927856445e-01 2.448067367076873779e-01 2.577150762081146240e-01 2.459945976734161377e-01 2.484518885612487793e-01 2.472240030765533447e-01 2.705469429492950439e-01 2.437391579151153564e-01 2.441719025373458862e-01 2.442948967218399048e-01
2.704534530639648438e-01 2.426579147577285767e-01 2.431821078062057495e-01 2.445490062236785889e-01 2.592347562313079834e-01 2.447977662086486816e-01 2.482595741748809814e-01 2.447247952222824097e-01 2.577789723873138428e-01 2.465503513813018799e-01 2.478623390197753906e-01 2.471938729286193848e-01 2.709566652774810791e-01 2.441085129976272583e-01 2.438151538372039795e-01 2.438724786043167114e-01
2.701808810234069824e-01 2.430090606212615967e-01 2.432396113872528076e-01 2.442873120307922363e-01 2.594279944896697998e-01 2.445259839296340942e-01 2.479752451181411743e-01 2.452132701873779297e-01 2.572282552719116211e-01 2.467627525329589844e-01 2.479947805404663086e-01 2.473997324705123901e-01 2.705973088741302490e-01 2.433529943227767944e-01 2.449405044317245483e-01 2.438619434833526611e-01
2.708361148834228516e-01 2.436169385910034180e-01 2.437251955270767212e-01 2.437315732240676880e-01 2.583330869674682617e-01 2.445273995399475098e-01 2.473502308130264282e-01 2.457387447357177734e-01 2.576467394828796387e-01 2.463091760873794556e-01 2.482231408357620239e-01 2.472064793109893799e-01 2.701991498470306396e-01 2.438968122005462646e-01 2.436142712831497192e-01 2.450425773859024048e-01
2.701447010040283203e-01 2.438990771770477295e-01 2.439717501401901245e-01 2.431186437606811523e-01 2.585894763469696045e-01 2.446374148130416870e-01 2.481426298618316650e-01 2.453556358814239502e-01 2.570714354515075684e-01 2.462466061115264893e-01 2.480535507202148438e-01 2.472937405109405518e-01 2.707533538341522217e-01 2.446650117635726929e-01 2.435909658670425415e-01 2.444636225700378418e-01
2.700004875659942627e-01 2.438952773809432983e-01 2.441098093986511230e-01 2.431285679340362549e-01 2.578992843627929688e-01 2.460025548934936523e-01 2.470058649778366089e-01 2.460979521274566650e-01 2.568522393703460693e-01 2.467574775218963623e-01 2.479371130466461182e-01 2.468379437923431396e-01 2.714678347110748291e-01 2.436939477920532227e-01 2.446236312389373779e-01 2.436875253915786743e-01
2.697781622409820557e-01 2.429056614637374878e-01 2.443802952766418457e-01 2.433330416679382324e-01 2.584610283374786377e-01 2.464834451675415039e-01 2.463960051536560059e-01 2.464021295309066772e-01 2.555657327175140381e-01 2.472914904356002808e-01 2.478677332401275635e-01 2.469601035118103027e-01 2.698981761932373047e-01 2.442033886909484863e-01 2.461405396461486816e-01 2.439305633306503296e-01
2.692199647426605225e-01 2.434025704860687256e-01 2.435590475797653198e-01 2.432007789611816406e-01 2.580393552780151367e-01 2.464692294597625732e-01 2.473636865615844727e-01 2.468851357698440552e-01 2.558578848838806152e-01 2.480450868606567383e-01 2.482390403747558594e-01 2.464690059423446655e-01 2.694666981697082520e-01 2.437967061996459961e-01 2.454471141099929810e-01 2.445361316204071045e-01
2.691408693790435791e-01 2.432313412427902222e-01 2.432549446821212769e-01 2.431848943233489990e-01 2.574871182441711426e-01 2.474045902490615845e-01 2.478551417589187622e-01 2.465807497501373291e-01 2.571750283241271973e-01 2.480858266353607178e-01 2.482015639543533325e-01 2.464983761310577393e-01 2.691911756992340088e-01 2.427404373884201050e-01 2.451454848051071167e-01 2.448198050260543823e-01
2.692785859107971191e-01 2.433003038167953491e-01 2.434448003768920898e-01 2.438398003578186035e-01 2.571405768394470215e-01 2.468334138393402100e-01 2.476336508989334106e-01 2.466685324907302856e-01 2.568537592887878418e-01 2.478283047676086426e-01 2.478070557117462158e-01 2.464480698108673096e-01 2.695791721343994141e-01 2.434101849794387817e-01 2.450545430183410645e-01 2.448765784502029419e-01
2.692188620567321777e-01 2.429343461990356445e-01 2.448867410421371460e-01 2.428235560655593872e-01 2.560520470142364502e-01 2.472308129072189331e-01 2.477505505084991455e-01 2.472061067819595337e-01 2.566991448402404785e-01 2.473283559083938599e-01 2.475859522819519043e-01 2.473603188991546631e-01 2.700763344764709473e-01 2.438852190971374512e-01 2.447024881839752197e-01 2.442564070224761963e-01
2.689600884914398193e-01 2.434415519237518311e-01 2.449161261320114136e-01 2.427593022584915161e-01 2.559960782527923584e-01 2.472714036703109741e-01 2.480358183383941650e-01 2.467226088047027588e-01 2.565365731716156006e-01 2.470683306455612183e-01 2.478919029235839844e-01 2.473037987947463989e-01 2.690105736255645752e-01 2.440994530916213989e-01 2.448047697544097900e-01 2.451788783073425293e-01
2.691193521022796631e-01 2.436022609472274780e-01 2.444873154163360596e-01 2.423538714647293091e-01 2.564135789871215820e-01 2.465805262327194214e-01 2.489962428808212280e-01 2.465497106313705444e-01 2.567344307899475098e-01 2.467072159051895142e-01 2.475647777318954468e-01 2.477941662073135376e-01 2.685581743717193604e-01 2.439456880092620850e-01 2.443626075983047485e-01 2.462272197008132935e-01
2.692904174327850342e-01 2.440879791975021362e-01 2.443472594022750854e-01 2.429601699113845825e-01 2.561482787132263184e-01 2.461890429258346558e-01 2.485070228576660156e-01 2.465727031230926514e-01 2.568790316581726074e-01 2.468906044960021973e-01 2.473281621932983398e-01 2.477027326822280884e-01 2.687212824821472168e-01 2.441602647304534912e-01 2.445930540561676025e-01 2.456190586090087891e-01
2.693028748035430908e-01 2.440098971128463745e-01 2.434877306222915649e-01 2.438852787017822266e-01 2.560021281242370605e-01 2.466259896755218506e-01 2.480780184268951416e-01 2.467109113931655884e-01 2.573214173316955566e-01 2.468463182449340820e-01 2.475679963827133179e-01 2.479560971260070801e-01 2.681623995304107666e-01 2.445101439952850342e-01 2.444186061620712280e-01 2.451112270355224609e-01
2.690759599208831787e-01 2.443036288022994995e-01 2.430412322282791138e-01 2.442649304866790771e-01 2.562990784645080566e-01 2.464681714773178101e-01 2.478335797786712646e-01 2.468161731958389282e-01 2.561305463314056396e-01 2.473294287919998169e-01 2.480120658874511719e-01 2.482197582721710205e-01 2.682327330112457275e-01 2.445756644010543823e-01 2.442234158515930176e-01 2.451705634593963623e-01
2.690506577491760254e-01 2.444548904895782471e-01 2.438928037881851196e-01 2.440459579229354858e-01 2.569240033626556396e-01 2.460876107215881348e-01 2.474505007266998291e-01 2.461964339017868042e-01 2.565281689167022705e-01 2.475866079330444336e-01 2.481858581304550171e-01 2.481290102005004883e-01 2.684167623519897461e-01 2.442251890897750854e-01 2.437506020069122314e-01 2.450719624757766724e-01
2.693939208984375000e-01 2.439763695001602173e-01 2.438727915287017822e-01 2.442011386156082153e-01 2.568409740924835205e-01 2.454498112201690674e-01 2.479192167520523071e-01 2.464485168457031250e-01 2.566780447959899902e-01 2.476717680692672729e-01 2.475398480892181396e-01 2.485399842262268066e-01 2.685611844062805176e-01 2.441751658916473389e-01 2.442725151777267456e-01 2.444556355476379395e-01
2.698069512844085693e-01 2.436236292123794556e-01 2.442947924137115479e-01 2.437189072370529175e-01 2.566252052783966064e-01 2.460971921682357788e-01 2.476867735385894775e-01 2.462493181228637695e-01 2.567861080169677734e-01 2.480881363153457642e-01 2.473140060901641846e-01 2.486731857061386108e-01 2.688882648944854736e-01 2.438960522413253784e-01 2.440020143985748291e-01 2.442463487386703491e-01
2.687840759754180908e-01 2.437546998262405396e-01 2.443557530641555786e-01 2.445497214794158936e-01 2.568419575691223145e-01 2.460286170244216919e-01 2.473589926958084106e-01 2.464289367198944092e-01 2.572302818298339844e-01 2.485390156507492065e-01 2.470550984144210815e-01 2.480370104312896729e-01 2.683377563953399658e-01 2.444054186344146729e-01 2.442566752433776855e-01 2.440327405929565430e-01
2.693570256233215332e-01 2.432357072830200195e-01 2.442566454410552979e-01 2.442577779293060303e-01 2.571071088314056396e-01 2.460062205791473389e-01 2.479047626256942749e-01 2.459774017333984375e-01 2.572390139102935791e-01 2.483438700437545776e-01 2.468779981136322021e-01 2.484005242586135864e-01 2.684948742389678955e-01 2.443124204874038696e-01 2.441674768924713135e-01 2.440578490495681763e-01
2.696511149406433105e-01 2.432709336280822754e-01 2.444505542516708374e-01 2.438488155603408813e-01 2.565153241157531738e-01 2.473284453153610229e-01 2.466974109411239624e-01 2.463401108980178833e-01 2.568610012531280518e-01 2.482601851224899292e-01 2.468817383050918579e-01 2.482144385576248169e-01 2.686162889003753662e-01 2.445624917745590210e-01 2.444203495979309082e-01 2.440774738788604736e-01
2.698701620101928711e-01 2.445758730173110962e-01 2.437809407711029053e-01 2.429943978786468506e-01 2.569909393787384033e-01 2.473294287919998169e-01 2.461014688014984131e-01 2.464593797922134399e-01 2.573542594909667969e-01 2.486694604158401489e-01 2.467220276594161987e-01 2.474716603755950928e-01 2.686884999275207520e-01 2.446399629116058350e-01 2.439142614603042603e-01 2.444339245557785034e-01
2.697335183620452881e-01 2.439977824687957764e-01 2.441903352737426758e-01 2.432997822761535645e-01 2.562116086483001709e-01 2.469844669103622437e-01 2.467756867408752441e-01 2.469094395637512207e-01 2.577376365661621094e-01 2.485364526510238647e-01 2.468930631875991821e-01 2.475802451372146606e-01 2.681530117988586426e-01 2.446741163730621338e-01 2.444740533828735352e-01 2.438453584909439087e-01
2.702071666717529297e-01 2.439754158258438110e-01 2.437969893217086792e-01 2.432418316602706909e-01 2.569664120674133301e-01 2.473705112934112549e-01 2.461074888706207275e-01 2.464367747306823730e-01 2.575418353080749512e-01 2.483955174684524536e-01 2.471402585506439209e-01 2.480974793434143066e-01 2.678727507591247559e-01 2.446473985910415649e-01 2.448375225067138672e-01 2.433612346649169922e-01
2.698320448398590088e-01 2.436359822750091553e-01 2.436109781265258789e-01 2.432805448770523071e-01 2.573930919170379639e-01 2.473687380552291870e-01 2.466347664594650269e-01 2.463465034961700439e-01 2.566001117229461670e-01 2.484556883573532104e-01 2.471799254417419434e-01 2.476194351911544800e-01 2.687269449234008789e-01 2.446746826171875000e-01 2.441973239183425903e-01 2.444397509098052979e-01
2.688529491424560547e-01 2.437219023704528809e-01 2.443536520004272461e-01 2.434309870004653931e-01 2.569392025470733643e-01 2.477142810821533203e-01 2.466097176074981689e-01 2.461600899696350098e-01 2.562843263149261475e-01 2.488541752099990845e-01 2.471751421689987183e-01 2.478612512350082397e-01 2.689646184444427490e-01 2.445197105407714844e-01 2.440061271190643311e-01 2.445482313632965088e-01
2.684355378150939941e-01 2.434281855821609497e-01 2.443669289350509644e-01 2.439250648021697998e-01 2.571412026882171631e-01 2.475014179944992065e-01 2.466222494840621948e-01 2.463622093200683594e-01 2.562650442123413086e-01 2.488863170146942139e-01 2.476503252983093262e-01 2.473732084035873413e-01 2.690519392490386963e-01 2.445672303438186646e-01 2.440773695707321167e-01 2.443421632051467896e-01
2.685809135437011719e-01 2.431946098804473877e-01 2.440220713615417480e-01 2.443580478429794312e-01 2.561750113964080811e-01 2.477426379919052124e-01 2.472104430198669434e-01 2.464989572763442993e-01 2.562740445137023926e-01 2.482025176286697388e-01 2.476751655340194702e-01 2.476453781127929688e-01 2.683248817920684814e-01 2.450131475925445557e-01 2.440502494573593140e-01 2.450282424688339233e-01
2.686768174171447754e-01 2.433295547962188721e-01 2.436285167932510376e-01 2.445208728313446045e-01 2.562497258186340332e-01 2.480232417583465576e-01 2.466829419136047363e-01 2.466711252927780151e-01 2.570349276065826416e-01 2.481458038091659546e-01 2.478209286928176880e-01 2.476239949464797974e-01 2.674843072891235352e-01 2.444536834955215454e-01 2.441866844892501831e-01 2.454632669687271118e-01
2.688087522983551025e-01 2.434962540864944458e-01 2.442179322242736816e-01 2.436327040195465088e-01 2.566293179988861084e-01 2.476517409086227417e-01 2.470615804195404053e-01 2.462843656539916992e-01 2.568277716636657715e-01 2.479543685913085938e-01 2.471283078193664551e-01 2.479419112205505371e-01 2.681312561035156250e-01 2.449021041393280029e-01 2.441368699073791504e-01 2.451910078525543213e-01
2.688288390636444092e-01 2.433342635631561279e-01 2.436943501234054565e-01 2.442981451749801636e-01 2.564915716648101807e-01 2.474464327096939087e-01 2.472024559974670410e-01 2.464865744113922119e-01 2.566396594047546387e-01 2.475258260965347290e-01 2.475600391626358032e-01 2.481267750263214111e-01 2.680344581604003906e-01 2.450961023569107056e-01 2.443941980600357056e-01 2.448364198207855225e-01
2.688962817192077637e-01 2.432067096233367920e-01 2.440661042928695679e-01 2.439865469932556152e-01 2.565114200115203857e-01 2.474969327449798584e-01 2.469307482242584229e-01 2.466878890991210938e-01 2.569219768047332764e-01 2.476167827844619751e-01 2.471435517072677612e-01 2.477509230375289917e-01 2.684491574764251709e-01 2.443081736564636230e-01 2.454329431056976318e-01 2.445899993181228638e-01
2.690112888813018799e-01 2.431936860084533691e-01 2.442483454942703247e-01 2.436088472604751587e-01 2.563821077346801758e-01 2.476980984210968018e-01 2.469249963760375977e-01 2.467152625322341919e-01 2.562294900417327881e-01 2.476360350847244263e-01 2.472974359989166260e-01 2.482702285051345825e-01 2.677433192729949951e-01 2.445310354232788086e-01 2.452704459428787231e-01 2.452353686094284058e-01
2.694262564182281494e-01 2.434462010860443115e-01 2.437696903944015503e-01 2.434199750423431396e-01 2.565994262695312500e-01 2.471341788768768311e-01 2.469605058431625366e-01 2.470263540744781494e-01 2.562786042690277100e-01 2.476183772087097168e-01 2.477593272924423218e-01 2.477768510580062866e-01 2.683055102825164795e-01 2.446363866329193115e-01 2.449856400489807129e-01 2.448526471853256226e-01
2.678698897361755371e-01 2.443065047264099121e-01 2.434247583150863647e-01 2.443841993808746338e-01 2.560783028602600098e-01 2.472717314958572388e-01 2.474150806665420532e-01 2.470320910215377808e-01 2.564031779766082764e-01 2.475750893354415894e-01 2.474473863840103149e-01 2.480074912309646606e-01 2.682350277900695801e-01 2.448088675737380981e-01 2.451627850532531738e-01 2.445735335350036621e-01
2.679651379585266113e-01 2.435021847486495972e-01 2.435206472873687744e-01 2.449974268674850464e-01 2.562819719314575195e-01 2.465048730373382568e-01 2.476061582565307617e-01 2.469263076782226562e-01 2.567314803600311279e-01 2.474997639656066895e-01 2.474248260259628296e-01 2.482549697160720825e-01 2.683150768280029297e-01 2.445432245731353760e-01 2.451569885015487671e-01 2.447648942470550537e-01
2.676146030426025391e-01 2.438775599002838135e-01 2.431849092245101929e-01 2.453082650899887085e-01 2.561553120613098145e-01 2.467304915189743042e-01 2.476764470338821411e-01 2.467570155858993530e-01 2.567546963691711426e-01 2.472908496856689453e-01 2.473031282424926758e-01 2.485623806715011597e-01 2.683313786983489990e-01 2.447202652692794800e-01 2.448890209197998047e-01 2.448395043611526489e-01
2.678309977054595947e-01 2.437065243721008301e-01 2.436977475881576538e-01 2.450951337814331055e-01 2.565739452838897705e-01 2.464986741542816162e-01 2.471790611743927002e-01 2.467225193977355957e-01 2.567408978939056396e-01 2.474312335252761841e-01 2.472989261150360107e-01 2.484399229288101196e-01 2.681509256362915039e-01 2.446856051683425903e-01 2.449882775545120239e-01 2.449553310871124268e-01
2.675592601299285889e-01 2.440540194511413574e-01 2.438524514436721802e-01 2.448646575212478638e-01 2.561785876750946045e-01 2.464673817157745361e-01 2.475145161151885986e-01 2.468137443065643311e-01 2.565863132476806641e-01 2.476447373628616333e-01 2.473910003900527954e-01 2.482889443635940552e-01 2.685464322566986084e-01 2.442033886909484863e-01 2.451040148735046387e-01 2.449263185262680054e-01
2.679939568042755127e-01 2.435244619846343994e-01 2.438151985406875610e-01 2.449968010187149048e-01 2.563449442386627197e-01 2.469457983970642090e-01 2.470637112855911255e-01 2.470629662275314331e-01 2.568213641643524170e-01 2.474298179149627686e-01 2.469610422849655151e-01 2.482554316520690918e-01 2.683845460414886475e-01 2.445791363716125488e-01 2.448451966047286987e-01 2.449712455272674561e-01
2.676895856857299805e-01 2.437493801116943359e-01 2.434924095869064331e-01 2.445408552885055542e-01 2.566075623035430908e-01 2.469141483306884766e-01 2.478002011775970459e-01 2.469536364078521729e-01 2.572909891605377197e-01 2.469562590122222900e-01 2.470815777778625488e-01 2.482788860797882080e-01 2.672923803329467773e-01 2.445368021726608276e-01 2.459413409233093262e-01 2.448696345090866089e-01
2.663871943950653076e-01 2.438583970069885254e-01 2.432755976915359497e-01 2.450325638055801392e-01 2.568233013153076172e-01 2.465706020593643188e-01 2.482514828443527222e-01 2.475486397743225098e-01 2.569212019443511963e-01 2.472511529922485352e-01 2.475353628396987915e-01 2.482038289308547974e-01 2.667387127876281738e-01 2.448160052299499512e-01 2.455781251192092896e-01 2.452033609151840210e-01
2.662435472011566162e-01 2.441589683294296265e-01 2.431255578994750977e-01 2.450256496667861938e-01 2.573385834693908691e-01 2.466606944799423218e-01 2.479512989521026611e-01 2.475191205739974976e-01 2.568598687648773193e-01 2.472519427537918091e-01 2.474899888038635254e-01 2.480341047048568726e-01 2.666733264923095703e-01 2.448009848594665527e-01 2.456075251102447510e-01 2.452543228864669800e-01
2.666620016098022461e-01 2.438411861658096313e-01 2.427796274423599243e-01 2.452708929777145386e-01 2.569662630558013916e-01 2.471031099557876587e-01 2.482067197561264038e-01 2.471936196088790894e-01 2.567020952701568604e-01 2.476438879966735840e-01 2.476612627506256104e-01 2.476286441087722778e-01 2.667729258537292480e-01 2.449791282415390015e-01 2.455346435308456421e-01 2.450494617223739624e-01
2.665886878967285156e-01 2.438646852970123291e-01 2.438778281211853027e-01 2.447496652603149414e-01 2.564533650875091553e-01 2.476657927036285400e-01 2.474994659423828125e-01 2.473238706588745117e-01 2.564833462238311768e-01 2.479646652936935425e-01 2.480376511812210083e-01 2.473214566707611084e-01 2.663856446743011475e-01 2.452644109725952148e-01 2.452854961156845093e-01 2.452293336391448975e-01
2.660647034645080566e-01 2.437151521444320679e-01 2.446165680885314941e-01 2.439883053302764893e-01 2.563847899436950684e-01 2.471451014280319214e-01 2.482291460037231445e-01 2.478795200586318970e-01 2.569671273231506348e-01 2.478225380182266235e-01 2.476398646831512451e-01 2.473775744438171387e-01 2.663428783416748047e-01 2.451929152011871338e-01 2.453309446573257446e-01 2.452982217073440552e-01
2.656352519989013672e-01 2.439456433057785034e-01 2.451921999454498291e-01 2.437925785779953003e-01 2.564148306846618652e-01 2.475225329399108887e-01 2.477055191993713379e-01 2.478147745132446289e-01 2.563626170158386230e-01 2.478221207857131958e-01 2.478567361831665039e-01 2.477656155824661255e-01 2.663022577762603760e-01 2.451232224702835083e-01 2.453778833150863647e-01 2.453615665435791016e-01
2.660795748233795166e-01 2.440179884433746338e-01 2.448036819696426392e-01 2.436644583940505981e-01 2.563365101814270020e-01 2.474297881126403809e-01 2.479294091463088989e-01 2.479861676692962646e-01 2.561205029487609863e-01 2.479711472988128662e-01 2.476629912853240967e-01 2.478282302618026733e-01 2.663356065750122070e-01 2.447458952665328979e-01 2.454070001840591431e-01 2.456763386726379395e-01
2.665303349494934082e-01 2.441608011722564697e-01 2.457602769136428833e-01 2.438482493162155151e-01 2.560945451259613037e-01 2.473451048135757446e-01 2.472400069236755371e-01 2.472681850194931030e-01 2.561073601245880127e-01 2.483541071414947510e-01 2.477339059114456177e-01 2.473874539136886597e-01 2.662770450115203857e-01 2.449174523353576660e-01 2.452621906995773315e-01 2.457082122564315796e-01
2.658272087574005127e-01 2.444346696138381958e-01 2.456553429365158081e-01 2.443823516368865967e-01 2.564191222190856934e-01 2.472585588693618774e-01 2.467965930700302124e-01 2.474736422300338745e-01 2.561582028865814209e-01 2.481784075498580933e-01 2.478314042091369629e-01 2.474147677421569824e-01 2.666922509670257568e-01 2.450254112482070923e-01 2.454623579978942871e-01 2.449848651885986328e-01
2.654942870140075684e-01 2.447111010551452637e-01 2.449453622102737427e-01 2.443824857473373413e-01 2.564499676227569580e-01 2.472842484712600708e-01 2.476132959127426147e-01 2.473668158054351807e-01 2.562611401081085205e-01 2.477198690176010132e-01 2.480074465274810791e-01 2.480341792106628418e-01 2.662637531757354736e-01 2.448642402887344360e-01 2.453446239233016968e-01 2.452524453401565552e-01
2.654999196529388428e-01 2.447706758975982666e-01 2.448724508285522461e-01 2.443683445453643799e-01 2.572638094425201416e-01 2.471716850996017456e-01 2.468865364789962769e-01 2.474140822887420654e-01 2.562880814075469971e-01 2.482282668352127075e-01 2.477221339941024780e-01 2.473079264163970947e-01 2.662875056266784668e-01 2.448480278253555298e-01 2.456191629171371460e-01 2.454465329647064209e-01
2.653083503246307373e-01 2.453636229038238525e-01 2.447147071361541748e-01 2.447091639041900635e-01 2.574004828929901123e-01 2.471108436584472656e-01 2.465459406375885010e-01 2.470942437648773193e-01 2.561495304107666016e-01 2.482077330350875854e-01 2.478794753551483154e-01 2.476213127374649048e-01 2.664445340633392334e-01 2.451943606138229370e-01 2.452872693538665771e-01 2.449633926153182983e-01
2.651822865009307861e-01 2.447921186685562134e-01 2.450765222311019897e-01 2.450449615716934204e-01 2.572273015975952148e-01 2.475039660930633545e-01 2.469439655542373657e-01 2.469671070575714111e-01 2.564640045166015625e-01 2.481391578912734985e-01 2.473401725292205811e-01 2.474238723516464233e-01 2.662171125411987305e-01 2.450420260429382324e-01 2.455482631921768188e-01 2.450820952653884888e-01
2.650506794452667236e-01 2.449706792831420898e-01 2.453129142522811890e-01 2.447616308927536011e-01 2.575087845325469971e-01 2.473341226577758789e-01 2.470570802688598633e-01 2.467423528432846069e-01 2.568414807319641113e-01 2.477625310420989990e-01 2.473095953464508057e-01 2.474535703659057617e-01 2.663476169109344482e-01 2.452740520238876343e-01 2.454100549221038818e-01 2.448577880859375000e-01
2.649643123149871826e-01 2.444967329502105713e-01 2.454911917448043823e-01 2.451165765523910522e-01 2.566629052162170410e-01 2.479114234447479248e-01 2.473717182874679565e-01 2.467233985662460327e-01 2.570140659809112549e-01 2.480023205280303955e-01 2.478300631046295166e-01 2.472468167543411255e-01 2.660400867462158203e-01 2.448213249444961548e-01 2.454673945903778076e-01 2.448345571756362915e-01
