# pops for 16 qbits with connectivity 5 in chunks 4
2.000000029802322388e-01 2.000000029802322388e-01 2.000000029802322388e-01 2.000000029802322388e-01 3.999999463558197021e-01 1.999999880790710449e-01 1.999999880790710449e-01 1.999999880790710449e-01 1.999999880790710449e-01 1.999999880790710449e-01 1.999999880790710449e-01 1.999999880790710449e-01 1.999999880790710449e-01 1.999999880790710449e-01 1.999999880790710449e-01 1.999999880790710449e-01
2.000000178813934326e-01 2.202818393707275391e-01 2.000000178813934326e-01 2.000000178813934326e-01 3.529604375362396240e-01 2.085492014884948730e-01 2.000000327825546265e-01 2.000000327825546265e-01 2.182085514068603516e-01 2.000000029802322388e-01 2.000000029802322388e-01 1.999999880790710449e-01 2.000000029802322388e-01 2.000000029802322388e-01 2.000000029802322388e-01 2.000000029802322388e-01
2.058140188455581665e-01 2.285382300615310669e-01 1.999999880790710449e-01 2.000000029802322388e-01 3.327711820602416992e-01 2.146680206060409546e-01 1.999999880790710449e-01 1.999999880790710449e-01 2.132613509893417358e-01 2.010464519262313843e-01 2.000000178813934326e-01 2.000000178813934326e-01 2.017399072647094727e-01 2.021608948707580566e-01 2.000000178813934326e-01 2.000000178813934326e-01
2.020502537488937378e-01 2.207552045583724976e-01 1.999999880790710449e-01 2.000000029802322388e-01 3.327431976795196533e-01 2.262428402900695801e-01 2.000000029802322388e-01 2.000000029802322388e-01 2.144835740327835083e-01 2.012754976749420166e-01 2.000000029802322388e-01 2.000000029802322388e-01 2.009934335947036743e-01 2.014560699462890625e-01 2.000000029802322388e-01 2.000000029802322388e-01
2.033320963382720947e-01 2.278782129287719727e-01 2.000000178813934326e-01 2.000000178813934326e-01 3.284075856208801270e-01 2.252718061208724976e-01 2.000000178813934326e-01 2.000000178813934326e-01 2.126671820878982544e-01 2.000830322504043579e-01 2.000000178813934326e-01 2.000000178813934326e-01 2.010226547718048096e-01 2.013375312089920044e-01 2.000000178813934326e-01 2.000000178813934326e-01
2.112054973840713501e-01 2.305020093917846680e-01 2.000000327825546265e-01 2.000000327825546265e-01 3.199372291564941406e-01 2.232449501752853394e-01 2.000000178813934326e-01 2.000000178813934326e-01 2.117429971694946289e-01 2.009125649929046631e-01 2.000000178813934326e-01 2.000000178813934326e-01 2.018530070781707764e-01 2.006018012762069702e-01 2.000000178813934326e-01 2.000000178813934326e-01
2.110377550125122070e-01 2.264332175254821777e-01 1.999999880790710449e-01 2.000000029802322388e-01 3.212734758853912354e-01 2.274272292852401733e-01 2.000000327825546265e-01 2.000000327825546265e-01 2.102932482957839966e-01 2.006395906209945679e-01 2.000000178813934326e-01 2.000000178813934326e-01 2.019842416048049927e-01 2.009113729000091553e-01 2.000000178813934326e-01 2.000000178813934326e-01
2.099336981773376465e-01 2.257586717605590820e-01 2.000000178813934326e-01 2.000000178813934326e-01 3.200054466724395752e-01 2.291900813579559326e-01 2.000000178813934326e-01 2.000000178813934326e-01 2.104729562997817993e-01 2.019999623298645020e-01 2.000000029802322388e-01 2.000000029802322388e-01 2.021744400262832642e-01 2.004648298025131226e-01 2.000000178813934326e-01 2.000000178813934326e-01
2.048687189817428589e-01 2.279405891895294189e-01 2.000000178813934326e-01 2.000000178813934326e-01 3.237365484237670898e-01 2.283420711755752563e-01 2.000000327825546265e-01 2.000000327825546265e-01 2.112792581319808960e-01 2.019252479076385498e-01 2.000000327825546265e-01 2.000000327825546265e-01 2.006843984127044678e-01 2.012232989072799683e-01 2.000000327825546265e-01 2.000000327825546265e-01
2.094249874353408813e-01 2.280814796686172485e-01 2.000000327825546265e-01 2.000000327825546265e-01 3.207195103168487549e-01 2.266619801521301270e-01 2.000000327825546265e-01 2.000000327825546265e-01 2.116923630237579346e-01 2.017143368721008301e-01 2.000000178813934326e-01 2.000000178813934326e-01 2.010958641767501831e-01 2.006096094846725464e-01 2.000000178813934326e-01 2.000000178813934326e-01
2.099117636680603027e-01 2.281107455492019653e-01 2.000000327825546265e-01 2.000000327825546265e-01 3.231260776519775391e-01 2.255516946315765381e-01 2.000000327825546265e-01 2.000000327825546265e-01 2.103668749332427979e-01 2.008525878190994263e-01 2.000000178813934326e-01 2.000000327825546265e-01 2.013550847768783569e-01 2.007253766059875488e-01 2.000000476837158203e-01 2.000000476837158203e-01
2.097084671258926392e-01 2.335800677537918091e-01 2.000000476837158203e-01 2.000000476837158203e-01 3.208530247211456299e-01 2.215213477611541748e-01 2.000000327825546265e-01 2.000000029802322388e-01 2.112009823322296143e-01 2.007454782724380493e-01 2.000000327825546265e-01 2.000000625848770142e-01 2.006420195102691650e-01 2.017488628625869751e-01 2.000000327825546265e-01 2.000000327825546265e-01
2.082232683897018433e-01 2.278231084346771240e-01 2.000000476837158203e-01 2.000000476837158203e-01 3.205217421054840088e-01 2.290948033332824707e-01 2.000000029802322388e-01 2.000000029802322388e-01 2.110400497913360596e-01 2.004979252815246582e-01 2.000000178813934326e-01 2.000000178813934326e-01 2.016926854848861694e-01 2.011066824197769165e-01 2.000000178813934326e-01 2.000000178813934326e-01
2.081874758005142212e-01 2.259915769100189209e-01 2.000000327825546265e-01 2.000000327825546265e-01 3.243633806705474854e-01 2.271204441785812378e-01 2.000000476837158203e-01 2.000000178813934326e-01 2.107366025447845459e-01 2.006880789995193481e-01 2.000000327825546265e-01 2.000000327825546265e-01 2.021958678960800171e-01 2.007168084383010864e-01 2.000000327825546265e-01 2.000000327825546265e-01
2.082565128803253174e-01 2.251147776842117310e-01 2.000000178813934326e-01 2.000000178813934326e-01 3.219269812107086182e-01 2.312417775392532349e-01 2.000000476837158203e-01 2.000000476837158203e-01 2.099284380674362183e-01 2.011186480522155762e-01 2.000000327825546265e-01 2.000000327825546265e-01 2.020500153303146362e-01 2.003630846738815308e-01 2.000000476837158203e-01 2.000000327825546265e-01
2.100180983543395996e-01 2.226255387067794800e-01 2.000000178813934326e-01 2.000000476837158203e-01 3.226423859596252441e-01 2.312541157007217407e-01 2.000000178813934326e-01 2.000000178813934326e-01 2.102642953395843506e-01 1.997061818838119507e-01 2.000000476837158203e-01 2.000000476837158203e-01 2.017119079828262329e-01 2.017777711153030396e-01 2.000000476837158203e-01 2.000000327825546265e-01
2.094960659742355347e-01 2.261165380477905273e-01 2.000000178813934326e-01 2.000000327825546265e-01 3.263079822063446045e-01 2.242338359355926514e-01 2.000000178813934326e-01 2.000000178813934326e-01 2.101279497146606445e-01 2.002677023410797119e-01 2.000000178813934326e-01 2.000000476837158203e-01 2.012343555688858032e-01 2.022158801555633545e-01 2.000000476837158203e-01 2.000000476837158203e-01
2.087893486022949219e-01 2.267153263092041016e-01 2.000000327825546265e-01 2.000000327825546265e-01 3.204360008239746094e-01 2.312765568494796753e-01 2.000000327825546265e-01 2.000000178813934326e-01 2.083584666252136230e-01 2.001889199018478394e-01 2.000000178813934326e-01 2.000000327825546265e-01 2.016074508428573608e-01 2.026282846927642822e-01 2.000000178813934326e-01 2.000000178813934326e-01
2.093194425106048584e-01 2.301424294710159302e-01 2.000000327825546265e-01 2.000000327825546265e-01 3.226451277732849121e-01 2.243096083402633667e-01 2.000000327825546265e-01 2.000000327825546265e-01 2.096891999244689941e-01 2.001015543937683105e-01 2.000000178813934326e-01 2.000000327825546265e-01 2.020099759101867676e-01 2.017830759286880493e-01 2.000000178813934326e-01 2.000000178813934326e-01
2.098994851112365723e-01 2.248916625976562500e-01 2.000000178813934326e-01 2.000000178813934326e-01 3.234305977821350098e-01 2.297712415456771851e-01 2.000000178813934326e-01 2.000000178813934326e-01 2.086928486824035645e-01 2.005906850099563599e-01 2.000000327825546265e-01 2.000000327825546265e-01 2.007135003805160522e-01 2.020103484392166138e-01 2.000000327825546265e-01 2.000000327825546265e-01
2.094419151544570923e-01 2.273973226547241211e-01 2.000000327825546265e-01 2.000000327825546265e-01 3.257713913917541504e-01 2.237311303615570068e-01 2.000000476837158203e-01 2.000000476837158203e-01 2.098865211009979248e-01 1.996959000825881958e-01 2.000000327825546265e-01 2.000000327825546265e-01 2.014268487691879272e-01 2.026493847370147705e-01 2.000000327825546265e-01 2.000000029802322388e-01
2.089573293924331665e-01 2.271532565355300903e-01 2.000000327825546265e-01 2.000000476837158203e-01 3.201740682125091553e-01 2.270158231258392334e-01 2.000000476837158203e-01 2.000000476837158203e-01 2.124432474374771118e-01 2.001262754201889038e-01 2.000000476837158203e-01 2.000000476837158203e-01 2.011757642030715942e-01 2.029545754194259644e-01 2.000000476837158203e-01 2.000000476837158203e-01
2.086678594350814819e-01 2.245268821716308594e-01 2.000000327825546265e-01 2.000000327825546265e-01 3.234935998916625977e-01 2.241248488426208496e-01 2.000000476837158203e-01 2.000000476837158203e-01 2.146410346031188965e-01 2.002868652343750000e-01 2.000000476837158203e-01 2.000000476837158203e-01 2.012049406766891479e-01 2.030543386936187744e-01 2.000000476837158203e-01 2.000000476837158203e-01
2.087809145450592041e-01 2.335296720266342163e-01 2.000000476837158203e-01 2.000000476837158203e-01 3.191732466220855713e-01 2.256369441747665405e-01 2.000000327825546265e-01 2.000000327825546265e-01 2.084464877843856812e-01 2.001884281635284424e-01 2.000000476837158203e-01 2.000000476837158203e-01 2.018033564090728760e-01 2.024413049221038818e-01 2.000000476837158203e-01 2.000000476837158203e-01
2.122356742620468140e-01 2.306885570287704468e-01 2.000000327825546265e-01 2.000000327825546265e-01 3.154714405536651611e-01 2.287251800298690796e-01 2.000000476837158203e-01 2.000000476837158203e-01 2.092853635549545288e-01 2.018701136112213135e-01 2.000000327825546265e-01 2.000000327825546265e-01 2.010050415992736816e-01 2.007190585136413574e-01 2.000000178813934326e-01 2.000000178813934326e-01
2.116124480962753296e-01 2.259765267372131348e-01 2.000000476837158203e-01 2.000000476837158203e-01 3.212274014949798584e-01 2.262403815984725952e-01 2.000000327825546265e-01 2.000000327825546265e-01 2.107262611389160156e-01 2.020653933286666870e-01 2.000000476837158203e-01 2.000000476837158203e-01 2.011948525905609131e-01 2.009571939706802368e-01 2.000000476837158203e-01 2.000000476837158203e-01
2.090227007865905762e-01 2.329654097557067871e-01 2.000000476837158203e-01 2.000000178813934326e-01 3.243534564971923828e-01 2.187152504920959473e-01 2.000000625848770142e-01 2.000000625848770142e-01 2.105445116758346558e-01 2.019440531730651855e-01 2.000000476837158203e-01 2.000000476837158203e-01 2.016961425542831421e-01 2.007589638233184814e-01 2.000000476837158203e-01 2.000000476837158203e-01
2.138838320970535278e-01 2.284904569387435913e-01 2.000000327825546265e-01 2.000000327825546265e-01 3.176033496856689453e-01 2.250791788101196289e-01 2.000000476837158203e-01 2.000000476837158203e-01 2.110566347837448120e-01 2.027518898248672485e-01 2.000000476837158203e-01 2.000000476837158203e-01 2.005186676979064941e-01 2.006165385246276855e-01 2.000000476837158203e-01 2.000000476837158203e-01
2.121021002531051636e-01 2.262989580631256104e-01 2.000000476837158203e-01 2.000000476837158203e-01 3.246303796768188477e-01 2.220253348350524902e-01 2.000000476837158203e-01 2.000000476837158203e-01 2.106775492429733276e-01 2.017946094274520874e-01 2.000000476837158203e-01 2.000000476837158203e-01 2.011693418025970459e-01 2.013022452592849731e-01 2.000000476837158203e-01 2.000000476837158203e-01
2.124238312244415283e-01 2.296150177717208862e-01 2.000000625848770142e-01 2.000000625848770142e-01 3.224697411060333252e-01 2.282122820615768433e-01 2.000000625848770142e-01 2.000000625848770142e-01 2.033352553844451904e-01 2.009226679801940918e-01 2.000000476837158203e-01 2.000000625848770142e-01 2.016041129827499390e-01 2.014176845550537109e-01 2.000000625848770142e-01 2.000000625848770142e-01
2.106509655714035034e-01 2.291642427444458008e-01 2.000000327825546265e-01 2.000000327825546265e-01 3.203561007976531982e-01 2.325495332479476929e-01 2.000000327825546265e-01 2.000000327825546265e-01 2.035893648862838745e-01 2.012944072484970093e-01 2.000000476837158203e-01 2.000000476837158203e-01 2.010934948921203613e-01 2.013024538755416870e-01 2.000000476837158203e-01 2.000000476837158203e-01
2.110722512006759644e-01 2.259880155324935913e-01 2.000000327825546265e-01 2.000000327825546265e-01 3.216835260391235352e-01 2.288867682218551636e-01 2.000000774860382080e-01 2.000000774860382080e-01 2.091009318828582764e-01 2.014653235673904419e-01 2.000000774860382080e-01 2.000000774860382080e-01 2.017509043216705322e-01 2.000528126955032349e-01 2.000000774860382080e-01 2.000000774860382080e-01
2.107145190238952637e-01 2.241346091032028198e-01 2.000000625848770142e-01 2.000000625848770142e-01 3.217143118381500244e-01 2.310671359300613403e-01 2.000000923871994019e-01 2.000000625848770142e-01 2.084048837423324585e-01 2.013299465179443359e-01 2.000000625848770142e-01 2.000000476837158203e-01 2.006446123123168945e-01 2.019905298948287964e-01 2.000000625848770142e-01 2.000000625848770142e-01
2.109015733003616333e-01 2.245326340198516846e-01 2.000000923871994019e-01 2.000000774860382080e-01 3.211998641490936279e-01 2.330027371644973755e-01 2.000000774860382080e-01 2.000000625848770142e-01 2.065857499837875366e-01 2.007981538772583008e-01 2.000000625848770142e-01 2.000000625848770142e-01 2.014081329107284546e-01 2.015717476606369019e-01 2.000000625848770142e-01 2.000000625848770142e-01
2.107742428779602051e-01 2.235536873340606689e-01 2.000000923871994019e-01 2.000000923871994019e-01 3.262819051742553711e-01 2.314707338809967041e-01 2.000000476837158203e-01 2.000000476837158203e-01 2.040146589279174805e-01 2.010731250047683716e-01 2.000000923871994019e-01 2.000000625848770142e-01 2.021447271108627319e-01 2.006875574588775635e-01 2.000000625848770142e-01 2.000000625848770142e-01
2.107542008161544800e-01 2.312079817056655884e-01 2.000000774860382080e-01 2.000000774860382080e-01 3.196707367897033691e-01 2.265059500932693481e-01 2.000000625848770142e-01 2.000000625848770142e-01 2.079363018274307251e-01 2.020438015460968018e-01 2.000000923871994019e-01 2.000000625848770142e-01 2.015379816293716431e-01 2.003436684608459473e-01 2.000000774860382080e-01 2.000000774860382080e-01
2.152116596698760986e-01 2.323000282049179077e-01 2.000000476837158203e-01 2.000000923871994019e-01 3.133073747158050537e-01 2.273198366165161133e-01 2.000000774860382080e-01 2.000000625848770142e-01 2.074096649885177612e-01 2.011733502149581909e-01 2.000000774860382080e-01 2.000000625848770142e-01 2.017216086387634277e-01 2.015571296215057373e-01 2.000000625848770142e-01 2.000000625848770142e-01
2.148685455322265625e-01 2.290716171264648438e-01 2.000000774860382080e-01 2.000000774860382080e-01 3.151322007179260254e-01 2.276611328125000000e-01 2.000000625848770142e-01 2.000000625848770142e-01 2.084719538688659668e-01 2.036501318216323853e-01 2.000000625848770142e-01 2.000000476837158203e-01 1.994197368621826172e-01 2.017252892255783081e-01 2.000000476837158203e-01 2.000000476837158203e-01
2.124316692352294922e-01 2.254757285118103027e-01 2.000000774860382080e-01 2.000000774860382080e-01 3.216663300991058350e-01 2.271597981452941895e-01 2.000000774860382080e-01 2.000000774860382080e-01 2.090917080640792847e-01 2.018073499202728271e-01 2.000000774860382080e-01 2.000000774860382080e-01 2.011224031448364258e-01 2.012456357479095459e-01 2.000000476837158203e-01 2.000000774860382080e-01
2.139809727668762207e-01 2.250075787305831909e-01 2.000000625848770142e-01 2.000000774860382080e-01 3.261956870555877686e-01 2.240682244300842285e-01 2.000000923871994019e-01 2.000000923871994019e-01 2.081220895051956177e-01 2.001729160547256470e-01 2.000000923871994019e-01 2.000000774860382080e-01 2.003107070922851562e-01 2.021425217390060425e-01 2.000000774860382080e-01 2.000000923871994019e-01
2.137137055397033691e-01 2.246623337268829346e-01 2.000000774860382080e-01 2.000000625848770142e-01 3.208682537078857422e-01 2.300081849098205566e-01 2.000000625848770142e-01 2.000000625848770142e-01 2.082713842391967773e-01 2.002659738063812256e-01 2.000000625848770142e-01 2.000000476837158203e-01 2.016341984272003174e-01 2.005766332149505615e-01 2.000000476837158203e-01 2.000000625848770142e-01
2.077204287052154541e-01 2.266567945480346680e-01 2.000000774860382080e-01 2.000000774860382080e-01 3.311673700809478760e-01 2.237079590559005737e-01 2.000000923871994019e-01 2.000000923871994019e-01 2.082443237304687500e-01 2.010950297117233276e-01 2.000000923871994019e-01 2.000000774860382080e-01 1.999259293079376221e-01 2.014828920364379883e-01 2.000000774860382080e-01 2.000000774860382080e-01
2.140936702489852905e-01 2.288960367441177368e-01 2.000000774860382080e-01 2.000000774860382080e-01 3.218768835067749023e-01 2.243858724832534790e-01 2.000000625848770142e-01 2.000000625848770142e-01 2.078865021467208862e-01 1.996119469404220581e-01 2.000000774860382080e-01 2.000000774860382080e-01 2.022957354784011841e-01 2.009540200233459473e-01 2.000000774860382080e-01 2.000000774860382080e-01
2.139253467321395874e-01 2.315141707658767700e-01 2.000000923871994019e-01 2.000000923871994019e-01 3.197062015533447266e-01 2.228468656539916992e-01 2.000000774860382080e-01 2.000000774860382080e-01 2.089781016111373901e-01 2.006940990686416626e-01 2.000000625848770142e-01 2.000000625848770142e-01 2.009062618017196655e-01 2.014296799898147583e-01 2.000000625848770142e-01 2.000000625848770142e-01
2.084863930940628052e-01 2.261740863323211670e-01 2.000000923871994019e-01 2.000001072883605957e-01 3.232573568820953369e-01 2.300747334957122803e-01 2.000000923871994019e-01 2.000000923871994019e-01 2.085562646389007568e-01 2.014008909463882446e-01 2.000000923871994019e-01 2.000000923871994019e-01 2.004965245723724365e-01 2.015545368194580078e-01 2.000000923871994019e-01 2.000000923871994019e-01
2.109776288270950317e-01 2.302734255790710449e-01 2.000000625848770142e-01 2.000000774860382080e-01 3.229270279407501221e-01 2.238145172595977783e-01 2.000000923871994019e-01 2.000000774860382080e-01 2.083664685487747192e-01 2.027999907732009888e-01 2.000001072883605957e-01 2.000001072883605957e-01 2.002720385789871216e-01 2.005696594715118408e-01 2.000001072883605957e-01 2.000001072883605957e-01
2.092710137367248535e-01 2.300700545310974121e-01 2.000000923871994019e-01 2.000000923871994019e-01 3.215298950672149658e-01 2.271216213703155518e-01 2.000001072883605957e-01 2.000000923871994019e-01 2.096593677997589111e-01 2.018035501241683960e-01 2.000000774860382080e-01 2.000000774860382080e-01 1.988773941993713379e-01 2.016679048538208008e-01 2.000000774860382080e-01 2.000000625848770142e-01
2.107679545879364014e-01 2.267046570777893066e-01 2.000000774860382080e-01 2.000000923871994019e-01 3.242381215095520020e-01 2.262818366289138794e-01 2.000000923871994019e-01 2.000000923871994019e-01 2.078968137502670288e-01 2.021135538816452026e-01 2.000000923871994019e-01 2.000000923871994019e-01 1.999694257974624634e-01 2.020284682512283325e-01 2.000000923871994019e-01 2.000000923871994019e-01
2.103641331195831299e-01 2.243607193231582642e-01 2.000000774860382080e-01 2.000000774860382080e-01 3.180782198905944824e-01 2.332891970872879028e-01 2.000001221895217896e-01 2.000001221895217896e-01 2.093933522701263428e-01 2.021937668323516846e-01 2.000000923871994019e-01 2.000000923871994019e-01 2.009827047586441040e-01 2.013387829065322876e-01 2.000000923871994019e-01 2.000000774860382080e-01
2.091292440891265869e-01 2.299715280532836914e-01 2.000001072883605957e-01 2.000001072883605957e-01 3.149898946285247803e-01 2.320016175508499146e-01 2.000000923871994019e-01 2.000000923871994019e-01 2.095504701137542725e-01 2.014154046773910522e-01 2.000001072883605957e-01 2.000001072883605957e-01 2.007455974817276001e-01 2.021971642971038818e-01 2.000001072883605957e-01 2.000000923871994019e-01
2.088141739368438721e-01 2.316697388887405396e-01 2.000000923871994019e-01 2.000000923871994019e-01 3.196569085121154785e-01 2.320333421230316162e-01 2.000001221895217896e-01 2.000001221895217896e-01 2.031534910202026367e-01 2.014898210763931274e-01 2.000001072883605957e-01 2.000001072883605957e-01 2.016043514013290405e-01 2.015790641307830811e-01 2.000001072883605957e-01 2.000001072883605957e-01
2.100647836923599243e-01 2.340404093265533447e-01 2.000001072883605957e-01 2.000001072883605957e-01 3.181252479553222656e-01 2.299812436103820801e-01 2.000000774860382080e-01 2.000000774860382080e-01 2.043666094541549683e-01 2.013131380081176758e-01 2.000001072883605957e-01 2.000001072883605957e-01 2.001736313104629517e-01 2.019359022378921509e-01 2.000001072883605957e-01 2.000001072883605957e-01
2.151566743850708008e-01 2.308542877435684204e-01 2.000001072883605957e-01 2.000001072883605957e-01 3.181557655334472656e-01 2.280449420213699341e-01 2.000001221895217896e-01 2.000001072883605957e-01 2.035478353500366211e-01 2.012141793966293335e-01 2.000001072883605957e-01 2.000001072883605957e-01 2.009241729974746704e-01 2.021030485630035400e-01 2.000001072883605957e-01 2.000001072883605957e-01
2.151539176702499390e-01 2.294260561466217041e-01 2.000001221895217896e-01 2.000001221895217896e-01 3.179732859134674072e-01 2.296584248542785645e-01 2.000001370906829834e-01 2.000001370906829834e-01 2.042438089847564697e-01 2.014260739088058472e-01 2.000001072883605957e-01 2.000001072883605957e-01 2.004154771566390991e-01 2.017039358615875244e-01 2.000001072883605957e-01 2.000001072883605957e-01
2.121851146221160889e-01 2.279363721609115601e-01 2.000001221895217896e-01 2.000001221895217896e-01 3.214024901390075684e-01 2.306877225637435913e-01 2.000001072883605957e-01 2.000001072883605957e-01 2.046949565410614014e-01 2.013212293386459351e-01 2.000000923871994019e-01 2.000000923871994019e-01 2.006493657827377319e-01 2.011237442493438721e-01 2.000000923871994019e-01 2.000000923871994019e-01
2.127133607864379883e-01 2.325287014245986938e-01 2.000001072883605957e-01 2.000001072883605957e-01 3.150503933429718018e-01 2.266114950180053711e-01 2.000001072883605957e-01 2.000001072883605957e-01 2.105309367179870605e-01 1.991409957408905029e-01 2.000001221895217896e-01 2.000001072883605957e-01 2.015853375196456909e-01 2.018397748470306396e-01 2.000001072883605957e-01 2.000001370906829834e-01
2.044336348772048950e-01 2.304963767528533936e-01 2.000001072883605957e-01 2.000001072883605957e-01 3.212828338146209717e-01 2.306911200284957886e-01 2.000001072883605957e-01 2.000001072883605957e-01 2.084469497203826904e-01 2.004439979791641235e-01 2.000001072883605957e-01 2.000001072883605957e-01 2.019248306751251221e-01 2.022812664508819580e-01 2.000001072883605957e-01 2.000001072883605957e-01
2.117681503295898438e-01 2.348816841840744019e-01 2.000001221895217896e-01 2.000001221895217896e-01 3.170441091060638428e-01 2.232100218534469604e-01 2.000001370906829834e-01 2.000001370906829834e-01 2.107122093439102173e-01 2.000177055597305298e-01 2.000001221895217896e-01 2.000001072883605957e-01 2.009351849555969238e-01 2.014319449663162231e-01 2.000001072883605957e-01 2.000001072883605957e-01
2.095849663019180298e-01 2.315531671047210693e-01 2.000001370906829834e-01 2.000001370906829834e-01 3.183595538139343262e-01 2.274062782526016235e-01 2.000001370906829834e-01 2.000001221895217896e-01 2.093577980995178223e-01 2.011252790689468384e-01 2.000001221895217896e-01 2.000001072883605957e-01 2.005902081727981567e-01 2.020238190889358521e-01 2.000000923871994019e-01 2.000001072883605957e-01
2.084270417690277100e-01 2.285124212503433228e-01 2.000001221895217896e-01 2.000001221895217896e-01 3.209672272205352783e-01 2.282470762729644775e-01 2.000001370906829834e-01 2.000001370906829834e-01 2.089500576257705688e-01 2.011192291975021362e-01 2.000001370906829834e-01 2.000001370906829834e-01 2.016103863716125488e-01 2.021676301956176758e-01 2.000001370906829834e-01 2.000001072883605957e-01
2.052144110202789307e-01 2.256113439798355103e-01 2.000001221895217896e-01 2.000001221895217896e-01 3.259817957878112793e-01 2.293462455272674561e-01 2.000001221895217896e-01 2.000001072883605957e-01 2.092097699642181396e-01 1.999704539775848389e-01 2.000001221895217896e-01 2.000001221895217896e-01 2.030038386583328247e-01 2.016632407903671265e-01 2.000001221895217896e-01 2.000001221895217896e-01
2.064520865678787231e-01 2.280375063419342041e-01 2.000001072883605957e-01 2.000001370906829834e-01 3.254019618034362793e-01 2.269636988639831543e-01 2.000001221895217896e-01 2.000001221895217896e-01 2.097460031509399414e-01 1.994512379169464111e-01 2.000001370906829834e-01 2.000001370906829834e-01 2.033227682113647461e-01 2.006258517503738403e-01 2.000001370906829834e-01 2.000001370906829834e-01
2.063548862934112549e-01 2.219151705503463745e-01 2.000001370906829834e-01 2.000001370906829834e-01 3.202938437461853027e-01 2.311450242996215820e-01 2.000001221895217896e-01 2.000001072883605957e-01 2.167951613664627075e-01 2.001426815986633301e-01 2.000001370906829834e-01 2.000001221895217896e-01 2.027960568666458130e-01 2.005583941936492920e-01 2.000001370906829834e-01 2.000001221895217896e-01
2.094078361988067627e-01 2.242093980312347412e-01 2.000001370906829834e-01 2.000001519918441772e-01 3.214741051197052002e-01 2.246175408363342285e-01 2.000001370906829834e-01 2.000001221895217896e-01 2.167986929416656494e-01 1.999796032905578613e-01 2.000001072883605957e-01 2.000001221895217896e-01 2.027737796306610107e-01 2.007401436567306519e-01 2.000001370906829834e-01 2.000001370906829834e-01
2.032687216997146606e-01 2.271368801593780518e-01 2.000001519918441772e-01 2.000001519918441772e-01 3.194198608398437500e-01 2.298834323883056641e-01 2.000001668930053711e-01 2.000001668930053711e-01 2.161536365747451782e-01 2.017257958650588989e-01 2.000001221895217896e-01 2.000001519918441772e-01 2.015704214572906494e-01 2.008424103260040283e-01 2.000001519918441772e-01 2.000001370906829834e-01
2.079187780618667603e-01 2.290386408567428589e-01 2.000001519918441772e-01 2.000001519918441772e-01 3.161882460117340088e-01 2.265632450580596924e-01 2.000001221895217896e-01 2.000001221895217896e-01 2.166354209184646606e-01 2.006985992193222046e-01 2.000001519918441772e-01 2.000001221895217896e-01 2.011370360851287842e-01 2.018212527036666870e-01 2.000001221895217896e-01 2.000001221895217896e-01
2.023064196109771729e-01 2.328872680664062500e-01 2.000001370906829834e-01 2.000001519918441772e-01 3.164745271205902100e-01 2.280406951904296875e-01 2.000001370906829834e-01 2.000001370906829834e-01 2.160043269395828247e-01 2.007688134908676147e-01 2.000001221895217896e-01 2.000001221895217896e-01 2.025796175003051758e-01 2.009395360946655273e-01 2.000001221895217896e-01 2.000001221895217896e-01
2.024073898792266846e-01 2.291850149631500244e-01 2.000001370906829834e-01 2.000001519918441772e-01 3.252222537994384766e-01 2.256195992231369019e-01 2.000001221895217896e-01 2.000001370906829834e-01 2.133799940347671509e-01 2.012513428926467896e-01 2.000001519918441772e-01 2.000001370906829834e-01 2.014267742633819580e-01 2.015089392662048340e-01 2.000001370906829834e-01 2.000001370906829834e-01
2.129220664501190186e-01 2.302813827991485596e-01 2.000001519918441772e-01 2.000001519918441772e-01 3.205507695674896240e-01 2.186799794435501099e-01 2.000001668930053711e-01 2.000001668930053711e-01 2.138825654983520508e-01 2.015310972929000854e-01 2.000001370906829834e-01 2.000001221895217896e-01 2.014608234167098999e-01 2.006925642490386963e-01 2.000001221895217896e-01 2.000001221895217896e-01
2.125152647495269775e-01 2.332197129726409912e-01 2.000001370906829834e-01 2.000001519918441772e-01 3.160992264747619629e-01 2.254542112350463867e-01 2.000001668930053711e-01 2.000001668930053711e-01 2.086216062307357788e-01 2.005045861005783081e-01 2.000001519918441772e-01 2.000001221895217896e-01 2.024705111980438232e-01 2.011162042617797852e-01 2.000001221895217896e-01 2.000001221895217896e-01
2.130457609891891479e-01 2.284351438283920288e-01 2.000001519918441772e-01 2.000001519918441772e-01 3.195927739143371582e-01 2.283430993556976318e-01 2.000001370906829834e-01 2.000001370906829834e-01 2.070237547159194946e-01 2.014938592910766602e-01 2.000001519918441772e-01 2.000001370906829834e-01 2.011509686708450317e-01 2.009159773588180542e-01 2.000001370906829834e-01 2.000001519918441772e-01
2.128325402736663818e-01 2.331703007221221924e-01 2.000001519918441772e-01 2.000001519918441772e-01 3.246388137340545654e-01 2.231303900480270386e-01 2.000001668930053711e-01 2.000001668930053711e-01 2.024552673101425171e-01 2.011856883764266968e-01 2.000001668930053711e-01 2.000001370906829834e-01 2.026440948247909546e-01 1.999442577362060547e-01 2.000001370906829834e-01 2.000001370906829834e-01
2.129233628511428833e-01 2.335606515407562256e-01 2.000001221895217896e-01 2.000001519918441772e-01 3.190543651580810547e-01 2.210092842578887939e-01 2.000001966953277588e-01 2.000001817941665649e-01 2.097704559564590454e-01 2.002905309200286865e-01 2.000001817941665649e-01 2.000001668930053711e-01 2.018691897392272949e-01 2.015235126018524170e-01 2.000001668930053711e-01 2.000001668930053711e-01
2.052067518234252930e-01 2.301352322101593018e-01 2.000001668930053711e-01 2.000001668930053711e-01 3.202736973762512207e-01 2.309319823980331421e-01 2.000001519918441772e-01 2.000001668930053711e-01 2.095436304807662964e-01 2.001874595880508423e-01 2.000001817941665649e-01 2.000001519918441772e-01 2.017416357994079590e-01 2.019809782505035400e-01 2.000001817941665649e-01 2.000001519918441772e-01
2.104166150093078613e-01 2.257612943649291992e-01 2.000001817941665649e-01 2.000001817941665649e-01 3.187181055545806885e-01 2.316516488790512085e-01 2.000001966953277588e-01 2.000001966953277588e-01 2.094883769750595093e-01 1.998229473829269409e-01 2.000001668930053711e-01 2.000001370906829834e-01 2.031213045120239258e-01 2.010210603475570679e-01 2.000001370906829834e-01 2.000001668930053711e-01
2.100661844015121460e-01 2.292843908071517944e-01 2.000001668930053711e-01 2.000001668930053711e-01 3.221829235553741455e-01 2.250141352415084839e-01 2.000001817941665649e-01 2.000001817941665649e-01 2.101382464170455933e-01 2.008430361747741699e-01 2.000001668930053711e-01 2.000001370906829834e-01 2.021359801292419434e-01 2.003365010023117065e-01 2.000001370906829834e-01 2.000001370906829834e-01
2.084746956825256348e-01 2.311129420995712280e-01 2.000001817941665649e-01 2.000001817941665649e-01 3.174296021461486816e-01 2.295304834842681885e-01 2.000001817941665649e-01 2.000001817941665649e-01 2.094234079122543335e-01 2.005405128002166748e-01 2.000001817941665649e-01 2.000001519918441772e-01 2.022647559642791748e-01 2.012250721454620361e-01 2.000001370906829834e-01 2.000001519918441772e-01
2.138366252183914185e-01 2.303810864686965942e-01 2.000001817941665649e-01 2.000001817941665649e-01 3.240563869476318359e-01 2.182736396789550781e-01 2.000001668930053711e-01 2.000001668930053711e-01 2.092571258544921875e-01 2.007058709859848022e-01 2.000001668930053711e-01 2.000001668930053711e-01 2.021760046482086182e-01 2.013147026300430298e-01 2.000001519918441772e-01 2.000001668930053711e-01
2.136116027832031250e-01 2.240687906742095947e-01 2.000001668930053711e-01 2.000001668930053711e-01 3.192974925041198730e-01 2.237752526998519897e-01 2.000001519918441772e-01 2.000001519918441772e-01 2.148266881704330444e-01 2.015769481658935547e-01 2.000001668930053711e-01 2.000001519918441772e-01 2.018609344959259033e-01 2.009837031364440918e-01 2.000001519918441772e-01 2.000001519918441772e-01
2.139313966035842896e-01 2.230068594217300415e-01 2.000001519918441772e-01 2.000001668930053711e-01 3.239203393459320068e-01 2.282799631357192993e-01 2.000001966953277588e-01 2.000001966953277588e-01 2.067610621452331543e-01 2.007299810647964478e-01 2.000001668930053711e-01 2.000001519918441772e-01 2.019491046667098999e-01 2.014227062463760376e-01 2.000001519918441772e-01 2.000001519918441772e-01
2.085699588060379028e-01 2.346026152372360229e-01 2.000001668930053711e-01 2.000001668930053711e-01 3.201076984405517578e-01 2.258583754301071167e-01 2.000001966953277588e-01 2.000001966953277588e-01 2.091901302337646484e-01 2.004879564046859741e-01 2.000001817941665649e-01 2.000001519918441772e-01 2.005416750907897949e-01 2.006431668996810913e-01 2.000001817941665649e-01 2.000001519918441772e-01
2.117445319890975952e-01 2.248443812131881714e-01 2.000001668930053711e-01 2.000001668930053711e-01 3.191532790660858154e-01 2.333963960409164429e-01 2.000001817941665649e-01 2.000001817941665649e-01 2.073837816715240479e-01 2.003310322761535645e-01 2.000001966953277588e-01 2.000001668930053711e-01 2.015697658061981201e-01 2.015783637762069702e-01 2.000001668930053711e-01 2.000001668930053711e-01
2.109234035015106201e-01 2.274288982152938843e-01 2.000001668930053711e-01 2.000001668930053711e-01 3.234215974807739258e-01 2.300322055816650391e-01 2.000001966953277588e-01 2.000002115964889526e-01 2.038951665163040161e-01 2.011281996965408325e-01 2.000001817941665649e-01 2.000001668930053711e-01 2.020468711853027344e-01 2.011252194643020630e-01 2.000001817941665649e-01 2.000001817941665649e-01
2.103765010833740234e-01 2.250510603189468384e-01 2.000001817941665649e-01 2.000001817941665649e-01 3.265968859195709229e-01 2.297816276550292969e-01 2.000001668930053711e-01 2.000001668930053711e-01 2.034796774387359619e-01 2.007624655961990356e-01 2.000001668930053711e-01 2.000001668930053711e-01 2.019743621349334717e-01 2.019789367914199829e-01 2.000001668930053711e-01 2.000001668930053711e-01
2.111559212207794189e-01 2.231841385364532471e-01 2.000001668930053711e-01 2.000001668930053711e-01 3.192475140094757080e-01 2.306369245052337646e-01 2.000001817941665649e-01 2.000001817941665649e-01 2.118407189846038818e-01 2.004483938217163086e-01 2.000001817941665649e-01 2.000001817941665649e-01 2.018989324569702148e-01 2.015890926122665405e-01 2.000001817941665649e-01 2.000001817941665649e-01
2.111327797174453735e-01 2.224027812480926514e-01 2.000001817941665649e-01 2.000001817941665649e-01 3.236210942268371582e-01 2.273826599121093750e-01 2.000001966953277588e-01 2.000001966953277588e-01 2.115027308464050293e-01 2.014053612947463989e-01 2.000001966953277588e-01 2.000001668930053711e-01 2.015417516231536865e-01 2.010124474763870239e-01 2.000001817941665649e-01 2.000001817941665649e-01
2.077351808547973633e-01 2.214244902133941650e-01 2.000001966953277588e-01 2.000001966953277588e-01 3.299136757850646973e-01 2.254659980535507202e-01 2.000001966953277588e-01 2.000001817941665649e-01 2.111267596483230591e-01 2.014245092868804932e-01 2.000001966953277588e-01 2.000001668930053711e-01 2.012240439653396606e-01 2.016869932413101196e-01 2.000001668930053711e-01 2.000001668930053711e-01
2.071056067943572998e-01 2.297858893871307373e-01 2.000001817941665649e-01 2.000001817941665649e-01 3.213879764080047607e-01 2.262598872184753418e-01 2.000001668930053711e-01 2.000001668930053711e-01 2.117435336112976074e-01 2.019433528184890747e-01 2.000001966953277588e-01 2.000001966953277588e-01 2.009837776422500610e-01 2.007915973663330078e-01 2.000001966953277588e-01 2.000001966953277588e-01
2.126860767602920532e-01 2.232206016778945923e-01 2.000001966953277588e-01 2.000001966953277588e-01 3.199967741966247559e-01 2.286358624696731567e-01 2.000001966953277588e-01 2.000001966953277588e-01 2.119586616754531860e-01 2.018825858831405640e-01 2.000001817941665649e-01 2.000001519918441772e-01 2.004244476556777954e-01 2.011965811252593994e-01 2.000001519918441772e-01 2.000001668930053711e-01
2.051860392093658447e-01 2.300007343292236328e-01 2.000001966953277588e-01 2.000001966953277588e-01 3.205279707908630371e-01 2.288246005773544312e-01 2.000001966953277588e-01 2.000001966953277588e-01 2.124430686235427856e-01 2.013369947671890259e-01 2.000002115964889526e-01 2.000001519918441772e-01 2.012500017881393433e-01 2.004322111606597900e-01 2.000001668930053711e-01 2.000001668930053711e-01
2.086584120988845825e-01 2.279628813266754150e-01 2.000002115964889526e-01 2.000001966953277588e-01 3.204787969589233398e-01 2.274392396211624146e-01 2.000001817941665649e-01 2.000001817941665649e-01 2.118198573589324951e-01 2.018736302852630615e-01 2.000001966953277588e-01 2.000001817941665649e-01 2.008909881114959717e-01 2.008778452873229980e-01 2.000001966953277588e-01 2.000001966953277588e-01
2.096299082040786743e-01 2.232224494218826294e-01 2.000001966953277588e-01 2.000001966953277588e-01 3.236248195171356201e-01 2.280621975660324097e-01 2.000002115964889526e-01 2.000001817941665649e-01 2.114752233028411865e-01 2.012948244810104370e-01 2.000002115964889526e-01 2.000001817941665649e-01 2.011014223098754883e-01 2.015908360481262207e-01 2.000001817941665649e-01 2.000001817941665649e-01
2.085730135440826416e-01 2.285951972007751465e-01 2.000002115964889526e-01 2.000002115964889526e-01 3.204831779003143311e-01 2.286812961101531982e-01 2.000001966953277588e-01 2.000001966953277588e-01 2.086250334978103638e-01 2.013221532106399536e-01 2.000002115964889526e-01 2.000001817941665649e-01 2.021612077951431274e-01 2.015606462955474854e-01 2.000001817941665649e-01 2.000001817941665649e-01
2.097219079732894897e-01 2.280716300010681152e-01 2.000002115964889526e-01 2.000002115964889526e-01 3.208472132682800293e-01 2.281994968652725220e-01 2.000001817941665649e-01 2.000001817941665649e-01 2.092664241790771484e-01 2.015466243028640747e-01 2.000002115964889526e-01 2.000001817941665649e-01 2.016896456480026245e-01 2.006588429212570190e-01 2.000001817941665649e-01 2.000001817941665649e-01
2.089048922061920166e-01 2.287070751190185547e-01 2.000002115964889526e-01 2.000002115964889526e-01 3.195126652717590332e-01 2.306143492460250854e-01 2.000001817941665649e-01 2.000001817941665649e-01 2.075506299734115601e-01 2.016071528196334839e-01 2.000002264976501465e-01 2.000001966953277588e-01 2.009633928537368774e-01 2.021416127681732178e-01 2.000001966953277588e-01 2.000001966953277588e-01
2.078348100185394287e-01 2.313428521156311035e-01 2.000002115964889526e-01 2.000002115964889526e-01 3.216688036918640137e-01 2.268925309181213379e-01 2.000001966953277588e-01 2.000001966953277588e-01 2.088154405355453491e-01 2.009097635746002197e-01 2.000002115964889526e-01 2.000001817941665649e-01 2.019729763269424438e-01 2.005645781755447388e-01 2.000001817941665649e-01 2.000001966953277588e-01
2.075060904026031494e-01 2.285100519657135010e-01 2.000002115964889526e-01 2.000001966953277588e-01 3.182626962661743164e-01 2.282850593328475952e-01 2.000002264976501465e-01 2.000002264976501465e-01 2.136618345975875854e-01 2.008513659238815308e-01 2.000002115964889526e-01 2.000001817941665649e-01 2.003908306360244751e-01 2.025338560342788696e-01 2.000001817941665649e-01 2.000001817941665649e-01
2.072129696607589722e-01 2.239495962858200073e-01 2.000002115964889526e-01 2.000001966953277588e-01 3.225010633468627930e-01 2.289003282785415649e-01 2.000002115964889526e-01 2.000002115964889526e-01 2.138145565986633301e-01 2.018062770366668701e-01 2.000002264976501465e-01 2.000002264976501465e-01 2.006511837244033813e-01 2.011658847332000732e-01 2.000002264976501465e-01 2.000002264976501465e-01
2.064027041196823120e-01 2.363402694463729858e-01 2.000002115964889526e-01 2.000001966953277588e-01 3.223946988582611084e-01 2.234272211790084839e-01 2.000001966953277588e-01 2.000001966953277588e-01 2.070033103227615356e-01 2.011431157588958740e-01 2.000002115964889526e-01 2.000001817941665649e-01 2.012355178594589233e-01 2.020549774169921875e-01 2.000001817941665649e-01 2.000001817941665649e-01
2.083847969770431519e-01 2.339266687631607056e-01 2.000002413988113403e-01 2.000002264976501465e-01 3.190832734107971191e-01 2.271701693534851074e-01 2.000001966953277588e-01 2.000001966953277588e-01 2.087315171957015991e-01 1.997759491205215454e-01 2.000002264976501465e-01 2.000001966953277588e-01 2.007691860198974609e-01 2.021602392196655273e-01 2.000001966953277588e-01 2.000001966953277588e-01
2.057367861270904541e-01 2.317526489496231079e-01 2.000002115964889526e-01 2.000002115964889526e-01 3.246921002864837646e-01 2.263834178447723389e-01 2.000002115964889526e-01 2.000002413988113403e-01 2.087479680776596069e-01 2.001105546951293945e-01 2.000002115964889526e-01 2.000001966953277588e-01 2.014717459678649902e-01 2.011066526174545288e-01 2.000002115964889526e-01 2.000002115964889526e-01
