# ex_work for 12 qbits with connectivity c6 and unitary DM 22455020475264
-8.680106917424235125e-02 1.348041174442052847e-01 1.348041174442052847e-01 1.348041174442052847e-01 -8.680111343724494777e-02 1.348041324481576153e-01 1.348041324481576153e-01 1.348041324481576153e-01 -8.680106917424235125e-02 1.348041324481576431e-01 1.348041324481576431e-01 1.348041324481576431e-01
-6.750789278143101702e-02 3.492250938078180628e-02 7.493285779523439771e-02 5.236179371398926724e-02 -7.783359353567387284e-02 8.709098412417938528e-02 8.709098412417938528e-02 7.067896350868975441e-02 -7.761284901452721041e-02 8.709097110960965782e-02 8.709097110960965782e-02 3.433456859673883824e-03
-4.700745557127314345e-02 9.120051928516996476e-03 2.512774298108949242e-02 2.805386232554239745e-02 -5.191213273010548274e-02 4.755444834276831984e-02 4.628220255748263789e-02 3.152373864160835926e-02 -5.001775002171404694e-02 3.444996528031278593e-02 2.098755761603187178e-02 2.537545599595261454e-03
-3.636788787492515468e-02 -1.142221591827714128e-03 1.155249478138632756e-03 1.476958817455882762e-02 -4.703694304714554908e-02 2.175238282297268025e-02 3.096574667300982728e-02 3.125776697717210645e-02 -3.126071578249172561e-02 2.362211583087007669e-02 2.102383347926767287e-02 2.359689799405288724e-02
-2.694621098419467189e-02 5.733844686216680794e-03 -1.692629939937440780e-03 4.764480938071408503e-03 -2.697689554187990280e-02 1.959884912210617738e-02 2.419158185964810637e-02 -2.521471321489868970e-03 -2.166798409230432168e-02 1.323816787847171758e-02 1.576172444440162440e-02 1.730343291272764747e-02
-2.220712844846983378e-02 9.458065449363083077e-03 -3.221310506571452986e-03 9.398450278981628631e-03 -2.140635948232822230e-02 1.751835955539679177e-02 1.699507442490203260e-02 -7.305508803357224547e-04 -2.452884238865154706e-02 1.153615659184364754e-02 1.345351808104053130e-02 9.331136679355816685e-03
-2.561851545753526110e-02 9.875705891281080437e-03 -1.844070497965952064e-03 1.281376567520178290e-02 -2.136271476205616263e-02 1.808398691277594839e-02 1.728232524994732788e-02 -1.165278909780278300e-03 -2.491224233118866788e-02 1.016290585033531244e-02 1.742871250056457488e-02 6.841096392676395375e-03
-1.881525042657186328e-02 9.506493313243179200e-03 -6.492798756937106022e-03 1.088390982175254859e-02 -1.382202331752615566e-02 1.864057272639640245e-02 4.090526760152805863e-03 -2.557015806303397035e-03 -1.686274190584629781e-02 1.630185926864191224e-03 1.594833706672376880e-02 7.460883911015998501e-03
-1.633085263482527902e-02 6.818862566948051193e-03 -5.176119817043653946e-03 1.004610826211551483e-02 -1.805303687185763617e-02 1.709698278348997791e-02 5.010375652887705776e-03 2.442260872951216005e-03 -1.141730703367944445e-02 2.518648991548349571e-03 8.897139084720591742e-03 5.538156554569698131e-03
-1.724319718267289595e-02 5.982249323986316321e-03 -1.405022172191236008e-03 7.432825208881247044e-03 -1.231279720188833277e-02 1.052844627383485790e-02 6.167932900811922553e-03 8.715439653006895474e-04 -9.503386928342790613e-03 8.791904185348265778e-05 7.450572710878079416e-03 6.891948475273601028e-03
-1.636913095346495886e-02 5.827912284730507597e-03 -3.355179329258626240e-03 8.811122350571614498e-03 -1.458983379472298010e-02 1.350765549651263171e-02 6.551802045846032499e-03 2.323280147205458431e-04 -1.049325515610824086e-02 2.747089822891614526e-03 7.238680695708193252e-03 5.609019939529689101e-03
-1.644354622216706932e-02 4.885548487475136620e-03 -2.194551423116921588e-03 8.542290777476460942e-03 -1.433308814576817955e-02 1.225829227887300678e-02 6.410459478051610746e-03 1.197447776769015784e-03 -9.502997673594529987e-03 1.307857169493960693e-03 6.675202771029776355e-03 6.484397381600126749e-03
-1.557357958977793368e-02 6.524205154281532797e-03 -8.966876260920972905e-04 9.648009427634909180e-03 -1.426467240011206061e-02 1.118334083447957913e-02 4.633195710371168681e-03 2.089715757443263294e-03 -9.272814351382288600e-03 1.905230391320438237e-03 3.680394175418180008e-03 5.157479908373100233e-03
-1.605136069949962899e-02 3.175887112540983111e-03 -2.195329719754760336e-03 7.823444731401174579e-03 -1.102151531423429046e-02 9.766045098999965451e-03 3.288477896418662543e-03 3.592731234431764415e-03 -7.233225478094068919e-03 5.689172358369718602e-03 4.356625752765709396e-03 2.640035100050387891e-03
-1.565066986803416438e-02 3.954717564992664587e-03 -2.131785139286479242e-03 6.954540003978781221e-03 -1.101163893810157279e-02 9.192315165171355273e-03 2.928546942479027301e-03 4.799997492239352001e-03 -8.273562856542850466e-03 5.261283054361021172e-03 5.817342391575665642e-03 1.988401810480400125e-03
-1.529826411957026580e-02 2.461584083100860128e-03 -5.870075771883198840e-04 6.470215626866744792e-03 -1.151880483605837238e-02 1.016222133694348433e-02 5.226198903123801913e-03 2.091130408204018836e-03 -7.855664229690837580e-03 5.336214427895988321e-03 5.789800275718973155e-03 1.492983698960263610e-03
-1.158718023201860646e-02 1.907137702634887711e-03 4.688358019174300277e-03 2.166931742821999636e-03 -9.813353732556547027e-03 3.738975264410322047e-03 4.528467174236282082e-03 4.482066925124389249e-03 -9.680086805743243900e-03 7.251370562493051307e-03 3.460543616282350191e-03 1.505560807028620768e-03
-1.292899921433916625e-02 3.091399761282297935e-03 3.506812542811606637e-03 3.548937289491557300e-03 -8.480639978490064901e-03 4.805738916130192044e-03 9.159780411366003289e-04 5.601438762686718718e-03 -8.150473307748585389e-03 5.033673748969949222e-03 3.716426628213022505e-03 1.785744797590160717e-03
-1.077819938804305822e-02 4.639502392736511056e-03 2.222340309387988485e-03 1.925354219916360077e-03 -8.830189528539063651e-03 2.148341065131005850e-03 1.143934546910732727e-03 4.502835645527595958e-03 -7.073743875442679678e-03 5.813671588225116475e-03 2.522045788792098148e-03 3.731128063939879221e-03
-1.134705519045395294e-02 3.144844049342402498e-03 3.017591289406225570e-03 2.021939661941162848e-03 -9.040086356518942101e-03 2.748068373511201781e-03 3.545357042554340109e-03 3.485478720753158299e-03 -8.912605967549929592e-03 6.085594658502661847e-03 4.347002914832121499e-03 3.196564953211427154e-03
-1.180557999215127093e-02 4.121406242240083229e-03 2.971173209924195344e-03 1.613330246600677221e-03 -9.669365346309183665e-03 2.887509859860324345e-03 4.080268147101651782e-03 3.505077811593526865e-03 -8.598783017266147313e-03 5.933155629426224535e-03 3.813039145386143934e-03 3.577320063536022082e-03
-1.290163779450991324e-02 2.361769330655305327e-03 3.586887626180991148e-03 2.468333792828353388e-03 -9.473278738001968471e-03 1.707485062309144295e-03 3.833866536878503036e-03 4.431965511473388332e-03 -8.831095234188667334e-03 7.270708307243320921e-03 4.557210587032535336e-03 3.686718245765271702e-03
-1.153699382828440173e-02 2.229058550045552849e-03 2.933632919288898296e-03 1.856200623242395967e-03 -7.510030734549913954e-03 3.050419646678929116e-04 5.650531049135053968e-03 3.256663587215094177e-03 -8.542860807063040740e-03 5.971756577513958469e-03 3.485178311013800018e-03 4.046353188131237080e-03
-1.107034307474657857e-02 3.336608694649981655e-03 1.163119071386054838e-03 1.578714311418309485e-03 -9.885871590152838992e-03 1.902083182701209789e-03 6.461950781833121840e-03 4.699418013643229253e-03 -8.246522589497647798e-03 6.481754169346994054e-03 2.648115324702758101e-03 3.319263914452883889e-03
-1.110562066076757788e-02 2.575599080968866191e-03 1.913655577402287875e-03 3.392854887824650438e-03 -9.027708078531581151e-03 1.297829703636692441e-03 5.977800220240502178e-03 4.148256161993702645e-03 -8.367206619419004232e-03 6.466091086561612244e-03 2.388808912377259324e-03 2.588517929951490194e-03
-1.018203453938145743e-02 2.507907744447458297e-03 2.108497438575257250e-03 2.990157857459924042e-03 -9.783069116763493112e-03 9.175201307538896059e-04 3.591612209416021519e-03 4.758194553101689761e-03 -8.427961654799807564e-03 7.530204885213969378e-03 3.099114019526768692e-03 3.117685942310922682e-03
-1.177095701199360085e-02 1.927583568348244193e-03 2.488737377242373604e-03 4.898781596823004701e-03 -9.346123457032990897e-03 1.844154654623593372e-03 2.397842095706009379e-03 4.567661264096040813e-03 -7.765618401876798506e-03 4.748074970376429081e-03 3.222508777114339255e-03 5.065695742315280692e-03
-1.112783100477020802e-02 1.268580109323300250e-03 2.878791480328162563e-03 5.211050966361432772e-03 -8.798757200278591387e-03 1.481070200133804407e-03 2.009979943005437038e-03 4.004167935082196886e-03 -7.570422921674857357e-03 4.293304487263569294e-03 2.698254943725487270e-03 5.742252876757913439e-03
-1.051101749525564649e-02 9.905383984298780746e-04 2.581365104122727763e-03 5.099215380153004386e-03 -8.550612992457996830e-03 1.773168635327971427e-04 3.006112671100312061e-03 4.027039662111866689e-03 -6.915168359922797478e-03 6.039764726293536147e-03 1.503320273667748666e-03 4.481251069185545645e-03
-1.095882027331303993e-02 2.613628983593135110e-03 1.479936289584060129e-03 5.235690501297935763e-03 -7.952642287235628729e-03 1.191389228818477350e-03 3.017769834644059603e-03 3.562117166120472907e-03 -9.445644032013094868e-03 7.013888678296192024e-03 1.291333757587355456e-03 5.222776785469485615e-03
-1.171928764586173920e-02 2.268274429238369919e-03 2.188059807278352684e-03 5.265773023540606598e-03 -8.813141756639044852e-03 1.840151429241577768e-03 3.876505751679415468e-03 3.195213280384528228e-03 -8.670214405085703568e-03 7.481928225826224577e-03 8.565398498226995359e-04 4.641051759469364338e-03
-1.170085518795807925e-02 1.827583903200261355e-03 2.279272554719474504e-03 4.238197176773507262e-03 -8.786365335310028848e-03 2.769961323240373308e-03 4.413667676013061092e-03 3.984600266128271798e-03 -9.927807428207599885e-03 6.592190952220073133e-03 2.049740678251350465e-03 4.782004451711291057e-03
-1.118633175243416607e-02 2.029468880755308513e-03 6.479843410465939554e-04 4.819557708269321152e-03 -7.955648588319106165e-03 3.947411073980099452e-03 3.283677003299333499e-03 4.182218161122215963e-03 -9.292557796218523306e-03 4.901427840455427343e-03 2.527404486619077521e-03 4.294451637336955258e-03
-1.212479410429490902e-02 1.722451346858597677e-03 2.220879712662504786e-03 4.568447766534699216e-03 -7.751049013538797126e-03 2.744622878324765296e-03 3.295111828288721338e-03 5.189545513469920497e-03 -9.272581729910059703e-03 4.346334723876458216e-03 2.720579302630928877e-03 4.658559778008103738e-03
-1.048445315716683632e-02 1.516365618448196938e-03 1.555743288538806402e-03 3.474857027583998920e-03 -7.957283889966925566e-03 8.098914769432558058e-04 4.515593252456518401e-03 3.825724428755763063e-03 -8.368802885806544273e-03 5.056859920574063513e-03 2.818721678317411515e-03 5.211240862742006104e-03
-9.903527406605413044e-03 2.790960529108213722e-03 7.294631470185808679e-04 2.413665146560948875e-03 -8.360574397242078598e-03 7.542783027076845927e-04 4.493201869839692081e-03 4.329793070777001630e-03 -8.649404508946188438e-03 4.682219327687872981e-03 3.755484115632850423e-03 4.940085308405023183e-03
-1.019562076949177484e-02 2.312637244330739868e-03 1.510951458542151259e-03 2.384136152932965578e-03 -7.606256513631635963e-03 1.216715199927794096e-03 3.841593399929323950e-03 3.687889761599198388e-03 -8.170986702399584550e-03 4.099985303229871335e-03 3.107833744654531129e-03 5.639197329622481526e-03
-1.062634120741315011e-02 3.912628995283318027e-03 2.344251224836368594e-03 3.073759848723493521e-03 -1.056613513108947168e-02 2.767483792184728241e-03 3.691887715230695449e-03 3.555277664389303038e-03 -8.410016673400789317e-03 4.859174890561996502e-03 4.016473027388398412e-03 3.686105752327070717e-03
-1.096108734067268234e-02 3.004302153593105609e-03 3.096280459271801011e-03 3.394497101378747203e-03 -1.111068872515351760e-02 2.035429746290126109e-03 4.103122488420531296e-03 4.193502314448683231e-03 -8.014417989762143146e-03 5.234067114799232853e-03 3.820031102079729859e-03 3.617336511954260744e-03
-1.048922356867079166e-02 2.236293464732168855e-03 4.147435839665143502e-03 2.783733818338820359e-03 -1.020005823316191308e-02 1.008129814110079016e-03 4.874349846043699551e-03 2.651851673672815657e-03 -6.867234084793401305e-03 4.043717679099532308e-03 2.809796767931098740e-03 5.076406549162688735e-03
-9.140372151168953130e-03 1.757373524249259029e-03 4.121030709833726872e-03 2.838748309068158098e-03 -8.400421628299199056e-03 9.028296735557342573e-04 3.884131063113158665e-03 1.507263518195908931e-03 -7.924281766868601640e-03 5.064937754106384367e-03 2.102706777263702378e-03 5.046502354926357854e-03
-9.395467681049925884e-03 1.618382120870400735e-03 4.343558545713319119e-03 4.357246805911789943e-03 -1.005005577946990400e-02 1.904730563061995995e-03 4.441595837320512843e-03 7.819424233540067876e-04 -7.695019743966894157e-03 4.148899370957287620e-03 2.188584904730338752e-03 5.371340197095254669e-03
-9.854023796065347271e-03 2.798891661288152675e-03 2.738512891876002109e-03 4.000078184848399401e-03 -8.244058063379151174e-03 3.918839304629323853e-04 4.044949102229945803e-03 7.256653473706315121e-04 -7.905558056639370307e-03 5.022868380273106184e-03 3.280707047745284616e-03 4.855472588400433845e-03
-8.528582315958582044e-03 2.935436042067807606e-03 2.223780193529998738e-03 4.121625755217584938e-03 -9.179831885282641740e-03 -5.990214416696786233e-04 4.593231387090289213e-03 4.551746521638013452e-04 -7.872909439842253748e-03 5.741106137989289426e-03 4.164745412789759051e-03 3.795841243367154873e-03
-7.845193343460218904e-03 2.251565795146290468e-03 1.827063392152849554e-03 2.898360093174205329e-03 -8.382318759907098765e-03 1.604830367750925864e-03 4.349010120310823312e-03 5.618054580074829246e-04 -7.239292524943341002e-03 4.542815160029194284e-03 3.893963411601710899e-03 3.013530098781001549e-03
-8.156826123572321480e-03 1.817075779378358536e-03 2.295430992853340554e-03 3.263340718452922146e-03 -1.071688045300869807e-02 2.973834766628757290e-03 3.338946434725164475e-03 2.719999268703639055e-03 -7.246813983901593398e-03 4.789803924585015783e-03 4.204526492675842927e-03 2.539255862615084208e-03
-8.274357359370038481e-03 2.154459598709542508e-03 2.702754351443075950e-03 2.941900399473933430e-03 -1.002011246005041906e-02 3.352978320073235659e-03 3.401977284587453902e-03 1.483102224646458585e-03 -7.912692035339178448e-03 4.531496294164751026e-03 4.151295857705906457e-03 3.295671294895593639e-03
-8.252108969384729792e-03 1.603920952042085573e-03 3.316145864264389165e-03 3.599039518266309266e-03 -1.071412624029096511e-02 3.701423069335429018e-03 2.519175912673637420e-03 1.281424038531576992e-03 -9.125712599252060533e-03 4.513231429668000325e-03 5.539290851789311493e-03 4.144396335069884009e-03
-8.934762615003246852e-03 1.971581141732799570e-03 3.983162855636300688e-03 3.280414039176613502e-03 -1.037732116097425661e-02 2.880891675083929303e-03 3.687954448525882466e-03 5.804461011037439534e-04 -8.759437256235047195e-03 5.001267687476241945e-03 5.215936716408159368e-03 3.591391975252398137e-03
-9.732856296325132633e-03 3.165082869978055793e-03 5.246829884955941589e-03 3.226144469767820364e-03 -1.062964373381629357e-02 3.401092499762929482e-03 2.206909737640302526e-03 2.447900787983749247e-03 -8.967692598037962232e-03 4.588129818312904236e-03 4.617031121127413394e-03 2.704964387258097357e-03
-9.631347459057708685e-03 3.287158173857098950e-03 5.859270191124451958e-03 3.589980228386400497e-03 -1.005461730231599175e-02 4.308207646559548618e-03 6.200198078752099540e-04 3.069723534406878888e-03 -9.357063469335340222e-03 4.472110786887614590e-03 3.775150489710274622e-03 2.325180441830115505e-03
-9.223015890546344339e-03 3.608872760943892047e-03 5.878922513225971237e-03 3.716769471017102467e-03 -1.000602158491405679e-02 3.108800758088871297e-03 1.255829973809120120e-03 2.164113902959809849e-03 -8.906970313546491019e-03 5.188307689724551419e-03 2.904409563748726678e-03 2.435675527306378676e-03
-9.259857892022807860e-03 3.115609871457340405e-03 5.528225308301266787e-03 4.585252209044769073e-03 -1.020908228887386186e-02 3.673688425415167543e-03 2.129013559358779693e-03 9.310244681712542825e-04 -8.043506128300882685e-03 5.037002751761657758e-03 2.916930207053300590e-03 1.655082814177256858e-03
-9.048934232927718577e-03 3.279432606736154034e-03 5.375359337321805597e-03 4.363745134507091700e-03 -9.940512733332733386e-03 1.809602982937465144e-03 1.682779600617291711e-03 2.966628378710180636e-03 -9.274263696748701741e-03 5.108552473993878580e-03 3.191087793448091087e-03 2.615689713662339329e-03
-8.967710465063194816e-03 2.850435096537059718e-03 5.559142930736015592e-03 4.495859125823649730e-03 -1.037669287732238821e-02 2.681501480872243263e-03 1.749053036954599299e-03 2.457749971591260962e-03 -7.753396374409039435e-03 4.921476578914870184e-03 2.220055127034739357e-03 2.145852812071029087e-03
-8.821098660616132417e-03 2.875560092078425709e-03 4.695494299000027572e-03 3.608542341620786086e-03 -1.175455728624973800e-02 2.224237804368047432e-03 2.993646921863243274e-03 3.219081726210317948e-03 -8.523718483658583242e-03 5.200957675999999877e-03 3.665042579152919932e-03 2.877859576149459711e-03
-8.692392911073818992e-03 3.358864905920122372e-03 4.509243587955982097e-03 3.161022685796606013e-03 -1.140959463562345524e-02 2.059340491925742977e-03 2.933190287567871875e-03 3.064016760996317312e-03 -8.691166883700297136e-03 4.590671687601883579e-03 4.296186999623559724e-03 3.017410684640114017e-03
-8.816764944671769133e-03 3.780534724695356567e-03 3.105083200533607750e-03 3.343624634825265608e-03 -1.018800145671973530e-02 1.475235854965426668e-03 4.054525186503351621e-03 2.880096269740923132e-03 -8.206853999393796950e-03 5.093775122447138405e-03 2.813346411416746580e-03 2.619276066227566209e-03
-7.857964428814704499e-03 3.445740562186854015e-03 2.354441341850524970e-03 3.544166616207834828e-03 -1.094963870176450353e-02 2.045535276580429367e-03 2.653480278689083691e-03 3.498505947099456431e-03 -7.940188659889260356e-03 5.566375267130665820e-03 2.865991061930171519e-03 2.689972345098649419e-03
-9.613072998808260342e-03 3.512939177463338374e-03 1.438966317455389523e-03 3.365581096228235317e-03 -1.045879270727856358e-02 2.672090766641838349e-03 3.410124977211722620e-03 4.452062790606284119e-03 -8.861809812039517231e-03 4.650372643740621412e-03 3.957838994011508502e-03 3.676439147524327919e-03
-9.966757807522591897e-03 3.020562140150792520e-03 2.358766196915882893e-03 2.885939987095637125e-03 -1.000949528612678392e-02 3.518234979121551489e-03 3.268611951039894666e-03 3.425345668158385603e-03 -9.167934953472947276e-03 4.965856352416848571e-03 4.623016856754143082e-03 3.297122944582351126e-03
-8.520089010474973107e-03 3.064636569204396213e-03 2.180124121861489513e-03 2.434580507631292027e-03 -1.107385947719221990e-02 3.561774544329036462e-03 3.440895990339667282e-03 4.302103108694952174e-03 -8.105920361327755008e-03 4.026186852632797006e-03 4.096478453548550031e-03 2.621033385630213569e-03
-8.307152385070732184e-03 3.458447373631142428e-03 2.047570556314972246e-03 2.176446385020671878e-03 -1.086579218456913687e-02 3.205496639659331532e-03 4.516140185967535726e-03 3.562068495374586669e-03 -8.650274577663839837e-03 3.472187937493419977e-03 4.233103962730641080e-03 3.192195288374985885e-03
-8.670091059257166444e-03 3.665059881745380294e-03 3.037649824277669462e-03 1.354296785260663410e-03 -1.055542697120654544e-02 2.524673111734677781e-03 4.339871915560426438e-03 4.080929031443145463e-03 -8.261697545042277074e-03 2.929706881719600347e-03 3.915536137147184077e-03 3.633008307744725607e-03
-7.449163190034949547e-03 3.285759830492283960e-03 2.335004237520199588e-03 2.351509065349816595e-03 -1.012869346541524392e-02 1.711492909987584422e-03 3.605305695143576003e-03 3.906521912593581038e-03 -9.661348263222336447e-03 4.104751629445351976e-03 5.263045617140563529e-03 2.654707745776811040e-03
-7.865216755161335768e-03 2.752278946749579704e-03 2.169963054963153400e-03 1.750701473017072683e-03 -9.362174346521548451e-03 2.384692564089462962e-03 3.862180295053983629e-03 3.718461235793414036e-03 -1.061124061517062026e-02 5.473750143575280454e-03 5.060661445823344540e-03 2.750051306564630337e-03
-8.329217606985248393e-03 4.422280565409165455e-03 1.053539666765433268e-03 1.350254755692169165e-03 -8.780673414518677319e-03 2.524549132656365991e-03 2.609398221523416550e-03 1.829189965167291737e-03 -9.884097563175627335e-03 6.307913409604876988e-03 5.356693042760261522e-03 3.553267590864109086e-03
-8.994432466999126990e-03 3.252467349066012845e-03 3.156431711744112339e-03 1.293884185239845084e-03 -8.462291036753988999e-03 1.494676704270324038e-03 2.317269967598823820e-03 3.014870968278666671e-03 -8.453690393122248112e-03 3.497428099158007668e-03 4.815436733570573405e-03 4.849398439713277498e-03
-8.878576266457003166e-03 2.344791768468834289e-03 1.625510556618773141e-03 3.030406876207996595e-03 -8.711074632155292596e-03 3.466938723076355006e-03 1.849333459696456995e-03 3.324018181085304068e-03 -9.857758295897033757e-03 3.399417026853223268e-03 4.626248759753344778e-03 5.789727031234937968e-03
-8.910609414643425388e-03 2.340808476380738887e-03 2.285946681426239292e-03 2.403563780584681148e-03 -9.393306559459075125e-03 3.300875211894290732e-03 2.150541730794151059e-03 3.905660723736615377e-03 -9.248938527307494495e-03 3.417258357212441325e-03 5.315602164890233412e-03 4.431367278987189545e-03
-8.711200129407290979e-03 2.882173934833389978e-03 1.614178338440913282e-03 2.170858138155808310e-03 -9.658826269234824236e-03 2.837129679029717737e-03 1.872738036653019689e-03 4.664130301227826375e-03 -9.327437427730417979e-03 4.006901238057780298e-03 5.096682748321986790e-03 4.596196812071352313e-03
-8.232565781427711449e-03 4.151679489957925927e-03 1.730858202941149828e-03 1.900036378921471586e-03 -9.573290440865151602e-03 2.891318162448394073e-03 3.170126147795701566e-03 2.317109373625854570e-03 -8.466464698581040171e-03 3.770172171063419959e-03 3.513683571820745352e-03 4.640303836825741650e-03
-7.926503113940870301e-03 3.043236589767925847e-03 2.868553462588263516e-03 3.476075293290615230e-03 -1.004417040325611236e-02 3.410029709792989326e-03 3.177511450256899090e-03 1.983332744848689648e-03 -8.479236403155631513e-03 3.141296679798947621e-03 1.908695698469277174e-03 5.286030954930073106e-03
-7.771799835816906379e-03 3.155384407996423331e-03 2.468605816205441793e-03 3.367036901938162078e-03 -9.755828475314407000e-03 3.334865213771108679e-03 4.363993897923914948e-03 1.927051413678705595e-03 -9.325492678947364805e-03 2.609810857482992765e-03 2.804146816533277173e-03 4.715469605150353349e-03
-9.073883220483911979e-03 3.397638302063068268e-03 2.594392593507519659e-03 3.590800175896720261e-03 -1.028391168188346090e-02 3.597572502261388999e-03 4.592105685177747844e-03 2.086752482439901274e-03 -9.864782631216194655e-03 3.460125140014584221e-03 3.170089100954785397e-03 4.971352174664505144e-03
-8.171390927045468766e-03 3.457086234732183617e-03 2.437507378261610617e-03 2.715352984129983972e-03 -1.070876806583872035e-02 4.596880112591327991e-03 3.386194909906845105e-03 2.718141960807759182e-03 -9.507764721876052136e-03 4.517541520367263953e-03 2.565793862918168151e-03 4.116398512880103250e-03
-8.918503508760581774e-03 2.769704804929518441e-03 3.440455436666324442e-03 2.512346327597796917e-03 -1.033077027839270773e-02 3.893941363142030057e-03 3.948155000370620268e-03 2.519967798973748400e-03 -8.515164956052072992e-03 4.266670325127400881e-03 2.446305892517428200e-03 3.980272937373769727e-03
-8.660949636859592224e-03 3.005110635996296933e-03 2.107129111518363240e-03 3.347939433843389895e-03 -9.377809046991062922e-03 3.374250246576145432e-03 3.171808595017888179e-03 2.812414021577909658e-03 -1.000688649278162930e-02 4.702214500807429080e-03 3.209676835453920737e-03 4.366484397229348710e-03
-8.770925939251142736e-03 2.595838970668636232e-03 3.828307379562631303e-03 2.630916159595673119e-03 -1.049778302333442478e-02 3.240020741252839630e-03 2.395330096495559575e-03 3.262035542906115831e-03 -9.102202056763859447e-03 3.844262421198783083e-03 3.837455010798086850e-03 4.842757835600799109e-03
-8.183583427164305146e-03 2.260999332612700918e-03 4.726288149218182445e-03 1.420525743760094918e-03 -9.895883132389825948e-03 4.224146223123846459e-03 2.531920404809057806e-03 2.497133546806213494e-03 -9.455889266598783288e-03 4.007083124176954135e-03 4.272539695133242311e-03 3.603377314013023972e-03
-8.798979110011224264e-03 2.993870537125550239e-03 3.601275587492273281e-03 2.953541507008273538e-03 -1.019971317936778712e-02 3.672463619706434115e-03 2.570822647195748333e-03 2.843831975457554798e-03 -8.842359675891621473e-03 4.257719429873110285e-03 3.129032909009421895e-03 3.829010834334228754e-03
-9.523575670731603340e-03 3.517138743956580750e-03 3.705768778765189831e-03 3.110449331887257200e-03 -9.779521920890434442e-03 4.022785475999600922e-03 1.919137124316290998e-03 2.723909712436597616e-03 -9.123205647139944613e-03 4.743106184861187527e-03 2.928813170290095556e-03 3.862704308472440957e-03
-9.591890174089217486e-03 2.345002159680815990e-03 3.803301381932690153e-03 4.209230340015541333e-03 -1.002258385261015072e-02 4.048427560716352097e-03 1.530132049960358136e-03 2.698546019319261486e-03 -8.536446500247025712e-03 4.389675842383223073e-03 3.250421929265795689e-03 3.959801871746073537e-03
-8.463728919301779022e-03 1.755179005210952053e-03 3.975006387170109019e-03 3.421128607649846082e-03 -1.054237169756921597e-02 3.601041219643888718e-03 3.446434503359079634e-03 1.759766632076689447e-03 -8.507713931897394402e-03 3.365769653512946675e-03 3.701782059071172248e-03 4.483998970951628450e-03
-8.742957436246428723e-03 3.465545310782141338e-03 3.252567410870630532e-03 3.770190950173868492e-03 -1.035537969193529514e-02 3.493544932893793368e-03 3.109183856429212876e-03 1.094362406109536607e-03 -9.370691296881910118e-03 3.397091933352013818e-03 3.977841312230660786e-03 5.046673636443745579e-03
-9.584987352640640321e-03 1.659112160012275045e-03 3.903499630959508544e-03 2.382443091391149136e-03 -1.008551649966883679e-02 4.398328447426026744e-03 2.947358943036632907e-03 1.759359513635507443e-03 -1.006032906410554012e-02 5.078136404110093066e-03 4.705347286481384103e-03 5.262545977595445984e-03
-9.770746562026680695e-03 1.999425129015729944e-03 3.937514426419869498e-03 3.468775397094989599e-03 -1.036047639261394523e-02 3.145709098863712361e-03 2.746859958751091471e-03 1.147589855506296738e-03 -9.026751616989386190e-03 4.586421426776052246e-03 6.150476230211999844e-03 4.262459216063583384e-03
-9.825199798374881568e-03 2.253163989586694140e-03 2.351351600272737555e-03 4.469206664380264218e-03 -1.067530698332501762e-02 5.301791867263244869e-03 2.810630831397960185e-03 3.467383241743811047e-04 -8.643562316361716805e-03 4.927456141501610973e-03 4.865664041502209235e-03 4.134476192381142043e-03
-9.297112259588367900e-03 3.408385205406870219e-03 3.035990971221991849e-03 3.467498082622591342e-03 -9.960415485711979558e-03 3.789076820779248983e-03 3.557088585812359476e-03 1.194557837768997602e-04 -9.581603001750645804e-03 4.804328080668831928e-03 4.327985782851652766e-03 4.551876211871212254e-03
-8.926164197702337461e-03 2.052117525679029390e-03 3.461442620500796916e-03 2.505710465829408002e-03 -9.348651174982529691e-03 3.935310743431321735e-03 3.928404098731130833e-03 8.894720266185645414e-04 -8.644068185494124812e-03 3.840128735358533992e-03 3.585763224782701191e-03 4.634590639963671529e-03
-8.328436293208851121e-03 2.647772609458141132e-03 2.352841588397352589e-03 2.272324700217116539e-03 -8.941786236804014076e-03 3.110275508464571681e-03 4.626256508641508718e-03 1.680374132171638321e-03 -9.045454793421401143e-03 3.101328372030964613e-03 4.528014688953320953e-03 3.811989235422075500e-03
-9.749792452800106618e-03 3.189943162073718367e-03 2.977158338939738403e-03 1.709721753921296036e-03 -9.274331357809433365e-03 2.543913508215599022e-03 4.293312025141813627e-03 1.928922610826857209e-03 -8.365577655483315972e-03 3.082201330241784564e-03 5.372148476916006020e-03 4.281360560016146850e-03
-9.997145571146523121e-03 2.912189982534411394e-03 2.870674666712313538e-03 1.822771757190941831e-03 -9.797021673581650034e-03 2.874668815480843371e-03 4.743848971927616676e-03 1.793528489339046676e-03 -9.404705961753582338e-03 3.500090980244918194e-03 5.676233605201651961e-03 5.287746909866802847e-03
-1.080747604415782832e-02 2.383550312999630025e-03 2.498800722270712229e-03 3.167464890126594438e-03 -1.020277941108266480e-02 2.635450578098735234e-03 4.377337494835356092e-03 2.053000489800530133e-03 -8.644144258781256279e-03 5.481854833014882314e-03 3.767159688159584831e-03 5.650795088875811348e-03
-1.148239137916278255e-02 2.396653141205888887e-03 3.393140367874846689e-03 2.956468457867296017e-03 -9.700432828951159603e-03 2.882342926047553287e-03 4.499650777357347767e-03 1.137050927537478807e-03 -7.614214151412223262e-03 4.469077844305524051e-03 3.684374637104403764e-03 5.635669684385954427e-03
-1.114607027713740428e-02 3.830325676276911950e-03 1.946320665328416790e-03 3.288099849332972065e-03 -9.741226541955125273e-03 3.662288702490897573e-03 4.792569733434019243e-03 2.106991394740285930e-03 -8.760989141802408633e-03 4.418672215032073101e-03 2.356886511103699171e-03 5.599459129447864961e-03
-9.112298497065367611e-03 4.100290529419172922e-03 2.352150114109653484e-03 4.183171278755922276e-03 -1.045048446613870002e-02 5.354522184184825825e-03 2.463212981122849411e-03 3.041277750845852723e-03 -1.042061012356891234e-02 5.295667491268749201e-03 8.129097615471012105e-04 4.808652155823930213e-03
-8.625697767509264355e-03 5.188518420367902416e-03 1.282640141177220344e-03 3.646079972156270402e-03 -1.041424571636472875e-02 4.486040848532098918e-03 3.436480718204937366e-03 2.874110375277191300e-03 -1.027863588316964977e-02 4.845900114857497852e-03 5.937112240587282984e-04 5.312963412144908887e-03
-7.833238196275642620e-03 5.512788524210954395e-03 6.141646571119379391e-04 3.628681012735464513e-03 -9.697502816140166071e-03 4.350229034824191869e-03 2.651661283312265176e-03 2.647877576538941458e-03 -1.006091899980836833e-02 2.963056544355604366e-03 2.243014077670691265e-03 5.048321132789791027e-03
-8.799551358099729631e-03 5.001911023053706024e-03 1.072693270563633561e-03 2.945005216987579486e-03 -9.579982005908415157e-03 3.217622749123044690e-03 2.952394025625580329e-03 2.705846844107087212e-03 -8.862852600908764644e-03 4.178034663022688576e-03 2.999363076085655687e-03 4.125999822929175311e-03
-1.016585719816031838e-02 4.622011084764838032e-03 1.429648165152845986e-03 2.040885827254144188e-03 -9.881822803936657004e-03 3.993412666927845418e-03 3.939491334814332335e-03 3.367684898271181525e-03 -9.131968182812342377e-03 3.120442311968032317e-03 3.796554294988332100e-03 5.124591075249447687e-03
