# ex_work for 12 qbits with connectivity c6 and unitary DM 23414893062976
-8.680106917424235125e-02 1.348041174442052847e-01 1.348041174442052847e-01 1.348041174442052847e-01 -8.680111343724494777e-02 1.348041324481576153e-01 1.348041324481576153e-01 1.348041324481576153e-01 -8.680106917424235125e-02 1.348041324481576431e-01 1.348041324481576431e-01 1.348041324481576431e-01
-8.159921340040041104e-02 6.343924473392584251e-02 4.557707707879230657e-02 4.181292148752093624e-02 -6.172860550584410855e-02 4.181293361311056583e-02 4.710613298654551390e-02 5.130912516121245021e-02 -6.172864620273259967e-02 6.758719568064318339e-02 4.710614519814872864e-02 5.130912516121256123e-02
-6.390471277388765081e-02 3.281370935010888279e-02 2.895508664043090416e-02 2.761947709605287044e-02 -5.655621875404579640e-02 4.706804152659815194e-02 1.555513790826019288e-02 4.011140199353612629e-02 -5.157615965570124666e-02 4.682371433322732313e-02 2.629093610496669592e-02 4.567724826313472597e-02
-5.403561242606808035e-02 2.675037736575577169e-02 1.201427820627390224e-02 2.731230662446781574e-02 -4.860486763089698348e-02 3.117370954611809256e-02 2.437359587004308062e-02 2.433805886314548486e-02 -5.042994581722104463e-02 3.558679825355428455e-02 2.919607187589766048e-02 3.961475010342415531e-02
-3.603953778436247424e-02 3.272405548948523896e-02 1.850309138938321420e-03 3.480178577183083016e-02 -3.658930802850579589e-02 1.306694956559888675e-02 1.588171522748239861e-02 1.830557302311956042e-02 -3.988164964891636327e-02 2.432155577316933576e-02 -8.291741486356517601e-03 3.138664436548923437e-02
-3.276618208498471158e-02 3.084725437520375105e-02 2.536509193176993658e-03 2.847926475384717632e-02 -3.930764795121696048e-02 1.476565014077618233e-02 1.710217414226475677e-02 1.596120243230261804e-02 -3.046104532072462304e-02 1.238047440437959473e-02 3.834978919729601678e-03 1.492337611133432058e-02
-1.761144102816579807e-02 2.469975459214245050e-02 1.377765990043220042e-02 2.434850848716053895e-02 -3.191555713210244422e-02 2.512384585355778707e-04 9.299562315604255336e-03 1.204562884652531736e-03 -3.311216330644778383e-02 2.089409376575747726e-02 -3.774507133365476944e-04 1.489916754051238447e-02
-1.659504522720615244e-02 8.675394445341882629e-03 1.015047671082292685e-02 1.734831685917871333e-02 -2.856003878886125349e-02 5.687058875750212843e-03 7.305091101844972228e-03 5.304038407229353172e-03 -2.694684490162724613e-02 2.203201212306333742e-02 -2.021416194617729322e-03 1.579515423673529678e-02
-1.476601846128030096e-02 4.465571601262660964e-03 1.285757557620243775e-02 1.660413065277174111e-02 -2.723655715398977384e-02 8.156238549201532892e-03 4.935839173923622925e-03 3.427608222936499079e-03 -2.787910724349928343e-02 1.774112774486600805e-02 1.268402847531780288e-03 1.737174255868447967e-02
-1.019644474295432202e-02 1.364361572248327199e-03 9.129924595523208203e-03 1.888397043050647067e-02 -2.122781595558722451e-02 -3.756208173855930116e-03 6.169757168134917119e-03 2.407270703965083258e-03 -2.081557561061164047e-02 1.299882327145853757e-02 -2.767099738222373716e-03 1.892557340662349638e-02
-1.195841976695137705e-02 2.433859516207473924e-03 8.682473414187576177e-03 1.511755901930592581e-02 -1.902440685827747752e-02 -1.479030453992125028e-03 6.538330896831572731e-03 2.883375599356615207e-03 -1.931777822383353230e-02 9.225771962955663791e-03 -5.065852275527164860e-05 1.571254237390742534e-02
-1.142935133806126033e-02 6.488058520178412170e-03 9.805957851572412107e-03 1.293130790643160638e-02 -1.862794086358585816e-02 1.126988744370021342e-03 5.138095170970863844e-03 2.865021667794094475e-03 -1.635786532817093755e-02 5.726046682006961583e-03 -2.705009438297391517e-04 9.403355887101193245e-03
-1.094450364166485445e-02 8.333703587738015839e-03 6.165836114117375331e-03 8.773488679648097643e-03 -2.063590975283946874e-02 -2.303620310149142626e-03 6.122292220805608705e-03 6.867931399155016194e-03 -1.486819034491180906e-02 6.627034601931027120e-03 3.205774460976717945e-03 9.411020059512094013e-03
-1.142586989422567957e-02 7.126490065334419380e-03 6.944040759565819378e-03 9.646815723557666464e-03 -1.916395617976449084e-02 2.804724073074846280e-03 7.895580584785243800e-03 4.692883051467244002e-04 -1.472233734539626741e-02 6.091408200144488201e-03 5.945285775910944025e-04 1.005642443285877444e-02
-1.500469569270527700e-02 7.102710448740010354e-03 6.593160262762281371e-03 9.139920473226962119e-03 -1.685403568172506167e-02 2.161830020884657720e-03 6.003671758801248752e-03 2.408515331335542298e-03 -1.494978160339601771e-02 6.967744013869483360e-03 2.428956027225178619e-03 1.032654736020171583e-02
-1.190283368035964344e-02 1.306840444237511879e-03 5.048286020648172327e-03 1.092234354536139943e-02 -1.524106838205600660e-02 1.879923380608340341e-03 3.151902381835234700e-03 4.793926402724916352e-03 -1.314724801566772780e-02 5.187056327352938812e-03 4.936022232001492649e-03 7.779672463145155537e-03
-1.095362982816523376e-02 6.592901163412960650e-04 5.129200057975822485e-03 9.789744609256099961e-03 -1.399922011005315381e-02 2.974692075779055474e-03 -4.084522557031557643e-04 7.637109829927476133e-03 -1.306551684461795641e-02 5.103280099682140115e-03 5.447146560006385814e-03 5.968497696351481377e-03
-1.202775053966367337e-02 1.931945426209783845e-03 6.194128397984641037e-03 8.343804743677305305e-03 -1.324171784206268528e-02 3.254233371956352476e-03 6.503648371174657961e-04 7.208422170816146737e-03 -1.341713487913424180e-02 5.841554283667651538e-03 2.993150763109628416e-03 6.526964108199728373e-03
-1.106401171067665327e-02 4.981957096456925312e-03 4.357823847878390146e-03 7.221053677260847944e-03 -1.416722716511505283e-02 4.228218667694426391e-03 1.358056329619009885e-03 6.168930779405457261e-03 -1.355330023984598238e-02 6.336894757042429646e-03 4.403391413006997948e-03 3.872137652619268410e-03
-1.132418136140229091e-02 5.180194246341182640e-03 2.722776538741769614e-03 8.951193647918496282e-03 -1.247031831477344622e-02 2.774167944671405029e-03 3.329320888560223968e-04 6.823253457610136026e-03 -1.396253801654312975e-02 6.485367446339937794e-03 3.611547156282854387e-03 4.943469094719894069e-03
-7.950349800155298574e-03 4.501419599149761482e-03 1.165426833156025079e-03 8.210197287312816575e-03 -1.001075348888413354e-02 1.272951984331672408e-03 -2.332049428830736864e-04 5.454089311604071177e-03 -1.332912026076902602e-02 6.008362705724948696e-03 2.686875947939801335e-03 5.176708852684354031e-03
-1.147715942063139323e-02 2.792813933902378934e-03 2.368706269820877383e-03 8.308944850057632323e-03 -7.630441834544160300e-03 2.079069909308634695e-03 1.286544262433261083e-04 5.360369575785193207e-03 -1.425800969287959602e-02 7.707617627862638557e-03 3.155258221214568993e-03 4.821357001286864785e-03
-1.097676235804082544e-02 2.130083871363114539e-03 2.996646659699996832e-03 8.094052912656709772e-03 -8.130480451962792537e-03 1.191000416990079186e-03 7.694665585398941399e-04 5.252049102026601531e-03 -1.383062167489093434e-02 7.808355901020326388e-03 3.481236971533806061e-03 4.442429479848291653e-03
-1.035378421574927044e-02 3.530495504713651762e-03 3.258820965473910401e-03 8.079683169925746047e-03 -8.715120937371671414e-03 1.032509614757023096e-03 7.335153555705026338e-04 6.722792829213794855e-03 -1.394212771500175259e-02 6.611472835082946552e-03 3.047579570207452349e-03 3.204446771831447830e-03
-9.371102273506230762e-03 3.229224102438174853e-03 4.353427380027934460e-03 7.048065743381272397e-03 -1.018637407156052464e-02 1.229454959983186744e-03 1.938960274423217646e-03 6.272448978837305393e-03 -1.238000370618384284e-02 4.885896537918800464e-03 3.756332099275164725e-03 2.069001949200495981e-03
-8.089459530070402735e-03 2.651231010758952310e-03 4.243810695083324869e-03 6.251486427028085310e-03 -9.201305472875311725e-03 1.446148776177457341e-03 2.467932424715064705e-03 4.340821010447604503e-03 -1.140732394690550239e-02 3.485453400262292396e-03 4.073234961917376711e-03 1.985855095018382831e-03
-9.846808738897908433e-03 1.317056549822518720e-03 2.202451500583234821e-03 6.502923119169062502e-03 -9.511269915089886826e-03 3.072073226271056830e-03 2.663062541319398055e-03 2.957917866303421371e-03 -1.050455268543092416e-02 3.366543669744492991e-03 4.859699791600475584e-03 5.339586693796810266e-03
-9.501870295763711199e-03 3.184374794518613893e-03 5.356721160954683661e-04 5.984399983959603521e-03 -1.070881836648047633e-02 3.868532813891067436e-03 1.913512672187099193e-03 4.233811651332849285e-03 -1.090513056148724805e-02 3.102487391886485195e-03 5.634449212468807880e-03 5.308767338328716431e-03
-9.577602252425373303e-03 1.684201056826231408e-03 1.552969363353641627e-03 6.599763724435303222e-03 -1.084470273633678268e-02 3.300458548305637476e-03 2.234023810973812755e-03 4.674771660071755375e-03 -1.196983584272511697e-02 4.629459006576956692e-03 4.683880107607236130e-03 5.918965357832113756e-03
-9.043076620198294349e-03 1.848415497357795527e-03 1.687570092743495825e-03 5.930993480802254636e-03 -1.120533133414228048e-02 2.797957974768595923e-03 2.833357118151435140e-03 5.326288022611576876e-03 -1.317183482636271295e-02 4.779734503183774054e-03 4.363417116452088934e-03 6.968153667866525472e-03
-9.460683936465515489e-03 2.506640019628869360e-03 2.181209108883762609e-03 5.188592081070498088e-03 -1.106673963364941844e-02 2.188169099874983075e-03 3.239577738685359837e-03 5.365622523040612137e-03 -1.270480251796454393e-02 4.432917440655382603e-03 4.225367052684123395e-03 6.929879265733700569e-03
-7.489041801692393995e-03 1.941012378498687243e-03 2.132119480052056294e-03 4.554928837092736028e-03 -1.012669011233252765e-02 4.072323779976663206e-03 6.465544466680680146e-04 4.330458411573253480e-03 -1.080323266760758669e-02 4.171353322279526023e-03 2.647145138356096598e-03 6.159015462446408747e-03
-6.904356285781142188e-03 1.841256414485188458e-03 2.626527544114885555e-03 4.038369948082275000e-03 -1.014876263056976348e-02 4.208494798504148343e-03 -4.849481770154369961e-04 4.984167408480131949e-03 -1.030349028543669360e-02 3.166969179106326505e-03 2.958829262106596903e-03 6.137731388456910304e-03
-7.639947941806630310e-03 2.053330415985974745e-03 3.180497107795086454e-04 4.202656581603983650e-03 -9.300054871891621708e-03 3.751060616272461953e-03 7.397955542792844855e-04 5.340744285818376479e-03 -9.849882869896773446e-03 3.973546952000716649e-03 2.558067130441690675e-03 5.862323655030248805e-03
-8.196512078838008586e-03 1.409975439841933001e-03 1.289885973743378628e-03 4.446327849748563966e-03 -8.382530954555647215e-03 4.394640410536479816e-03 7.987351404264002872e-04 3.657192252463563158e-03 -1.001314538301997271e-02 4.091411898084884764e-03 1.924241502072767404e-03 6.555656445843638901e-03
-8.648821168252933400e-03 3.050036430515976494e-03 1.802167647631514741e-03 3.655534781837007242e-03 -8.998467307624633676e-03 3.897464759299723580e-03 1.913753214732421756e-03 3.351118033070677859e-03 -1.039723337039863069e-02 3.970457073108535871e-03 2.342441574637873971e-03 6.167004317239855281e-03
-7.684372974152146180e-03 2.925866989543629820e-03 1.582951218884673166e-03 2.966656617650704694e-03 -1.000745949959345668e-02 3.499663724624414371e-03 2.275292142578661057e-03 4.433778624832249507e-03 -9.418857247993444454e-03 3.918776783835562112e-03 1.105421787896768105e-03 6.410272011596482300e-03
-9.359231103284524136e-03 2.832997768604629887e-03 2.177209697363147525e-03 2.885850974996022854e-03 -9.467818552058016729e-03 3.688309890831467912e-03 2.024592386634415427e-03 5.804406404217848231e-03 -1.122919717586945941e-02 5.431094431020623732e-03 2.885570196864013000e-03 4.755766711816192607e-03
-9.549044695599190682e-03 2.232833448790337832e-03 2.952312016433310347e-03 3.150865737179454722e-03 -1.004547364462942197e-02 5.436856780307458732e-03 2.103419024861292314e-03 5.066340745023116890e-03 -1.205619471938954891e-02 4.986440159928235555e-03 3.998811422969942610e-03 4.411462123316481701e-03
-1.158868443889414512e-02 3.755739266369535062e-03 2.902066865327523632e-03 3.497274842298824307e-03 -9.296073415140757024e-03 5.461414160104944432e-03 3.305341631226537454e-03 5.349764809313995936e-03 -1.364807790084903751e-02 5.429230468398358461e-03 3.757121601249212295e-03 4.300688670342163282e-03
-1.128999195261487856e-02 3.584807853126710953e-03 2.827779304490460072e-03 3.389777113266421484e-03 -9.631079427225309672e-03 5.014241093698950519e-03 4.221980429938361132e-03 5.197366731317061735e-03 -1.295126659493159652e-02 5.084970442320569349e-03 3.552247233018360813e-03 4.062460413067659447e-03
-1.147414381209975985e-02 3.852808130998120004e-03 2.718053886038703567e-03 3.368592147318329091e-03 -8.853430748890674107e-03 3.863113694331626533e-03 4.488523467485449128e-03 4.342438212898564777e-03 -1.191308521232724987e-02 2.795829939986107723e-03 4.759191557398389019e-03 4.816855765979459643e-03
-1.019004969859599666e-02 3.430941768461142228e-03 1.395211915531526393e-03 3.771232460406535609e-03 -8.006904984271125125e-03 4.431341411610387367e-03 2.854818940871584488e-03 4.534577771738220776e-03 -1.383492742765355180e-02 4.398106349423419603e-03 5.400126535801326802e-03 4.659228627807320521e-03
-8.973886899763026601e-03 2.704842291671595567e-03 1.585108070570730903e-03 4.567952875196281022e-03 -7.627174265010134950e-03 5.406289881207414216e-03 1.846390679621839762e-03 4.827718911715770528e-03 -1.363502739308447564e-02 4.937471277003661896e-03 3.861484380012182843e-03 3.079207864218052194e-03
-9.536945202209172814e-03 2.616627257130913625e-03 2.806421049819201631e-03 4.840273795710873898e-03 -7.987596850225445189e-03 4.936299397241251941e-03 1.149697886823179650e-03 4.028829016970699416e-03 -1.227958003803510979e-02 5.604187850528466290e-03 2.699995227845282311e-03 3.561472363263702093e-03
-1.064509966418801350e-02 5.289591133092374532e-03 3.556038837628389473e-03 5.248755374994562226e-03 -7.913571193511248145e-03 4.293468697022042452e-03 2.755352486099627973e-03 3.438489347857034278e-03 -1.258533284426020284e-02 6.644767343100869104e-03 1.256681675709526253e-03 1.385096657144606032e-03
-1.067938941125645864e-02 4.646201428501402740e-03 4.396569508448561377e-03 4.603010224502075177e-03 -7.640378480197735495e-03 4.454946314346789477e-03 2.271293298223794801e-03 4.342148487819156265e-03 -1.125290230936204852e-02 5.307481599168759057e-03 8.104269748727205768e-04 1.164283901573809430e-03
-1.029735589805347989e-02 4.822572608544348390e-03 4.544843485282272499e-03 4.700421070175367887e-03 -7.773063851517710704e-03 4.076573144727381123e-03 2.074990679275756384e-03 4.897150982607375094e-03 -1.174563375504879444e-02 4.703838953040683814e-03 9.288738790612384964e-04 1.523246662987238261e-03
-1.048235567090933032e-02 3.311334773720703371e-03 4.144037614043887506e-03 5.739088632816938436e-03 -8.012436774284203977e-03 3.677921218064500279e-03 3.056083924483431885e-03 5.048858568938967804e-03 -1.115261768028756074e-02 4.811547554524055366e-03 1.285515593061720488e-03 9.871239871680919688e-04
-9.512477814813883117e-03 2.741592007234212522e-03 3.608224160461335778e-03 4.942612836680904988e-03 -7.802458651447521758e-03 4.976117083130904457e-03 1.782392593873506192e-03 5.186667765730151869e-03 -8.678356304713488734e-03 3.466902076306437736e-03 1.024751681759677752e-03 1.387874926599162511e-04
-8.500637861239048951e-03 8.605947390258187387e-05 4.093876185536707291e-03 5.034573252925690461e-03 -8.391066745361150381e-03 4.045286188227375027e-03 2.074422013135395360e-03 4.590693343264206847e-03 -7.411412984237960265e-03 2.717475087468198495e-03 1.171372105635384072e-03 2.112971275434612564e-03
-8.540667976663664923e-03 -6.779542769716985409e-04 3.442269032503637773e-03 4.908607564837010225e-03 -8.568972760355104620e-03 4.220081312135895782e-03 1.384280823246857072e-03 5.577002983895290068e-03 -7.415576939894676090e-03 3.258055499296576892e-03 3.095664630030421204e-03 1.021453426030010173e-03
-9.060729554594068591e-03 1.151530399147355658e-04 4.024806687974050688e-03 3.970573362042824350e-03 -9.060729554594068591e-03 5.805720276304272322e-03 3.088726863830761667e-03 4.379904486740069693e-03 -7.992252974101225066e-03 2.444495042291831583e-03 2.541201330982076692e-03 1.607916527506231654e-03
-7.990137857720598993e-03 5.338669178798602540e-04 2.323363348143496834e-03 1.844205705774242888e-03 -8.093564071314715558e-03 4.529366526970153226e-03 3.603179289837561694e-03 4.852147501042889700e-03 -7.900028534341673250e-03 3.740611730156035483e-03 2.784101590830682753e-03 1.323986782335261764e-03
-8.017143253450367477e-03 2.503221106883469875e-03 4.084512630290758166e-03 7.969782717927114367e-04 -8.154928796409225550e-03 4.916714224567568514e-03 3.745941746059602579e-03 4.630552316497268082e-03 -1.038074863542484162e-02 2.722300327742452081e-03 2.677678109460982555e-03 2.372105666070054800e-03
-7.191550523363609074e-03 1.963785897889179684e-03 3.005724707008201532e-03 1.527708587540113584e-03 -8.730432929970445913e-03 5.371698056776210740e-03 4.465636412190057518e-03 4.047956014548243810e-03 -1.001867537292720940e-02 2.508425237581815657e-03 1.785755026391070734e-03 3.080108572514269737e-03
-7.051255837563772874e-03 1.608820948850523931e-03 2.080421421489737476e-03 1.215298373172403858e-03 -8.371695788251110396e-03 5.980879336684728417e-03 4.412847075542555841e-03 4.256338606356679412e-03 -1.024140656871057667e-02 3.032690032868207933e-03 1.831429652161956686e-03 3.062616454956602115e-03
-7.625593698209717428e-03 2.787444060991912508e-03 2.068057726933520205e-03 9.511190239712794415e-04 -7.262839906940073489e-03 6.527131338300196269e-03 3.983771789533961313e-03 4.133478672318342817e-03 -1.096370337695581725e-02 2.142603802995130761e-03 1.749339534351897728e-03 3.385219268192120930e-03
-8.175267463222871470e-03 3.269611983024603950e-03 7.605796445261646952e-04 2.356569004744199156e-03 -7.724846644640279147e-03 5.990828573751033788e-03 5.078495467246260490e-03 4.061022173078397170e-03 -1.014417359074670268e-02 2.541488675265636977e-03 4.895289755117846657e-04 3.388802120484259509e-03
-7.659954650574077317e-03 2.992386889314506242e-03 1.063106755197527854e-03 1.756729708724805248e-03 -7.084301772974495488e-03 6.262049390112989222e-03 4.236572721860066594e-03 3.924989416007783165e-03 -1.011831013679655514e-02 2.281423506559737170e-03 9.285744276329579517e-04 3.144705883063006208e-03
-8.320724891496284609e-03 2.346968049427400598e-03 1.123413719945043658e-03 2.489246541070533943e-03 -8.367242230625781055e-03 5.857978150890213315e-03 4.724912904811026833e-03 4.609534161211501814e-03 -1.085818470245075371e-02 3.615394505515428202e-03 7.312758693598542682e-04 4.147255451439264308e-03
-9.822117684059614509e-03 2.832633012155730615e-03 1.602399699942305949e-03 2.082883543499555040e-03 -7.949158421170462660e-03 6.479969065668832705e-03 5.227148584479619255e-03 3.098313579382857338e-03 -1.038707723744750587e-02 3.554409013009258728e-03 1.309883982056335092e-03 4.149662194697126619e-03
-1.071717339100907232e-02 3.427270257181272428e-03 1.811935276049421797e-03 3.243322069777283215e-03 -7.682070560013675234e-03 4.999496421679248785e-03 4.443910252204050747e-03 3.750824374259297423e-03 -9.828826467976876577e-03 2.741834633374201895e-03 1.458090851426228777e-03 4.492476464571271665e-03
-9.750118316509131730e-03 4.150459683317508051e-03 2.307021195034315766e-03 2.204899448541529621e-03 -8.591084670567673137e-03 4.524370055231855328e-03 3.872574693282617667e-03 2.481006211453827114e-03 -1.027243600191467439e-02 3.853827275793273409e-03 2.470030445933747622e-03 4.911633702694741255e-03
-9.168541315365636921e-03 3.396228976736647559e-03 2.595850760335325323e-03 1.970464437882193075e-03 -7.266224689635500562e-03 4.029583866680936863e-03 2.681952153698953772e-03 2.689338431999748792e-03 -9.513373569295845156e-03 3.850581683588964136e-03 3.373705445905050143e-03 3.116740958333186467e-03
-9.862109319183350736e-03 2.851677261066008599e-03 3.878881657862425815e-03 2.707838827549609306e-03 -7.444834458462248200e-03 3.771636539759282061e-03 1.826275220140701058e-03 2.464484516420109225e-03 -8.993297270072277833e-03 3.874916315645629810e-03 2.859395137428249589e-03 3.876436575544989303e-03
-1.069847841673699125e-02 1.805746784734578751e-03 4.060773930863649343e-03 2.116842449302031633e-03 -7.772525785935118815e-03 4.906293602491194027e-03 2.383530442022244351e-03 2.628685753450191523e-03 -9.124731597985574760e-03 3.784277584524547641e-03 3.174696532964631484e-03 4.771403295081412012e-03
-1.070727591967326857e-02 2.236544266368101219e-03 4.345039742383217593e-03 2.168847466099434011e-03 -8.010337186144363131e-03 4.291704288051952434e-03 2.072316147798806008e-03 2.801248523832119714e-03 -9.326762940402280946e-03 3.678257173546366395e-03 3.074328295375061953e-03 5.478201343079130460e-03
-9.722512468152307713e-03 2.973057284152388988e-03 4.492474128783566049e-03 2.537746471900173030e-03 -9.033341326725201001e-03 4.444548813271295348e-03 1.878955244555566631e-03 2.323793129485970770e-03 -8.244070674119304692e-03 3.133461140607546151e-03 4.254856940575933548e-03 2.873843341047895711e-03
-1.011141291457493506e-02 2.645775273250400121e-03 3.570001570751735534e-03 2.808834168088164985e-03 -8.791058991588576038e-03 4.938507931867099077e-03 3.452732524472825436e-03 2.018938951992752494e-03 -9.057079726606322850e-03 2.511808995246669288e-03 4.183952222998191424e-03 3.878236865052173306e-03
-1.070279022888960020e-02 3.526544626582742668e-03 4.832922844679906661e-03 1.290639764957483967e-03 -8.187786855611538933e-03 4.224455977642148884e-03 3.224968710769654870e-03 2.306571956808684248e-03 -8.385812422581503944e-03 2.542250241180217529e-03 3.455043898829128837e-03 3.853695744700860737e-03
-1.088162790002708720e-02 3.440334564440085136e-03 3.595165670373327155e-03 2.836885111885568012e-03 -9.157819178786634137e-03 5.491303525464595776e-03 2.975834735644533255e-03 2.363700765195399060e-03 -8.801724877953163648e-03 2.470185622799805393e-03 3.500159440000469302e-03 4.365575462909099952e-03
-1.043650462025990690e-02 3.276189670397436013e-03 4.616005989887738900e-03 2.696552349906193927e-03 -9.045130021500027637e-03 4.622598946864181144e-03 3.901430791194553452e-03 2.589653150401520585e-03 -1.006243794248059750e-02 2.943334967857554225e-03 3.767773567015967467e-03 3.412403842723833909e-03
-1.015909101764430646e-02 2.836215564398582994e-03 3.652269088552239848e-03 2.709172881271865087e-03 -9.349960981513538022e-03 4.183202642217280671e-03 4.914943087375534501e-03 2.974368445847932162e-03 -9.939646203236222888e-03 2.577204926791763599e-03 3.578877185722673191e-03 4.288328865102779448e-03
-9.377126802420986812e-03 2.339196169502316246e-03 3.800826301654353610e-03 3.392109467555909710e-03 -9.999969373050579188e-03 3.726625174923315752e-03 4.209315179852920683e-03 3.278918598246709139e-03 -9.279427425866059245e-03 2.017292168944008045e-03 3.220342056437897928e-03 4.817931388551747324e-03
-1.019054835669662255e-02 1.692489088682624107e-03 3.889243493063492072e-03 2.899369921518868323e-03 -8.906108286095474821e-03 3.947469531312535092e-03 5.301520681230195188e-03 2.978328396337930496e-03 -1.039770545403514643e-02 4.058424177135289655e-03 3.252390784507429473e-03 3.768490643154290450e-03
-9.547191070032030533e-03 3.024014149918859227e-03 3.739562911816396353e-03 3.186163691443802057e-03 -9.454915053742397185e-03 3.536556392715787134e-03 6.677193066276670454e-03 1.928695245451224035e-03 -1.009605779811226754e-02 3.406516794592031119e-03 2.944429965491717534e-03 2.907727731273938247e-03
-1.021185479829817173e-02 4.137353372352130763e-03 4.874564258114946584e-03 1.617529407428759929e-03 -8.792230966984566909e-03 3.168828057547563339e-03 5.959945622704832489e-03 2.267370263431041193e-03 -8.826532655828230045e-03 2.427824005992351448e-03 2.929284713713376474e-03 2.526038439811435516e-03
-1.053450290030487867e-02 3.338309650005494116e-03 5.104819081561314149e-03 1.702993082721948733e-03 -8.481132977824826918e-03 2.072366503865250269e-03 6.961693555749483460e-03 2.453720233764690277e-03 -9.705466305583108563e-03 3.075590535153994911e-03 2.457959823195286688e-03 3.805555597477734350e-03
-1.017203492321094339e-02 3.651122408338829464e-03 5.089340256323056887e-03 2.154063777250447495e-03 -8.759529584606665434e-03 1.577892097247504980e-03 6.539261805614178004e-03 2.160605325695751956e-03 -9.363676594961622968e-03 4.543400114661102183e-03 1.649064977159664597e-03 3.117595648802268336e-03
-1.078129894043289641e-02 3.034892813565772882e-03 5.547800370302925776e-03 2.142274833693912084e-03 -9.081198267446450798e-03 2.182177270299605169e-03 5.435192646804629969e-03 2.823061661029383114e-03 -8.779079827050511806e-03 5.372869360105789541e-03 1.374795138444673964e-03 2.960970049409121594e-03
-1.066195049700429873e-02 3.853880181824147384e-03 5.118414152709622675e-03 2.983782415762556688e-03 -8.615952061502828510e-03 2.817581103531682351e-03 4.595349866021167413e-03 2.605471770704858268e-03 -8.777932903620392496e-03 4.067432856100143199e-03 9.866654692630397357e-04 3.129296032803255499e-03
-1.093468766764741328e-02 4.473379578359073724e-03 5.369347383047685593e-03 3.452245042514028809e-03 -9.573698474479615597e-03 3.757145758456910921e-03 4.993809619253970246e-03 2.810518523251448377e-03 -9.434542157341359314e-03 3.549665926037252981e-03 1.410529371081228672e-03 2.515577327914193372e-03
-1.111112330817050180e-02 4.084536256480282915e-03 4.182994883163967947e-03 4.772156064525705579e-03 -8.630676908727204916e-03 3.778460363685003966e-03 4.823961232623268612e-03 2.103863404281322916e-03 -9.226162853880733039e-03 2.994187988140700491e-03 1.264466992982771426e-03 3.206985656860373256e-03
-1.039661132053697548e-02 3.661299240195496976e-03 4.581534820503718741e-03 4.190501740237641271e-03 -9.255888606836959465e-03 3.902776725816858600e-03 5.289929970058403035e-03 2.231428996018854777e-03 -9.007212332933001164e-03 1.781201540641748652e-03 1.368766596912344632e-03 3.847187204899419222e-03
-1.025963553831065085e-02 3.420341617888982520e-03 3.942566815927708856e-03 4.718499326263778278e-03 -1.071854121862306219e-02 4.752687347719412522e-03 5.731118803395708790e-03 2.617202306863644634e-03 -8.720897897162866591e-03 2.209326912098655456e-03 1.572222351608830448e-03 3.101278956566537633e-03
-1.011568660829991959e-02 3.800748560811424270e-03 4.610284130984620803e-03 3.459997361334071850e-03 -9.137955435076566477e-03 4.775418593579599559e-03 4.444221707543305130e-03 2.142815462576237468e-03 -8.874509717769350076e-03 2.077109934151433884e-03 1.925524160734057647e-03 2.983808783919310228e-03
-9.119448939280230468e-03 4.911367029111199378e-03 3.665912241182910352e-03 3.595442175156034984e-03 -9.925822515444965299e-03 4.132358580760305336e-03 5.139353347091930001e-03 1.948592763112452862e-03 -1.069691150999780779e-02 1.869898147336863242e-03 3.006079055176121961e-03 3.819079343099527919e-03
-1.004114784574743242e-02 3.552960289762049396e-03 3.753523646147531676e-03 5.516853720955718250e-03 -1.015678122350687981e-02 1.831975962195296972e-03 5.091559241060404119e-03 2.158231385130259319e-03 -9.727486567855225114e-03 3.010436730499839453e-03 3.142687088095970534e-03 4.242957318497606219e-03
-1.051502184874815796e-02 4.674180359128972222e-03 4.677857382936806939e-03 4.907412190418988622e-03 -1.069909696261599381e-02 1.726194355204259574e-03 5.117522519821642545e-03 2.899217846754142871e-03 -9.715905548418580021e-03 2.074635989814394531e-03 3.184378981845785526e-03 4.217538096824580314e-03
-1.050027299887242721e-02 3.565784089469410841e-03 4.003239270920628395e-03 6.708112508389572209e-03 -9.790336567390815065e-03 1.159084631062998194e-03 5.737326898660586975e-03 1.917729151995901287e-03 -1.091346815437074097e-02 3.123665612792475479e-03 3.030882706045886187e-03 4.612920146233738181e-03
-1.084463577554357211e-02 4.154442527134737280e-03 4.636932219973285106e-03 5.832401097431767593e-03 -9.845604786635995045e-03 1.045842122048509272e-03 4.676780000269389719e-03 3.125990021560796049e-03 -1.043012462053548306e-02 3.123172309346819442e-03 2.912677804900703615e-03 4.203530979657922953e-03
-1.053749906141771865e-02 4.676937617511966842e-03 3.444847565657649640e-03 6.152424480088944381e-03 -9.439012666260711629e-03 6.595906713753035963e-04 4.511893939487557521e-03 3.224796147004896363e-03 -1.026560623199554087e-02 2.591209070687312908e-03 2.938393099554324935e-03 4.512235763488312359e-03
-1.084536958778741476e-02 4.203946111655003891e-03 3.246917461225062689e-03 5.657730404997111072e-03 -8.847925454568798809e-03 9.479373792769091832e-04 4.112553673471464055e-03 3.820742922297534153e-03 -9.318174678268887484e-03 3.464555263463779244e-03 2.417074247617802089e-03 3.392175641693705862e-03
-1.116777218316625936e-02 4.876649331807814125e-03 3.318461435308005334e-03 5.099974616370859040e-03 -8.917939276143810670e-03 2.766888500300892628e-03 4.530372740027441628e-03 3.418777365495112922e-03 -1.118609423802395531e-02 2.830599195046854585e-03 3.038812500052985675e-03 3.981783795215704941e-03
-1.116490847648131911e-02 5.009775504727016424e-03 2.739352163567730994e-03 5.013713292829179678e-03 -9.124917538206137393e-03 2.702419453160005789e-03 4.782701388009695867e-03 3.952187010165347965e-03 -1.096758271667735637e-02 3.040723357019346328e-03 3.070098038479480724e-03 3.534131132508444139e-03
-1.072926118003596739e-02 3.652501437174034658e-03 3.706980086506742652e-03 4.920031153131131964e-03 -9.607389820568803043e-03 3.820337543761863266e-03 5.065483714643275077e-03 3.049232241531248371e-03 -1.069576619218235748e-02 3.370546993338567523e-03 3.013668314484413933e-03 2.958638370478513299e-03
-1.034993310693138949e-02 3.542912820367572543e-03 3.586152290359741462e-03 4.463166716106737458e-03 -9.999529932513569891e-03 3.996157304542499039e-03 5.546320959126601474e-03 3.847910416931332300e-03 -1.107412538138665380e-02 2.526380102189371493e-03 2.969325695841311310e-03 3.540622494743578350e-03
-1.082817321324700162e-02 3.995138213315465626e-03 3.031350475214637102e-03 5.056009903248874331e-03 -9.248525740273514859e-03 3.446853018984070982e-03 5.508631813691658267e-03 3.616554274508940875e-03 -1.056306069411435886e-02 1.918560569088846070e-03 2.785008116838603737e-03 3.770525923065513613e-03
-1.080680801192022630e-02 4.030894977915880362e-03 3.428076969418928331e-03 5.196515936806089808e-03 -9.787225772354217132e-03 4.442664831095299166e-03 4.740623028424949259e-03 4.028465265338958441e-03 -1.057167977978001536e-02 1.767847921393286663e-03 2.534282358801523329e-03 3.564981358646458504e-03
-1.058452670914407541e-02 4.051845741988336323e-03 3.616576897547804127e-03 4.758304555907511522e-03 -1.086923812360140150e-02 3.960822057799803265e-03 5.498435658923267813e-03 4.919052572799958653e-03 -9.904345682367469983e-03 1.451464381880317048e-03 3.209747789844740167e-03 2.510511812395389668e-03
