# ex_work for 12 qbits with connectivity c6 and unitary DM 22730648329600
-8.680106917424235125e-02 1.348041174442052847e-01 1.348041174442052847e-01 1.348041174442052847e-01 -8.680111343724494777e-02 1.348041324481576153e-01 1.348041324481576153e-01 1.348041324481576153e-01 -8.680106917424235125e-02 1.348041324481576431e-01 1.348041324481576431e-01 1.348041324481576431e-01
-6.323013512036189387e-02 4.882843977926174667e-02 3.941790568827512053e-02 4.466338753848334009e-02 -6.323011492072271034e-02 4.306845539365193598e-02 4.466339964653560923e-02 4.882842760459507603e-02 -7.313490749567887195e-02 4.391904151227470771e-02 6.345124135286842049e-02 3.941792973416658602e-02
-4.837786566869162891e-02 4.608221664825149638e-02 3.624595607611011405e-02 3.695881504645293775e-02 -2.774753218812902114e-02 -1.108915784147650706e-02 3.719242425246461342e-02 3.829017120425597803e-02 -6.680479081229109828e-02 1.333567988622169284e-02 3.677373465658333174e-02 1.784528517777499504e-02
-3.958603682508538002e-02 2.964051742696867039e-02 3.404902202917360621e-02 2.769794217371999989e-02 -2.156449857612215137e-02 -4.398729402390323846e-03 1.295060183051005044e-02 4.392797318703495907e-02 -6.268043668388140199e-02 7.590614118399001409e-03 3.104700939655940378e-02 1.945061778941965802e-02
-3.203744422437812545e-02 3.103941153857918411e-02 2.395983727856571335e-02 1.287801564825385991e-02 -2.495748142362773370e-02 -4.927307336636772622e-04 1.291521990607211179e-02 3.271926907943254609e-02 -5.677363205888835002e-02 1.725716936946605773e-02 2.629150842592115414e-02 1.459222760023617602e-02
-3.018610311128529580e-02 2.573332370037871228e-02 1.864699570486234165e-02 1.724603661231655441e-02 -1.859009941303583005e-02 -4.850353039516332870e-03 1.273578824395176119e-02 2.618246054326863956e-02 -5.008886784002811177e-02 1.179632699990260970e-02 2.309907009938651570e-02 1.029506450084977098e-02
-2.576605521642216096e-02 1.421502850054826364e-02 1.514284622956386245e-02 1.426969875283270670e-02 -1.446925103003803871e-02 8.088732913310714824e-05 5.086567894937301521e-03 2.188054701076538877e-02 -2.584756831824238862e-02 1.195265867000479265e-02 -6.908173404282591870e-03 6.891777368768428093e-03
-1.787573808899757186e-02 1.518983390158989803e-02 5.684026056921461477e-03 1.493613553893320721e-03 -1.175422548774647351e-02 6.914076361061397696e-03 3.643613031263575035e-03 1.734567767713015435e-02 -1.740729567057554272e-02 2.559985132015977008e-03 3.922047173820215719e-03 -1.940280792877197664e-03
-1.611009188957261695e-02 1.287908721138404829e-02 5.687739078596307229e-03 -2.396172940640078648e-03 -1.138393780996249834e-02 9.618645389854426839e-03 2.840130603609686711e-03 6.513803900238371997e-03 -1.889900125818011131e-02 7.956478914533906405e-03 7.634483164899295675e-03 2.536262045916021484e-03
-1.731387259884505092e-02 8.900149150015185598e-03 9.919302204110793872e-03 -1.502466500113751238e-03 -9.602961929185390225e-03 7.077589870696618553e-03 4.045150245852642025e-03 5.793600153529919125e-03 -1.829720027228694257e-02 7.118836876650921040e-03 7.042466483550724465e-03 3.172160044827048147e-03
-7.926086789392206705e-03 7.481665613419728397e-03 7.484691253389159395e-03 1.976746827095017187e-03 -5.671104450251362832e-03 3.215598815787527767e-04 -3.915319004591929705e-03 4.427723440547814103e-03 -1.617153489418346121e-02 8.064795379631914049e-03 4.487450077741772687e-03 2.791949193232263690e-03
-8.403126423552202337e-03 6.792471168978702137e-03 7.306274967623520127e-03 2.653447761900570162e-03 -6.172171155562480166e-03 3.149401283029910729e-03 -2.047834585150655039e-03 2.591173107071456302e-03 -1.604344667021119150e-02 8.655062716068818648e-03 4.651590058423912127e-03 1.653863664389985889e-04
-9.561456392668843049e-03 6.459950092768495036e-03 8.773854319657405781e-03 2.828411919381359965e-03 -7.594166702125020735e-03 2.305214503890780971e-03 4.101916486138999438e-03 -1.179672188295938402e-03 -1.623522814228766861e-02 7.956040851386738180e-03 3.801380846250202762e-03 1.953806441135003732e-03
-7.705673940446024564e-03 7.393532146239823171e-04 8.237475143299852198e-03 3.664548142230836161e-03 -5.137978626085754064e-03 1.538264745671098993e-03 7.962438355405769119e-04 2.448708943762953599e-03 -1.407784040094305945e-02 5.399829352170463885e-03 2.594975738663629627e-03 3.879903587882216950e-03
-6.412455276274979521e-03 -1.120709600397134902e-03 7.307943170650069500e-03 1.801999886153743359e-03 -3.756197679901508105e-03 1.393080535307549038e-03 1.685317020965532077e-04 3.434502153357259918e-03 -1.236767145667672270e-02 5.442550417740587773e-03 7.653775728076665612e-04 5.206473393791577128e-03
-7.305522320837783481e-03 -2.733614172593878521e-03 6.759345104290373149e-03 2.965558450153560344e-03 -4.197379885884333119e-03 7.309169329879988686e-03 -3.473297626148080190e-03 3.537162450170100794e-03 -1.170344223709103570e-02 6.255900628253456205e-03 1.133568947033038524e-03 3.648294416031491218e-03
-8.406110937663855906e-03 1.663650392215255958e-03 7.114069969017345306e-03 -1.628908361687202090e-04 -9.149948023465602487e-03 4.988741820064097887e-03 4.268921649029411877e-04 6.038606634150951551e-03 -1.294454463614024518e-02 6.366218648078753733e-03 1.950862780057081251e-03 4.916197367802934565e-03
-8.382222573965248530e-03 1.766432105558965720e-03 4.115565746966648106e-03 1.838255075812440971e-03 -8.083409813207818526e-03 5.014937792021337964e-03 -1.750410682635146530e-03 5.879004286375346354e-03 -1.361741730728780603e-02 9.351461482682637064e-03 1.860203790723373224e-03 4.896226144627308444e-03
-1.123771159105775574e-02 2.968734666352799111e-03 3.371993429882376436e-03 4.442645167643726432e-03 -8.382351522259910356e-03 2.965669626862461449e-03 7.515620090067159443e-04 5.740644402009230200e-03 -1.346967485682436932e-02 7.736854214642893343e-03 2.997305998868955886e-03 5.226314646803991576e-03
-1.001652492092342493e-02 2.183088579303747029e-03 3.519789975444907303e-03 4.923023237690798797e-03 -6.860600504469821503e-03 5.169260839384366875e-03 -2.300339480885082663e-04 4.957952676602076295e-03 -1.274753654032159331e-02 4.784402643109124213e-03 1.745157975270628147e-03 5.110014023960112069e-03
-9.269958712270549850e-03 2.160199725237990555e-03 4.443689940515030239e-03 3.628762044824448627e-03 -5.597639109559757707e-03 4.598855292196213189e-03 -1.737981282263568409e-03 5.704013754144075278e-03 -1.368334453929604712e-02 4.860465371208134121e-03 1.937903885769041599e-03 5.507328723001625286e-03
-9.836829596237677345e-03 2.811824725135816938e-03 2.819978224168121893e-03 5.723557271182727960e-03 -7.033309976409953500e-03 3.537932363652884424e-03 -2.037260337641483721e-03 4.637339404971916115e-03 -1.372279317138471247e-02 6.220382103541336957e-03 4.857364849773317117e-03 4.854585697661026843e-03
-9.050264489262611900e-03 4.227351957198820925e-03 2.049602688791716133e-03 3.872736853230393343e-03 -7.661322524597054956e-03 4.489753667375546292e-03 -1.680568723782356003e-03 5.856420857616579517e-03 -1.419697319508133639e-02 6.740017213085816410e-03 4.208831466874366108e-03 4.029066405122148052e-03
-1.026206592306536450e-02 4.246946975173671555e-03 1.623384004873178969e-03 3.432001133731949621e-03 -7.319746527460584129e-03 4.168708951476546125e-03 -8.442628577250986576e-04 7.130527113753217135e-03 -1.377319182669190824e-02 6.809393010116303151e-03 5.076689471756481650e-03 2.664150428977638246e-03
-1.022292530292223146e-02 2.753628342782199478e-03 2.425390404285647419e-03 3.589549400899743128e-03 -9.009397365444267447e-03 5.846456329320094507e-03 4.789473027412062566e-04 7.389823774597234669e-03 -1.402775954429700406e-02 6.627170378625257818e-03 4.772212574212184380e-03 2.568839531944517359e-03
-1.069673696517184532e-02 3.435457286761665029e-03 1.867134171695527482e-03 5.461154804833900228e-03 -9.224164935868119086e-03 3.776539003731461518e-03 2.454068295058620987e-03 5.357459135983517161e-03 -1.339160090715856011e-02 6.901180985499611419e-03 4.955560021532618917e-03 2.182646972359077696e-03
-7.989566127708774140e-03 2.273532017272459488e-03 1.560693202440697168e-03 3.951953824092854957e-03 -8.672051304332137681e-03 5.097900856639771966e-03 1.962838387884093070e-03 3.832339061209204516e-03 -1.320200196920274030e-02 6.788436158497645687e-03 4.497305415045917826e-03 2.431265627265147538e-03
-9.731843882071693902e-03 2.914280781487589914e-03 2.417259371757143026e-03 4.350956590820342744e-03 -8.626357890032736175e-03 4.046543719294143013e-03 2.015756878252405754e-03 4.846140927057844203e-03 -1.333862663409005576e-02 8.200553519262460470e-03 3.939536086403694522e-03 1.813979119069932151e-03
-9.672586355032068359e-03 3.771047163913074547e-03 1.461227346243455837e-03 5.472426098793082075e-03 -9.648401869424689387e-03 3.175046861228998651e-03 2.932904113817648515e-03 4.515188641587650036e-03 -1.332027232320238085e-02 7.161320557970586934e-03 4.392038859061907566e-03 2.710764362985578716e-03
-8.759515927721828882e-03 4.152940768492741595e-03 1.016303666455112970e-03 5.998736514413545787e-03 -9.982647368928156129e-03 3.532052933109302000e-03 1.445948783672654182e-03 4.161300050856265101e-03 -1.425226655364586134e-02 6.882647464699364476e-03 4.025332194020096385e-03 4.880342702374231012e-03
-9.126909561122852066e-03 3.275645210976598810e-03 8.053838357692876633e-04 5.289169346701655047e-03 -1.089182235214384079e-02 4.017000810419063192e-03 2.159503833800092022e-03 5.639620478516119660e-03 -1.317807597744964643e-02 6.634401655323368327e-03 4.823701688907683187e-03 3.618068200881985851e-03
-9.555663358132323107e-03 2.818584978319715016e-03 1.460601207383485341e-03 4.484612588019085480e-03 -9.968941075078074227e-03 4.243128055893280980e-03 2.210201427820263770e-03 4.088470329728813996e-03 -1.242445031608129316e-02 6.970171075559995592e-03 5.940838178928075849e-03 2.550207158783504222e-03
-8.945216270406603984e-03 1.627476729362864255e-03 3.532034247261511915e-03 5.565551340395456792e-03 -1.078452337898159856e-02 4.413049796360890044e-03 2.287322051934397808e-03 4.627157899981851862e-03 -1.284555926681600450e-02 5.018816907132673394e-03 6.622874821642445869e-03 1.820882433757228499e-03
-8.039693506588337785e-03 5.706919184072938066e-04 3.723392218966340133e-03 4.848047258275426513e-03 -1.046842542201202944e-02 4.692095751615245162e-03 2.727634181091127385e-03 4.555614964844285561e-03 -1.328676050084959086e-02 6.347111542078015187e-03 6.538975722962049424e-03 7.063565981168950939e-04
-8.556858153055702312e-03 2.040857848431809705e-03 2.777094277134838432e-03 5.639651893506822215e-03 -1.076246975139156375e-02 5.111741677972292397e-03 2.753092632478072906e-03 4.446918561682920018e-03 -1.192847713127470448e-02 5.831429975552269128e-03 4.482266142709293542e-03 8.602876792173931022e-04
-7.752604904176048015e-03 2.006110337581368426e-03 3.521325603019835517e-03 3.983939496502458648e-03 -1.075140985888874481e-02 3.995699905865736715e-03 2.384412528176037445e-03 5.301764673427678681e-03 -1.063157047006008278e-02 4.498494570668960454e-03 3.564380556429685553e-03 2.156813285577212965e-03
-8.943026866171347941e-03 2.515850439337960574e-03 5.168230805476045457e-03 4.718948374378615501e-03 -1.009159300054133721e-02 4.009013801725096540e-03 3.658098964167563749e-03 3.084898016537314467e-03 -1.038317457193090911e-02 4.737825123375181795e-03 1.794706557393954205e-03 2.033170465851006584e-03
-8.877853579301714024e-03 4.694258381984976400e-03 3.562834111176152885e-03 4.344239949301203357e-03 -9.416437050481545751e-03 3.493393502634743741e-03 2.494073674284003495e-03 3.213958376794606633e-03 -9.967034787098443330e-03 4.044796440107310646e-03 2.051916713907150826e-03 2.452574134413642876e-03
-8.723206990441658218e-03 3.929710605896830425e-03 3.880363940956223917e-03 4.673634146777165370e-03 -1.065510590048016591e-02 4.894252149267225294e-03 2.168396807287506327e-03 3.504372074360559332e-03 -1.022806254849024758e-02 3.695313274666369927e-03 2.117550211436596257e-03 3.056987178062661563e-03
-8.786889480937379315e-03 2.843271915250606720e-03 3.656931312187053969e-03 5.077055168062188754e-03 -9.964404624291996193e-03 3.978943544882377475e-03 2.059727022686986750e-03 4.253442738485807735e-03 -1.025649064769296875e-02 3.949242863483971334e-03 3.554480083983385837e-03 1.855151224840976328e-03
-8.654261668830223742e-03 3.215721281086613564e-03 3.764958244806158091e-03 3.550730979771739206e-03 -9.227155013969564126e-03 4.860943586227070741e-03 2.082100719310876844e-03 3.150244742938626812e-03 -9.332624879506049020e-03 2.726367503622122677e-03 2.891232067292002789e-03 2.896325986518692198e-03
-7.459888744422802503e-03 4.141642901516051981e-03 2.666456888114080749e-03 2.198921499633478636e-03 -9.871299912873736718e-03 3.681054959224539652e-03 3.605495215660624135e-03 4.862435144605005942e-03 -9.572097931818452157e-03 2.608720649559853957e-03 2.008605984161452099e-03 3.042735623911494054e-03
-7.536902075702719972e-03 4.569164938080920793e-03 2.498061382297578781e-03 1.853126761075256932e-03 -9.739892990379570015e-03 2.593659333943875486e-03 4.231675341601506476e-03 4.883459645235965936e-03 -1.012875222004022864e-02 3.678599028888022027e-03 2.349757551470604486e-03 2.749078321277121945e-03
-7.401425888733131897e-03 4.474136121353269532e-03 2.159537227410628958e-03 2.169298700993299925e-03 -9.849656431368444473e-03 3.931391515263263706e-03 3.419117128615608344e-03 4.459146126955576030e-03 -8.214348754359944091e-03 3.210655237838357275e-03 1.792332186686389217e-03 1.577437889845590985e-03
-8.607064864345771379e-03 4.837755449155632832e-03 2.799228166745845823e-03 2.545804028657372518e-03 -1.046562890409134979e-02 3.047855765669382853e-03 4.951253571998104341e-03 4.584624608345379097e-03 -1.018047406473178776e-02 4.777177349867048166e-03 1.879713755371924385e-03 2.115369900992907209e-03
-9.044294475072447992e-03 3.329510935585538230e-03 4.167129653894059878e-03 3.072291267622288911e-03 -1.036513666164672227e-02 3.910435181322651638e-03 5.180866735654437658e-03 4.265487034390999695e-03 -9.607799930778124914e-03 4.250631496430300887e-03 4.792338763056311650e-04 2.613263236537499874e-03
-9.005338660135574561e-03 2.684442537195574473e-03 4.750997878924427889e-03 3.041414808434534257e-03 -1.017365562092350725e-02 3.347644837257383096e-03 4.453956550958306122e-03 5.298344709961048254e-03 -8.021409923133712011e-03 1.809410838878383870e-03 1.304184722542028494e-03 2.497735437160691820e-03
-9.803600610208126204e-03 2.230133422743048495e-03 4.759002263982609233e-03 2.975630332064015549e-03 -9.321440096592569294e-03 4.637877145244412302e-03 4.462691002249925473e-03 4.136685456184538250e-03 -8.154684528804592714e-03 1.984416674754743096e-03 1.077691890614223191e-03 3.005319035258286527e-03
-9.416978081355246652e-03 2.431483334875694791e-03 4.166570697597636423e-03 2.276721550177811075e-03 -9.668581057549341037e-03 4.311120309606844385e-03 4.433070537509369372e-03 4.674050292235163925e-03 -8.012450980159241051e-03 1.334114956630121432e-03 2.395667063855301017e-03 3.026523684780907473e-03
-8.068715226374544719e-03 2.912582545652573403e-03 4.374753280667866874e-03 2.316871693182888554e-03 -9.660462183775319484e-03 6.073972161089621208e-03 2.521872572592738938e-03 3.761300487817213246e-03 -9.309103968323885481e-03 2.446979057475351903e-03 1.393600529613330669e-03 3.196301428399606504e-03
-7.236854355271179692e-03 2.783425523736553654e-03 4.962767663215671490e-03 2.843573408398558742e-03 -1.087326323362950743e-02 5.057268336820314875e-03 3.438496672232839793e-03 4.263856727741224817e-03 -9.618840217599464518e-03 2.883710609055333777e-03 3.056392512377622758e-04 3.294565877559214265e-03
-8.658750063265897509e-03 1.915196300660790621e-03 5.066699523693265865e-03 3.637771210323526971e-03 -9.689073955247472572e-03 3.213168704587493138e-03 4.587823994273553668e-03 4.059724973049564332e-03 -1.021289922894103898e-02 2.480206948797036154e-03 2.558674750864456480e-03 3.192112380153506752e-03
-8.692367717725921553e-03 2.848670702564209695e-03 4.056446163404026431e-03 4.265415858734808788e-03 -1.109488634988348675e-02 2.900977187434543476e-03 4.099502491376704610e-03 5.597556510811792230e-03 -1.171301804388478161e-02 4.143629335180303019e-03 2.450236925019363358e-03 3.783333901978558084e-03
-8.020015966157586357e-03 1.969350129603183574e-03 4.564263124699418153e-03 3.267495818241777754e-03 -1.100144183181129415e-02 4.152463105579814323e-03 3.695120365076735858e-03 5.656404613516491375e-03 -1.091348081509565214e-02 3.527779343170868442e-03 2.072107681717757447e-03 3.437401772394699934e-03
-7.862384469861942796e-03 4.779761807149706731e-06 4.364690840744197414e-03 3.125932765161668070e-03 -1.099665537913948471e-02 2.792622204772793153e-03 5.602942390959519611e-03 4.650957958780659734e-03 -8.751856992047004138e-03 4.236564747734839279e-03 2.007614807615719973e-03 2.931243504600430927e-03
-8.456858290361758332e-03 1.282792055868053286e-03 3.486961506661776997e-03 2.886462206661874908e-03 -1.078183948012454048e-02 2.101789471493542300e-03 6.239840398926741437e-03 4.227807162597196217e-03 -8.902094074780382560e-03 4.165773928879014723e-03 2.757346806464389555e-03 3.131146624928647041e-03
-8.177477924163104386e-03 2.266584083611922380e-03 3.578084056623023149e-03 4.045617000102583356e-03 -1.133736661768507473e-02 2.562836877920871177e-03 5.007853564724125579e-03 2.692514307550541042e-03 -9.565961085447832399e-03 4.506249626135186599e-03 3.440215674855061963e-03 3.227669270287606817e-03
-8.030297564341204453e-03 1.728781019100344984e-03 1.844294016196166815e-03 4.395056974838097881e-03 -1.056421597290320251e-02 2.785747270224213108e-03 4.805726970199663411e-03 3.323416595610557012e-03 -8.508672269039372488e-03 4.260571291352970719e-03 3.418053054145277127e-03 2.498681187235382139e-03
-8.531645922257673903e-03 2.023805300917936884e-03 1.663483471546647104e-03 4.813368199912574502e-03 -1.102304853421046463e-02 3.821794087210542926e-03 3.234701881518261147e-03 4.347592328666295518e-03 -7.540118003212747944e-03 2.489771168591969376e-03 4.144046610365635826e-03 2.531002206548953366e-03
-8.101677830725359866e-03 1.693613747334712840e-03 3.762455029094035827e-03 4.060400002213748749e-03 -1.275601840412824914e-02 4.192415199626564962e-03 3.015182840602604383e-03 4.484717898624578439e-03 -7.718204062004769585e-03 2.893500571054239724e-03 4.237679019004028658e-03 2.480119326260638111e-03
-8.008093947589190256e-03 9.449134878787064261e-04 5.319368416319273860e-03 4.506382663958087911e-03 -1.294699514409708256e-02 3.464565426446711022e-03 3.862592931515263558e-03 3.866674407813884291e-03 -7.840724626622299492e-03 3.605379267278397467e-03 3.011918392708478297e-03 2.526217782839507500e-03
-8.080692571884599135e-03 1.500260708898000853e-03 4.319828851427445424e-03 4.996593214908095354e-03 -1.216003541587275770e-02 3.091678845488163036e-03 4.096316966877591031e-03 3.140424182006198908e-03 -8.293407029935216668e-03 3.408908534289707953e-03 3.423568032383548197e-03 2.763485801016865671e-03
-7.696096161632741406e-03 7.464814902329240361e-04 3.877112147322573678e-03 5.237920454597291310e-03 -1.154259746819401473e-02 3.646760227739870991e-03 3.570628661045184473e-03 3.246386502931686291e-03 -8.959806140950387493e-03 3.647999129036288892e-03 2.912763266792799295e-03 3.464907035011566272e-03
-8.127669003984547627e-03 1.822490664078546020e-03 3.567374674439020583e-03 4.162119860695421766e-03 -1.230376783633320772e-02 3.522012744619847265e-03 3.907284587438349284e-03 4.770723985679158237e-03 -9.131837496249285008e-03 3.108612770599593865e-03 2.517090751890526442e-03 4.541718750468278810e-03
-9.045104933533314878e-03 1.914570985748543976e-03 4.528120968161819873e-03 4.098038010064503946e-03 -1.246932893042317601e-02 3.006067283110124607e-03 4.415605265436304411e-03 4.979600577493133000e-03 -8.636606327811000364e-03 3.106086411376001929e-03 2.352367251363381671e-03 4.206683737095360566e-03
-9.605597010231774202e-03 1.829366501870527363e-03 5.084424669798543600e-03 3.881435705866675794e-03 -1.245645910420111260e-02 2.162238717442793463e-03 4.822544782983920544e-03 5.281930410133119091e-03 -9.434044408511844948e-03 3.578785251411596528e-03 3.471886698377960479e-03 4.056525685373760411e-03
-8.969455258068402895e-03 6.167714717052199223e-04 4.823783244994158531e-03 3.670056180706443398e-03 -1.193013468363093507e-02 2.408490236698969562e-03 5.676562366357920143e-03 5.410271602532158199e-03 -1.024413441335353739e-02 2.142532134630942189e-03 5.211286495676978499e-03 3.852407272341088016e-03
-8.873585552770155843e-03 9.005320449343957260e-04 4.381768504929607101e-03 4.089760087619468548e-03 -1.209896917780384044e-02 2.900708570959530629e-03 5.313403529317821741e-03 5.502541417617777715e-03 -9.498189045876353695e-03 8.239113447346867397e-04 5.315797448936331396e-03 3.818600888623196413e-03
-8.665619548233645386e-03 1.367349303064973199e-03 3.425264414024962231e-03 4.295115477066093618e-03 -1.134580530080964156e-02 3.298796257908362308e-03 4.833908540125620053e-03 4.710683551270104449e-03 -9.147247979030284637e-03 1.557276777297585905e-03 4.635048426828738272e-03 3.324176171231501067e-03
-9.978296764920272302e-03 2.447077575369631039e-03 3.813157732534251318e-03 4.274830255464313195e-03 -1.193947788772341950e-02 2.593872440395436369e-03 5.113615846768393425e-03 5.848554348626977713e-03 -9.142909451611827207e-03 1.442809129276509394e-03 4.749690681756403923e-03 3.387592010682883431e-03
-9.172780836369347213e-03 2.496658908655059305e-03 2.602968597306008682e-03 4.205305784815854993e-03 -1.209508104469202844e-02 2.535809730599861839e-03 4.376223933032370381e-03 5.751357240102902314e-03 -9.705554230559177570e-03 3.182399647559197922e-03 4.144828099391737602e-03 4.245403452613601136e-03
-8.136078498180611060e-03 3.202983218613304067e-03 1.593158470492883703e-03 4.679233500902420760e-03 -1.031946250894912043e-02 2.461632858948723836e-03 1.782473495249336029e-03 5.671483012518858946e-03 -1.007007559931370755e-02 2.559006160519432770e-03 3.568598079376050086e-03 5.210370255025714714e-03
-8.492353459757386036e-03 3.324914908933228590e-03 1.273463664029859379e-03 4.417430526108071139e-03 -9.999691448703922764e-03 3.388066715669672737e-03 2.335016958738361792e-03 4.814800197614305284e-03 -9.690631514506086938e-03 2.520713733106620929e-03 3.446065416422542608e-03 4.770621313844895447e-03
-8.384115318392974456e-03 2.329897110136098203e-03 1.875050100965844910e-03 5.348900607008001337e-03 -1.054821331775881825e-02 3.742062699727367187e-03 2.704975646332857548e-03 4.299511749815506344e-03 -9.805172522611742963e-03 3.357076011233349824e-03 2.054682379238138672e-03 5.238751123299065227e-03
-9.840976793224535946e-03 3.023221576996767187e-03 2.480496350560780928e-03 5.616852656722217708e-03 -1.016438171028211969e-02 4.664004097806538282e-03 5.177701781316904235e-03 4.780791929166481984e-03 -9.958358811155519977e-03 2.907343851120948626e-03 -6.443979207076856600e-04 4.434052361905072709e-03
-9.823281858601493402e-03 2.663359582206482369e-03 2.973298412202156609e-03 4.899633582991792455e-03 -1.028822748015678287e-02 5.657262204064220090e-03 4.478274544816637955e-03 5.257676870881035879e-03 -1.065886246254498133e-02 3.467806772458015881e-03 4.701845342976982171e-05 3.901599932563927075e-03
-8.416467731562016219e-03 3.543845016811323929e-03 3.716690473430408516e-03 4.636791145199373708e-03 -9.105791604009682780e-03 4.391201787517430566e-03 3.249003916658402269e-03 3.125676068182735908e-03 -9.908600439971977300e-03 3.427312453875685800e-03 1.397613020669302719e-04 3.207287621524453937e-03
-8.000285620905250167e-03 5.115442447436784230e-03 3.807679747709860618e-03 4.367487924138844201e-03 -9.247986824498422367e-03 3.712243839245526426e-03 4.302832888039857286e-03 2.532341056290087628e-03 -1.060012703633853894e-02 3.284695982801022224e-03 -6.620840434898272574e-04 3.518717298556779758e-03
-7.614994139821616888e-03 4.328056841768387029e-03 4.226989107274557733e-03 4.326155685792546814e-03 -9.082440609961444852e-03 5.304233208676046273e-03 3.635984416611985452e-03 1.537989520925644223e-03 -1.081385569494116780e-02 2.156535576239804793e-03 -4.562044947483782096e-04 4.570342207024894431e-03
-8.652349680212865352e-03 5.088179859680630468e-03 4.385670969898763233e-03 4.530831032393187879e-03 -9.512408386537008972e-03 6.267029316450664633e-03 2.323584680234910566e-03 2.376026247192495038e-03 -1.047946205587406247e-02 2.401720233831529643e-03 5.377030978048386077e-04 2.985241119022951674e-03
-8.241064161921916181e-03 4.821668260349262422e-03 4.888462527090292088e-03 4.078821958455107650e-03 -9.195023603884020999e-03 5.572305710735438004e-03 1.633346511750245625e-03 2.720172660312062275e-03 -1.049782014578721188e-02 1.788178530647111832e-03 1.312409381464294022e-03 3.243209055264212846e-03
-8.613018875562220011e-03 4.869771853152354488e-03 5.047025739247478458e-03 4.292116880559297687e-03 -8.752448768472481308e-03 5.504851820659969509e-03 1.522774151242285148e-03 2.458895313199930838e-03 -1.114745330970922516e-02 1.797403525098426264e-03 6.941285282037333755e-04 4.579006560070617536e-03
-8.783576214597729748e-03 4.089943618206323336e-03 4.861513502247241658e-03 4.826202541547831674e-03 -1.012928176687351647e-02 5.976589451502884592e-03 2.507141847129096962e-03 2.382361285831283496e-03 -1.063345382059203634e-02 2.429055280453158369e-03 6.395989418839485591e-04 4.213486201090284843e-03
-8.906959446684511311e-03 4.332345259003475384e-03 3.844202794768249165e-03 3.175621843505835058e-03 -9.176852483747230740e-03 4.766754872126533968e-03 1.078666195943859922e-03 2.260689696069973116e-03 -9.356042754416784429e-03 3.652363781243876065e-03 2.317693752658720949e-03 4.001016795248951360e-03
-9.460353173615676861e-03 3.698244800785747011e-03 4.244256229617991358e-03 4.031385641453510277e-03 -9.958575462761506958e-03 3.673327589048053059e-03 1.702242865633353704e-03 3.582982279536414596e-03 -9.405260957266568453e-03 3.593735847447466613e-03 2.513926493679538750e-03 3.951551830611584916e-03
-8.964051863152929997e-03 4.375316874302078406e-03 3.987447584911155835e-03 5.170308808690936460e-03 -1.064628933650642838e-02 2.776126049681620651e-03 3.936973542045710261e-03 1.317720323453013811e-03 -1.034895689686081248e-02 2.740650865974489456e-03 3.278351933580322085e-03 4.764464448598544101e-03
-9.638346394942275824e-03 5.199390180144401047e-03 3.345094289954842533e-03 5.036864135401861002e-03 -9.619532734581395794e-03 3.596346356902569395e-03 3.910478165175095173e-03 7.496449623838264331e-04 -1.098319125314930686e-02 1.430266532200609453e-03 5.170872051829577057e-03 4.281473492265899100e-03
-9.890070220945946372e-03 5.286616653315467755e-03 3.849379992987657373e-03 3.738564873539347837e-03 -8.771680581439794330e-03 3.162045717133970743e-03 2.814653497895955227e-03 1.565952799787676854e-03 -1.153386632605331655e-02 4.579442081842478515e-03 4.836867413102960596e-03 2.801362494110099140e-03
-9.265568252068140734e-03 4.423729761966520638e-03 3.635459776780712408e-03 4.140046414551286184e-03 -9.665692848788588060e-03 3.114862777006248331e-03 3.461645548962669332e-03 1.897288786184417710e-03 -1.115516937733604039e-02 4.076474165866927034e-03 5.089931477056140047e-03 2.637525096496234987e-03
-9.349875952958363809e-03 5.443618939042440055e-03 3.780894689933184290e-03 4.260706259675771726e-03 -9.447108089210721343e-03 3.468492038539637730e-03 3.267340775049017675e-03 1.601527713410033681e-03 -1.040065908872990670e-02 4.464184364175769783e-03 4.782768267873402888e-03 4.347455452212234742e-04
-9.516586568239570471e-03 5.303211692797894089e-03 2.912758106907765727e-03 3.111051032711304246e-03 -8.255699030336800803e-03 3.055859819322451643e-03 3.975908962491350729e-03 1.047305620436907473e-03 -9.899423717408028026e-03 3.210030204162847220e-03 5.173440188792132605e-03 1.935674371779636449e-03
-9.279989953597519298e-03 5.405457309969097061e-03 2.276507924466350356e-03 2.650655480910490275e-03 -7.877769648534087288e-03 3.316671061639216937e-03 3.602243049976126300e-03 1.432531627142714838e-03 -9.736016244843874456e-03 2.772154698370826644e-03 4.784765949913789840e-03 2.581245280834928036e-03
-8.037130893813596022e-03 4.399986126686241186e-03 8.155139389660559729e-04 3.014268455192853965e-03 -9.048067123782869287e-03 3.876914152607680367e-03 4.087934735975935242e-03 3.584383873982995364e-03 -1.035809592935954711e-02 2.651355309312744459e-03 2.806328050014796419e-03 4.208014662169807206e-03
-8.735123561807563164e-03 4.497874866051673748e-03 2.373921407754853510e-03 2.137426482712861432e-03 -8.561421044889780743e-03 3.697501328956811616e-03 3.536973944559968549e-03 3.854262735373347511e-03 -1.177751066000443970e-02 2.580232430342600108e-03 3.890415563672844444e-03 4.762706521323304201e-03
-7.832488471984314776e-03 4.539037796233855865e-03 2.259906789516701910e-03 3.578977660036083194e-03 -1.000549556071016200e-02 3.609475072085330336e-03 4.416153456399144091e-03 2.972022165015712411e-03 -1.085207231910916698e-02 1.658502186263813251e-03 3.331066644487584109e-03 4.517607724067086543e-03
-8.528808557218183622e-03 3.420287233744919407e-03 2.735454472582539084e-03 3.502683827992486131e-03 -1.005656238822682375e-02 3.431704514160468372e-03 3.185758447490992951e-03 4.336871170328763202e-03 -1.082046230772738121e-02 3.447614249235177956e-03 2.746708569735326674e-03 4.866005138795525056e-03
-8.464450165175071636e-03 3.702155744496814834e-03 3.214913079029837594e-03 3.166349681274654472e-03 -1.041219365244918336e-02 3.920063473816080661e-03 2.824885971579720392e-03 3.943242407324577294e-03 -1.100457603060124925e-02 3.283794950807177818e-03 3.430558978563428424e-03 4.737289282605900050e-03
-8.503910080815194755e-03 4.812920227089356046e-03 2.635317092054873574e-03 2.646883510415008918e-03 -9.592981913482965042e-03 3.225638281535036025e-03 2.712087811276456782e-03 3.416458118070926121e-03 -1.049504396676013453e-02 3.180823672381496558e-03 3.582014682127908529e-03 4.521715349829819562e-03
-8.566218703784560587e-03 4.293956154342776221e-03 2.952704693211957027e-03 3.789469360702242551e-03 -1.043098124166429858e-02 3.660933048589558488e-03 1.805758846178019119e-03 2.929145359995844085e-03 -1.061394945988484821e-02 4.157246503250165356e-03 4.241630101141129032e-03 4.088257936026322079e-03
-8.749512190572789408e-03 3.205461029799379705e-03 2.460832764247042424e-03 4.511484142681382835e-03 -1.011956837709200412e-02 2.820491949548949509e-03 2.780830135397215335e-03 4.292348948049588137e-03 -1.010900897118693388e-02 3.800952725587720786e-03 3.419481176532349325e-03 3.877688708529163520e-03
-9.481645835063246333e-03 3.974736611006069939e-03 3.668881114814100206e-03 3.289864963358445082e-03 -9.231016590350140175e-03 3.368812491277543061e-03 1.769666368334654261e-03 3.803979243419018316e-03 -9.817561507712386712e-03 3.255339188557643780e-03 2.607514183176997454e-03 4.918167650592756950e-03
