# ex_work for 12 qbits with connectivity c6 and unitary DM 22469952892928
-8.680106917424235125e-02 1.348041174442052847e-01 1.348041174442052847e-01 1.348041174442052847e-01 -8.680111343724494777e-02 1.348041324481576153e-01 1.348041324481576153e-01 1.348041324481576153e-01 -8.680106917424235125e-02 1.348041324481576431e-01 1.348041324481576431e-01 1.348041324481576431e-01
-6.438360446682447891e-02 7.272107209608473510e-02 7.737662859227308629e-04 1.757121532709514031e-02 -7.896277243599648943e-02 6.849917246259104586e-02 5.031960245741371601e-02 8.478754838064993249e-02 -7.304021655492738685e-02 8.478753545857567464e-02 8.478753545857567464e-02 8.478754838064991861e-02
-6.436900091950749359e-02 5.451387120919764379e-02 9.891284094941443783e-03 -1.096147727574408454e-02 -4.734190647936367680e-02 4.978819649548209270e-02 1.722120078389073605e-02 6.285520073354781967e-02 -6.026499236702677342e-02 4.983653293004344786e-02 5.189033981193859335e-02 4.929298915785789575e-02
-5.198353374145596451e-02 8.784697349522894300e-03 2.661670720118635824e-03 1.491485400667492750e-03 -4.412157297833117775e-02 4.251650377091673733e-02 1.024763640391686617e-02 5.121369438602613178e-02 -3.556879081418427846e-02 3.232474772922017819e-02 3.763277933974367578e-02 2.332483559866796105e-02
-4.626644295442902677e-02 6.687113981035534664e-03 1.208277643082946926e-02 -1.034351725234056163e-02 -4.353822343750718415e-02 3.649277521205011865e-02 1.217640072316943968e-02 5.727700561773431398e-02 -4.868226541460130008e-02 4.256581886824347544e-02 4.040545638760261599e-02 3.137732767465861716e-02
-3.797816100495043923e-02 1.089359557899634116e-02 2.778553717749957571e-03 -9.857919725495980709e-03 -4.543416135682820656e-02 1.989909321409050538e-02 -1.020479468718090386e-02 3.147381676784100080e-02 -2.123931337537231581e-02 4.245296763856446637e-02 4.411866874223244195e-02 3.019001303312353335e-02
-3.683519574093354482e-02 9.872482511324805546e-03 -4.409372231911160359e-03 -3.971049541556626733e-03 -3.601812647338684115e-02 1.204544828255142003e-02 3.303802289737981217e-03 2.343455851336360973e-02 -1.936095977406889629e-02 3.271571630531844993e-02 3.087043201377521334e-02 2.539292142066957095e-02
-3.319775532947794733e-02 -2.300166619406749605e-03 7.476315452519670911e-03 2.382843851133553334e-03 -2.906846409672891526e-02 5.388978310235061596e-03 -2.504841483084892782e-04 8.628480731553339611e-03 -8.918744929428998325e-03 2.768048142173077861e-02 2.731885282616493965e-02 1.770220733691440715e-02
-3.605579396537034187e-02 1.428338805683593542e-03 1.788499502090529995e-03 7.738397296697334393e-03 -2.757366979718864353e-02 3.133774222043074660e-03 1.457506582369764514e-03 7.431315015722661857e-03 -5.651763615551443770e-03 2.841658981471283790e-02 2.760880544368664660e-02 1.316819185569586062e-02
-3.427774740862758740e-02 2.649667274733416003e-04 3.506944479378081621e-03 5.421775462123430873e-03 -3.196738227107979308e-02 4.663686999595625243e-03 4.030641624648861020e-03 8.863188397409314800e-03 -7.787863231301667827e-03 2.424748490430630662e-02 3.300750910201601801e-02 1.481109890064482085e-02
-3.353069574593174618e-02 -1.604673244426707210e-03 7.586938042426545452e-03 2.420848190849646166e-03 -3.038152515790957381e-02 4.382031437192654248e-03 4.700414224854381623e-03 6.611224270456292525e-03 -1.094669900111268530e-02 3.063514808389509320e-02 3.321190960829504407e-02 1.208718805228482969e-02
-3.338053907317522356e-02 1.933353877276973790e-03 4.565401280788944360e-03 -1.872026691523268494e-03 -2.541246449977576163e-02 2.473694658724473212e-03 2.771708377623723855e-03 5.976570203747594810e-03 -3.993993462141787881e-03 2.725043413103927711e-02 2.799405521388840731e-02 1.156708672645567933e-02
-3.287840084784914713e-02 9.736593823474349457e-04 2.862857014480995731e-03 1.110397630864780447e-04 -2.626361790992444434e-02 2.550265096426230626e-03 -3.378385561354732580e-04 1.003378109465840121e-02 -2.858481685286213582e-03 2.815237907706388126e-02 2.392789414317685395e-02 1.330598270028389256e-02
-2.607250942105740488e-02 9.662078126613546467e-06 1.988408211763180444e-03 1.390830707633363599e-03 -2.267100183968540419e-02 5.297742075950444968e-03 -1.158181351352497975e-03 9.056046093612879488e-03 -4.458168162448740424e-03 2.285489959014356046e-02 1.681838708651083730e-02 9.523244641964977858e-03
-2.891770294003522326e-02 2.950164020029527861e-03 -4.523395057158565141e-04 4.391315474281169695e-03 -2.242696324444540257e-02 2.526190362936261546e-03 8.106933509035131949e-04 9.793105284881208766e-03 -3.678422195094792086e-03 2.091447045858945211e-02 1.931982044972158433e-02 8.362881980288942863e-03
-2.641149884831196434e-02 -1.323784130925093191e-03 2.263910074704959721e-03 2.203270415293523757e-03 -1.765256587484846998e-02 1.446733659577983337e-03 3.642235544605835432e-03 8.811136506202511126e-03 -1.700092675707950800e-03 1.912613188738898282e-02 1.521712212873975630e-02 4.279996717294210461e-03
-2.577899716579687764e-02 1.430808191311387081e-03 2.613926407922268803e-03 7.883074222154175595e-03 -1.837186427831369318e-02 -8.528376997432569970e-04 7.538080779069746169e-03 8.979356543463358487e-03 -7.567900538677162572e-03 1.573711262330796529e-02 1.437993122416097828e-02 4.012565860047101300e-03
-2.322480565414671363e-02 2.921893649325900399e-03 2.392231062479160172e-03 6.418762287119000182e-03 -1.996045099346122412e-02 2.409282209646518465e-03 7.673942341357781888e-03 9.287660684937771097e-03 -5.277879889805085593e-03 1.136658820673807496e-02 1.038799764218334767e-02 3.913314601940446474e-03
-2.305625496429884735e-02 4.133520935994777247e-03 2.573370212752481602e-03 4.751419098695457838e-03 -1.997351807083899006e-02 4.079827719920931309e-03 7.049144995049342645e-03 8.150998131840300406e-03 -4.833303608330753558e-03 8.052996169070880325e-03 1.118843875320464989e-02 5.846815027613355177e-03
-1.503407204952386840e-02 -5.941979012790240232e-03 3.252829631188774908e-03 6.719591196667464884e-03 -1.388530026571724134e-02 -1.745845082655457341e-03 4.989783841727459673e-03 1.023632485928932523e-02 -8.075798984566917929e-03 8.195076199218163590e-03 1.166637485629718959e-02 4.763158259076693234e-03
-1.203243246625710847e-02 -5.725581927179168064e-03 5.010085742917010955e-03 5.733563872303356831e-03 -1.620504867853886366e-02 -2.729189484584244613e-04 7.526600386662968614e-03 7.767792707423924053e-03 -9.619596168913020079e-03 9.504953120738551114e-03 8.694671145510250720e-03 4.587223732820814096e-03
-1.036405082754839231e-02 -5.186167707801851191e-03 4.776505242896966763e-03 3.348527083748403625e-03 -1.310895187723516708e-02 -8.408288768011574566e-04 6.442400960544208445e-03 5.765827187529681298e-03 -9.112585453504091354e-03 8.091952760043510245e-03 9.144630067597395509e-03 4.726538323160636886e-03
-1.223187976356170450e-02 -4.651006516780346878e-03 4.253493675798715283e-03 3.032159879572322511e-03 -1.148458647712761321e-02 1.309082986643698477e-04 5.208924971433644656e-03 6.265187760699859193e-03 -9.371934264274775842e-03 8.162433206111898570e-03 8.289556802447990008e-03 6.011189577002577777e-03
-1.184370875939621919e-02 -4.688357497004378392e-03 4.417033958524087256e-03 3.748032294838018249e-03 -1.056499689057971772e-02 -1.267100873391948995e-03 5.164133395185311129e-03 6.641442656450374966e-03 -6.936398804196617154e-03 7.136524996497771445e-03 6.830547610440065864e-03 4.357519385373678951e-03
-9.566543091495918749e-03 -3.562794156020113699e-03 4.207081860661838341e-03 1.809397152353708123e-03 -1.197958285228448681e-02 -8.507367352793048301e-04 3.952311667762754832e-03 8.167668035591806736e-03 -6.847118816605197653e-03 5.691699948042745587e-03 6.507009470028190211e-03 5.221060086687657510e-03
-9.228777478341868359e-03 -2.047417667017095797e-03 3.842951253688125027e-03 6.566430391340481558e-04 -1.177610339962329583e-02 -8.567790406079529852e-04 5.130068129673744613e-03 6.696940929991939545e-03 -7.018207584880632906e-03 5.456364585122178146e-03 7.525769118899813467e-03 4.192290494392274074e-03
-7.995824702108600759e-03 -1.956650663759110058e-03 4.382929832113537615e-03 1.607774385370340422e-03 -1.090967594254042133e-02 -3.267657178880289254e-03 5.400344546076592429e-03 6.211555440960154356e-03 -7.362488084987848722e-03 6.375402269494082064e-03 5.150785241725510874e-03 4.721102538038250696e-03
-7.886658091227712400e-03 -3.237579476039914063e-03 5.074314008685432489e-03 1.769498461158472945e-03 -1.029391641008449258e-02 -2.756521834667898657e-03 5.139884005523778429e-03 4.874860061397544124e-03 -8.384633891358350688e-03 6.912439660383169412e-03 6.528694427452577491e-03 4.706484406184695615e-03
-9.015334532452132579e-03 -2.930972542853478753e-03 3.520747672844827449e-03 3.104014178384014149e-03 -8.170729903980452832e-03 -1.902260380665727691e-03 5.602902265104509408e-03 5.833750658736053078e-03 -9.346379923047513569e-03 5.099548394093138086e-03 5.673117689905581539e-03 4.811441861242521378e-03
-8.774962927611774585e-03 -1.412450314558136907e-03 4.283298461888447248e-03 2.193583598926002361e-03 -8.291759381614376492e-03 -2.376926502398921202e-03 6.419948762718386687e-03 5.210071951781461083e-03 -9.090992249259738714e-03 4.850809916359081694e-03 4.542433771837544633e-03 4.598948382174128553e-03
-9.537838942834770198e-03 -6.610824618983953023e-04 5.533669620181544749e-03 2.717098958889932123e-03 -1.011966555900749819e-02 2.040927202041776210e-03 5.112150170828731570e-03 1.951796931060753668e-03 -9.940151037262917946e-03 4.901073825091655303e-03 4.908838340472634031e-03 5.550627427851318428e-03
-8.633551629301681671e-03 -2.326384408287162243e-03 6.974423347384898185e-03 2.892292500491259848e-03 -1.073274530970813080e-02 8.574685145615682782e-04 5.382778684494497062e-03 1.469412958711157138e-03 -9.388957154676315017e-03 4.435079151237563029e-03 6.067126906094222165e-03 5.530171724192285525e-03
-9.160374279772778502e-03 -1.294225350102517482e-03 4.859438075469992881e-03 3.183324953074738450e-03 -1.006661015483566179e-02 1.464956986121730394e-03 6.104606858990373891e-03 3.893478924333473390e-04 -8.890233446323402705e-03 4.091583226546654899e-03 6.403407832781500726e-03 5.252534473297303802e-03
-8.258752669977987432e-03 -1.670321850559961224e-03 4.578249398036093182e-03 3.194781216182437673e-03 -8.623515080999280200e-03 4.608851380206605095e-04 3.618851485369359473e-03 1.499253806657605817e-03 -7.928111892057028778e-03 3.409253734922423375e-03 6.687631978211383728e-03 4.867589182089932832e-03
-8.335178543070512550e-03 -7.769029748766546591e-05 4.418533194293880126e-03 2.552358963133532794e-03 -1.121852430161234329e-02 1.528303666686781255e-04 4.583582097787518642e-03 2.983919720121571990e-03 -7.035846920366169675e-03 3.001372534751041606e-03 7.314360889117567550e-03 3.744279290461017748e-03
-9.145981219730569753e-03 2.898993828702994130e-04 4.385088821053912018e-03 3.018634518875790498e-03 -8.982743442484609347e-03 2.646101152558877085e-04 1.471245983135793627e-03 3.569002251687017954e-03 -7.547315749457745616e-03 4.650757031975440679e-03 5.649221343494680893e-03 4.230887576096102262e-03
-8.087352101403664020e-03 5.222525242048909342e-04 4.336618234407153827e-03 1.316357480339965056e-03 -9.011366395183122158e-03 1.726686474872043443e-03 2.599219941150557496e-03 4.452428000206678019e-03 -8.072982082712384932e-03 3.643504268869669684e-03 4.146955300011734985e-03 4.138818717321610802e-03
-7.987489950284859877e-03 1.084542599237751188e-03 3.879724967440624766e-03 2.196127614898853164e-03 -9.233706034073476190e-03 1.458098902180720441e-03 2.900930644373230904e-03 4.401115345214148648e-03 -8.409529307252474120e-03 2.296960911814603656e-03 5.568017772504669366e-03 3.614606094093316714e-03
-7.434867106581221664e-03 6.562531107364020155e-04 3.095391167040912207e-03 1.468350224211933085e-03 -8.645029285662688204e-03 2.339311398575183443e-03 2.237423955566854913e-03 3.075626477375562832e-03 -9.035600786622273797e-03 3.147786883458391586e-03 6.077253551332069750e-03 4.745694281521870873e-03
-7.123495854523570481e-03 1.902371321680605253e-03 1.962597457858306343e-03 1.815232548211274510e-03 -8.765296100203949850e-03 2.193110819801750641e-03 2.021591477437781250e-03 3.002271681606224086e-03 -9.275275453878815968e-03 2.704699930372801014e-03 6.576461595949519359e-03 4.724879972695992733e-03
-7.711173408045509693e-03 1.777684184561462762e-03 3.329401632259474872e-03 2.079063465130418040e-03 -8.441455321367172943e-03 2.255418063335651747e-03 1.068995780598168454e-03 4.376108709595246359e-03 -1.089274434107638176e-02 3.312635882321502724e-03 6.746984300307542863e-03 4.131471876481573359e-03
-9.241996873668750778e-03 3.486817908948506434e-03 2.935889737678086704e-03 2.179710482723746460e-03 -8.804280640339615799e-03 8.885252680255307329e-04 5.901537990297298043e-04 5.693490976074450267e-03 -1.033041228257611244e-02 4.526593895528480127e-03 6.591873959863801986e-03 3.732820222539401378e-03
-9.626444504080081122e-03 2.192908207337866417e-03 3.759296498784717600e-03 3.051746343820479612e-03 -9.560059667679882828e-03 1.059539756005038920e-03 2.446919515766016791e-03 4.433769793023263107e-03 -9.663625361105165207e-03 4.720963913919930949e-03 5.398785481689386857e-03 4.008508555074620852e-03
-9.128495457569746341e-03 3.236337703870157192e-03 2.081927007619264070e-03 3.391361753590996751e-03 -9.397476468199971941e-03 1.503180418780128424e-03 3.533932135248287008e-03 5.306714959981720554e-03 -9.679443748761723879e-03 4.063672383632917912e-03 4.121830939705380288e-03 3.064195525088321808e-03
-9.897539490322508626e-03 3.138391974862021760e-03 2.091759297523606339e-03 4.351939494809439930e-03 -8.525713884646551194e-03 4.387874283113544810e-04 3.773849089310790661e-03 4.695584318439184786e-03 -1.025313370641661725e-02 5.460300900872010199e-03 3.560462768481149724e-03 3.384174399691520976e-03
-9.742761553761272036e-03 2.573518717831294739e-03 2.705859232898309708e-03 4.084885228514080827e-03 -8.028480441081885591e-03 4.764050991461433928e-04 3.349563294929101386e-03 4.505806956606282256e-03 -9.235471372489402475e-03 5.676587390943121057e-03 3.276447650806306455e-03 2.327061705443304526e-03
-9.762079966837188330e-03 3.099195751366021819e-03 2.730578976642825204e-03 3.017622399307437996e-03 -8.127785241442085293e-03 1.276758450618055690e-03 1.990917986789004709e-03 3.996989622793631174e-03 -9.179091803395437316e-03 5.764540407625622781e-03 4.303497156745991932e-03 2.847419278827064641e-03
-9.233581839473918584e-03 3.624383395550637935e-03 2.025405872482248862e-03 4.189331899027904337e-03 -8.846353777847218436e-03 2.601221703147352758e-03 1.602475938368682793e-03 2.723609459219007538e-03 -8.621441042275175201e-03 5.554567345208791078e-03 2.736771316166536783e-03 3.529152985120464180e-03
-1.025151349843620059e-02 4.141692592536111092e-03 2.693871144157136341e-03 4.221884967369048114e-03 -1.072165597977569294e-02 2.189103687071826919e-03 2.471569274770581137e-03 4.392707779662391974e-03 -1.012346810512008630e-02 5.807218903998155254e-03 4.982569533588897953e-03 2.768170972310447786e-03
-1.128346119039589160e-02 4.631909298632219674e-03 2.963603913218079700e-03 3.245415853482494506e-03 -8.625747025244172653e-03 2.400000655160412690e-03 2.550438866741672281e-03 3.019810627807992167e-03 -9.955559730223858053e-03 6.181336371114692745e-03 4.076267748479978255e-03 3.181748401022080428e-03
-9.066568412881736289e-03 2.178047488506516284e-03 2.333833576802857215e-03 4.297750505761296913e-03 -8.257105673868942244e-03 3.064504654689761184e-03 1.390599080533418217e-03 3.364228941199821996e-03 -1.027556836916558407e-02 6.552407378991723964e-03 2.636969405203692073e-03 3.842803052831942050e-03
-8.073696887779955450e-03 2.843873566091441318e-03 1.668307227861178877e-03 3.683523010152356565e-03 -1.005804449723474506e-02 4.120292612109246327e-03 1.573721745807398625e-03 3.125985783582975377e-03 -9.710180185646370352e-03 6.273244235811427545e-03 2.558190010230766004e-03 4.086092028007193289e-03
-8.543151904828035978e-03 4.513806888868998786e-03 2.031659915475310905e-03 3.287242063625984371e-03 -1.037585629821061520e-02 3.628235175303744231e-03 9.199253066352759125e-04 2.228607817096820397e-03 -9.380045495324390928e-03 7.197473321339916720e-03 2.565458631296441833e-03 4.132675650445010937e-03
-9.432754637499653552e-03 4.355426549721905065e-03 3.646127313144026643e-03 2.714426001030788987e-03 -8.761630237871381732e-03 2.746845045483612899e-03 1.588793689234266901e-03 6.888728914963073184e-04 -8.687124219022058363e-03 5.668061957667825529e-03 2.695742000252583648e-03 4.731677177093241218e-03
-8.669639559711029078e-03 4.946525046459471046e-03 1.969043190920794113e-03 3.002279541153850956e-03 -8.866176260113489693e-03 3.470606831240135096e-03 5.622512310378244456e-04 1.107504045027564617e-03 -9.011590173956210426e-03 6.501368463342760418e-03 2.225429604255136067e-03 4.722693203243481103e-03
-9.225373829372766898e-03 4.415412749054128255e-03 2.724018267595494733e-03 3.338238807314994686e-03 -9.160839726489660578e-03 2.873999780592949999e-03 1.818074353867065677e-03 7.320332606199258033e-04 -7.757182377842901551e-03 6.278586854686113612e-03 2.168510470565692978e-03 3.656420572277423436e-03
-1.083555274049199414e-02 2.760421225835558035e-03 3.697900303484327571e-03 3.854079992505326027e-03 -9.321569061208755114e-03 2.765041602883895784e-03 2.874550494657437429e-03 1.678319244410422404e-03 -7.947358221033967024e-03 5.571884393849349006e-03 2.472525845599833367e-03 4.544780633762107031e-03
-1.012052387952928380e-02 3.045619104938271891e-03 3.032347148239588480e-03 4.118583601833525169e-03 -1.050922408194022994e-02 2.421973174265418510e-03 3.377990162898707096e-03 2.490262538111003704e-03 -7.677571551644602615e-03 6.340989508129946974e-03 1.164742936325867829e-03 4.495915172897133744e-03
-9.310806948485071330e-03 1.561461601269777772e-03 3.550405489377350676e-03 3.713127869281891789e-03 -9.714382439483477960e-03 1.621209395017529295e-03 3.777528261933199138e-03 2.662978728062794388e-03 -7.450031445014581796e-03 5.922694621885951638e-03 2.414152381448768977e-03 3.136874517195983088e-03
-9.970102279867824879e-03 2.067598138326468687e-03 3.290873134081591465e-03 4.204215791560544403e-03 -9.566652409559466344e-03 2.619596458821210269e-03 4.527716401222168542e-03 8.103320779291771966e-04 -8.309198020291150982e-03 5.851398209902286367e-03 3.544296342113837425e-03 3.019822513977652237e-03
-1.058143073802927762e-02 2.611603524593104735e-03 4.079337347525113441e-03 2.682009941330942837e-03 -9.246588164036003560e-03 4.039165689364219297e-03 3.253930837393492152e-03 2.865678627908113067e-03 -9.465773584123718387e-03 5.838875021770941268e-03 2.446882429214463067e-03 3.742334439761894806e-03
-1.038116598299927001e-02 2.686903472580493002e-03 3.552898931587858151e-03 2.847023730110152633e-03 -8.263711092512962542e-03 3.732026404416973267e-03 2.200408906357200715e-03 3.120550360372589989e-03 -8.186927030417064793e-03 5.715623790578066091e-03 1.553661065838344126e-03 3.342400299783768267e-03
-1.045818201645423023e-02 2.858563997354897617e-03 3.481373686948875668e-03 4.246242688903994512e-03 -8.068495748958936717e-03 3.100796068008198313e-03 2.622844597487811440e-03 3.133437598134853046e-03 -7.398077534125103820e-03 4.641411112867359356e-03 2.998717963074977542e-04 3.353624925441299476e-03
-1.082099642506533302e-02 3.013615344286472465e-03 4.124322459125757956e-03 4.351944297522136219e-03 -9.057993236353664365e-03 2.269843260663745917e-03 3.275794561646865576e-03 1.923504409688039712e-03 -8.496449563400761476e-03 4.898948803084296304e-03 1.955378252284729369e-03 4.709472041754554812e-03
-1.090326216524679578e-02 3.459716651879360221e-03 4.430228314401127993e-03 3.696044971355806445e-03 -9.076903627421056830e-03 7.007030306049698417e-04 4.341673393329617894e-03 2.467925402326529450e-03 -8.613859505084820942e-03 4.749345746678536144e-03 2.628694012898390251e-03 4.313023661490620990e-03
-1.140102581419407367e-02 3.746302473361990629e-03 3.429084068064086697e-03 4.966284891304338124e-03 -9.624014446829783423e-03 1.706232842191670587e-03 3.471875663258334674e-03 2.920132258233051892e-03 -8.385319059842830797e-03 4.463316834040690836e-03 2.938536426118702662e-03 4.067723660640391002e-03
-9.879782684634031906e-03 4.486767238917914978e-03 1.887744565215777838e-03 3.432847052199961523e-03 -8.334334090358139907e-03 1.955242434725979438e-03 2.886569877114170211e-03 1.348705070329692980e-03 -9.044110238178786759e-03 4.501179590615671071e-03 4.330600115175377469e-03 4.408151380156279629e-03
-9.646517249527456275e-03 4.587342121959991047e-03 9.369012546584073921e-04 3.114436861921691512e-03 -8.628173157642403737e-03 2.999498574178170469e-03 2.905123592431822690e-03 2.073424866274376811e-03 -1.038715469155123035e-02 4.569879598039442402e-03 5.429045069471388242e-03 4.253388598524193188e-03
-9.867157916656469144e-03 4.995651563055334386e-03 2.825843634099112385e-03 2.875086040343152651e-03 -8.785575782017196120e-03 2.683853343703062472e-03 1.803706034834174797e-03 2.154965029853558433e-03 -1.028577646221023184e-02 5.522080273807920305e-03 3.999106234595340217e-03 4.312234404240625207e-03
-1.008066969781573965e-02 4.609711293898205962e-03 3.748689531293153496e-03 2.601587340674046955e-03 -8.849950652986913330e-03 1.195267915162285654e-03 2.535227849958932803e-03 3.021486243665488271e-03 -1.098626907917371956e-02 6.555865108321563654e-03 3.651983636696206313e-03 4.420453543656452725e-03
-9.839162369212671108e-03 5.406377549187571692e-03 3.828182148412272341e-03 3.197487433980158392e-03 -9.065834690650614869e-03 5.721148900505362888e-04 2.390839637103494165e-03 2.842598746821943263e-03 -1.204447460731440829e-02 5.854562244438566397e-03 3.955268064211941818e-03 5.537696248957330383e-03
-9.046501016599364439e-03 5.234785670061742682e-03 3.565701599742605084e-03 3.268847199255112915e-03 -9.361506217902699697e-03 1.027034697418472819e-03 1.951643025764983764e-03 2.885686865217902252e-03 -1.081049397874256877e-02 4.571076667748165227e-03 4.283801727700676902e-03 4.721268348354082378e-03
-9.927965930880683701e-03 5.235882829781502920e-03 3.832949427180406491e-03 3.140695867536458241e-03 -9.813785873597694401e-03 2.833919255045494554e-03 1.243241201866300332e-03 4.325628199811797081e-03 -1.095246415078931015e-02 4.497786678938455081e-03 4.579487842130304000e-03 3.506913491354093221e-03
-1.029782783677807290e-02 5.605414020602474991e-03 3.374817964616664331e-03 3.886422506713488063e-03 -9.627771111097631340e-03 2.581712573693644135e-03 1.357934990951150007e-04 4.792766187597680833e-03 -9.862433503518182321e-03 4.190742129722970985e-03 5.300564305507092511e-03 2.334576278206252839e-03
-9.852860689494976482e-03 4.565181442738884370e-03 2.508624573465889455e-03 3.756553668980608038e-03 -1.161982409593981767e-02 3.659700680829990581e-03 1.926388499879715761e-03 5.279742059823721960e-03 -1.001286992749870347e-02 4.019355247776420538e-03 4.592242173807213265e-03 3.806677383398310559e-03
-1.004290118649881283e-02 5.053977245840544398e-03 2.562064818396808837e-03 3.352519436800972547e-03 -1.000493644645020740e-02 4.170680267909516147e-03 6.698869943796226592e-04 4.248050761675404782e-03 -9.409518805783164547e-03 4.532228288805008679e-03 4.272675872103275964e-03 2.909734664691680794e-03
-9.465759800806052351e-03 5.521244817513545379e-03 2.911303645778462457e-03 3.230691506636066378e-03 -9.429047154063610256e-03 4.355960495529427254e-03 -6.421013713970922902e-04 3.677643649559424015e-03 -8.913358056130554763e-03 3.279212494828081820e-03 4.520039124003872276e-03 3.064129461421206003e-03
-9.662028828656845855e-03 6.042195826542461415e-03 3.052863727727559481e-03 4.386311062050453694e-03 -9.287179628034197137e-03 3.224256455102761897e-03 -4.983606112365944257e-04 4.147512883109330355e-03 -8.979028423053812477e-03 3.655486656642136824e-03 3.434403424076628349e-03 2.616893311810938091e-03
-9.885225569972334175e-03 5.260261225291218423e-03 4.284610984496186291e-03 4.099629256058560239e-03 -9.044784615571331912e-03 3.289055460427933123e-03 5.398670795704220692e-05 4.111540159541875704e-03 -9.187545121054482497e-03 3.864379197447400695e-03 2.961772364939906522e-03 2.320862190039556933e-03
-1.019535605575279738e-02 6.391685596190453157e-03 3.912116039225808570e-03 3.176080664310886210e-03 -1.070901142120702504e-02 3.805384345050284115e-03 1.432342131920210726e-03 4.042676099966154533e-03 -9.626740420450025440e-03 3.653692058515660250e-03 2.949416627441269791e-03 3.651913162614791111e-03
-8.927759788266192292e-03 5.917058753867787853e-03 3.367619228088969668e-03 2.869776967832951466e-03 -1.174348027194208402e-02 4.438852420024435447e-03 2.941121325193623865e-03 3.017638353733944484e-03 -1.035085246708437184e-02 4.048006554959826184e-03 1.920478134226713931e-03 5.085720284684021320e-03
-9.670503843769832214e-03 4.848650949613490628e-03 3.495039693982357389e-03 3.808722894249825727e-03 -9.742015855805152141e-03 4.093126214718027962e-03 3.877848620955307284e-03 1.822293198273250685e-03 -9.968021558933342838e-03 3.696599440353712761e-03 1.813611386394320098e-03 4.195194488830065148e-03
-9.317076190514382572e-03 4.854045332590014965e-03 2.985268612580542404e-03 3.637621323386868236e-03 -9.874330708074828544e-03 4.067536247147876885e-03 3.209156004570991056e-03 2.628013012977651296e-03 -9.572355272149299030e-03 3.120207163788989158e-03 2.498726666017629661e-03 3.917007129786148102e-03
-9.174458730329687270e-03 4.865156734714784492e-03 4.428534782556381270e-03 3.350633447156504529e-03 -1.053129948612220937e-02 4.699317321040136913e-03 3.469340785116030359e-03 2.779285747692412153e-03 -9.729139062108893912e-03 3.688043011507528227e-03 2.199198600383348804e-03 2.237312113539761341e-03
-9.506288850132283905e-03 4.252287666349317298e-03 5.639301366046897863e-03 3.144831698841020918e-03 -1.053970600212335469e-02 4.641088098468517005e-03 3.371638730495142393e-03 2.979415781167872590e-03 -1.035066903574696079e-02 3.625447191219251762e-03 3.995808275887562794e-03 1.203282045235469196e-03
-8.892432829936326721e-03 3.804674592409664369e-03 5.509602499249192931e-03 2.983431417931772887e-03 -9.211716111802296589e-03 4.841933753747411362e-03 2.304761793010663869e-03 2.355880928287297157e-03 -9.514037188602247896e-03 4.012175668833185653e-03 2.265300251977325763e-03 1.571647036534921374e-03
-9.025997241095594023e-03 4.265274845180785056e-03 5.110088878876264777e-03 3.110657074066220783e-03 -1.048787175420549077e-02 3.359135908181372192e-03 3.504000836776519339e-03 4.032442702778944212e-03 -9.863990421155243923e-03 3.309321347168373093e-03 3.271992036330612173e-03 1.683607659755520557e-03
-8.871783455318424730e-03 4.666220926379533417e-03 4.958329726846451117e-03 2.680565489959603909e-03 -9.933125306547607725e-03 4.925453019345477253e-03 2.156263173183641316e-03 3.212696317336259395e-03 -9.800701302320696459e-03 3.594929924820607428e-03 3.140310910419549101e-03 1.444765407528710629e-03
-9.888991980563494738e-03 5.252130899372440924e-03 5.170638526609643883e-03 3.515989216991961038e-03 -1.029124251500013708e-02 6.085310622001637720e-03 2.983014820307099569e-03 2.374488462881295045e-03 -1.018423696069249880e-02 3.579643424855220857e-03 1.581435777699305304e-03 2.304549937948680450e-03
-1.041998577465698232e-02 6.060801439500127473e-03 4.633431885348650650e-03 3.046630236424169996e-03 -1.038483647669180901e-02 6.140190490293274093e-03 2.717887597819077655e-03 2.607383099531909634e-03 -1.052254452353416046e-02 3.551238792111347398e-03 2.558114024371226612e-03 2.645373358419216090e-03
-9.641356636466178603e-03 6.261735741054280484e-03 3.376396966228086948e-03 3.679754204281052068e-03 -1.050504447553932824e-02 4.781124460337942556e-03 2.786903458873711461e-03 2.694488020407604517e-03 -1.087767845988851442e-02 3.595443127592980268e-03 2.761983376763435961e-03 3.638883424731130349e-03
-8.553526611372555544e-03 5.730262008742623668e-03 2.581636258099370435e-03 2.538074560759453601e-03 -1.003597667469415325e-02 4.712889735144359937e-03 3.484103758220937538e-03 1.956111125237456651e-03 -1.020090279402601635e-02 4.034750613368962534e-03 2.397055688082547903e-03 3.562519459950305809e-03
-9.090890819290688152e-03 4.997601077023802220e-03 1.990315289737806109e-03 2.885383936844538623e-03 -9.634987219874633496e-03 5.465897418498297591e-03 4.596667316818720157e-03 3.155040188102838225e-04 -1.019587272479555336e-02 3.383329958599463286e-03 3.435637121889586598e-03 4.116769951261937434e-03
-1.076872411029355416e-02 4.355201008856249452e-03 3.773821572781014579e-03 3.552499141205116805e-03 -9.429994456658872745e-03 3.349496873088758826e-03 5.236416797800622254e-03 1.595383660152077882e-03 -1.021081045900141572e-02 3.451608755509889999e-03 2.715172410561913097e-03 4.827113985372585674e-03
-9.662665106494645537e-03 4.107488660586984704e-03 3.307382923776776198e-03 3.033396973856636661e-03 -9.578559326199664881e-03 3.679272496104906646e-03 4.618705229361602486e-03 1.975243207715912403e-03 -9.498714848793759352e-03 2.043777517372964009e-03 3.709867048560661941e-03 4.428092249964561862e-03
-8.995788696634213211e-03 4.446018063443992613e-03 3.166186085010608883e-03 3.464541990017283232e-03 -9.647570413211528639e-03 4.366285846725293310e-03 4.012564663199014517e-03 1.333383541263968592e-03 -9.337808475914291875e-03 2.016275818586116958e-03 2.463669749513052246e-03 4.783786331207300242e-03
-8.964145461227916722e-03 4.383988095067224179e-03 3.629363909168950662e-03 3.086377475685229445e-03 -1.031398180158135149e-02 4.738534621030061553e-03 5.221704493788923568e-03 5.311856318447853590e-04 -1.027571614076543995e-02 3.196805757038029099e-03 2.671672244492181211e-03 4.438576420325827596e-03
-9.814108538749196503e-03 5.235886104873687351e-03 2.822628949556715144e-03 2.518230316937404480e-03 -9.828019881569010838e-03 3.317914830180879703e-03 5.409373395282537911e-03 1.736758379577442966e-03 -9.502560772455061894e-03 4.333302796437419301e-03 1.607289504955555044e-03 4.437388964046478507e-03
-9.826378673892315410e-03 4.340766082677124070e-03 3.889690641601163158e-03 3.775234057016719179e-03 -1.011547572155952965e-02 5.449161110514849984e-03 5.345024040698981814e-03 -6.878726533990390201e-05 -1.052198936458655955e-02 3.574754777315546431e-03 2.423388437578958589e-03 4.253885184400871093e-03
-1.023676890936369398e-02 5.261280568892168739e-03 2.947835905129107294e-03 3.872203963171095241e-03 -9.087282134030679262e-03 4.459429363659112369e-03 4.735347189260368655e-03 2.116933310244101610e-04 -1.042199366187167471e-02 3.157121093502059106e-03 3.838755343505954702e-03 3.642401279888172506e-03
-1.006197893722871051e-02 5.227834796503049060e-03 3.051575567439948275e-03 4.682097153837942900e-03 -8.524213885971781285e-03 2.925206420787072360e-03 4.238746180920259510e-03 2.361577765474179443e-04 -9.980309265805125882e-03 3.130200343639717893e-03 5.921474363158276376e-03 1.400834139654766157e-03
