# ex_work for 12 qbits with connectivity c6 and unitary DM 22663044077504
-8.680106917424235125e-02 1.348041174442052847e-01 1.348041174442052847e-01 1.348041174442052847e-01 -8.680111343724494777e-02 1.348041324481576153e-01 1.348041324481576153e-01 1.348041324481576153e-01 -8.680106917424235125e-02 1.348041324481576431e-01 1.348041324481576431e-01 1.348041324481576431e-01
-6.962758837758765973e-02 6.989591479143369979e-02 4.905310112426507219e-02 4.992285898139453559e-02 -7.961976881916806026e-02 7.143792533163956238e-02 6.723455370238867745e-02 4.913456622268839308e-02 -6.962762878132039424e-02 4.905311346200037781e-02 6.989591479143369979e-02 4.992285898139452172e-02
-5.967494688865601637e-02 1.197512800785009192e-02 3.389698590571384174e-02 -4.781458574251371864e-03 -6.596711396597992882e-02 1.588896714085216710e-02 3.741204817832250590e-02 2.490899767498599635e-02 -3.317450216888736397e-02 5.470113865659940316e-02 6.736739610591981064e-02 5.811639106919971182e-02
-4.844852155858617865e-02 2.741106801293377582e-02 -6.821721346002790429e-04 -3.929074912170269288e-03 -6.854897473114197892e-02 3.358755148787016115e-02 1.718506465163316052e-02 2.863183933972901843e-02 -3.450563466475355112e-02 6.851721379011642410e-02 5.527020502846884120e-02 5.533450077436963266e-02
-3.351330118068402558e-02 2.053553962102560443e-02 -2.529467472187004861e-03 4.401235473317726896e-03 -5.631061200510176223e-02 2.177713818363623266e-02 1.081468497248563518e-02 5.354440972478457134e-05 -1.927914621350327110e-02 4.159407801946908567e-02 2.953293705678140466e-02 4.437482048349658537e-02
-2.180901493752344586e-02 1.480036868404874945e-02 -6.278763542978166474e-03 -1.229522875142311086e-03 -4.031099246477339720e-02 6.790664771294740824e-03 1.396630831199898023e-03 3.938983740966946721e-03 -1.528941752759490659e-02 3.525955386244715439e-02 1.940471301038933227e-02 3.330336856709969345e-02
-2.584040676284608470e-02 1.139082968093683979e-02 -4.415594947769614642e-03 2.884200358334540817e-03 -2.988789465576241824e-02 1.018381119688350177e-02 -2.965197633331753940e-03 8.190857632740201552e-03 -8.566521667482018126e-03 1.896885114303536318e-02 1.906326151027211077e-02 1.842645541535663234e-02
-2.413861402955560370e-02 8.193899073777918818e-03 -2.937484642504469522e-03 2.347731400177994511e-03 -2.872274367239447193e-02 1.124170151808466002e-02 1.126548538843055031e-02 7.748266200879955212e-03 -9.305888798229326395e-03 1.081755259978974502e-02 1.056906612323845092e-02 1.706155764377657522e-02
-2.332139633391306852e-02 8.364172244432048833e-03 -5.292817536417730690e-05 4.586531153175895715e-04 -2.225014283757170697e-02 1.124712492387628174e-02 7.071665238484224972e-03 6.371604580650010174e-03 -9.816882349766738874e-03 1.000943166000908650e-02 8.080606858780054608e-03 1.418229295416215119e-02
-1.976246367221068043e-02 6.147275993627157771e-03 6.699243409631208852e-03 6.128960899330816552e-03 -1.961477082188319010e-02 4.618070162155389104e-03 5.706161160562681382e-04 2.579837496067359688e-03 -9.846744518238128782e-03 1.031682775094868061e-02 7.391933518953389647e-03 1.242110636172553267e-02
-1.991288056058014566e-02 4.953534125902810635e-03 7.055178497343364032e-03 7.127515411581370613e-03 -1.835426407740780100e-02 4.577802477088354673e-03 1.785937844922032107e-03 9.434194696589325347e-06 -1.100067800216667294e-02 1.082414728506932849e-02 9.541467965520201641e-03 1.098719928070796339e-02
-1.955076884926422801e-02 4.372774550274365415e-03 7.635749850358890777e-03 6.732524832948678928e-03 -1.927163551995164301e-02 5.387641564655044381e-03 3.285864890826983246e-03 -1.260073181411804208e-03 -1.004615385698389048e-02 1.040526409916427836e-02 7.738499954930656496e-03 1.218942950355635969e-02
-1.873053205340214494e-02 3.092281939829982177e-03 8.506821232648982892e-03 7.767590352736413427e-03 -1.986606121386774032e-02 3.629485523048179424e-03 5.289040798848091036e-03 3.086928886216023377e-03 -9.311285593429035820e-03 7.036305140741708729e-03 7.164127401619743707e-03 9.327221583727849166e-03
-1.090801065137734886e-02 -5.360845606050892997e-03 5.378112167399382547e-03 5.300990994085295199e-03 -1.636274346780674377e-02 2.700726615195018707e-03 1.061637979502904391e-03 5.447943942568860866e-03 -8.732721251387199832e-03 8.276228355086194879e-03 1.103610586412837047e-02 6.726827671261348916e-03
-1.132057294776359253e-02 -4.660423847188193205e-03 5.482613855954257889e-03 4.956716387642184744e-03 -1.748595092674148574e-02 2.640328198577258749e-03 2.405634514728128854e-03 5.432499144675947793e-03 -8.526980148442706020e-03 7.445423595428311316e-03 1.093722270914999732e-02 7.481554027569968512e-03
-1.016838887589858499e-02 -4.762835614140790291e-03 4.789289772174520031e-03 6.105057020350832669e-03 -1.753805699742666188e-02 3.545121972628654736e-03 1.880209628871350701e-03 4.840624524613125479e-03 -8.259565975695701279e-03 4.509471389490833822e-03 1.026961752589134434e-02 9.343968676153462452e-03
-9.955618640144766468e-03 -1.043828089993485003e-03 5.655778578216703878e-03 5.738882425603394379e-03 -1.283158593598637646e-02 1.516213565156439150e-04 1.729098573466668993e-03 -9.936533253848197234e-04 -5.589684755971220664e-03 3.425789210572338477e-03 9.519108050679849289e-03 7.032043742942550336e-03
-1.175146170775967329e-02 1.001923939022667399e-03 4.742133100433054173e-03 7.270208446794958028e-03 -1.207383830487717205e-02 -2.953829072365950518e-04 1.664603895267889296e-03 -1.105299740216753929e-04 -3.310886388828515256e-03 3.104531888212652951e-03 8.953281135739777491e-03 3.438501437459361761e-03
-1.164524904201847191e-02 4.897891007153419053e-04 5.313613490483145435e-03 7.096762961297165516e-03 -1.259509639906890993e-02 3.124841152489789514e-04 1.873367676780154836e-03 1.915570377600390745e-03 -5.724449741696095544e-03 2.985891708689326907e-03 8.958294726150237489e-03 3.887098498238309406e-03
-1.106007564980947960e-02 4.722083718852348490e-04 4.882264240170734737e-03 6.862998609466530557e-03 -1.165731129933483476e-02 9.133709075736627528e-04 -7.061974528601326281e-04 2.857882080716361937e-03 -6.305223727177542564e-03 4.820533004492898350e-03 7.212263561906925510e-03 4.322488839266103861e-03
-9.417266084383651634e-03 1.696487725991182314e-03 5.690132300452828938e-03 5.994023344902885998e-03 -1.250277571246408842e-02 8.954195164437748437e-04 -2.491643539632960262e-04 1.879930513151700528e-03 -6.096175047490057577e-03 3.332450245845578092e-03 7.478682514466370064e-03 3.729208038549046249e-03
-8.517921389946224095e-03 2.687829336287720196e-04 5.591511359339615753e-03 6.587326423886178881e-03 -1.162510955998755091e-02 1.052116648103954260e-03 8.151443393297321330e-04 -2.770522289830792593e-04 -7.506625914994870946e-03 3.664688529695767430e-03 8.315171713870455478e-03 4.045480782667962294e-03
-9.221195593107713723e-03 4.481662021534531075e-04 5.752090565639896534e-03 4.504329125129263346e-03 -9.208374518723043758e-03 1.534215216082116624e-03 -3.221721919786570566e-04 3.126321176109341730e-05 -7.246336353374138901e-03 4.555091877558361743e-03 7.584394811222303252e-03 3.611866985899250294e-03
-7.767131546277334167e-03 -9.368181486210353339e-06 4.045052490465150634e-03 5.281547161944784990e-03 -9.721070972524514103e-03 1.074694447528044740e-03 8.741875579300863652e-04 6.335515299793107553e-04 -7.933610411313853431e-03 4.950285960171571173e-03 7.240732085943410098e-03 3.260592394093096355e-03
-8.272864142528715825e-03 -8.488866952355588781e-04 4.993061204755070565e-03 4.047176993987845577e-03 -8.445207242080709359e-03 2.933311575575212027e-04 3.842659635679931984e-04 6.888267562824769864e-04 -7.381296401299855189e-03 4.631939486618336620e-03 6.969253623268343092e-03 4.738693195809307555e-03
-8.921873069182689395e-03 4.672973852031438321e-04 4.628370089201271943e-03 2.979883725105455725e-03 -8.709568343642724517e-03 -5.058587710510554358e-05 5.619711259462666303e-04 2.464764281288582635e-03 -7.354677302576335951e-03 5.333895204612194331e-03 7.328138937025080457e-03 3.126205216321209599e-03
-9.199810028747897397e-03 1.120625263257980070e-04 2.210314781163302562e-03 3.304290937488062099e-03 -8.210713280726427907e-03 -3.149592938035131661e-04 3.020053001830896953e-03 3.703494843768022349e-03 -8.758629221417860156e-03 4.967579387126131243e-03 6.418504367480514124e-03 4.704965254711819533e-03
-9.425833516419363650e-03 1.636830236967279492e-03 2.602691815850253533e-03 3.963624217835864591e-03 -1.058359526004760964e-02 8.561965672947330125e-05 3.439019462378197119e-03 3.208620578277809887e-03 -8.991623420903007563e-03 4.947290838479029285e-03 7.877274744658826003e-03 3.609629440205301080e-03
-7.307218849601400390e-03 1.180380045806905982e-03 1.798206634016180161e-03 5.296028661815535034e-03 -9.909883192270945232e-03 7.358097149214854306e-04 4.590968927089575206e-03 4.625548743977538047e-04 -9.284483856618985440e-03 4.601640181269242395e-03 7.306060091501290557e-03 2.585134982795159707e-03
-7.005538650546733193e-03 1.308641032493796210e-03 1.291974307607372070e-03 4.320239875934160298e-03 -1.213826570194622041e-02 3.449038757184017066e-03 5.493949924429334872e-03 2.617701776373005220e-04 -8.398307402277215700e-03 4.674915695710188217e-03 6.783564558321613508e-03 2.197641102059079681e-03
-7.273762397999544368e-03 1.986648063701720315e-04 1.645527007037492478e-03 5.369356508157348273e-03 -1.153340182922981370e-02 3.842451131094143553e-03 4.292086504330151070e-03 4.109482310283292896e-04 -8.720000838567143128e-03 4.907737018522071587e-03 6.728659944792581525e-03 2.354550946018672646e-03
-6.753129539322568452e-03 -3.251520680023510306e-04 1.972432933614419806e-03 5.100839518329114246e-03 -1.223602495603270598e-02 4.409538045183614835e-03 3.713931105947532174e-03 6.463603781474824145e-04 -8.338744103475632941e-03 5.619422067669392444e-03 5.952073914803008084e-03 2.467132239564961103e-03
-7.474619590306769666e-03 7.868671271327421727e-04 1.783884247717086764e-03 4.913582040910270503e-03 -1.184336686309816165e-02 3.927145867540842925e-03 3.892572570835054532e-03 5.266190202212057666e-04 -8.387099250531366776e-03 5.925531361447955274e-03 5.641911979925456205e-03 2.518244849429026461e-03
-7.425271787360039795e-03 1.202250789270558175e-03 1.574253811908894784e-03 4.615442039730285016e-03 -1.126631323637436281e-02 3.441156622306438921e-03 3.938376614790069924e-03 3.166177682372835699e-04 -7.838587096407377899e-03 5.525137117411883445e-03 6.196962269658701054e-03 1.756724862554519435e-03
-7.446294543449230065e-03 3.971710845585672161e-04 1.354395754977847808e-03 5.193830098152894641e-03 -1.137572994447807496e-02 3.900726973779178146e-03 4.243409601738106461e-03 6.520634155048215565e-04 -9.224375151700691874e-03 5.142598967839824738e-03 5.551442900587596867e-03 3.854847365674548155e-03
-7.761739831879433532e-03 1.936120758905454913e-04 1.960897758627561452e-03 4.733343230778729559e-03 -1.001021832455964433e-02 3.239004198167973539e-03 5.096092883283637187e-03 7.535037361846186766e-04 -9.213483918973407530e-03 4.774294385788360566e-03 5.637503387682458490e-03 2.642990587885085674e-03
-7.917404002135300031e-03 5.760980504397190645e-04 1.898918461041747838e-03 4.610591395598936243e-03 -1.016255281620143634e-02 2.370508976127713718e-03 5.451944532748624964e-03 1.934829801502487966e-03 -9.251797826693592894e-03 4.619311740979496587e-03 5.621638460141859493e-03 2.318234153444140820e-03
-8.635752197578710349e-03 -5.599510019751072990e-04 3.089705452025776067e-03 4.627747085113757819e-03 -9.783993156325091270e-03 2.599981780530089253e-03 5.163944421319292995e-03 1.206929228260116786e-03 -8.442276507779363989e-03 4.509522736586659038e-03 5.083497552292185265e-03 3.151106346731737378e-03
-9.001100696421428932e-03 3.264380185282185314e-04 3.111369008976802054e-03 3.494132447917894669e-03 -1.007449296760785061e-02 2.104390483107218546e-03 5.654690434524851407e-03 3.172013244155312290e-03 -9.461682853233299023e-03 4.116462788037920061e-03 4.583489444008965498e-03 4.171672812470483653e-03
-9.547235433640697405e-03 -3.005162916111263263e-04 4.132270553153892002e-03 4.085585024953084822e-03 -1.024024105364245742e-02 3.528044594529808342e-03 5.404308063841561406e-03 1.759142795298874063e-03 -9.184661519015945019e-03 4.404401359507130291e-03 4.305636277158689067e-03 3.942722416952022454e-03
-9.235004120127883118e-03 -2.514483681286206677e-04 3.822284888543824033e-03 4.345928549747871128e-03 -1.009182466506635192e-02 5.418173531761912368e-03 4.967418786482470650e-03 1.641513626635821184e-03 -9.217081305780163575e-03 4.598774133831270636e-03 3.719874976851998780e-03 2.519087903054437368e-03
-8.701602966643158868e-03 -1.298122449513014061e-05 3.282427761241217285e-03 3.606263928070498666e-03 -8.438363031479633944e-03 3.979339529859888744e-03 4.320508961236382839e-03 2.061447804988800116e-03 -8.883110403503386571e-03 4.290489815139134772e-03 4.350666192094357343e-03 1.967922476057218373e-03
-9.647353547900033507e-03 -1.687934358326293534e-04 2.869290231327489751e-03 5.272130040494344728e-03 -9.357194204205604784e-03 5.803072647896012279e-03 4.987712469927531832e-03 6.547292223535314737e-04 -9.307525483072121020e-03 5.223321067415491979e-03 3.340039279583614015e-03 2.582304353840849092e-03
-8.424146662531261168e-03 -1.456627591040293799e-03 4.042638912130470420e-03 4.068683945402039662e-03 -8.674852040592461941e-03 4.390495392162518072e-03 6.237069510611602946e-03 6.293147144828561382e-05 -9.194959368164317554e-03 5.315235269116181348e-03 4.066783392699065136e-03 1.607614637425218125e-03
-9.612350890670242828e-03 -1.409325378699481234e-04 3.401591221989331681e-03 4.663311444592738338e-03 -8.735020640035598763e-03 4.324208872259682410e-03 5.273901379943980901e-03 1.170421422974467348e-03 -1.005405723285354019e-02 4.917062851059753742e-03 3.883865416923833365e-03 3.125327681925592176e-03
-8.716658748405407484e-03 -7.833521661357666739e-04 2.727337432102710634e-03 5.019356032744735734e-03 -9.611086481505428866e-03 5.538032625450918511e-03 5.459239692748723248e-03 6.822882970955602543e-04 -8.649340723061530942e-03 4.806704257793825534e-03 3.701619091304212631e-03 1.908382452689653692e-03
-8.728071373789583060e-03 -5.398661811173571936e-05 2.145236802514395667e-03 4.496398492851200364e-03 -9.791829520343397000e-03 5.418084327123468165e-03 5.044798286103272661e-03 6.174162238261213459e-04 -9.447769176743701230e-03 6.038852291714548286e-03 3.868583562639591258e-03 2.599125035057162341e-03
-8.430731065118202833e-03 -3.022557326842988915e-04 3.027896547524842712e-03 3.527332300527631637e-03 -8.578947289902131776e-03 4.190166377883398560e-03 6.284795694637804880e-03 -6.720971109062156071e-04 -9.957057815666373046e-03 5.961936298906317377e-03 3.631099857821042977e-03 3.430424796135826161e-03
-7.343389662822141437e-03 -2.519833472222037917e-04 2.591149777048851969e-03 4.013380778814351103e-03 -8.711611814511410756e-03 4.525062660348299313e-03 4.925686577783406489e-03 -1.894170871253688694e-04 -1.066682168387059204e-02 5.725312145258796941e-03 4.118003874979076460e-03 3.320748181061904288e-03
-7.830694203751056848e-03 1.291291814678584705e-04 2.342076714059958091e-03 4.366784308880285355e-03 -8.654660147492209202e-03 3.884755795086325056e-03 5.583005873496659811e-03 -2.840449455489321273e-04 -9.709727126656212889e-03 5.089181048234626276e-03 4.426719248753625303e-03 2.607856673573191123e-03
-8.518995617184849795e-03 3.107104567297515514e-05 3.307664447027429920e-03 4.288958035056832270e-03 -9.375151741793312510e-03 4.378799000247186879e-03 4.925755140810109643e-03 -5.680128444696451809e-05 -8.321504868649760162e-03 4.777544561148537247e-03 4.023814620674577396e-03 2.457028498082293715e-03
-7.974838186686096855e-03 1.310975622572775699e-03 1.844280656198427418e-03 3.884150145499857230e-03 -9.123745844107871220e-03 3.937960104755581711e-03 5.020322936147592410e-03 1.701270792432389028e-05 -9.136909726116733063e-03 5.010071448122793702e-03 4.269595671828713482e-03 2.834058831505164612e-03
-8.258788907228198362e-03 2.071258151778854108e-03 2.486497351435813449e-03 2.997917541601370639e-03 -1.012322782067015710e-02 4.964839181359415737e-03 5.095476908216874795e-03 -1.811540578203305215e-04 -8.224690975019441699e-03 3.902192487766856059e-03 4.181713019973412777e-03 3.027502113572055464e-03
-7.674218936537088344e-03 2.834209761093467190e-03 2.778479928405655237e-03 2.959016276290883478e-03 -1.055906304853274948e-02 4.187076919482865360e-03 6.034557180637758513e-03 -2.623064681820166119e-04 -9.251753175425505432e-03 4.245078457247185647e-03 3.711970112140857564e-03 3.080885987109556641e-03
-7.197308489096712267e-03 4.149583554504436382e-03 1.761249750836473829e-03 2.893215574991293056e-03 -1.008665727664163902e-02 3.853775506808194192e-03 4.639304766108702863e-03 -2.465191919466585484e-04 -9.352757117224339348e-03 3.893396492405908071e-03 5.431125395437477223e-03 2.231762937164760707e-03
-7.779025534150311831e-03 3.407485344472804909e-03 2.652260630872926416e-03 3.282386541879851738e-03 -9.595248075122677842e-03 3.424086843546416976e-03 4.105353665153826069e-03 1.230715674809197463e-04 -7.380216664093170419e-03 3.652396288741926664e-03 4.243274475503499427e-03 1.516738594862203447e-03
-8.818106590321951946e-03 3.433308105574117090e-03 1.032838869368983819e-03 3.076251516263937315e-03 -8.496622148707326516e-03 2.608201197969744426e-03 4.322514042407925652e-03 1.209481882781855716e-04 -8.365513540816146842e-03 5.128482474698277394e-03 5.538252029944112746e-03 2.238141216101895408e-03
-8.859930463246113580e-03 4.056707684713625750e-03 2.240710713893933042e-03 3.521662348265198854e-03 -8.734265554863455266e-03 3.605804576056393772e-03 2.033170686449529974e-03 2.316422822924710581e-04 -9.302119141321672433e-03 6.488366522186086657e-03 4.810585692141282690e-03 1.902811228127876094e-03
-8.166493438744541061e-03 3.951442489653587097e-03 3.357686042214630580e-03 1.778575641186731001e-03 -1.055694505061211506e-02 4.532057757691746944e-03 2.639522226224320575e-03 6.192571371237776210e-04 -8.097419318993815535e-03 6.223037941592310038e-03 2.928505817122588860e-03 2.766229635127530253e-03
-1.001691804085210954e-02 5.602957229832034904e-03 3.439657955146634138e-03 3.814752118183046062e-03 -1.105879931094073954e-02 5.455661262176420001e-03 5.160287042665505407e-04 2.100009436066069875e-03 -7.965634848105798346e-03 4.017709416916897223e-03 1.981278860208347207e-03 4.437266483154668657e-03
-9.520137323454891040e-03 5.321348524115112472e-03 1.663305244864902348e-03 2.490935723464312440e-03 -8.728738073170042716e-03 4.694655782919102648e-03 1.738364784402869319e-03 2.303622141541540602e-03 -7.501158475274092609e-03 3.452691416032870834e-03 2.222703246695439602e-03 3.638693793841785411e-03
-9.672345315032793850e-03 4.719853220108777107e-03 1.811858952339414101e-03 3.093268531807912090e-03 -7.002394423264144546e-03 2.623596915453552114e-03 3.326531462607988134e-03 9.710225952623220604e-04 -8.933496130001373353e-03 3.718458686427670787e-03 3.102050425172638275e-03 3.992911116480145871e-03
-1.111280035756216297e-02 3.776820807401028157e-03 2.772856437554124202e-03 2.597900836123282799e-03 -7.604941143856258114e-03 3.252105059400462773e-03 3.546734562092059267e-03 2.529143661070170582e-03 -8.364421748087540187e-03 3.703213479182710342e-03 3.610952663571521254e-03 3.225919314758752751e-03
-1.037087741883919306e-02 1.901658294046989529e-03 2.452822377441718840e-03 4.007044410873615917e-03 -7.934147334372606761e-03 5.147104827172220912e-03 2.823762047314150054e-03 1.712056110999905659e-03 -8.609569071552761188e-03 3.253107413594841842e-03 3.531562233757998444e-03 4.012167202930898291e-03
-1.153963490898351346e-02 4.472366400049086060e-03 2.874074035049141874e-03 2.261596746225575088e-03 -7.036261913976158029e-03 4.123220731248206442e-03 3.448734366711639094e-03 1.172422780968061275e-03 -8.154356872073343851e-03 3.795624341140328272e-03 3.522573546667180037e-03 3.003395617449639010e-03
-1.037557902108334450e-02 4.130153438032682298e-03 1.671521421820646586e-03 2.600647432471156310e-03 -7.853047045800951725e-03 4.203489186579998337e-03 4.257171202473448296e-03 2.296123937480597232e-03 -9.366023832713472191e-03 3.438731719338506722e-03 4.360367943092286099e-03 2.653466556184804967e-03
-1.091399790760151992e-02 3.988176279476277585e-03 2.311147982062717113e-03 2.028832650439765795e-03 -6.982365473162228074e-03 3.998785722238757008e-03 3.289658100054994230e-03 1.782888256846466889e-03 -9.995977560228680794e-03 4.847529849177460715e-03 4.067478629425390520e-03 3.677785403649299571e-03
-1.163375628196633080e-02 3.008215454304706549e-03 2.063669324685448846e-03 4.051859971857033754e-03 -7.574511410022384018e-03 5.200388007767961854e-03 2.406478939771889737e-03 2.121091640288475747e-03 -9.620617594526287286e-03 3.661256339420974285e-03 3.877532339241009790e-03 4.685565445679649478e-03
-1.056696591853159908e-02 3.676467928379076409e-03 1.438473343396311178e-03 3.991480788364698551e-03 -8.670535963262181872e-03 2.840607515418515361e-03 3.114124120850282271e-03 2.597980112415547525e-03 -8.998541490526840159e-03 3.530394871562542690e-03 3.870133592590994064e-03 5.286288106054183762e-03
-9.723088898680837602e-03 4.210933252824101969e-03 7.695592374815052273e-04 3.257453537634618247e-03 -1.016731423960534966e-02 2.616554299526888203e-03 3.912658664428866374e-03 3.625271675100559012e-03 -8.952533300479159281e-03 4.420938258059483629e-03 3.587329580207455210e-03 4.647166747080940831e-03
-1.059863177619701537e-02 3.874331750992888925e-03 5.141311659233474638e-04 4.781992899871695922e-03 -9.283750267597829647e-03 2.953273037145328229e-03 3.682600585577714206e-03 2.580954095354238281e-03 -8.770502581681501042e-03 3.862897559793261344e-03 4.111983582886635270e-03 4.484821323552923115e-03
-9.867811962859908761e-03 3.179014012433847326e-03 2.507442339907096744e-03 4.022666105871945154e-03 -9.792413029208434094e-03 2.027250301652331124e-03 3.279256421381319953e-03 3.892987413614788783e-03 -8.763692391791489886e-03 3.870504893835995542e-03 4.066923268708658688e-03 3.681613779231487742e-03
-1.020553162263190990e-02 4.277438717666785968e-03 4.147920170582866661e-03 3.566892248196032195e-03 -9.922735662689866759e-03 4.565719051016055297e-03 2.947546866116785604e-03 3.349450204882489790e-03 -1.008889804289301098e-02 2.912945095495232933e-03 4.340755709140114646e-03 2.491093991154260008e-03
-1.000328139931199074e-02 3.770952698433983983e-03 5.794324793276684794e-03 2.226524083376130343e-03 -9.256043419055934307e-03 4.195317745007353175e-03 2.302101965662190809e-03 3.662499634233470046e-03 -1.073962137973871397e-02 3.638794343358022453e-03 4.608894924017070856e-03 2.192126854390354009e-03
-1.079591529777696422e-02 4.648054758227707604e-03 5.229711741189680546e-03 1.426225270513830452e-03 -8.088480376802043015e-03 4.189332869201477759e-03 2.213303442117736750e-03 3.449835538071851886e-03 -8.911239724092087991e-03 2.758150032103728975e-03 4.408862510709203597e-03 1.562095645216430521e-03
-1.024057941752960776e-02 4.407971851228922530e-03 4.383354530469465993e-03 1.927324089510362021e-03 -9.814915264489710092e-03 4.495601536543217952e-03 3.738982494731459862e-03 3.452254433788370762e-03 -8.536930295555810594e-03 2.340292895818715541e-03 3.955439403320942446e-03 2.050045188161781634e-03
-9.617356745819830022e-03 3.167375609398653119e-03 2.715126829629311862e-03 2.000664458668565890e-03 -8.481177245948580412e-03 2.775514695261589379e-03 4.175008106398761347e-03 3.586851320782350177e-03 -8.436084839855669329e-03 3.304740378723270214e-03 3.016100929984642538e-03 3.616306870389230863e-03
-9.197806421601220292e-03 3.548908224989073303e-03 3.834326349285191796e-03 1.834334971979435704e-03 -9.077228076411291910e-03 2.828652119145190751e-03 3.424790362613460131e-03 4.626921011980173783e-03 -9.230279159246502357e-03 3.186463248830312747e-03 2.704828998755319167e-03 3.481694649743484297e-03
-9.604759590391205581e-03 4.242957361950033639e-03 1.746055079287993318e-03 1.745291338252120700e-03 -7.469894860547542439e-03 3.310726135597386131e-03 3.513052684532441163e-03 4.163041390460301382e-03 -9.865644103690405023e-03 3.233839280902530908e-03 3.020451952403664566e-03 3.881759784172105973e-03
-9.389411282781480808e-03 3.510541127055517418e-03 2.758696594939824987e-03 1.833739972143317697e-03 -7.464431090608365099e-03 2.921144211606861024e-03 2.415269084133764895e-03 4.909143164362595943e-03 -9.650695749893583794e-03 3.796635142561109212e-03 3.357351997726020030e-03 2.849617604153949994e-03
-7.168889380997995643e-03 2.608201778409955512e-03 2.805340104869354870e-03 2.317842088982397051e-03 -7.916154915914316512e-03 2.259322254837934849e-03 4.402419815804762583e-03 3.699497345304122477e-03 -1.096683219862243375e-02 3.454550587954661328e-03 3.720085677730215843e-03 2.594541135384829337e-03
-8.853557366108103649e-03 3.008071359618911655e-03 4.638174846130199876e-03 1.881717554812360098e-03 -7.631088012291765109e-03 2.819338468099368521e-03 4.487168683521007735e-03 2.777301821723826385e-03 -1.030690864085090884e-02 3.982106734970792573e-03 1.064780263217235314e-03 4.055065913805225991e-03
-8.817081092490203914e-03 3.375065860926454268e-03 3.255226111683917709e-03 2.412106323264375136e-03 -7.512543773535997407e-03 2.649777914636572505e-03 4.018692774561424472e-03 1.860356953633376768e-03 -1.108626976544610510e-02 4.447202088995562581e-03 2.816808081928685696e-03 4.587592585596334156e-03
-8.570315215466592709e-03 2.819822326169107822e-03 3.322741339972986110e-03 1.945631071225646441e-03 -8.131165543420049505e-03 2.835549831675238368e-03 4.145918491892470505e-03 2.619831854713706044e-03 -1.077192559241462420e-02 3.051189097303016930e-03 3.499644298458557019e-03 5.232967312260957370e-03
-9.465531971563185057e-03 2.817435282918870701e-03 2.692965574721456912e-03 2.406568974114024675e-03 -7.828495860777400298e-03 3.919201967424421583e-03 4.302009745587654851e-03 1.622400202174974432e-03 -9.766812746636989798e-03 2.999956299960400505e-03 3.414630695029430372e-03 4.817035353070504150e-03
-9.126231512971315005e-03 3.209368478548259816e-03 3.000012622069053638e-03 3.019715407478602582e-03 -7.574191154892043719e-03 2.704523003883885311e-03 4.640820347902560421e-03 1.221438547897673666e-03 -9.529957430169176680e-03 3.109440981588435307e-03 3.205428415663319052e-03 3.927204866515415088e-03
-8.060783075683310497e-03 3.286076261410559619e-03 1.925330127036116055e-03 2.869918649359237770e-03 -7.586987545745983025e-03 2.163146674434110895e-03 4.285059004041615049e-03 2.096136051025032036e-03 -9.571038905481414269e-03 3.827872213396239873e-03 2.970833990819241304e-03 3.456802743447750549e-03
-9.227423760857632329e-03 3.978252185814604852e-03 2.110009038231610949e-03 3.300343407469713206e-03 -8.392123958816079948e-03 1.880715612211534323e-03 4.977352253323152377e-03 2.614154944875086636e-03 -1.022023339274749122e-02 3.499897126499394804e-03 3.058828482512335623e-03 4.465663075382079843e-03
-7.710070566160452145e-03 2.576392389709775133e-03 1.466533487661446280e-03 3.694156429917942047e-03 -8.737684086482212786e-03 2.587462391416272666e-03 5.468030428843673706e-03 1.726009642087803419e-03 -9.282380264881243473e-03 2.925066220604070639e-03 3.140901286737663323e-03 3.904353952716771523e-03
-8.051847334758827426e-03 3.134156358591354014e-03 2.644791338801220654e-03 2.352136698102100763e-03 -8.971350258259489646e-03 3.751322809043726621e-03 3.935565036410942213e-03 2.368867076101855047e-03 -1.030816670692253668e-02 4.105318265239976845e-03 2.827216327805541843e-03 4.166861631165232061e-03
-8.580852267264920188e-03 3.406190315069286111e-03 1.430101802816117216e-03 2.936608142752217005e-03 -7.496776220934104479e-03 4.091209403709880794e-03 4.341161616915108039e-03 1.316206099130082284e-03 -1.018588042134106926e-02 4.301846215044197522e-03 3.033622138466881765e-03 3.246294384918676623e-03
-8.360558722599106124e-03 2.915903641049459680e-03 1.848416337425163626e-03 2.171541735080599177e-03 -7.852709495533754039e-03 3.605242350228116729e-03 4.385498086736321945e-03 1.877477864626839752e-03 -1.044390365761770946e-02 4.813294737559327061e-03 2.865423780477847036e-03 4.068086247379924976e-03
-8.370665380326242078e-03 1.500432457277117108e-03 1.293990296813034508e-03 2.087359097701683118e-03 -8.729141313734421412e-03 5.150930937061632894e-03 4.188080696625126782e-03 2.317405580361971400e-03 -9.481634543721128086e-03 4.913093768465000288e-03 3.433364879247607394e-03 3.594370078199929115e-03
-8.986820545388407577e-03 1.401604632396698247e-03 3.505194551716077876e-03 2.346357178174243892e-03 -9.403103112297835423e-03 5.345690455118446566e-03 3.491591473843465385e-03 3.508580250727639464e-03 -9.319030696374680858e-03 2.554820525184979887e-03 3.500603444187360639e-03 4.077509933490661501e-03
-9.412853663233265722e-03 2.010166520014922478e-03 2.968837672668837510e-03 1.459100487819157315e-03 -9.269480741396234416e-03 4.511361787751185654e-03 3.957766919393600896e-03 3.648034518849566695e-03 -8.965205006614712646e-03 2.016838484146736554e-03 4.115340397449443466e-03 4.986270859631844986e-03
-9.522059516160689963e-03 2.832966269949293951e-03 2.527014183475300661e-03 2.292212055296521771e-03 -1.033538829845331505e-02 4.570751911350657767e-03 4.383892606219907083e-03 3.249578515895843334e-03 -1.075703652515586431e-02 3.815516958194824400e-03 4.122702676655092859e-03 5.292531389823715467e-03
-8.278025795585218852e-03 3.963445933739725632e-03 2.686434024945580021e-03 1.596064050084477484e-03 -1.010114272701986143e-02 5.869343135030596903e-03 3.115927176352807030e-03 1.623382064538416098e-03 -9.103738695261421460e-03 3.839753116435812817e-03 3.981705678079085382e-03 2.828315321621854232e-03
-8.680172076835981909e-03 3.782208128978688418e-03 2.051786966845238307e-03 1.706955186168784182e-03 -1.003240345841803841e-02 4.535444660992902360e-03 3.799296100810774842e-03 2.746136056158037138e-03 -8.230516608750924890e-03 3.128656356370539474e-03 4.080997456828532738e-03 3.018695418472875768e-03
-8.585318392513930849e-03 3.863371787675296074e-03 2.392705566795722515e-03 1.782430924190280506e-03 -1.071574697165462477e-02 5.331023105120174556e-03 3.675984996055018175e-03 5.146844521742039574e-03 -8.665619000820912188e-03 1.194605320786814489e-03 3.086237633902508531e-03 3.603154904332163313e-03
-7.981508665382937989e-03 3.309295146503774682e-03 3.048266064431941549e-03 2.533481060224626255e-03 -1.092560675842123123e-02 5.366814392674767835e-03 3.472701735279961396e-03 3.446447780986633055e-03 -9.734055114617959359e-03 2.491753743632501693e-03 2.935895631804672813e-03 4.209439752871902557e-03
-8.417212840468160651e-03 3.604512260671942619e-03 2.682506916899002336e-03 1.887267221272106521e-03 -1.144401212816407824e-02 5.306626948348580272e-03 5.172723041107817402e-03 4.792777770084566229e-03 -9.597473343899478801e-03 2.357370246448165819e-03 2.896403544263720549e-03 3.094261568946132020e-03
