# pops for 12 qbits with connectivity c6 and unitary DM 22851598737920
4.000000357627868652e-01 2.000000327825546265e-01 2.000000327825546265e-01 2.000000327825546265e-01 4.000000953674316406e-01 2.000000178813934326e-01 2.000000178813934326e-01 2.000000178813934326e-01 4.000000357627868652e-01 2.000000178813934326e-01 2.000000178813934326e-01 2.000000178813934326e-01
3.396292626857757568e-01 2.225357443094253540e-01 2.233037650585174561e-01 2.145312428474426270e-01 3.289472162723541260e-01 2.202025800943374634e-01 2.274636328220367432e-01 2.233866155147552490e-01 3.558904528617858887e-01 2.245565354824066162e-01 2.112641334533691406e-01 2.082888931035995483e-01
3.105873763561248779e-01 2.263273149728775024e-01 2.304607778787612915e-01 2.423633784055709839e-01 3.021857738494873047e-01 2.207134515047073364e-01 2.281624823808670044e-01 2.416760027408599854e-01 3.154888451099395752e-01 2.233999222517013550e-01 2.407171279191970825e-01 2.179175615310668945e-01
3.003708124160766602e-01 2.363587915897369385e-01 2.529949545860290527e-01 2.406125217676162720e-01 2.798366844654083252e-01 2.235806435346603394e-01 2.187002450227737427e-01 2.374646067619323730e-01 3.049500882625579834e-01 2.243726998567581177e-01 2.515234947204589844e-01 2.292343974113464355e-01
2.980320751667022705e-01 2.307342886924743652e-01 2.363364994525909424e-01 2.453228533267974854e-01 2.796083688735961914e-01 2.482023686170578003e-01 2.219632118940353394e-01 2.330922335386276245e-01 3.013019859790802002e-01 2.268652766942977905e-01 2.479686290025711060e-01 2.305720746517181396e-01
2.852657437324523926e-01 2.402495741844177246e-01 2.483885586261749268e-01 2.440816015005111694e-01 2.772095799446105957e-01 2.394012510776519775e-01 2.246635854244232178e-01 2.326849400997161865e-01 2.955843806266784668e-01 2.269709855318069458e-01 2.542843818664550781e-01 2.312152236700057983e-01
2.799094915390014648e-01 2.362361252307891846e-01 2.449327260255813599e-01 2.442765086889266968e-01 2.782709896564483643e-01 2.480184137821197510e-01 2.223687469959259033e-01 2.333163321018218994e-01 2.888558208942413330e-01 2.275730222463607788e-01 2.539308071136474609e-01 2.423107922077178955e-01
2.733930945396423340e-01 2.412708401679992676e-01 2.423080205917358398e-01 2.450230866670608521e-01 2.722158432006835938e-01 2.470125108957290649e-01 2.296180278062820435e-01 2.318368852138519287e-01 2.915556728839874268e-01 2.344693690538406372e-01 2.488209456205368042e-01 2.424754649400711060e-01
2.714024782180786133e-01 2.407535910606384277e-01 2.419750839471817017e-01 2.493949085474014282e-01 2.645589113235473633e-01 2.450762838125228882e-01 2.355692684650421143e-01 2.338755577802658081e-01 2.873743176460266113e-01 2.405877411365509033e-01 2.488201111555099487e-01 2.406115233898162842e-01
2.690272033214569092e-01 2.422097772359848022e-01 2.386617511510848999e-01 2.491967529058456421e-01 2.635709047317504883e-01 2.461063861846923828e-01 2.398016452789306641e-01 2.365755736827850342e-01 2.857854664325714111e-01 2.417156100273132324e-01 2.460779994726181030e-01 2.412706911563873291e-01
2.653942406177520752e-01 2.446458190679550171e-01 2.391272485256195068e-01 2.493825256824493408e-01 2.632741928100585938e-01 2.454537302255630493e-01 2.404779940843582153e-01 2.370593994855880737e-01 2.826476693153381348e-01 2.427268028259277344e-01 2.466470152139663696e-01 2.431631684303283691e-01
2.670937776565551758e-01 2.461242824792861938e-01 2.421776354312896729e-01 2.478574812412261963e-01 2.655840516090393066e-01 2.438006997108459473e-01 2.401724606752395630e-01 2.359183877706527710e-01 2.803105413913726807e-01 2.425780594348907471e-01 2.460824400186538696e-01 2.422998249530792236e-01
2.592548727989196777e-01 2.542942464351654053e-01 2.422835081815719604e-01 2.550063431262969971e-01 2.652458846569061279e-01 2.445139586925506592e-01 2.393797487020492554e-01 2.369433492422103882e-01 2.728306353092193604e-01 2.424123287200927734e-01 2.453061044216156006e-01 2.425286173820495605e-01
2.623078227043151855e-01 2.494246810674667358e-01 2.499147653579711914e-01 2.491917163133621216e-01 2.634559273719787598e-01 2.448244988918304443e-01 2.410266846418380737e-01 2.367758154869079590e-01 2.726597189903259277e-01 2.428513616323471069e-01 2.459966391324996948e-01 2.415699362754821777e-01
2.608638703823089600e-01 2.491369247436523438e-01 2.493905276060104370e-01 2.489755153656005859e-01 2.622027099132537842e-01 2.438544780015945435e-01 2.415229827165603638e-01 2.389766573905944824e-01 2.726513147354125977e-01 2.427521646022796631e-01 2.470248639583587646e-01 2.426475137472152710e-01
2.603365182876586914e-01 2.509505450725555420e-01 2.455985546112060547e-01 2.514812350273132324e-01 2.635799050331115723e-01 2.440636605024337769e-01 2.406106740236282349e-01 2.383026629686355591e-01 2.724301218986511230e-01 2.432379126548767090e-01 2.470403015613555908e-01 2.423675805330276489e-01
2.606493830680847168e-01 2.504918277263641357e-01 2.462160736322402954e-01 2.511162757873535156e-01 2.644902765750885010e-01 2.442697584629058838e-01 2.397617399692535400e-01 2.382555603981018066e-01 2.722638547420501709e-01 2.431949824094772339e-01 2.470259368419647217e-01 2.422638386487960815e-01
2.583005428314208984e-01 2.488680779933929443e-01 2.460876554250717163e-01 2.479271441698074341e-01 2.588945329189300537e-01 2.512030601501464844e-01 2.409815788269042969e-01 2.425737231969833374e-01 2.696377933025360107e-01 2.434721589088439941e-01 2.483144402503967285e-01 2.437387704849243164e-01
2.590283453464508057e-01 2.495186626911163330e-01 2.454271316528320312e-01 2.454753518104553223e-01 2.581795156002044678e-01 2.485748380422592163e-01 2.427609413862228394e-01 2.450354397296905518e-01 2.698362767696380615e-01 2.450360655784606934e-01 2.462954968214035034e-01 2.448313832283020020e-01
2.585199475288391113e-01 2.512305080890655518e-01 2.454026341438293457e-01 2.457236349582672119e-01 2.577379047870635986e-01 2.488038241863250732e-01 2.438083589076995850e-01 2.442674338817596436e-01 2.680563330650329590e-01 2.431004196405410767e-01 2.470851391553878784e-01 2.462632358074188232e-01
2.586476504802703857e-01 2.505420744419097900e-01 2.455631196498870850e-01 2.462091892957687378e-01 2.579425573348999023e-01 2.493237853050231934e-01 2.428084611892700195e-01 2.443426251411437988e-01 2.694570124149322510e-01 2.433756887912750244e-01 2.460182011127471924e-01 2.457689940929412842e-01
2.610105276107788086e-01 2.500199079513549805e-01 2.457689791917800903e-01 2.456439882516860962e-01 2.566670477390289307e-01 2.495551109313964844e-01 2.423920780420303345e-01 2.449035197496414185e-01 2.681695222854614258e-01 2.431446760892868042e-01 2.473308444023132324e-01 2.453931719064712524e-01
2.574152648448944092e-01 2.506462335586547852e-01 2.483244389295578003e-01 2.460575103759765625e-01 2.576016783714294434e-01 2.491210103034973145e-01 2.415778338909149170e-01 2.452171891927719116e-01 2.676751315593719482e-01 2.439543753862380981e-01 2.467372417449951172e-01 2.456714510917663574e-01
2.576506137847900391e-01 2.502792179584503174e-01 2.476385831832885742e-01 2.468749731779098511e-01 2.569174766540527344e-01 2.498134076595306396e-01 2.422089576721191406e-01 2.445779442787170410e-01 2.681872248649597168e-01 2.428692132234573364e-01 2.473679631948471069e-01 2.456137835979461670e-01
2.582900524139404297e-01 2.487459778785705566e-01 2.486720532178878784e-01 2.473585158586502075e-01 2.569345235824584961e-01 2.499892711639404297e-01 2.413684874773025513e-01 2.446030378341674805e-01 2.682034969329833984e-01 2.435450851917266846e-01 2.471499741077423096e-01 2.451388239860534668e-01
2.598777711391448975e-01 2.479814589023590088e-01 2.488975971937179565e-01 2.463097721338272095e-01 2.566005885601043701e-01 2.506236135959625244e-01 2.406571954488754272e-01 2.450139522552490234e-01 2.680129706859588623e-01 2.443256080150604248e-01 2.470702528953552246e-01 2.446284443140029907e-01
2.598091065883636475e-01 2.474610060453414917e-01 2.486746013164520264e-01 2.460132837295532227e-01 2.570861279964447021e-01 2.504518628120422363e-01 2.414050996303558350e-01 2.448551207780838013e-01 2.668249905109405518e-01 2.439287751913070679e-01 2.471532970666885376e-01 2.463358938694000244e-01
2.598134577274322510e-01 2.488324940204620361e-01 2.477976679801940918e-01 2.452626079320907593e-01 2.568987905979156494e-01 2.496290355920791626e-01 2.434577643871307373e-01 2.451111972332000732e-01 2.654657661914825439e-01 2.452119886875152588e-01 2.461108118295669556e-01 2.464075982570648193e-01
2.592063546180725098e-01 2.478019297122955322e-01 2.479803115129470825e-01 2.453311979770660400e-01 2.570984661579132080e-01 2.492636442184448242e-01 2.442370802164077759e-01 2.456677705049514771e-01 2.654623985290527344e-01 2.448211610317230225e-01 2.465053051710128784e-01 2.466235756874084473e-01
2.592858672142028809e-01 2.468634098768234253e-01 2.477505356073379517e-01 2.467736899852752686e-01 2.565149068832397461e-01 2.496277242898941040e-01 2.433029413223266602e-01 2.458532303571701050e-01 2.645331323146820068e-01 2.461896687746047974e-01 2.468899041414260864e-01 2.464140951633453369e-01
2.594014406204223633e-01 2.482766658067703247e-01 2.466509044170379639e-01 2.476249784231185913e-01 2.575252652168273926e-01 2.503522634506225586e-01 2.434420138597488403e-01 2.461127340793609619e-01 2.632028758525848389e-01 2.456935048103332520e-01 2.470706701278686523e-01 2.446457594633102417e-01
2.594831287860870361e-01 2.488012909889221191e-01 2.465021312236785889e-01 2.479703724384307861e-01 2.570718228816986084e-01 2.498947083950042725e-01 2.440852075815200806e-01 2.451291680335998535e-01 2.634251117706298828e-01 2.447751760482788086e-01 2.478644996881484985e-01 2.449964284896850586e-01
2.592103481292724609e-01 2.488185316324234009e-01 2.457695603370666504e-01 2.467979639768600464e-01 2.576083838939666748e-01 2.492124736309051514e-01 2.440022975206375122e-01 2.459273636341094971e-01 2.639060616493225098e-01 2.445351779460906982e-01 2.488286793231964111e-01 2.453820705413818359e-01
2.592122256755828857e-01 2.487883418798446655e-01 2.465477734804153442e-01 2.463084906339645386e-01 2.573675513267517090e-01 2.498233765363693237e-01 2.442608177661895752e-01 2.458041161298751831e-01 2.633628249168395996e-01 2.459240406751632690e-01 2.474221289157867432e-01 2.451772987842559814e-01
2.597797513008117676e-01 2.476989924907684326e-01 2.473009079694747925e-01 2.460771799087524414e-01 2.571818232536315918e-01 2.498257011175155640e-01 2.447544783353805542e-01 2.454938292503356934e-01 2.630831301212310791e-01 2.472795546054840088e-01 2.471012920141220093e-01 2.444222867488861084e-01
2.593920528888702393e-01 2.475727498531341553e-01 2.461419701576232910e-01 2.462912201881408691e-01 2.580397725105285645e-01 2.494219839572906494e-01 2.450544238090515137e-01 2.452605217695236206e-01 2.637999057769775391e-01 2.474735677242279053e-01 2.468803972005844116e-01 2.446704357862472534e-01
2.589526176452636719e-01 2.466037273406982422e-01 2.458790838718414307e-01 2.466319203376770020e-01 2.587525844573974609e-01 2.496537119150161743e-01 2.464393228292465210e-01 2.452849596738815308e-01 2.625431120395660400e-01 2.464507669210433960e-01 2.472419440746307373e-01 2.455651164054870605e-01
2.602450549602508545e-01 2.458094060420989990e-01 2.453084886074066162e-01 2.461687326431274414e-01 2.574945390224456787e-01 2.492898702621459961e-01 2.465118467807769775e-01 2.461647838354110718e-01 2.629976570606231689e-01 2.471927106380462646e-01 2.468631863594055176e-01 2.459525465965270996e-01
2.593031823635101318e-01 2.454060763120651245e-01 2.460064888000488281e-01 2.468136847019195557e-01 2.582553625106811523e-01 2.495543211698532104e-01 2.464912533760070801e-01 2.452369332313537598e-01 2.616520524024963379e-01 2.469985336065292358e-01 2.483758777379989624e-01 2.459050714969635010e-01
2.592939138412475586e-01 2.448879629373550415e-01 2.453686594963073730e-01 2.469720393419265747e-01 2.591085433959960938e-01 2.501302361488342285e-01 2.465955168008804321e-01 2.458169609308242798e-01 2.617140412330627441e-01 2.465187460184097290e-01 2.487065494060516357e-01 2.448855787515640259e-01
2.590929269790649414e-01 2.452798336744308472e-01 2.457004040479660034e-01 2.471998780965805054e-01 2.589494585990905762e-01 2.503702342510223389e-01 2.462867498397827148e-01 2.445564717054367065e-01 2.626914381980895996e-01 2.459199428558349609e-01 2.481838762760162354e-01 2.457675039768218994e-01
2.581502199172973633e-01 2.451822608709335327e-01 2.454296052455902100e-01 2.471429556608200073e-01 2.586433589458465576e-01 2.516813576221466064e-01 2.455652505159378052e-01 2.451073974370956421e-01 2.626805305480957031e-01 2.463965564966201782e-01 2.487396448850631714e-01 2.452795952558517456e-01
2.601720094680786133e-01 2.455941140651702881e-01 2.443049997091293335e-01 2.474046647548675537e-01 2.593828439712524414e-01 2.503723204135894775e-01 2.455062270164489746e-01 2.453842461109161377e-01 2.626232802867889404e-01 2.454392611980438232e-01 2.481232434511184692e-01 2.456915527582168579e-01
2.584971487522125244e-01 2.449806183576583862e-01 2.456273287534713745e-01 2.466125041246414185e-01 2.595212757587432861e-01 2.500037550926208496e-01 2.473259866237640381e-01 2.447252124547958374e-01 2.638970017433166504e-01 2.454810738563537598e-01 2.466692626476287842e-01 2.466574907302856445e-01
2.599946856498718262e-01 2.459066957235336304e-01 2.461974769830703735e-01 2.460413724184036255e-01 2.592252492904663086e-01 2.499100714921951294e-01 2.462181746959686279e-01 2.454532980918884277e-01 2.636165022850036621e-01 2.449282407760620117e-01 2.467745095491409302e-01 2.457323968410491943e-01
2.600449621677398682e-01 2.459601759910583496e-01 2.454817593097686768e-01 2.463980913162231445e-01 2.589695453643798828e-01 2.492056339979171753e-01 2.460711449384689331e-01 2.462544888257980347e-01 2.633680403232574463e-01 2.455470561981201172e-01 2.466598153114318848e-01 2.460379153490066528e-01
2.595244050025939941e-01 2.463545948266983032e-01 2.462130934000015259e-01 2.458385825157165527e-01 2.588312029838562012e-01 2.497336268424987793e-01 2.449501752853393555e-01 2.459811121225357056e-01 2.640536129474639893e-01 2.457984089851379395e-01 2.468925416469573975e-01 2.458271682262420654e-01
2.592721283435821533e-01 2.464123070240020752e-01 2.452757656574249268e-01 2.461068630218505859e-01 2.588216662406921387e-01 2.476842254400253296e-01 2.458393275737762451e-01 2.497926652431488037e-01 2.607191801071166992e-01 2.460089623928070068e-01 2.466660141944885254e-01 2.473994493484497070e-01
2.589833438396453857e-01 2.474995851516723633e-01 2.446411252021789551e-01 2.459430545568466187e-01 2.606569230556488037e-01 2.477669864892959595e-01 2.456308156251907349e-01 2.480831593275070190e-01 2.600356340408325195e-01 2.472399026155471802e-01 2.466675639152526855e-01 2.468505352735519409e-01
2.589562237262725830e-01 2.477139383554458618e-01 2.451981306076049805e-01 2.459764927625656128e-01 2.598423361778259277e-01 2.478612661361694336e-01 2.451074123382568359e-01 2.483678609132766724e-01 2.598465681076049805e-01 2.471810877323150635e-01 2.475717067718505859e-01 2.463755309581756592e-01
2.589679658412933350e-01 2.474721670150756836e-01 2.446613907814025879e-01 2.467432618141174316e-01 2.588258087635040283e-01 2.478502094745635986e-01 2.452389448881149292e-01 2.492638826370239258e-01 2.614944875240325928e-01 2.462506294250488281e-01 2.466693371534347534e-01 2.465604543685913086e-01
2.585549950599670410e-01 2.476048618555068970e-01 2.449576854705810547e-01 2.466700226068496704e-01 2.595105171203613281e-01 2.470314055681228638e-01 2.457859814167022705e-01 2.481074929237365723e-01 2.603465914726257324e-01 2.465732246637344360e-01 2.486510276794433594e-01 2.462046891450881958e-01
2.582061588764190674e-01 2.481891363859176636e-01 2.455817162990570068e-01 2.458105385303497314e-01 2.592094838619232178e-01 2.473773807287216187e-01 2.457891106605529785e-01 2.480594515800476074e-01 2.595593035221099854e-01 2.470995187759399414e-01 2.479656785726547241e-01 2.471509724855422974e-01
2.587608397006988525e-01 2.486602514982223511e-01 2.453795075416564941e-01 2.459928393363952637e-01 2.592860758304595947e-01 2.481365203857421875e-01 2.465786039829254150e-01 2.470313757658004761e-01 2.594682574272155762e-01 2.463244646787643433e-01 2.479526549577713013e-01 2.464270591735839844e-01
2.587125301361083984e-01 2.485981583595275879e-01 2.453095167875289917e-01 2.461732029914855957e-01 2.602142393589019775e-01 2.473947554826736450e-01 2.452355027198791504e-01 2.481880486011505127e-01 2.591076493263244629e-01 2.463993430137634277e-01 2.481328397989273071e-01 2.465325742959976196e-01
2.585597038269042969e-01 2.487966567277908325e-01 2.449066936969757080e-01 2.465303391218185425e-01 2.586840689182281494e-01 2.478292435407638550e-01 2.466378211975097656e-01 2.478813678026199341e-01 2.599248290061950684e-01 2.462534904479980469e-01 2.481506168842315674e-01 2.458433955907821655e-01
2.583543956279754639e-01 2.485208362340927124e-01 2.455462217330932617e-01 2.463719397783279419e-01 2.597695589065551758e-01 2.485133707523345947e-01 2.448348999023437500e-01 2.479146718978881836e-01 2.594957053661346436e-01 2.459883540868759155e-01 2.478272616863250732e-01 2.468610405921936035e-01
2.588306069374084473e-01 2.486080378293991089e-01 2.445463389158248901e-01 2.468084096908569336e-01 2.590965628623962402e-01 2.471369355916976929e-01 2.465316653251647949e-01 2.482673674821853638e-01 2.590535879135131836e-01 2.471471428871154785e-01 2.478422522544860840e-01 2.461293190717697144e-01
2.593391835689544678e-01 2.478959858417510986e-01 2.436452507972717285e-01 2.475028634071350098e-01 2.589170038700103760e-01 2.471121847629547119e-01 2.459915280342102051e-01 2.486845850944519043e-01 2.592180371284484863e-01 2.478902935981750488e-01 2.471167594194412231e-01 2.466844916343688965e-01
2.587367594242095947e-01 2.471390515565872192e-01 2.439809292554855347e-01 2.476643323898315430e-01 2.593884170055389404e-01 2.467608749866485596e-01 2.466284185647964478e-01 2.485167831182479858e-01 2.608612775802612305e-01 2.479955703020095825e-01 2.471421957015991211e-01 2.451836466789245605e-01
2.591858804225921631e-01 2.470578551292419434e-01 2.459703385829925537e-01 2.465692907571792603e-01 2.586737871170043945e-01 2.454377561807632446e-01 2.462366372346878052e-01 2.497044205665588379e-01 2.603398859500885010e-01 2.466520667076110840e-01 2.476059496402740479e-01 2.465644031763076782e-01
2.583508193492889404e-01 2.474363297224044800e-01 2.457436919212341309e-01 2.475219219923019409e-01 2.582753896713256836e-01 2.469544261693954468e-01 2.461112141609191895e-01 2.479346245527267456e-01 2.612721025943756104e-01 2.459682077169418335e-01 2.477559298276901245e-01 2.466734051704406738e-01
2.579898238182067871e-01 2.465431243181228638e-01 2.470401823520660400e-01 2.481714189052581787e-01 2.586526572704315186e-01 2.477352023124694824e-01 2.460690140724182129e-01 2.470883280038833618e-01 2.609603703022003174e-01 2.464814037084579468e-01 2.479227185249328613e-01 2.453438788652420044e-01
2.581155598163604736e-01 2.473060339689254761e-01 2.463767528533935547e-01 2.475940138101577759e-01 2.572506964206695557e-01 2.486549466848373413e-01 2.472115010023117065e-01 2.479251921176910400e-01 2.600126564502716064e-01 2.460189610719680786e-01 2.476974725723266602e-01 2.458343058824539185e-01
2.579080462455749512e-01 2.480779737234115601e-01 2.462962418794631958e-01 2.483110278844833374e-01 2.581718564033508301e-01 2.467790395021438599e-01 2.475983649492263794e-01 2.477933764457702637e-01 2.601431310176849365e-01 2.461764663457870483e-01 2.477127313613891602e-01 2.450296580791473389e-01
2.581612765789031982e-01 2.493409216403961182e-01 2.462342381477355957e-01 2.486869394779205322e-01 2.581749856472015381e-01 2.474628239870071411e-01 2.471395581960678101e-01 2.472262382507324219e-01 2.592512071132659912e-01 2.463058680295944214e-01 2.472123503684997559e-01 2.448016256093978882e-01
2.586645483970642090e-01 2.496848553419113159e-01 2.466152608394622803e-01 2.481510490179061890e-01 2.570300102233886719e-01 2.480329871177673340e-01 2.473333179950714111e-01 2.465343475341796875e-01 2.603724598884582520e-01 2.460754811763763428e-01 2.469010800123214722e-01 2.446026653051376343e-01
2.579464316368103027e-01 2.495214343070983887e-01 2.455917596817016602e-01 2.478481680154800415e-01 2.574459910392761230e-01 2.487307190895080566e-01 2.473111599683761597e-01 2.461387515068054199e-01 2.599634230136871338e-01 2.457973510026931763e-01 2.476103603839874268e-01 2.460924237966537476e-01
2.581020593643188477e-01 2.508264183998107910e-01 2.452401369810104370e-01 2.475775182247161865e-01 2.582548856735229492e-01 2.480480223894119263e-01 2.457453012466430664e-01 2.461450845003128052e-01 2.593299448490142822e-01 2.465479522943496704e-01 2.469714283943176270e-01 2.472092211246490479e-01
2.578626573085784912e-01 2.504466474056243896e-01 2.456885725259780884e-01 2.478779554367065430e-01 2.585735917091369629e-01 2.466730326414108276e-01 2.462976276874542236e-01 2.465798258781433105e-01 2.592991888523101807e-01 2.461669445037841797e-01 2.469347417354583740e-01 2.475971430540084839e-01
2.568145096302032471e-01 2.508048415184020996e-01 2.467191070318222046e-01 2.483525276184082031e-01 2.582329213619232178e-01 2.454480528831481934e-01 2.465735524892807007e-01 2.473588287830352783e-01 2.594691812992095947e-01 2.463848441839218140e-01 2.467199563980102539e-01 2.471194565296173096e-01
2.565623521804809570e-01 2.499731779098510742e-01 2.455589920282363892e-01 2.480534017086029053e-01 2.576353549957275391e-01 2.461605817079544067e-01 2.462012916803359985e-01 2.480755597352981567e-01 2.596213221549987793e-01 2.466848045587539673e-01 2.484313249588012695e-01 2.470396310091018677e-01
2.569150030612945557e-01 2.479134351015090942e-01 2.462171167135238647e-01 2.472189515829086304e-01 2.581174969673156738e-01 2.467442899942398071e-01 2.460633814334869385e-01 2.478992491960525513e-01 2.586933672428131104e-01 2.463104575872421265e-01 2.490589916706085205e-01 2.488460987806320190e-01
2.576459348201751709e-01 2.477665096521377563e-01 2.451331466436386108e-01 2.477188557386398315e-01 2.585591673851013184e-01 2.461125701665878296e-01 2.466174662113189697e-01 2.475352138280868530e-01 2.597548067569732666e-01 2.469838708639144897e-01 2.486268579959869385e-01 2.475433647632598877e-01
2.578532695770263672e-01 2.471719533205032349e-01 2.456578016281127930e-01 2.475814819335937500e-01 2.583357095718383789e-01 2.465489506721496582e-01 2.467253506183624268e-01 2.472143620252609253e-01 2.597122490406036377e-01 2.460808157920837402e-01 2.500526905059814453e-01 2.470631599426269531e-01
2.589860260486602783e-01 2.470485866069793701e-01 2.441835701465606689e-01 2.480462789535522461e-01 2.581709921360015869e-01 2.466188967227935791e-01 2.460564523935317993e-01 2.479780763387680054e-01 2.590962052345275879e-01 2.476069182157516479e-01 2.493970543146133423e-01 2.468086630105972290e-01
2.596088647842407227e-01 2.473861724138259888e-01 2.434281110763549805e-01 2.483384162187576294e-01 2.584783434867858887e-01 2.461044937372207642e-01 2.461669594049453735e-01 2.466737926006317139e-01 2.603701353073120117e-01 2.475133240222930908e-01 2.485756725072860718e-01 2.473533749580383301e-01
2.602240443229675293e-01 2.467063218355178833e-01 2.447160631418228149e-01 2.485528290271759033e-01 2.580380737781524658e-01 2.461324036121368408e-01 2.456742376089096069e-01 2.465234100818634033e-01 2.601713538169860840e-01 2.478709518909454346e-01 2.488570362329483032e-01 2.465308904647827148e-01
2.581388354301452637e-01 2.465689182281494141e-01 2.449286729097366333e-01 2.494277358055114746e-01 2.586593925952911377e-01 2.456662058830261230e-01 2.459558248519897461e-01 2.464953660964965820e-01 2.598954141139984131e-01 2.477358132600784302e-01 2.486467808485031128e-01 2.478786110877990723e-01
2.586934566497802734e-01 2.468014508485794067e-01 2.461483329534530640e-01 2.491974979639053345e-01 2.584719359874725342e-01 2.451544702053070068e-01 2.462806701660156250e-01 2.458956241607666016e-01 2.604718804359436035e-01 2.482356727123260498e-01 2.483338713645935059e-01 2.463127374649047852e-01
2.591536343097686768e-01 2.466005235910415649e-01 2.455956488847732544e-01 2.486361265182495117e-01 2.581369578838348389e-01 2.457599341869354248e-01 2.470701932907104492e-01 2.461865544319152832e-01 2.603822350502014160e-01 2.476928979158401489e-01 2.481767237186431885e-01 2.466061860322952271e-01
2.581155896186828613e-01 2.477085143327713013e-01 2.454515844583511353e-01 2.494411766529083252e-01 2.589630186557769775e-01 2.465565055608749390e-01 2.468105256557464600e-01 2.457642853260040283e-01 2.603628039360046387e-01 2.468177974224090576e-01 2.474231570959091187e-01 2.465825974941253662e-01
2.586295902729034424e-01 2.464340180158615112e-01 2.460176497697830200e-01 2.487585842609405518e-01 2.582345306873321533e-01 2.465521246194839478e-01 2.474658936262130737e-01 2.471552640199661255e-01 2.604124248027801514e-01 2.476124167442321777e-01 2.460649460554122925e-01 2.466600984334945679e-01
2.581025660037994385e-01 2.481167316436767578e-01 2.461703419685363770e-01 2.474502027034759521e-01 2.572554349899291992e-01 2.464409619569778442e-01 2.481205314397811890e-01 2.475909292697906494e-01 2.611078023910522461e-01 2.468166649341583252e-01 2.467152625322341919e-01 2.461100965738296509e-01
2.573165297508239746e-01 2.477898746728897095e-01 2.461831867694854736e-01 2.475779652595520020e-01 2.574416697025299072e-01 2.473997473716735840e-01 2.487184405326843262e-01 2.463859021663665771e-01 2.610727250576019287e-01 2.464243173599243164e-01 2.463635504245758057e-01 2.473235726356506348e-01
2.583790123462677002e-01 2.461282610893249512e-01 2.462898641824722290e-01 2.480703890323638916e-01 2.584091424942016602e-01 2.463859468698501587e-01 2.472257763147354126e-01 2.479248791933059692e-01 2.615292668342590332e-01 2.468160539865493774e-01 2.461663335561752319e-01 2.466724812984466553e-01
2.585617005825042725e-01 2.465599775314331055e-01 2.462778538465499878e-01 2.474679946899414062e-01 2.585527896881103516e-01 2.466706782579421997e-01 2.478729337453842163e-01 2.468492984771728516e-01 2.613494098186492920e-01 2.463396042585372925e-01 2.468627393245697021e-01 2.466323971748352051e-01
2.587022185325622559e-01 2.472089976072311401e-01 2.457139045000076294e-01 2.474707961082458496e-01 2.578411102294921875e-01 2.465877383947372437e-01 2.471941113471984863e-01 2.476411461830139160e-01 2.613970339298248291e-01 2.472602128982543945e-01 2.466370910406112671e-01 2.463429719209671021e-01
2.591841220855712891e-01 2.465307861566543579e-01 2.452980130910873413e-01 2.480829656124114990e-01 2.580890357494354248e-01 2.461691498756408691e-01 2.477056682109832764e-01 2.473002523183822632e-01 2.609074115753173828e-01 2.477209120988845825e-01 2.460715472698211670e-01 2.469374239444732666e-01
2.591883242130279541e-01 2.464080750942230225e-01 2.455045431852340698e-01 2.472163736820220947e-01 2.584093213081359863e-01 2.466712146997451782e-01 2.473457157611846924e-01 2.485225647687911987e-01 2.599406242370605469e-01 2.467565983533859253e-01 2.462135255336761475e-01 2.478203922510147095e-01
2.600572705268859863e-01 2.465467154979705811e-01 2.451494485139846802e-01 2.474908381700515747e-01 2.587682306766510010e-01 2.482025027275085449e-01 2.478173971176147461e-01 2.468746751546859741e-01 2.586585879325866699e-01 2.469647079706192017e-01 2.459883093833923340e-01 2.474785745143890381e-01
2.599668502807617188e-01 2.471802681684494019e-01 2.442750632762908936e-01 2.467146515846252441e-01 2.593050599098205566e-01 2.485322058200836182e-01 2.475190460681915283e-01 2.476810514926910400e-01 2.586407363414764404e-01 2.464745491743087769e-01 2.465836852788925171e-01 2.471240162849426270e-01
2.599644958972930908e-01 2.475374639034271240e-01 2.445298284292221069e-01 2.461050599813461304e-01 2.588267922401428223e-01 2.482812553644180298e-01 2.477807998657226562e-01 2.481485307216644287e-01 2.583334743976593018e-01 2.458638846874237061e-01 2.471996098756790161e-01 2.474260032176971436e-01
2.591617107391357422e-01 2.470625042915344238e-01 2.456597387790679932e-01 2.460061609745025635e-01 2.600850462913513184e-01 2.477252036333084106e-01 2.469415813684463501e-01 2.473786473274230957e-01 2.586843073368072510e-01 2.471042275428771973e-01 2.468681335449218750e-01 2.473198622465133667e-01
2.589981853961944580e-01 2.466669529676437378e-01 2.465939521789550781e-01 2.464525997638702393e-01 2.588829994201660156e-01 2.475263625383377075e-01 2.460538744926452637e-01 2.485341876745223999e-01 2.585161626338958740e-01 2.462341338396072388e-01 2.481051832437515259e-01 2.474325448274612427e-01
2.579905390739440918e-01 2.455609589815139771e-01 2.463768720626831055e-01 2.468771040439605713e-01 2.590601742267608643e-01 2.472788095474243164e-01 2.464597821235656738e-01 2.489420175552368164e-01 2.590534090995788574e-01 2.461187392473220825e-01 2.480603158473968506e-01 2.482183575630187988e-01
2.587379515171051025e-01 2.460103631019592285e-01 2.470397651195526123e-01 2.458496391773223877e-01 2.592347562313079834e-01 2.466576546430587769e-01 2.461589872837066650e-01 2.483875453472137451e-01 2.592869699001312256e-01 2.460339069366455078e-01 2.476189881563186646e-01 2.489806413650512695e-01
2.603780031204223633e-01 2.464542984962463379e-01 2.465782761573791504e-01 2.457424551248550415e-01 2.604411840438842773e-01 2.467900812625885010e-01 2.461673766374588013e-01 2.467649728059768677e-01 2.596371471881866455e-01 2.473210543394088745e-01 2.460887581110000610e-01 2.476333379745483398e-01
2.598014175891876221e-01 2.463459223508834839e-01 2.464971840381622314e-01 2.465085387229919434e-01 2.594974637031555176e-01 2.463946938514709473e-01 2.464776486158370972e-01 2.477937787771224976e-01 2.596406936645507812e-01 2.467816919088363647e-01 2.471229285001754761e-01 2.471349686384201050e-01
2.596518993377685547e-01 2.482909560203552246e-01 2.469553351402282715e-01 2.455505579710006714e-01 2.585664093494415283e-01 2.455571591854095459e-01 2.465939670801162720e-01 2.481863796710968018e-01 2.590587139129638672e-01 2.470785677433013916e-01 2.475451081991195679e-01 2.469619512557983398e-01
2.590039670467376709e-01 2.487553656101226807e-01 2.467618435621261597e-01 2.454037368297576904e-01 2.594201266765594482e-01 2.451961189508438110e-01 2.466382980346679688e-01 2.485166788101196289e-01 2.591415941715240479e-01 2.469113469123840332e-01 2.478229254484176636e-01 2.464248389005661011e-01
