# pops for 12 qbits with connectivity c6 and unitary DM 23314178461760
4.000000357627868652e-01 2.000000327825546265e-01 2.000000327825546265e-01 2.000000327825546265e-01 4.000000953674316406e-01 2.000000178813934326e-01 2.000000178813934326e-01 2.000000178813934326e-01 4.000000357627868652e-01 2.000000178813934326e-01 2.000000178813934326e-01 2.000000178813934326e-01
3.558904528617858887e-01 2.082888931035995483e-01 2.112641036510467529e-01 2.245565354824066162e-01 3.396292626857757568e-01 2.233037650585174561e-01 2.145312428474426270e-01 2.225357294082641602e-01 3.558904230594635010e-01 2.245565205812454224e-01 2.082889080047607422e-01 2.112641334533691406e-01
3.246822953224182129e-01 2.548208236694335938e-01 2.130598872900009155e-01 2.594703733921051025e-01 3.232547938823699951e-01 2.344765067100524902e-01 2.412544041872024536e-01 2.259416878223419189e-01 3.056527972221374512e-01 2.039992064237594604e-01 2.037980854511260986e-01 2.095890939235687256e-01
2.970251441001892090e-01 2.403510361909866333e-01 2.281935662031173706e-01 2.505543529987335205e-01 3.158417344093322754e-01 2.345665842294692993e-01 2.378488928079605103e-01 2.341938316822052002e-01 2.934342920780181885e-01 2.147276997566223145e-01 2.293533235788345337e-01 2.239095568656921387e-01
2.892926633358001709e-01 2.361814230680465698e-01 2.499154210090637207e-01 2.407345920801162720e-01 3.180281519889831543e-01 2.326362431049346924e-01 2.402703911066055298e-01 2.315162271261215210e-01 2.813519835472106934e-01 2.280809730291366577e-01 2.319449484348297119e-01 2.200469225645065308e-01
2.798611819744110107e-01 2.366302907466888428e-01 2.335039675235748291e-01 2.363340854644775391e-01 3.073318302631378174e-01 2.302999645471572876e-01 2.606334686279296875e-01 2.404618859291076660e-01 2.845392525196075439e-01 2.312631011009216309e-01 2.350070178508758545e-01 2.241338193416595459e-01
2.753369212150573730e-01 2.381124198436737061e-01 2.328079491853713989e-01 2.400721907615661621e-01 2.986458241939544678e-01 2.423044890165328979e-01 2.567041814327239990e-01 2.410726398229598999e-01 2.802291810512542725e-01 2.288497835397720337e-01 2.307114154100418091e-01 2.351527959108352661e-01
2.701880931854248047e-01 2.368063032627105713e-01 2.297189980745315552e-01 2.440787255764007568e-01 2.880649566650390625e-01 2.437544167041778564e-01 2.509114444255828857e-01 2.414089143276214600e-01 2.674919962882995605e-01 2.406282722949981689e-01 2.402553409337997437e-01 2.466923296451568604e-01
2.656806111335754395e-01 2.395595312118530273e-01 2.391295433044433594e-01 2.427817434072494507e-01 2.731853127479553223e-01 2.580595612525939941e-01 2.471813708543777466e-01 2.402359396219253540e-01 2.623428404331207275e-01 2.443211525678634644e-01 2.408017218112945557e-01 2.467204928398132324e-01
2.577022314071655273e-01 2.397043704986572266e-01 2.456763237714767456e-01 2.459098696708679199e-01 2.660528719425201416e-01 2.513134479522705078e-01 2.557453215122222900e-01 2.477285414934158325e-01 2.600729465484619141e-01 2.463704198598861694e-01 2.397986799478530884e-01 2.439247071743011475e-01
2.585662007331848145e-01 2.429138123989105225e-01 2.432570010423660278e-01 2.427589446306228638e-01 2.609963417053222656e-01 2.504904866218566895e-01 2.565746605396270752e-01 2.484929263591766357e-01 2.583751678466796875e-01 2.477823346853256226e-01 2.426139712333679199e-01 2.471778243780136108e-01
2.588289678096771240e-01 2.438511699438095093e-01 2.433583885431289673e-01 2.414574176073074341e-01 2.617537677288055420e-01 2.511959075927734375e-01 2.549578249454498291e-01 2.486469000577926636e-01 2.595616281032562256e-01 2.467313259840011597e-01 2.435972094535827637e-01 2.460591495037078857e-01
2.590196430683135986e-01 2.436928153038024902e-01 2.422511130571365356e-01 2.425323724746704102e-01 2.626244723796844482e-01 2.502459585666656494e-01 2.555586695671081543e-01 2.481252998113632202e-01 2.585391104221343994e-01 2.475223541259765625e-01 2.427428364753723145e-01 2.471450716257095337e-01
2.588947713375091553e-01 2.427262961864471436e-01 2.420456260442733765e-01 2.429535686969757080e-01 2.615862190723419189e-01 2.519497275352478027e-01 2.560124397277832031e-01 2.476652413606643677e-01 2.592092454433441162e-01 2.480036318302154541e-01 2.425678372383117676e-01 2.463849633932113647e-01
2.583085596561431885e-01 2.433078885078430176e-01 2.427335530519485474e-01 2.422702610492706299e-01 2.620743215084075928e-01 2.514980733394622803e-01 2.549248635768890381e-01 2.487163692712783813e-01 2.609636187553405762e-01 2.462267875671386719e-01 2.431122213602066040e-01 2.458630353212356567e-01
2.582288086414337158e-01 2.422447651624679565e-01 2.435194253921508789e-01 2.431820034980773926e-01 2.617661654949188232e-01 2.521961927413940430e-01 2.541832327842712402e-01 2.478481680154800415e-01 2.613205611705780029e-01 2.466605752706527710e-01 2.432526499032974243e-01 2.455969899892807007e-01
2.579356133937835693e-01 2.418687343597412109e-01 2.446932196617126465e-01 2.426774650812149048e-01 2.609246373176574707e-01 2.520858645439147949e-01 2.545734047889709473e-01 2.484098225831985474e-01 2.599157691001892090e-01 2.474398910999298096e-01 2.433240115642547607e-01 2.461511194705963135e-01
2.589923441410064697e-01 2.420829534530639648e-01 2.431043386459350586e-01 2.429953515529632568e-01 2.609230279922485352e-01 2.512973546981811523e-01 2.544640600681304932e-01 2.493093311786651611e-01 2.611587345600128174e-01 2.454409897327423096e-01 2.438846081495285034e-01 2.463463842868804932e-01
2.593531608581542969e-01 2.407617270946502686e-01 2.443933635950088501e-01 2.426667362451553345e-01 2.612406611442565918e-01 2.516180276870727539e-01 2.551727592945098877e-01 2.479623556137084961e-01 2.603470385074615479e-01 2.475356161594390869e-01 2.430937439203262329e-01 2.458543628454208374e-01
2.604654431343078613e-01 2.430918812751770020e-01 2.443047612905502319e-01 2.429171800613403320e-01 2.633061707019805908e-01 2.513959705829620361e-01 2.553611695766448975e-01 2.466882169246673584e-01 2.583150863647460938e-01 2.441377788782119751e-01 2.444164305925369263e-01 2.455992996692657471e-01
2.584357857704162598e-01 2.456068098545074463e-01 2.445683032274246216e-01 2.421683967113494873e-01 2.619367837905883789e-01 2.514514625072479248e-01 2.549628615379333496e-01 2.484003603458404541e-01 2.577156722545623779e-01 2.451449334621429443e-01 2.436039894819259644e-01 2.460039705038070679e-01
2.597140371799468994e-01 2.441103011369705200e-01 2.439092695713043213e-01 2.430456876754760742e-01 2.630800306797027588e-01 2.514065206050872803e-01 2.548455297946929932e-01 2.474194467067718506e-01 2.578573524951934814e-01 2.457433491945266724e-01 2.428909391164779663e-01 2.459769695997238159e-01
2.595743238925933838e-01 2.433475703001022339e-01 2.444935590028762817e-01 2.426690906286239624e-01 2.624030411243438721e-01 2.487736344337463379e-01 2.543376088142395020e-01 2.493670582771301270e-01 2.577893435955047607e-01 2.449258565902709961e-01 2.429383844137191772e-01 2.493798583745956421e-01
2.591171860694885254e-01 2.426747828722000122e-01 2.455668151378631592e-01 2.446215599775314331e-01 2.599052488803863525e-01 2.485175877809524536e-01 2.551636993885040283e-01 2.490862309932708740e-01 2.585215270519256592e-01 2.442842572927474976e-01 2.429950088262557983e-01 2.495453208684921265e-01
2.590564489364624023e-01 2.431944012641906738e-01 2.453360259532928467e-01 2.443935126066207886e-01 2.606897652149200439e-01 2.474748343229293823e-01 2.557989358901977539e-01 2.487092018127441406e-01 2.596374452114105225e-01 2.436287254095077515e-01 2.449302375316619873e-01 2.471496760845184326e-01
2.596595287322998047e-01 2.439010590314865112e-01 2.460489869117736816e-01 2.443491667509078979e-01 2.605597078800201416e-01 2.467459589242935181e-01 2.556070089340209961e-01 2.487694472074508667e-01 2.585119009017944336e-01 2.420540899038314819e-01 2.451951503753662109e-01 2.485972195863723755e-01
2.593895494937896729e-01 2.455152869224548340e-01 2.472424209117889404e-01 2.447027117013931274e-01 2.588618695735931396e-01 2.470102310180664062e-01 2.562778592109680176e-01 2.488128244876861572e-01 2.575334608554840088e-01 2.435446083545684814e-01 2.440182119607925415e-01 2.470902353525161743e-01
2.624928951263427734e-01 2.455340474843978882e-01 2.455770522356033325e-01 2.438039928674697876e-01 2.597750723361968994e-01 2.458751946687698364e-01 2.528486251831054688e-01 2.508040666580200195e-01 2.586466968059539795e-01 2.436465322971343994e-01 2.447962760925292969e-01 2.461988180875778198e-01
2.623398602008819580e-01 2.462775111198425293e-01 2.444294542074203491e-01 2.446860074996948242e-01 2.602247595787048340e-01 2.453588247299194336e-01 2.520332038402557373e-01 2.484591603279113770e-01 2.592038512229919434e-01 2.445561289787292480e-01 2.489736229181289673e-01 2.434567511081695557e-01
2.624696195125579834e-01 2.472031265497207642e-01 2.450063228607177734e-01 2.453612685203552246e-01 2.592457234859466553e-01 2.468596249818801880e-01 2.498554736375808716e-01 2.481277883052825928e-01 2.590134441852569580e-01 2.453079223632812500e-01 2.476547062397003174e-01 2.438940554857254028e-01
2.619026303291320801e-01 2.469984143972396851e-01 2.452504634857177734e-01 2.450623959302902222e-01 2.591051459312438965e-01 2.473681271076202393e-01 2.510688304901123047e-01 2.472597211599349976e-01 2.596351802349090576e-01 2.443462759256362915e-01 2.476753890514373779e-01 2.443265318870544434e-01
2.621117532253265381e-01 2.463080435991287231e-01 2.462109923362731934e-01 2.452320605516433716e-01 2.599652409553527832e-01 2.477402091026306152e-01 2.490390241146087646e-01 2.472694814205169678e-01 2.588563263416290283e-01 2.445949465036392212e-01 2.470448911190032959e-01 2.456260770559310913e-01
2.617452144622802734e-01 2.459111064672470093e-01 2.469517737627029419e-01 2.455660551786422729e-01 2.598333358764648438e-01 2.469493597745895386e-01 2.490617483854293823e-01 2.487268596887588501e-01 2.583217024803161621e-01 2.452793717384338379e-01 2.467645257711410522e-01 2.448879480361938477e-01
2.600860893726348877e-01 2.466435432434082031e-01 2.462388128042221069e-01 2.453390061855316162e-01 2.593357563018798828e-01 2.471568882465362549e-01 2.484410107135772705e-01 2.496767193078994751e-01 2.584968209266662598e-01 2.451044321060180664e-01 2.469329684972763062e-01 2.465469241142272949e-01
2.612306773662567139e-01 2.460532635450363159e-01 2.470882683992385864e-01 2.449916601181030273e-01 2.596949636936187744e-01 2.465305775403976440e-01 2.481650710105895996e-01 2.497649341821670532e-01 2.575009465217590332e-01 2.456870973110198975e-01 2.462015450000762939e-01 2.470899373292922974e-01
2.620489895343780518e-01 2.450834810733795166e-01 2.473138719797134399e-01 2.451093047857284546e-01 2.606419026851654053e-01 2.462893724441528320e-01 2.480957806110382080e-01 2.488335669040679932e-01 2.569546997547149658e-01 2.465081214904785156e-01 2.462353557348251343e-01 2.468844205141067505e-01
2.619796693325042725e-01 2.454205155372619629e-01 2.462981939315795898e-01 2.454480826854705811e-01 2.611431181430816650e-01 2.477799057960510254e-01 2.472375929355621338e-01 2.492168694734573364e-01 2.572248578071594238e-01 2.464939206838607788e-01 2.456289231777191162e-01 2.461272925138473511e-01
2.607689797878265381e-01 2.458850443363189697e-01 2.471163421869277954e-01 2.455884665250778198e-01 2.595756351947784424e-01 2.473492026329040527e-01 2.484144121408462524e-01 2.497267723083496094e-01 2.574482262134552002e-01 2.462252527475357056e-01 2.449390441179275513e-01 2.469614595174789429e-01
2.605947852134704590e-01 2.466264665126800537e-01 2.467635273933410645e-01 2.453740239143371582e-01 2.599102258682250977e-01 2.467011213302612305e-01 2.490702867507934570e-01 2.493843585252761841e-01 2.570039331912994385e-01 2.458223402500152588e-01 2.464524358510971069e-01 2.462952733039855957e-01
2.606851756572723389e-01 2.456480115652084351e-01 2.468532025814056396e-01 2.466942518949508667e-01 2.591032087802886963e-01 2.469786405563354492e-01 2.486388683319091797e-01 2.496615201234817505e-01 2.567792236804962158e-01 2.460746765136718750e-01 2.470053732395172119e-01 2.458766549825668335e-01
2.601779997348785400e-01 2.462750375270843506e-01 2.465382665395736694e-01 2.463895529508590698e-01 2.616550326347351074e-01 2.474284023046493530e-01 2.478770017623901367e-01 2.484421879053115845e-01 2.567520141601562500e-01 2.466788440942764282e-01 2.457000762224197388e-01 2.460843771696090698e-01
2.591947317123413086e-01 2.455680668354034424e-01 2.477962672710418701e-01 2.473642975091934204e-01 2.604412734508514404e-01 2.475119084119796753e-01 2.475257217884063721e-01 2.490849047899246216e-01 2.569271922111511230e-01 2.465397566556930542e-01 2.460959702730178833e-01 2.459487169981002808e-01
2.594038248062133789e-01 2.439989745616912842e-01 2.481295466423034668e-01 2.478542327880859375e-01 2.609773278236389160e-01 2.480236887931823730e-01 2.466273307800292969e-01 2.480307221412658691e-01 2.575424313545227051e-01 2.467629015445709229e-01 2.465598583221435547e-01 2.460878938436508179e-01
2.605548799037933350e-01 2.442929148674011230e-01 2.475168108940124512e-01 2.470219880342483521e-01 2.609432041645050049e-01 2.469327598810195923e-01 2.464628368616104126e-01 2.493202537298202515e-01 2.583276033401489258e-01 2.461974769830703735e-01 2.466191202402114868e-01 2.458088845014572144e-01
2.598954141139984131e-01 2.441502809524536133e-01 2.482565194368362427e-01 2.470843195915222168e-01 2.616237699985504150e-01 2.475360929965972900e-01 2.457905858755111694e-01 2.487085908651351929e-01 2.572912275791168213e-01 2.463597357273101807e-01 2.466511279344558716e-01 2.466509342193603516e-01
2.601931691169738770e-01 2.434432804584503174e-01 2.476948350667953491e-01 2.469806373119354248e-01 2.614037096500396729e-01 2.479854077100753784e-01 2.470841258764266968e-01 2.481967806816101074e-01 2.575616538524627686e-01 2.468726485967636108e-01 2.462944537401199341e-01 2.462878525257110596e-01
2.604483067989349365e-01 2.449182122945785522e-01 2.468959540128707886e-01 2.466450184583663940e-01 2.606039941310882568e-01 2.488214820623397827e-01 2.467039823532104492e-01 2.483205050230026245e-01 2.576940953731536865e-01 2.460546344518661499e-01 2.462425231933593750e-01 2.466499358415603638e-01
2.600362896919250488e-01 2.450061440467834473e-01 2.468555271625518799e-01 2.470095455646514893e-01 2.602886259555816650e-01 2.484771907329559326e-01 2.464983463287353516e-01 2.491857409477233887e-01 2.574974298477172852e-01 2.467744946479797363e-01 2.460670620203018188e-01 2.463022172451019287e-01
2.612404525279998779e-01 2.444469630718231201e-01 2.464227229356765747e-01 2.471726536750793457e-01 2.600450515747070312e-01 2.487773448228836060e-01 2.455681264400482178e-01 2.489659488201141357e-01 2.590824961662292480e-01 2.465623021125793457e-01 2.454525530338287354e-01 2.462618798017501831e-01
2.612844705581665039e-01 2.445247024297714233e-01 2.448987066745758057e-01 2.480970770120620728e-01 2.596454024314880371e-01 2.481748759746551514e-01 2.467844635248184204e-01 2.475217431783676147e-01 2.603879570960998535e-01 2.471847385168075562e-01 2.450579106807708740e-01 2.464363723993301392e-01
2.619896233081817627e-01 2.448561787605285645e-01 2.448685467243194580e-01 2.470119893550872803e-01 2.594328820705413818e-01 2.484588772058486938e-01 2.464969307184219360e-01 2.479318976402282715e-01 2.604707181453704834e-01 2.458110004663467407e-01 2.452739030122756958e-01 2.473959177732467651e-01
2.621361613273620605e-01 2.446669489145278931e-01 2.463554441928863525e-01 2.459553629159927368e-01 2.591918110847473145e-01 2.474712878465652466e-01 2.472691088914871216e-01 2.486326098442077637e-01 2.610491812229156494e-01 2.457323223352432251e-01 2.446274906396865845e-01 2.469105869531631470e-01
2.619869112968444824e-01 2.457900345325469971e-01 2.457168996334075928e-01 2.458179891109466553e-01 2.584595978260040283e-01 2.472728341817855835e-01 2.469219714403152466e-01 2.486529648303985596e-01 2.615752518177032471e-01 2.456002384424209595e-01 2.443827986717224121e-01 2.478208392858505249e-01
2.619325220584869385e-01 2.461058497428894043e-01 2.453895360231399536e-01 2.456911057233810425e-01 2.588386535644531250e-01 2.467562854290008545e-01 2.473050951957702637e-01 2.484746277332305908e-01 2.599943876266479492e-01 2.460809648036956787e-01 2.448914647102355957e-01 2.485377937555313110e-01
2.621314227581024170e-01 2.456925511360168457e-01 2.462620288133621216e-01 2.460627555847167969e-01 2.584653496742248535e-01 2.464665472507476807e-01 2.472192198038101196e-01 2.499077767133712769e-01 2.593861520290374756e-01 2.457777708768844604e-01 2.449290901422500610e-01 2.476975470781326294e-01
2.606321573257446289e-01 2.466578036546707153e-01 2.455877214670181274e-01 2.447746545076370239e-01 2.569557428359985352e-01 2.482538074254989624e-01 2.490738630294799805e-01 2.477651238441467285e-01 2.587411701679229736e-01 2.469781935214996338e-01 2.459262609481811523e-01 2.486518025398254395e-01
2.609618008136749268e-01 2.465466111898422241e-01 2.462108135223388672e-01 2.450411915779113770e-01 2.585374116897583008e-01 2.468846738338470459e-01 2.494902908802032471e-01 2.461933046579360962e-01 2.591241598129272461e-01 2.465852946043014526e-01 2.454975843429565430e-01 2.489251196384429932e-01
2.602015733718872070e-01 2.450356781482696533e-01 2.467690110206604004e-01 2.462461739778518677e-01 2.587262392044067383e-01 2.478290051221847534e-01 2.495587170124053955e-01 2.464308738708496094e-01 2.577286362648010254e-01 2.468476742506027222e-01 2.455624788999557495e-01 2.490621954202651978e-01
2.597374618053436279e-01 2.457877993583679199e-01 2.460169196128845215e-01 2.462074309587478638e-01 2.586178481578826904e-01 2.482930272817611694e-01 2.494261413812637329e-01 2.453724443912506104e-01 2.579069733619689941e-01 2.481470555067062378e-01 2.458094805479049683e-01 2.486755847930908203e-01
2.588025629520416260e-01 2.463217377662658691e-01 2.464915364980697632e-01 2.470493614673614502e-01 2.583463490009307861e-01 2.475121915340423584e-01 2.483811229467391968e-01 2.460409104824066162e-01 2.592956125736236572e-01 2.468707561492919922e-01 2.462295740842819214e-01 2.486564218997955322e-01
2.597222626209259033e-01 2.456799149513244629e-01 2.455105334520339966e-01 2.477524578571319580e-01 2.589715719223022461e-01 2.472526431083679199e-01 2.475309073925018311e-01 2.465254217386245728e-01 2.597661912441253662e-01 2.467046231031417847e-01 2.469997406005859375e-01 2.475818097591400146e-01
2.593737840652465820e-01 2.454526573419570923e-01 2.468638718128204346e-01 2.469748556613922119e-01 2.586206495761871338e-01 2.471820712089538574e-01 2.477498948574066162e-01 2.467279434204101562e-01 2.601298987865447998e-01 2.475733608007431030e-01 2.464318126440048218e-01 2.469172775745391846e-01
2.584575414657592773e-01 2.461313456296920776e-01 2.462902665138244629e-01 2.473688870668411255e-01 2.597534060478210449e-01 2.464068979024887085e-01 2.472060620784759521e-01 2.478237450122833252e-01 2.593252062797546387e-01 2.476665973663330078e-01 2.464645653963088989e-01 2.471034973859786987e-01
2.595410048961639404e-01 2.463614642620086670e-01 2.465073615312576294e-01 2.469159364700317383e-01 2.609665095806121826e-01 2.467898279428482056e-01 2.461926490068435669e-01 2.482593059539794922e-01 2.579991519451141357e-01 2.473440170288085938e-01 2.459999620914459229e-01 2.471208572387695312e-01
2.592546045780181885e-01 2.477370947599411011e-01 2.459211498498916626e-01 2.464129179716110229e-01 2.617980241775512695e-01 2.458827644586563110e-01 2.467677295207977295e-01 2.477597296237945557e-01 2.595137059688568115e-01 2.467364221811294556e-01 2.453615516424179077e-01 2.468522638082504272e-01
2.596160471439361572e-01 2.485310584306716919e-01 2.451387792825698853e-01 2.465708255767822266e-01 2.611165940761566162e-01 2.454494386911392212e-01 2.467939555644989014e-01 2.480804920196533203e-01 2.590634524822235107e-01 2.469994127750396729e-01 2.463959902524948120e-01 2.462418675422668457e-01
2.602708339691162109e-01 2.484578937292098999e-01 2.447098493576049805e-01 2.462234944105148315e-01 2.607720494270324707e-01 2.456768006086349487e-01 2.472154796123504639e-01 2.481610924005508423e-01 2.588680982589721680e-01 2.464605271816253662e-01 2.466274350881576538e-01 2.465543746948242188e-01
2.584662437438964844e-01 2.488839328289031982e-01 2.446362376213073730e-01 2.453994154930114746e-01 2.599949836730957031e-01 2.478794306516647339e-01 2.465850263833999634e-01 2.484422177076339722e-01 2.590287923812866211e-01 2.462143152952194214e-01 2.477537989616394043e-01 2.467134445905685425e-01
2.594793140888214111e-01 2.472473978996276855e-01 2.450772523880004883e-01 2.465697973966598511e-01 2.600828111171722412e-01 2.475250810384750366e-01 2.474055141210556030e-01 2.475222051143646240e-01 2.598036527633666992e-01 2.462716847658157349e-01 2.468161582946777344e-01 2.461970895528793335e-01
2.587021887302398682e-01 2.467458099126815796e-01 2.457257509231567383e-01 2.466446310281753540e-01 2.600162327289581299e-01 2.466440796852111816e-01 2.472038567066192627e-01 2.493819743394851685e-01 2.592512369155883789e-01 2.461259216070175171e-01 2.465943843126296997e-01 2.469618618488311768e-01
2.590227425098419189e-01 2.477626949548721313e-01 2.460038810968399048e-01 2.470366358757019043e-01 2.597134411334991455e-01 2.462342530488967896e-01 2.459879219532012939e-01 2.500994503498077393e-01 2.588964998722076416e-01 2.465418726205825806e-01 2.466768324375152588e-01 2.460215538740158081e-01
2.590916156768798828e-01 2.473374456167221069e-01 2.454596161842346191e-01 2.471802234649658203e-01 2.605260014533996582e-01 2.467788606882095337e-01 2.463197112083435059e-01 2.489191144704818726e-01 2.591801881790161133e-01 2.459266036748886108e-01 2.464999854564666748e-01 2.467783838510513306e-01
2.574233412742614746e-01 2.478661388158798218e-01 2.447698563337326050e-01 2.468265444040298462e-01 2.614945471286773682e-01 2.468687295913696289e-01 2.452463209629058838e-01 2.499725073575973511e-01 2.594960927963256836e-01 2.465941905975341797e-01 2.463764250278472900e-01 2.470630258321762085e-01
2.575976550579071045e-01 2.480112761259078979e-01 2.447745203971862793e-01 2.465024441480636597e-01 2.617210447788238525e-01 2.474386990070343018e-01 2.456210702657699585e-01 2.488012313842773438e-01 2.591021955013275146e-01 2.468141764402389526e-01 2.463296502828598022e-01 2.472836822271347046e-01
2.574560344219207764e-01 2.491496801376342773e-01 2.442390322685241699e-01 2.467906177043914795e-01 2.611469924449920654e-01 2.474853247404098511e-01 2.455083280801773071e-01 2.477289438247680664e-01 2.595144808292388916e-01 2.468030303716659546e-01 2.465025931596755981e-01 2.476725578308105469e-01
2.574807107448577881e-01 2.486684173345565796e-01 2.453155666589736938e-01 2.461706846952438354e-01 2.602911293506622314e-01 2.474317401647567749e-01 2.459250539541244507e-01 2.482216954231262207e-01 2.588215172290802002e-01 2.465308457612991333e-01 2.478643953800201416e-01 2.472759634256362915e-01
2.579070627689361572e-01 2.471860200166702271e-01 2.452366501092910767e-01 2.466954141855239868e-01 2.592670321464538574e-01 2.484683096408843994e-01 2.464374452829360962e-01 2.485627830028533936e-01 2.584499120712280273e-01 2.470436543226242065e-01 2.480349987745285034e-01 2.467084079980850220e-01
2.586560547351837158e-01 2.479139566421508789e-01 2.453578412532806396e-01 2.469776123762130737e-01 2.585400342941284180e-01 2.479766607284545898e-01 2.474400848150253296e-01 2.484406083822250366e-01 2.579357624053955078e-01 2.465265393257141113e-01 2.478962540626525879e-01 2.463361173868179321e-01
2.588911354541778564e-01 2.481838315725326538e-01 2.444576621055603027e-01 2.477544248104095459e-01 2.583935260772705078e-01 2.475913166999816895e-01 2.482009977102279663e-01 2.479407191276550293e-01 2.580600380897521973e-01 2.469833940267562866e-01 2.470913678407669067e-01 2.464490681886672974e-01
2.587037086486816406e-01 2.469331771135330200e-01 2.436715215444564819e-01 2.481046020984649658e-01 2.590681910514831543e-01 2.470935732126235962e-01 2.484378814697265625e-01 2.485499978065490723e-01 2.591479420661926270e-01 2.470914721488952637e-01 2.461097538471221924e-01 2.470857352018356323e-01
2.584577798843383789e-01 2.483414560556411743e-01 2.433397769927978516e-01 2.472740113735198975e-01 2.591165006160736084e-01 2.472778111696243286e-01 2.483456432819366455e-01 2.484096735715866089e-01 2.598827183246612549e-01 2.471809238195419312e-01 2.457986027002334595e-01 2.465726137161254883e-01
2.590404450893402100e-01 2.473445087671279907e-01 2.455606162548065186e-01 2.472543120384216309e-01 2.594945132732391357e-01 2.479176670312881470e-01 2.482242733240127563e-01 2.474686503410339355e-01 2.589766979217529297e-01 2.465415000915527344e-01 2.454807162284851074e-01 2.466935366392135620e-01
2.582313716411590576e-01 2.477187961339950562e-01 2.457630485296249390e-01 2.475143820047378540e-01 2.589842677116394043e-01 2.473746538162231445e-01 2.487463951110839844e-01 2.472543418407440186e-01 2.590554952621459961e-01 2.467162162065505981e-01 2.464529573917388916e-01 2.461855262517929077e-01
2.587045729160308838e-01 2.459678649902343750e-01 2.457498311996459961e-01 2.488053441047668457e-01 2.595241963863372803e-01 2.475924491882324219e-01 2.476551234722137451e-01 2.475879490375518799e-01 2.589590251445770264e-01 2.466364204883575439e-01 2.469035834074020386e-01 2.459110915660858154e-01
2.593849897384643555e-01 2.465544939041137695e-01 2.454999685287475586e-01 2.478569000959396362e-01 2.588426768779754639e-01 2.470068931579589844e-01 2.477440088987350464e-01 2.472003698348999023e-01 2.597989737987518311e-01 2.469947487115859985e-01 2.473668754100799561e-01 2.457464933395385742e-01
2.589330673217773438e-01 2.458537369966506958e-01 2.457845658063888550e-01 2.487249821424484253e-01 2.592822015285491943e-01 2.465126961469650269e-01 2.475684434175491333e-01 2.474305927753448486e-01 2.598185241222381592e-01 2.466845810413360596e-01 2.468296885490417480e-01 2.465742975473403931e-01
2.601720392704010010e-01 2.468651980161666870e-01 2.456294447183609009e-01 2.482201904058456421e-01 2.583870291709899902e-01 2.478459328413009644e-01 2.472168952226638794e-01 2.473385334014892578e-01 2.574311792850494385e-01 2.472094297409057617e-01 2.464836686849594116e-01 2.471977472305297852e-01
2.602562606334686279e-01 2.469224333763122559e-01 2.463740110397338867e-01 2.471767812967300415e-01 2.590579986572265625e-01 2.475563138723373413e-01 2.467783242464065552e-01 2.478759735822677612e-01 2.576457858085632324e-01 2.478787600994110107e-01 2.462061047554016113e-01 2.462684959173202515e-01
2.599698901176452637e-01 2.465999871492385864e-01 2.465238124132156372e-01 2.476357370615005493e-01 2.593474388122558594e-01 2.467398345470428467e-01 2.472395449876785278e-01 2.479417771100997925e-01 2.591830193996429443e-01 2.468568831682205200e-01 2.458000928163528442e-01 2.461591511964797974e-01
2.601152062416076660e-01 2.460772544145584106e-01 2.472974807024002075e-01 2.472395300865173340e-01 2.590001821517944336e-01 2.474213838577270508e-01 2.465439736843109131e-01 2.483030557632446289e-01 2.578755319118499756e-01 2.474019229412078857e-01 2.462278157472610474e-01 2.464938908815383911e-01
2.602250277996063232e-01 2.461877465248107910e-01 2.465533167123794556e-01 2.470877915620803833e-01 2.589785158634185791e-01 2.475406378507614136e-01 2.467764317989349365e-01 2.490891367197036743e-01 2.584069073200225830e-01 2.472309619188308716e-01 2.458977401256561279e-01 2.460229694843292236e-01
2.606551051139831543e-01 2.467391788959503174e-01 2.460152208805084229e-01 2.459043413400650024e-01 2.590802609920501709e-01 2.481766939163208008e-01 2.474280595779418945e-01 2.485697716474533081e-01 2.580873668193817139e-01 2.468063086271286011e-01 2.461006045341491699e-01 2.464343011379241943e-01
2.603370249271392822e-01 2.472789138555526733e-01 2.463661879301071167e-01 2.460409849882125854e-01 2.601531744003295898e-01 2.482797056436538696e-01 2.472921311855316162e-01 2.484874427318572998e-01 2.578834891319274902e-01 2.463337779045104980e-01 2.455190569162368774e-01 2.460252642631530762e-01
2.592306435108184814e-01 2.486376017332077026e-01 2.457073330879211426e-01 2.462917864322662354e-01 2.604354321956634521e-01 2.479397356510162354e-01 2.471737712621688843e-01 2.480727434158325195e-01 2.572359740734100342e-01 2.469148337841033936e-01 2.459255307912826538e-01 2.464318424463272095e-01
2.595904767513275146e-01 2.482687681913375854e-01 2.457988411188125610e-01 2.457850426435470581e-01 2.606470584869384766e-01 2.470320463180541992e-01 2.482283264398574829e-01 2.480076104402542114e-01 2.576898932456970215e-01 2.463143318891525269e-01 2.461577057838439941e-01 2.464769035577774048e-01
2.599388659000396729e-01 2.486585825681686401e-01 2.459003925323486328e-01 2.449453324079513550e-01 2.614730298519134521e-01 2.488918900489807129e-01 2.479075044393539429e-01 2.456426173448562622e-01 2.590433657169342041e-01 2.448603361845016479e-01 2.464512735605239868e-01 2.462839037179946899e-01
2.608188986778259277e-01 2.491150349378585815e-01 2.458506971597671509e-01 2.443782836198806763e-01 2.606508731842041016e-01 2.480937242507934570e-01 2.472424209117889404e-01 2.451042383909225464e-01 2.595435380935668945e-01 2.458473742008209229e-01 2.473775893449783325e-01 2.459742724895477295e-01
2.613432705402374268e-01 2.469400614500045776e-01 2.467095702886581421e-01 2.451700866222381592e-01 2.601511180400848389e-01 2.465487122535705566e-01 2.480765879154205322e-01 2.463147938251495361e-01 2.601076960563659668e-01 2.465276271104812622e-01 2.458762377500534058e-01 2.462311983108520508e-01
2.610041201114654541e-01 2.476881444454193115e-01 2.467757910490036011e-01 2.452861964702606201e-01 2.604262530803680420e-01 2.468243539333343506e-01 2.469372451305389404e-01 2.455162405967712402e-01 2.599667906761169434e-01 2.468851208686828613e-01 2.462900280952453613e-01 2.463965862989425659e-01
2.607339024543762207e-01 2.482779324054718018e-01 2.472953945398330688e-01 2.458330690860748291e-01 2.592515349388122559e-01 2.459579706192016602e-01 2.469364553689956665e-01 2.465809434652328491e-01 2.593525052070617676e-01 2.480163276195526123e-01 2.452534884214401245e-01 2.465074062347412109e-01
2.599662244319915771e-01 2.484380453824996948e-01 2.470469921827316284e-01 2.461877018213272095e-01 2.599008381366729736e-01 2.460719496011734009e-01 2.469309419393539429e-01 2.472423762083053589e-01 2.587499916553497314e-01 2.472585290670394897e-01 2.456479519605636597e-01 2.465553283691406250e-01
