# pops for 8 qbits with connectivity gas_with_one_uni in chunks 2
1.999999999999999278e-01 1.999999999999999278e-01 1.999999999999999278e-01 1.999999999999999278e-01 1.999999999999999278e-01 3.999999999999999667e-01 1.999999999999999278e-01 1.999999999999999278e-01
2.000000000000000666e-01 2.000000000000002054e-01 2.370564651669249678e-01 2.644544760649062964e-01 2.245549791861321254e-01 2.739340795820368601e-01 2.000000000000001221e-01 2.000000000000000944e-01
2.405056734846344468e-01 2.079133915911341168e-01 2.551308525364731072e-01 2.561328794957662969e-01 2.090772489264136336e-01 2.236756152969946454e-01 2.045496036544273699e-01 2.030147350141569551e-01
2.155426867392308543e-01 2.235459114709301420e-01 2.168288066716507201e-01 2.470270084813374623e-01 2.099257757361221166e-01 2.554510122964492869e-01 2.171150619560788531e-01 2.145637366482006925e-01
2.147368629823449004e-01 2.201901976165453745e-01 2.171084757887775107e-01 2.248261590912952745e-01 2.138076442302658253e-01 2.446196191556206101e-01 2.360621818597530563e-01 2.286488592753971039e-01
2.291094515383253760e-01 2.279302997867237723e-01 2.263957130040989973e-01 2.283833362282943480e-01 2.245656896262726576e-01 2.174026162473200741e-01 2.272301337868326832e-01 2.189827597821327188e-01
2.238933041649102118e-01 2.190388158975629940e-01 2.373915529033060468e-01 2.286172467110464956e-01 2.300402402351327813e-01 2.169103025291222453e-01 2.270988257929286158e-01 2.170097117659899877e-01
2.198908075286791497e-01 2.351745802794429352e-01 2.221313929945641086e-01 2.257634326116597367e-01 2.207607865888708554e-01 2.329374674365993214e-01 2.198446537798482703e-01 2.234968787803354173e-01
2.162167101185778761e-01 2.262986347331897019e-01 2.330452288133916250e-01 2.282619471729405436e-01 2.253620772907241609e-01 2.170646305055220771e-01 2.277934060343493050e-01 2.259573653313041719e-01
2.254394604991389883e-01 2.229190251846542847e-01 2.180780272666947850e-01 2.262255584103979311e-01 2.215553252212405511e-01 2.257818686249078999e-01 2.382325042117821590e-01 2.217682305811820853e-01
2.190874686761214163e-01 2.290483253429310695e-01 2.286573294422036828e-01 2.221712138190157226e-01 2.183514816937593139e-01 2.247584017998979500e-01 2.405815236981012351e-01 2.173442555279684330e-01
2.229883084188936104e-01 2.334957068205096020e-01 2.172503325520882544e-01 2.341710886263959623e-01 2.225737452564907348e-01 2.221705224358855313e-01 2.267221467771548260e-01 2.206281491125799965e-01
2.172620873629868554e-01 2.274768038883290822e-01 2.271591392987732660e-01 2.213332954603951797e-01 2.164421468505937363e-01 2.312311072610983564e-01 2.204822491075015545e-01 2.386131707703204874e-01
2.289831377520925582e-01 2.156406675737954082e-01 2.201441239947409534e-01 2.254368989517098187e-01 2.268005900630159222e-01 2.286051968718951777e-01 2.332116405199501363e-01 2.211777442727984044e-01
2.185071650918790909e-01 2.338693300250478946e-01 2.354518971447868980e-01 2.258076260660180079e-01 2.239049275139765316e-01 2.196606465157054100e-01 2.235568013105786733e-01 2.192416063320049291e-01
2.233603254725830545e-01 2.207771004044765395e-01 2.202241300577447436e-01 2.306237214026976290e-01 2.238196004404913175e-01 2.234272993753000092e-01 2.280662827348756971e-01 2.297015401118281119e-01
2.164078842115117751e-01 2.265183152974536707e-01 2.231631432845634644e-01 2.370886338888117950e-01 2.180332100083469948e-01 2.170075624283528959e-01 2.216968359053086979e-01 2.400844149756474477e-01
2.205745148190394744e-01 2.307025347598316012e-01 2.211664131938619327e-01 2.329874454648574733e-01 2.188033835452033726e-01 2.223353074061526768e-01 2.215309795129901116e-01 2.318994212980608760e-01
2.198000541311697364e-01 2.167917971589990167e-01 2.261167487012105126e-01 2.170288788832928639e-01 2.205111908658770048e-01 2.195214067626012622e-01 2.365561994617501884e-01 2.436737240350961009e-01
2.151846619064654575e-01 2.233668340728290069e-01 2.176382418899031890e-01 2.341024989067247153e-01 2.270300529880585061e-01 2.408124835911035488e-01 2.157141612736460934e-01 2.261510653712659191e-01
2.222320328774801956e-01 2.258538343988463759e-01 2.199168248820032034e-01 2.262488103910412773e-01 2.335132192372784410e-01 2.250033633787689169e-01 2.246621963487851759e-01 2.225697184857933220e-01
2.269392831665102417e-01 2.206937013655399238e-01 2.156320496442640233e-01 2.226136744000002388e-01 2.308919787141202884e-01 2.272021288506358150e-01 2.310979027951628739e-01 2.249292810637623374e-01
2.228976540228148340e-01 2.249146720279361633e-01 2.223380995808770799e-01 2.273947007387149000e-01 2.146458303595355499e-01 2.297992157592731455e-01 2.175737952875159420e-01 2.404360322233275449e-01
2.210145356114874005e-01 2.255391248624877276e-01 2.265419464323235876e-01 2.171021403103185476e-01 2.408113444635242018e-01 2.281247119524223710e-01 2.255456272757935809e-01 2.153205690916381587e-01
2.175799863514723265e-01 2.243082622128261261e-01 2.313111585650562130e-01 2.217894664717378617e-01 2.300938699425667811e-01 2.353038369903084626e-01 2.219117681363143857e-01 2.177016513297127809e-01
2.303352700184264079e-01 2.291355206295958846e-01 2.243233829212416264e-01 2.183942639670345964e-01 2.343165689321247136e-01 2.247090705503993480e-01 2.200926747519658111e-01 2.186932482292065494e-01
2.312555668922318675e-01 2.163016017339051689e-01 2.364277753267176874e-01 2.198141883762188831e-01 2.341257985485335202e-01 2.166933112599645217e-01 2.256392767516757492e-01 2.197424811107473175e-01
2.267921533873832052e-01 2.185941824938496258e-01 2.242409234122705874e-01 2.418722954360005561e-01 2.287179569080475261e-01 2.186158489589644649e-01 2.251202638621845886e-01 2.160463755412940501e-01
2.172152245231148415e-01 2.249657402860412436e-01 2.200072403204550719e-01 2.227760534592723718e-01 2.510195699568520955e-01 2.200623606897756102e-01 2.208240212199685248e-01 2.231297895445139290e-01
2.300839587535181974e-01 2.202517350233145210e-01 2.189596675088992805e-01 2.193258649074552591e-01 2.426485970898215050e-01 2.300430602177848394e-01 2.209855377174589908e-01 2.177015787817413450e-01
2.144510297668070498e-01 2.347311253623035054e-01 2.165234282419991052e-01 2.290488405559933938e-01 2.332010039392221901e-01 2.263813628444459880e-01 2.196154379024079784e-01 2.260477713868143668e-01
2.162790597216624755e-01 2.388752226778760590e-01 2.215938441801044434e-01 2.234940223989160535e-01 2.291407909649122721e-01 2.201604895358439951e-01 2.250863717182220447e-01 2.253701988024554015e-01
2.222344419754688494e-01 2.202645748945530335e-01 2.226410873611346375e-01 2.224647373624094038e-01 2.221478128684370446e-01 2.407090780077796865e-01 2.191130313198925983e-01 2.304252362103181018e-01
2.239533547307465677e-01 2.366440893177626792e-01 2.184872414390972017e-01 2.267845567894633541e-01 2.221313726727931204e-01 2.239070755747800678e-01 2.178166065744047142e-01 2.302757029009453171e-01
2.243132525400272914e-01 2.378099001020579362e-01 2.210365792456174261e-01 2.237764774939821344e-01 2.214243033774586644e-01 2.264909498816187472e-01 2.243770123098979552e-01 2.207715250493324788e-01
2.301212511938082739e-01 2.403476158576187682e-01 2.216938595715093885e-01 2.269330658465992800e-01 2.201331182938126296e-01 2.201393654475489459e-01 2.218523588616901632e-01 2.187793649274054897e-01
2.269069023636565707e-01 2.191792159065023560e-01 2.363063838737058109e-01 2.229449561775028177e-01 2.202399703518302665e-01 2.299095899266203613e-01 2.250612386129795528e-01 2.194517427871944815e-01
2.269310762229910794e-01 2.228526094931318480e-01 2.303380847329515868e-01 2.215513789282465007e-01 2.177479715578257702e-01 2.279143548246578832e-01 2.227572484162717859e-01 2.299072758239157632e-01
2.187269954395627825e-01 2.309089873303366292e-01 2.287690398754857191e-01 2.221851572348254866e-01 2.220610200941058876e-01 2.255016460158404679e-01 2.260145023568409517e-01 2.258326516529944039e-01
2.210041611000940764e-01 2.257455130089417727e-01 2.277578333400969990e-01 2.248203273351181142e-01 2.378658554461039742e-01 2.195322710411363176e-01 2.213425163009420105e-01 2.219315224275593690e-01
2.206844377626331344e-01 2.274062523521079016e-01 2.221562889088761483e-01 2.234910447128992950e-01 2.314564994506868034e-01 2.195205376576495615e-01 2.256682329388837727e-01 2.296167062162555450e-01
2.248736307565213366e-01 2.218546928790222916e-01 2.210432554311044240e-01 2.209401731658943990e-01 2.222572726666331155e-01 2.234337756838516154e-01 2.380363202657730382e-01 2.275608791511910534e-01
2.449695012084689982e-01 2.260367923939525236e-01 2.213653152648444589e-01 2.197262038754470848e-01 2.318662016981449525e-01 2.175886806865876266e-01 2.188323592705319620e-01 2.196149456020127511e-01
2.410816796296600117e-01 2.304039727879297894e-01 2.136985594881268269e-01 2.161126611388081709e-01 2.217681492068110383e-01 2.258401931247156769e-01 2.218611453457604299e-01 2.292336392781780530e-01
2.228441904425372544e-01 2.226184928233600202e-01 2.271952578010509038e-01 2.217511978937990735e-01 2.271693077091457291e-01 2.283845171684883713e-01 2.214637645115669629e-01 2.285732716500421535e-01
2.205100321300917932e-01 2.154586047727180542e-01 2.151951501551513379e-01 2.391593914767843887e-01 2.296575318202777327e-01 2.348025683232930205e-01 2.183898368869261197e-01 2.268268844347471613e-01
2.298698477563198006e-01 2.159914107367132963e-01 2.230004130907962401e-01 2.306735033547475944e-01 2.283152965728088846e-01 2.333958348551062600e-01 2.160389256382101164e-01 2.227147679952868331e-01
2.326696131545661073e-01 2.172357893847767785e-01 2.272173103835339325e-01 2.302952031474106986e-01 2.246494527338364355e-01 2.180852125875931413e-01 2.261293394530015377e-01 2.237180791552715875e-01
2.262918448593985443e-01 2.194300482867126423e-01 2.265367948161221834e-01 2.240745843782866176e-01 2.402434806113445676e-01 2.180581623565376326e-01 2.174364459120294024e-01 2.279286387795586011e-01
2.221730815397801317e-01 2.290981814216876689e-01 2.187004932724252171e-01 2.362948572456135543e-01 2.187754806008661845e-01 2.198221410948167087e-01 2.345204745988772876e-01 2.206152902259227444e-01
2.253841876117290421e-01 2.203133778455856340e-01 2.099073271883380443e-01 2.290944886098033317e-01 2.265252377008420137e-01 2.258509373051695301e-01 2.340653758926768135e-01 2.288590678458435335e-01
2.218133008987835386e-01 2.321557945082214913e-01 2.203050236057540745e-01 2.200746188431136341e-01 2.215263904472035972e-01 2.240229748543371147e-01 2.359240563325050166e-01 2.241778405100685878e-01
2.177993374759288059e-01 2.348771546369483321e-01 2.290337645007065048e-01 2.192553684481229059e-01 2.289953917769708136e-01 2.205148786161786889e-01 2.265529452690021595e-01 2.229711592761297878e-01
2.247278703657523691e-01 2.223601143547368209e-01 2.200099152579726991e-01 2.270867994532800305e-01 2.218757013197823202e-01 2.222955319769462645e-01 2.243100216562328719e-01 2.373340456152842892e-01
2.226299074241032960e-01 2.458010709881424394e-01 2.178521620264936287e-01 2.268930305325574937e-01 2.222273774905053623e-01 2.267450170707968893e-01 2.170623577221421074e-01 2.207890767452460323e-01
2.234821425502713510e-01 2.325540562132901445e-01 2.213176601640992058e-01 2.325763228549194706e-01 2.327837507478230372e-01 2.237523662659694768e-01 2.169076503446377979e-01 2.166260508589765710e-01
2.223400937109490660e-01 2.266120997667933346e-01 2.320932593020492984e-01 2.288847290027892778e-01 2.215957925375444393e-01 2.238316990310783294e-01 2.212830792079513442e-01 2.233592474408332140e-01
2.239893374600722686e-01 2.235036252153044523e-01 2.239310399222148307e-01 2.213339095054102368e-01 2.195384573605855816e-01 2.337154267491251269e-01 2.271123903671178335e-01 2.268758134201576127e-01
2.170810286407129919e-01 2.214592219340132950e-01 2.184597594404784626e-01 2.266436421879690633e-01 2.340810966714251817e-01 2.369896204951063012e-01 2.239997444203140620e-01 2.212858862099683355e-01
2.216522512995020289e-01 2.251193602894068224e-01 2.190573198729965920e-01 2.348691483081176701e-01 2.216487199549327380e-01 2.206523413860145277e-01 2.321056625152226049e-01 2.248951963737937654e-01
2.254147263559922176e-01 2.206390002734735789e-01 2.164067163909110525e-01 2.208652910908864841e-01 2.177618802310176682e-01 2.234273095355247540e-01 2.557730418046226251e-01 2.197120343175580082e-01
2.373849358897792694e-01 2.361890730754943324e-01 2.165724162357834104e-01 2.181962829936534287e-01 2.201551591744283776e-01 2.223230354349841342e-01 2.293570335693549123e-01 2.198220636265074135e-01
2.176121718758504686e-01 2.273382313551324529e-01 2.438802629375558806e-01 2.259073308897610322e-01 2.214709182069471982e-01 2.223840242990783589e-01 2.184385016329261353e-01 2.229685588027350562e-01
2.169182323046972838e-01 2.120978597126345622e-01 2.403198949517516836e-01 2.249640241299691867e-01 2.220323215002461825e-01 2.218057895258021550e-01 2.378174760345043992e-01 2.240444018403804638e-01
2.277138839528294045e-01 2.463394692740076275e-01 2.180564913725989984e-01 2.171316673430037369e-01 2.175917126328699158e-01 2.271218360958832116e-01 2.261463866836670999e-01 2.198985526451256167e-01
2.334336725826576253e-01 2.216194873661303522e-01 2.293304658185969791e-01 2.252076555781479805e-01 2.253179314649204346e-01 2.243503984027444831e-01 2.216321875682411013e-01 2.191082012185459615e-01
2.222284411510447033e-01 2.199504153649221583e-01 2.319849960164329095e-01 2.251658285134230109e-01 2.243743003330172237e-01 2.218979379842389299e-01 2.307437295509894570e-01 2.236543510859155259e-01
2.188200879295680579e-01 2.260137167531616198e-01 2.207277938750049906e-01 2.239528694933250463e-01 2.459278296373141048e-01 2.204559488375744947e-01 2.211106829215872815e-01 2.229910705524490444e-01
2.223295533839225457e-01 2.194253298980470002e-01 2.240740257855103612e-01 2.217031613687978631e-01 2.300424019787414842e-01 2.172959498246529730e-01 2.467444964481963765e-01 2.183850813121167300e-01
2.197737886068801549e-01 2.210676306604680286e-01 2.220849980036581905e-01 2.254391346714228472e-01 2.292372749419327449e-01 2.215137966255304736e-01 2.371483755822724193e-01 2.237350009078193092e-01
2.142908447825106200e-01 2.240694217549201728e-01 2.198224825020954620e-01 2.262579155019347754e-01 2.444530840872468913e-01 2.262574648570106484e-01 2.210759122554378231e-01 2.237728742588278308e-01
2.245955224853394272e-01 2.285510439952601891e-01 2.240261453360534172e-01 2.205919025789132015e-01 2.237683576669990959e-01 2.171371778368634542e-01 2.293840065588080568e-01 2.319458435417477704e-01
2.257586670735665657e-01 2.263197848984127847e-01 2.219078444239147296e-01 2.300824270065633115e-01 2.306163031215301973e-01 2.232142249139986157e-01 2.234912174281880326e-01 2.186095311338097369e-01
2.200580026257189237e-01 2.196973295114219293e-01 2.194511345311260242e-01 2.196743131787743109e-01 2.212945135049719514e-01 2.356971050048622673e-01 2.233314571721628783e-01 2.407961444709456056e-01
2.218043576563542008e-01 2.223817160378071811e-01 2.294215871557091224e-01 2.335180795905819340e-01 2.215693384227951368e-01 2.225729727269127045e-01 2.223369981204815493e-01 2.263949502893414234e-01
2.189251738253512602e-01 2.236116831773967695e-01 2.209454410782113187e-01 2.176656587260666909e-01 2.247772165889442564e-01 2.224357759970937987e-01 2.207783366457453933e-01 2.508607139611730430e-01
2.190816169550514891e-01 2.310056074585442876e-01 2.156563903327084475e-01 2.209912183745028347e-01 2.357517125481069786e-01 2.144310683016814600e-01 2.225853846131115032e-01 2.404970014162749192e-01
2.272411484420894245e-01 2.232858628452627225e-01 2.242267628013342451e-01 2.205205694134078909e-01 2.241300711338167218e-01 2.259008371559442230e-01 2.226162467004506595e-01 2.320785015076768931e-01
2.198245442780535908e-01 2.254249475535812508e-01 2.174453361463483947e-01 2.175937196820812436e-01 2.290074456123077640e-01 2.200394429492275317e-01 2.230163916776770339e-01 2.476481721007058046e-01
2.202731572767273882e-01 2.290347742901506223e-01 2.201512150891898612e-01 2.127226030482724795e-01 2.305827383994558111e-01 2.217560676415202547e-01 2.291721659840370295e-01 2.363072782706279462e-01
2.204889468249254247e-01 2.196423484954770355e-01 2.200196990453609502e-01 2.203607318685625038e-01 2.232583323359938199e-01 2.209646389022683344e-01 2.307106734102228607e-01 2.445546291171710462e-01
2.337873122013444382e-01 2.254262440860581584e-01 2.174284652767836667e-01 2.283129072736802267e-01 2.275254535748989781e-01 2.246437940283072532e-01 2.238388564621796306e-01 2.190369670967288185e-01
2.242239327366424562e-01 2.180638671229715997e-01 2.178169880221507981e-01 2.239472572665981431e-01 2.341436646753036754e-01 2.272004396472373233e-01 2.228983845778816641e-01 2.317054659511950665e-01
2.163298735312288723e-01 2.264923496265673075e-01 2.243837178803061438e-01 2.250606487672653921e-01 2.253706020647480435e-01 2.331581399118986264e-01 2.231123224244728198e-01 2.260923457934939373e-01
2.246519535716874627e-01 2.269217808083047461e-01 2.187542999150638989e-01 2.233715470230871192e-01 2.247104039237367290e-01 2.321545795808610535e-01 2.271178479363832603e-01 2.223175872408577336e-01
2.215890149291662448e-01 2.331703761216699367e-01 2.179538058410804002e-01 2.285464594876521760e-01 2.273675442466411012e-01 2.254523661186938754e-01 2.223965536206195248e-01 2.235238796344571066e-01
2.252903267042837276e-01 2.266998354356861423e-01 2.217769313807716192e-01 2.311546028556854815e-01 2.402285209189105875e-01 2.164537867643747393e-01 2.212523033749322632e-01 2.171436925653356664e-01
2.351834062169623762e-01 2.257214706428619377e-01 2.305749195818770081e-01 2.262394036041474321e-01 2.248775076183133215e-01 2.215339366392056197e-01 2.183478792181892392e-01 2.175214764784237087e-01
2.243279184342469312e-01 2.192289957980672055e-01 2.260433032371940987e-01 2.230867222553200580e-01 2.160745204533196795e-01 2.244221072482492640e-01 2.402274581903820205e-01 2.265889743832006642e-01
2.297975398223013610e-01 2.348021435155367154e-01 2.248991568765419113e-01 2.178054256078485462e-01 2.170303420733890876e-01 2.144748006534576701e-01 2.225714572163819960e-01 2.386191342345228283e-01
2.257718832647412355e-01 2.327418962007283820e-01 2.184331976731942182e-01 2.207675211874376431e-01 2.201541503661675891e-01 2.190785744438488447e-01 2.225486445637850919e-01 2.405041323000755293e-01
2.180821581298451606e-01 2.353256650249992976e-01 2.221331083167289444e-01 2.336826716178239949e-01 2.218516473572445524e-01 2.213708919441333411e-01 2.279814368340017106e-01 2.195724207752017543e-01
2.251074624006348945e-01 2.264115774746330301e-01 2.169770973500002587e-01 2.207215571948813737e-01 2.215323810639867053e-01 2.284009605352204653e-01 2.342365132794126115e-01 2.266124507012094724e-01
2.329839597352013347e-01 2.191591568829744097e-01 2.210738398877252764e-01 2.221277433650223898e-01 2.237957478363134245e-01 2.345794627310741620e-01 2.216979017735065116e-01 2.245821877881600814e-01
2.153883642111598939e-01 2.419669626812797347e-01 2.197151534552122809e-01 2.206715877159470263e-01 2.305523825939781446e-01 2.162212947962123266e-01 2.187044195591388573e-01 2.367798349870503249e-01
2.195642974492940380e-01 2.243518243990701710e-01 2.331366337216821127e-01 2.270199557261122214e-01 2.213563630849967878e-01 2.153346808970650339e-01 2.246111197291331685e-01 2.346251249926245563e-01
2.232804078822802907e-01 2.319569616764762809e-01 2.310711338780864765e-01 2.218682600162700802e-01 2.237065708620373239e-01 2.202016686734617479e-01 2.227965398085457738e-01 2.251184572028191166e-01
2.185954637266077916e-01 2.203394230473284809e-01 2.197472899716146344e-01 2.232566232048765753e-01 2.275277920482611793e-01 2.249635326866364915e-01 2.292044940628636673e-01 2.363653812517893804e-01
2.353773548019177653e-01 2.204742293724434310e-01 2.145716485751475444e-01 2.198504731931827938e-01 2.244894194449509606e-01 2.308256581887715986e-01 2.210043943957139823e-01 2.334068220278490424e-01
2.223015992809704855e-01 2.288678469001497739e-01 2.173567956215458896e-01 2.290536496597866123e-01 2.255768514528959101e-01 2.312291595685053991e-01 2.188269808024075058e-01 2.267871167137151533e-01
2.282247018795288962e-01 2.184743954433272517e-01 2.242489039467920608e-01 2.206777351451297275e-01 2.219437888687966209e-01 2.157209908809196719e-01 2.310761037488460734e-01 2.396333800866359554e-01
