# pops for 16 qbits with connectivity 5 in chunks 4
2.000000029802322388e-01 2.000000029802322388e-01 2.000000029802322388e-01 2.000000029802322388e-01 3.999999463558197021e-01 1.999999880790710449e-01 1.999999880790710449e-01 1.999999880790710449e-01 1.999999880790710449e-01 1.999999880790710449e-01 1.999999880790710449e-01 1.999999880790710449e-01 1.999999880790710449e-01 1.999999880790710449e-01 1.999999880790710449e-01 1.999999880790710449e-01
2.129117250442504883e-01 2.057501226663589478e-01 2.000000029802322388e-01 2.000000029802322388e-01 3.577688038349151611e-01 2.235693484544754028e-01 1.999999880790710449e-01 1.999999880790710449e-01 1.999999880790710449e-01 1.999999880790710449e-01 1.999999880790710449e-01 1.999999880790710449e-01 1.999999880790710449e-01 1.999999880790710449e-01 1.999999880790710449e-01 1.999999880790710449e-01
2.096514552831649780e-01 2.200413048267364502e-01 2.000000178813934326e-01 1.999999880790710449e-01 3.430564701557159424e-01 2.141913473606109619e-01 2.000000178813934326e-01 1.999999880790710449e-01 2.097991704940795898e-01 2.014034539461135864e-01 2.000000178813934326e-01 2.000000178813934326e-01 2.009375691413879395e-01 2.009192556142807007e-01 1.999999880790710449e-01 2.000000178813934326e-01
2.091053873300552368e-01 2.263794243335723877e-01 2.000000327825546265e-01 2.000000178813934326e-01 3.308161199092864990e-01 2.193602323532104492e-01 2.000000029802322388e-01 2.000000029802322388e-01 2.105325460433959961e-01 2.005065381526947021e-01 2.000000327825546265e-01 2.000000327825546265e-01 2.018520385026931763e-01 2.014477849006652832e-01 2.000000327825546265e-01 2.000000327825546265e-01
2.096196711063385010e-01 2.286762446165084839e-01 2.000000178813934326e-01 2.000000178813934326e-01 3.284814059734344482e-01 2.152437567710876465e-01 1.999999880790710449e-01 1.999999880790710449e-01 2.146869599819183350e-01 2.003874182701110840e-01 2.000000178813934326e-01 2.000000178813934326e-01 2.015276700258255005e-01 2.013769894838333130e-01 2.000000178813934326e-01 2.000000178813934326e-01
2.063296288251876831e-01 2.357885986566543579e-01 2.000000178813934326e-01 2.000000178813934326e-01 3.217554390430450439e-01 2.181474417448043823e-01 2.000000178813934326e-01 2.000000178813934326e-01 2.130728065967559814e-01 2.008012831211090088e-01 2.000000029802322388e-01 2.000000029802322388e-01 2.024309635162353516e-01 2.016739100217819214e-01 2.000000029802322388e-01 2.000000029802322388e-01
2.077232599258422852e-01 2.327076941728591919e-01 2.000000178813934326e-01 2.000000178813934326e-01 3.260554671287536621e-01 2.234601974487304688e-01 2.000000178813934326e-01 2.000000178813934326e-01 2.065408825874328613e-01 1.999069005250930786e-01 2.000000029802322388e-01 2.000000029802322388e-01 2.018454074859619141e-01 2.017602026462554932e-01 2.000000029802322388e-01 2.000000029802322388e-01
2.122385203838348389e-01 2.258335649967193604e-01 2.000000029802322388e-01 2.000000029802322388e-01 3.273327350616455078e-01 2.245417833328247070e-01 2.000000029802322388e-01 2.000000029802322388e-01 2.068461030721664429e-01 2.008536458015441895e-01 2.000000178813934326e-01 2.000000178813934326e-01 2.008567452430725098e-01 2.014968693256378174e-01 2.000000178813934326e-01 2.000000178813934326e-01
2.122248560190200806e-01 2.239697426557540894e-01 2.000000029802322388e-01 2.000000029802322388e-01 3.269718885421752930e-01 2.257351130247116089e-01 2.000000029802322388e-01 2.000000029802322388e-01 2.078775018453598022e-01 2.005714029073715210e-01 2.000000029802322388e-01 2.000000029802322388e-01 2.016822695732116699e-01 2.009672522544860840e-01 2.000000029802322388e-01 2.000000029802322388e-01
2.105396986007690430e-01 2.223368138074874878e-01 2.000000029802322388e-01 1.999999880790710449e-01 3.291184604167938232e-01 2.226391583681106567e-01 2.000000029802322388e-01 2.000000029802322388e-01 2.104597985744476318e-01 2.011588215827941895e-01 2.000000029802322388e-01 2.000000029802322388e-01 2.023985385894775391e-01 2.013487219810485840e-01 2.000000029802322388e-01 2.000000029802322388e-01
2.096916586160659790e-01 2.245522737503051758e-01 2.000000029802322388e-01 2.000000029802322388e-01 3.254172801971435547e-01 2.248942404985427856e-01 2.000000029802322388e-01 2.000000029802322388e-01 2.096904814243316650e-01 2.018963247537612915e-01 2.000000029802322388e-01 2.000000029802322388e-01 2.017939537763595581e-01 2.020638883113861084e-01 2.000000029802322388e-01 2.000000029802322388e-01
2.115454673767089844e-01 2.240378856658935547e-01 1.999999880790710449e-01 1.999999880790710449e-01 3.249440491199493408e-01 2.240280210971832275e-01 2.000000029802322388e-01 2.000000029802322388e-01 2.115041315555572510e-01 2.005638629198074341e-01 2.000000029802322388e-01 2.000000029802322388e-01 2.010497152805328369e-01 2.023269236087799072e-01 2.000000178813934326e-01 2.000000029802322388e-01
2.120172679424285889e-01 2.295749932527542114e-01 2.000000029802322388e-01 2.000000029802322388e-01 3.226636946201324463e-01 2.224890440702438354e-01 2.000000178813934326e-01 2.000000178813934326e-01 2.097863852977752686e-01 2.004265934228897095e-01 2.000000327825546265e-01 2.000000178813934326e-01 2.013159394264221191e-01 2.017261683940887451e-01 2.000000327825546265e-01 2.000000178813934326e-01
2.089134901762008667e-01 2.251879572868347168e-01 2.000000029802322388e-01 2.000000029802322388e-01 3.274851143360137939e-01 2.251584529876708984e-01 2.000000029802322388e-01 1.999999880790710449e-01 2.110325694084167480e-01 2.013202607631683350e-01 2.000000029802322388e-01 2.000000029802322388e-01 2.007112950086593628e-01 2.001908868551254272e-01 2.000000029802322388e-01 2.000000029802322388e-01
2.128103822469711304e-01 2.258491963148117065e-01 2.000000178813934326e-01 2.000000178813934326e-01 3.242253363132476807e-01 2.238600552082061768e-01 2.000000029802322388e-01 2.000000029802322388e-01 2.095512449741363525e-01 2.013757675886154175e-01 2.000000029802322388e-01 2.000000029802322388e-01 2.014893442392349243e-01 2.008386850357055664e-01 2.000000029802322388e-01 2.000000029802322388e-01
2.088773548603057861e-01 2.242163717746734619e-01 2.000000178813934326e-01 2.000000178813934326e-01 3.262801766395568848e-01 2.273711264133453369e-01 1.999999880790710449e-01 2.000000029802322388e-01 2.098082304000854492e-01 2.010584473609924316e-01 2.000000178813934326e-01 2.000000178813934326e-01 2.010078728199005127e-01 2.013805061578750610e-01 2.000000178813934326e-01 2.000000178813934326e-01
2.084486484527587891e-01 2.275780886411666870e-01 2.000000029802322388e-01 2.000000029802322388e-01 3.241517245769500732e-01 2.278110831975936890e-01 2.000000178813934326e-01 2.000000029802322388e-01 2.081349492073059082e-01 2.028727680444717407e-01 2.000000029802322388e-01 2.000000029802322388e-01 2.010826170444488525e-01 1.999201625585556030e-01 2.000000029802322388e-01 2.000000029802322388e-01
2.093675434589385986e-01 2.266012877225875854e-01 1.999999880790710449e-01 1.999999880790710449e-01 3.237490057945251465e-01 2.286985665559768677e-01 2.000000029802322388e-01 2.000000029802322388e-01 2.086269557476043701e-01 2.023110240697860718e-01 2.000000178813934326e-01 2.000000178813934326e-01 2.006638795137405396e-01 1.999817341566085815e-01 2.000000178813934326e-01 2.000000178813934326e-01
2.080134302377700806e-01 2.251657396554946899e-01 2.000000029802322388e-01 2.000000029802322388e-01 3.281720280647277832e-01 2.281856834888458252e-01 2.000000029802322388e-01 2.000000178813934326e-01 2.061523497104644775e-01 2.020935863256454468e-01 2.000000029802322388e-01 2.000000029802322388e-01 2.020140439271926880e-01 2.002031356096267700e-01 2.000000029802322388e-01 2.000000029802322388e-01
2.091271579265594482e-01 2.248348891735076904e-01 2.000000029802322388e-01 2.000000029802322388e-01 3.270373344421386719e-01 2.278949767351150513e-01 2.000000029802322388e-01 2.000000029802322388e-01 2.079086750745773315e-01 2.007381767034530640e-01 2.000000029802322388e-01 2.000000029802322388e-01 2.016330510377883911e-01 2.008258104324340820e-01 2.000000029802322388e-01 2.000000029802322388e-01
2.130865603685379028e-01 2.283240556716918945e-01 2.000000029802322388e-01 2.000000029802322388e-01 3.244604766368865967e-01 2.230231910943984985e-01 1.999999880790710449e-01 1.999999880790710449e-01 2.074521780014038086e-01 2.007113993167877197e-01 1.999999880790710449e-01 1.999999880790710449e-01 2.014823555946350098e-01 2.014597952365875244e-01 1.999999880790710449e-01 1.999999880790710449e-01
2.143767327070236206e-01 2.241284847259521484e-01 2.000000029802322388e-01 2.000000029802322388e-01 3.236931562423706055e-01 2.266958653926849365e-01 2.000000029802322388e-01 2.000000029802322388e-01 2.078747302293777466e-01 2.011338770389556885e-01 2.000000178813934326e-01 2.000000178813934326e-01 2.009353637695312500e-01 2.011617422103881836e-01 2.000000178813934326e-01 1.999999880790710449e-01
2.122921198606491089e-01 2.294320464134216309e-01 2.000000178813934326e-01 2.000000178813934326e-01 3.200780451297760010e-01 2.270920574665069580e-01 2.000000029802322388e-01 2.000000178813934326e-01 2.077781409025192261e-01 2.011082023382186890e-01 2.000000178813934326e-01 2.000000178813934326e-01 2.013208270072937012e-01 2.008985579013824463e-01 2.000000178813934326e-01 2.000000178813934326e-01
2.094173878431320190e-01 2.292336821556091309e-01 2.000000178813934326e-01 2.000000178813934326e-01 3.263343870639801025e-01 2.239088565111160278e-01 2.000000178813934326e-01 2.000000178813934326e-01 2.069184333086013794e-01 2.009508162736892700e-01 2.000000029802322388e-01 2.000000029802322388e-01 2.012652158737182617e-01 2.019712775945663452e-01 2.000000029802322388e-01 2.000000029802322388e-01
2.098281532526016235e-01 2.270863950252532959e-01 1.999999880790710449e-01 1.999999880790710449e-01 3.245580196380615234e-01 2.280382812023162842e-01 2.000000029802322388e-01 2.000000029802322388e-01 2.067126333713531494e-01 2.014461606740951538e-01 2.000000029802322388e-01 2.000000029802322388e-01 2.009623795747756958e-01 2.013680487871170044e-01 2.000000029802322388e-01 2.000000029802322388e-01
2.097748219966888428e-01 2.242306023836135864e-01 2.000000029802322388e-01 2.000000029802322388e-01 3.280399441719055176e-01 2.215574532747268677e-01 2.000000029802322388e-01 2.000000029802322388e-01 2.125673145055770874e-01 2.020803242921829224e-01 1.999999880790710449e-01 1.999999731779098511e-01 2.004244923591613770e-01 2.013251036405563354e-01 2.000000029802322388e-01 1.999999880790710449e-01
2.092077285051345825e-01 2.281241565942764282e-01 2.000000029802322388e-01 2.000000029802322388e-01 3.251576721668243408e-01 2.234249114990234375e-01 2.000000178813934326e-01 2.000000178813934326e-01 2.096885144710540771e-01 2.022481262683868408e-01 1.999999880790710449e-01 1.999999880790710449e-01 2.012302875518798828e-01 2.009185403585433960e-01 2.000000178813934326e-01 2.000000178813934326e-01
2.082589566707611084e-01 2.271927148103713989e-01 2.000000029802322388e-01 2.000000029802322388e-01 3.274780809879302979e-01 2.275609970092773438e-01 2.000000029802322388e-01 2.000000029802322388e-01 2.041634917259216309e-01 2.014859765768051147e-01 2.000000029802322388e-01 2.000000029802322388e-01 2.024936228990554810e-01 2.013661414384841919e-01 2.000000029802322388e-01 2.000000029802322388e-01
2.119670063257217407e-01 2.231845557689666748e-01 2.000000029802322388e-01 2.000000029802322388e-01 3.298476040363311768e-01 2.254915982484817505e-01 2.000000178813934326e-01 2.000000178813934326e-01 2.046853452920913696e-01 2.005830258131027222e-01 2.000000029802322388e-01 2.000000029802322388e-01 2.026772499084472656e-01 2.015636712312698364e-01 2.000000029802322388e-01 2.000000029802322388e-01
2.125087082386016846e-01 2.247086465358734131e-01 2.000000029802322388e-01 2.000000029802322388e-01 3.224895894527435303e-01 2.266050577163696289e-01 2.000000029802322388e-01 2.000000029802322388e-01 2.094057947397232056e-01 2.017459124326705933e-01 2.000000029802322388e-01 2.000000029802322388e-01 2.021905034780502319e-01 2.003458142280578613e-01 2.000000178813934326e-01 2.000000178813934326e-01
2.125216275453567505e-01 2.312609404325485229e-01 2.000000178813934326e-01 2.000000178813934326e-01 3.195795416831970215e-01 2.229498773813247681e-01 2.000000029802322388e-01 2.000000029802322388e-01 2.103310674428939819e-01 2.010361105203628540e-01 2.000000178813934326e-01 2.000000178813934326e-01 2.019820809364318848e-01 2.003387808799743652e-01 2.000000178813934326e-01 2.000000178813934326e-01
2.061913460493087769e-01 2.289350479841232300e-01 1.999999880790710449e-01 1.999999880790710449e-01 3.239335417747497559e-01 2.272520512342453003e-01 2.000000178813934326e-01 1.999999880790710449e-01 2.105106264352798462e-01 2.009529471397399902e-01 1.999999880790710449e-01 1.999999880790710449e-01 2.010796815156936646e-01 2.011447548866271973e-01 1.999999880790710449e-01 1.999999880790710449e-01
2.159154713153839111e-01 2.284592241048812866e-01 2.000000029802322388e-01 2.000000029802322388e-01 3.177155852317810059e-01 2.242216765880584717e-01 1.999999880790710449e-01 1.999999880790710449e-01 2.096228748559951782e-01 2.010506689548492432e-01 2.000000178813934326e-01 2.000000178813934326e-01 2.025674581527709961e-01 2.004470676183700562e-01 2.000000178813934326e-01 2.000000178813934326e-01
2.085722088813781738e-01 2.294499129056930542e-01 2.000000029802322388e-01 2.000000029802322388e-01 3.227116465568542480e-01 2.255782186985015869e-01 2.000000178813934326e-01 2.000000178813934326e-01 2.088565826416015625e-01 2.017248272895812988e-01 2.000000029802322388e-01 2.000000029802322388e-01 2.027738392353057861e-01 2.003327906131744385e-01 2.000000178813934326e-01 2.000000029802322388e-01
2.091473788022994995e-01 2.271465510129928589e-01 2.000000029802322388e-01 2.000000029802322388e-01 3.209754824638366699e-01 2.279670685529708862e-01 2.000000178813934326e-01 2.000000178813934326e-01 2.105072736740112305e-01 2.015591859817504883e-01 2.000000029802322388e-01 2.000000029802322388e-01 2.025178372859954834e-01 2.001792937517166138e-01 2.000000029802322388e-01 2.000000029802322388e-01
2.100512087345123291e-01 2.271643429994583130e-01 2.000000178813934326e-01 2.000000327825546265e-01 3.250882625579833984e-01 2.287823557853698730e-01 2.000000029802322388e-01 2.000000029802322388e-01 2.055614143610000610e-01 2.003170549869537354e-01 2.000000178813934326e-01 2.000000178813934326e-01 2.030404508113861084e-01 1.999949514865875244e-01 2.000000178813934326e-01 2.000000029802322388e-01
2.090194076299667358e-01 2.312149405479431152e-01 2.000000029802322388e-01 2.000000029802322388e-01 3.252054154872894287e-01 2.256463766098022461e-01 2.000000029802322388e-01 2.000000029802322388e-01 2.068052589893341064e-01 1.991009414196014404e-01 1.999999880790710449e-01 2.000000178813934326e-01 2.016000002622604370e-01 2.014076709747314453e-01 1.999999880790710449e-01 1.999999880790710449e-01
2.079689353704452515e-01 2.245961725711822510e-01 2.000000029802322388e-01 2.000000029802322388e-01 3.242721855640411377e-01 2.263083904981613159e-01 2.000000178813934326e-01 1.999999880790710449e-01 2.136952131986618042e-01 2.014165669679641724e-01 2.000000029802322388e-01 2.000000029802322388e-01 2.004661262035369873e-01 2.012763768434524536e-01 2.000000178813934326e-01 2.000000178813934326e-01
2.063710838556289673e-01 2.311531156301498413e-01 1.999999880790710449e-01 2.000000029802322388e-01 3.193185627460479736e-01 2.223958671092987061e-01 2.000000029802322388e-01 2.000000029802322388e-01 2.160044908523559570e-01 2.013610601425170898e-01 2.000000327825546265e-01 2.000000327825546265e-01 2.012814730405807495e-01 2.021143585443496704e-01 2.000000327825546265e-01 2.000000029802322388e-01
2.035720497369766235e-01 2.262722700834274292e-01 1.999999880790710449e-01 2.000000029802322388e-01 3.195083737373352051e-01 2.298859506845474243e-01 2.000000178813934326e-01 2.000000029802322388e-01 2.159855216741561890e-01 2.013478130102157593e-01 2.000000178813934326e-01 2.000000178813934326e-01 2.001336663961410522e-01 2.032943665981292725e-01 2.000000178813934326e-01 1.999999880790710449e-01
2.043361812829971313e-01 2.258025258779525757e-01 1.999999880790710449e-01 1.999999880790710449e-01 3.241676688194274902e-01 2.249322384595870972e-01 2.000000029802322388e-01 2.000000029802322388e-01 2.165582180023193359e-01 2.016545683145523071e-01 2.000000029802322388e-01 2.000000029802322388e-01 2.016633450984954834e-01 2.008852064609527588e-01 2.000000178813934326e-01 2.000000029802322388e-01
2.048539668321609497e-01 2.253437340259552002e-01 2.000000029802322388e-01 2.000000029802322388e-01 3.219447433948516846e-01 2.284008264541625977e-01 2.000000029802322388e-01 1.999999731779098511e-01 2.157714068889617920e-01 2.014246135950088501e-01 1.999999880790710449e-01 1.999999880790710449e-01 2.006343603134155273e-01 2.016263604164123535e-01 1.999999880790710449e-01 1.999999880790710449e-01
2.046297639608383179e-01 2.233320623636245728e-01 1.999999880790710449e-01 1.999999880790710449e-01 3.288086056709289551e-01 2.255766838788986206e-01 2.000000178813934326e-01 2.000000178813934326e-01 2.137433290481567383e-01 2.007077783346176147e-01 1.999999880790710449e-01 1.999999880790710449e-01 2.015175819396972656e-01 2.016841918230056763e-01 1.999999880790710449e-01 1.999999880790710449e-01
2.056786715984344482e-01 2.260735332965850830e-01 2.000000029802322388e-01 2.000000029802322388e-01 3.244876265525817871e-01 2.295303493738174438e-01 2.000000178813934326e-01 2.000000029802322388e-01 2.113692015409469604e-01 2.011473178863525391e-01 2.000000178813934326e-01 1.999999880790710449e-01 2.009208798408508301e-01 2.007924318313598633e-01 2.000000178813934326e-01 2.000000178813934326e-01
2.091324329376220703e-01 2.280431985855102539e-01 1.999999880790710449e-01 1.999999880790710449e-01 3.203922212123870850e-01 2.282023429870605469e-01 2.000000029802322388e-01 2.000000029802322388e-01 2.108161002397537231e-01 2.015827596187591553e-01 2.000000178813934326e-01 2.000000178813934326e-01 2.013447284698486328e-01 2.004861980676651001e-01 2.000000178813934326e-01 2.000000178813934326e-01
2.088787257671356201e-01 2.275049686431884766e-01 2.000000029802322388e-01 2.000000029802322388e-01 3.212479650974273682e-01 2.290742695331573486e-01 2.000000178813934326e-01 2.000000178813934326e-01 2.096266299486160278e-01 2.009573131799697876e-01 2.000000178813934326e-01 2.000000178813934326e-01 2.024940550327301025e-01 2.002160251140594482e-01 2.000000178813934326e-01 2.000000178813934326e-01
2.149344086647033691e-01 2.229608297348022461e-01 1.999999880790710449e-01 1.999999880790710449e-01 3.205759525299072266e-01 2.282347679138183594e-01 2.000000029802322388e-01 2.000000178813934326e-01 2.082346677780151367e-01 2.011195272207260132e-01 2.000000029802322388e-01 2.000000029802322388e-01 2.023123204708099365e-01 2.016275078058242798e-01 2.000000029802322388e-01 2.000000029802322388e-01
2.094977796077728271e-01 2.307235300540924072e-01 1.999999880790710449e-01 1.999999880790710449e-01 3.225194215774536133e-01 2.239652574062347412e-01 2.000000029802322388e-01 2.000000029802322388e-01 2.102590352296829224e-01 1.990035027265548706e-01 2.000000029802322388e-01 2.000000029802322388e-01 2.017651200294494629e-01 2.022663652896881104e-01 2.000000029802322388e-01 2.000000029802322388e-01
2.099727839231491089e-01 2.324506491422653198e-01 2.000000029802322388e-01 2.000000029802322388e-01 3.181299567222595215e-01 2.220937758684158325e-01 2.000000029802322388e-01 1.999999880790710449e-01 2.147928029298782349e-01 2.009065896272659302e-01 2.000000178813934326e-01 2.000000178813934326e-01 2.018392086029052734e-01 1.998142153024673462e-01 2.000000178813934326e-01 2.000000178813934326e-01
2.087680250406265259e-01 2.307890057563781738e-01 1.999999880790710449e-01 1.999999880790710449e-01 3.139557540416717529e-01 2.291343957185745239e-01 1.999999880790710449e-01 1.999999880790710449e-01 2.144765257835388184e-01 2.016345113515853882e-01 2.000000029802322388e-01 2.000000029802322388e-01 2.016443908214569092e-01 1.995974034070968628e-01 2.000000029802322388e-01 1.999999880790710449e-01
2.080083191394805908e-01 2.279323041439056396e-01 2.000000029802322388e-01 2.000000029802322388e-01 3.185142278671264648e-01 2.316382080316543579e-01 2.000000029802322388e-01 2.000000029802322388e-01 2.102709561586380005e-01 2.005333453416824341e-01 1.999999880790710449e-01 2.000000029802322388e-01 2.018220275640487671e-01 2.012806236743927002e-01 2.000000029802322388e-01 2.000000029802322388e-01
2.071818113327026367e-01 2.286397367715835571e-01 1.999999880790710449e-01 1.999999880790710449e-01 3.240098059177398682e-01 2.297764867544174194e-01 1.999999880790710449e-01 1.999999880790710449e-01 2.059296071529388428e-01 2.006802260875701904e-01 2.000000029802322388e-01 1.999999880790710449e-01 2.028124183416366577e-01 2.009698450565338135e-01 2.000000029802322388e-01 2.000000029802322388e-01
2.077116668224334717e-01 2.285457551479339600e-01 1.999999880790710449e-01 1.999999880790710449e-01 3.251573443412780762e-01 2.302167415618896484e-01 1.999999880790710449e-01 1.999999880790710449e-01 2.044358104467391968e-01 2.008194327354431152e-01 1.999999880790710449e-01 2.000000029802322388e-01 2.011723965406417847e-01 2.019408196210861206e-01 2.000000029802322388e-01 2.000000029802322388e-01
2.146256566047668457e-01 2.253115475177764893e-01 1.999999880790710449e-01 1.999999880790710449e-01 3.264858722686767578e-01 2.252084314823150635e-01 2.000000178813934326e-01 2.000000178813934326e-01 2.050744146108627319e-01 2.019760161638259888e-01 2.000000029802322388e-01 2.000000178813934326e-01 2.007064670324325562e-01 2.006115615367889404e-01 2.000000178813934326e-01 2.000000178813934326e-01
2.090319544076919556e-01 2.304074913263320923e-01 2.000000029802322388e-01 2.000000029802322388e-01 3.228494226932525635e-01 2.293426245450973511e-01 2.000000029802322388e-01 2.000000029802322388e-01 2.040766179561614990e-01 2.011461704969406128e-01 2.000000029802322388e-01 2.000000029802322388e-01 2.022481858730316162e-01 2.008974105119705200e-01 2.000000178813934326e-01 2.000000178813934326e-01
2.142432183027267456e-01 2.254908382892608643e-01 2.000000029802322388e-01 2.000000029802322388e-01 3.245782554149627686e-01 2.273190915584564209e-01 2.000000029802322388e-01 2.000000029802322388e-01 2.049596309661865234e-01 2.003795653581619263e-01 1.999999880790710449e-01 1.999999731779098511e-01 2.012802511453628540e-01 2.017489671707153320e-01 1.999999880790710449e-01 1.999999880790710449e-01
2.096179425716400146e-01 2.287810444831848145e-01 2.000000029802322388e-01 2.000000029802322388e-01 3.238798975944519043e-01 2.293526530265808105e-01 2.000000029802322388e-01 2.000000029802322388e-01 2.050071954727172852e-01 2.004493623971939087e-01 2.000000178813934326e-01 1.999999880790710449e-01 2.005468159914016724e-01 2.023650705814361572e-01 2.000000178813934326e-01 2.000000178813934326e-01
2.097060978412628174e-01 2.303607612848281860e-01 1.999999880790710449e-01 1.999999880790710449e-01 3.209058046340942383e-01 2.266216427087783813e-01 2.000000178813934326e-01 1.999999880790710449e-01 2.091326266527175903e-01 2.001655250787734985e-01 2.000000029802322388e-01 2.000000029802322388e-01 2.014365494251251221e-01 2.016710191965103149e-01 2.000000029802322388e-01 1.999999880790710449e-01
2.093205600976943970e-01 2.310298830270767212e-01 2.000000029802322388e-01 2.000000029802322388e-01 3.211617469787597656e-01 2.260820716619491577e-01 2.000000029802322388e-01 1.999999880790710449e-01 2.078447490930557251e-01 2.011078745126724243e-01 2.000000178813934326e-01 2.000000178813934326e-01 2.020685523748397827e-01 2.013845592737197876e-01 2.000000327825546265e-01 2.000000029802322388e-01
2.127614468336105347e-01 2.282851040363311768e-01 2.000000029802322388e-01 2.000000029802322388e-01 3.210821449756622314e-01 2.254655212163925171e-01 2.000000029802322388e-01 2.000000029802322388e-01 2.081535905599594116e-01 2.001451849937438965e-01 1.999999880790710449e-01 1.999999880790710449e-01 2.020774334669113159e-01 2.020294070243835449e-01 1.999999880790710449e-01 1.999999880790710449e-01
2.127642184495925903e-01 2.230903506278991699e-01 2.000000178813934326e-01 2.000000178813934326e-01 3.241126239299774170e-01 2.290153205394744873e-01 1.999999880790710449e-01 1.999999880790710449e-01 2.067680656909942627e-01 2.017448395490646362e-01 1.999999880790710449e-01 1.999999880790710449e-01 2.006115764379501343e-01 2.018929123878479004e-01 2.000000029802322388e-01 2.000000029802322388e-01
2.138480842113494873e-01 2.253138124942779541e-01 2.000000029802322388e-01 2.000000029802322388e-01 3.231024742126464844e-01 2.227699905633926392e-01 2.000000029802322388e-01 2.000000029802322388e-01 2.118001282215118408e-01 2.020978033542633057e-01 1.999999880790710449e-01 1.999999880790710449e-01 2.009546607732772827e-01 2.001129835844039917e-01 1.999999880790710449e-01 1.999999880790710449e-01
2.125864177942276001e-01 2.248458862304687500e-01 1.999999880790710449e-01 1.999999880790710449e-01 3.208670914173126221e-01 2.287410795688629150e-01 2.000000029802322388e-01 1.999999880790710449e-01 2.085323184728622437e-01 2.016503512859344482e-01 2.000000178813934326e-01 2.000000178813934326e-01 2.013743370771408081e-01 2.014024108648300171e-01 1.999999880790710449e-01 1.999999880790710449e-01
2.126216888427734375e-01 2.217258363962173462e-01 2.000000029802322388e-01 2.000000029802322388e-01 3.267043828964233398e-01 2.272093743085861206e-01 2.000000029802322388e-01 2.000000029802322388e-01 2.073468118906021118e-01 1.999657452106475830e-01 1.999999880790710449e-01 1.999999582767486572e-01 2.024377882480621338e-01 2.019883245229721069e-01 2.000000029802322388e-01 2.000000029802322388e-01
2.132765650749206543e-01 2.245923429727554321e-01 2.000000029802322388e-01 2.000000029802322388e-01 3.186393678188323975e-01 2.303127497434616089e-01 2.000000029802322388e-01 1.999999880790710449e-01 2.094419151544570923e-01 2.007906138896942139e-01 1.999999880790710449e-01 1.999999880790710449e-01 2.013550102710723877e-01 2.015913426876068115e-01 2.000000029802322388e-01 1.999999880790710449e-01
2.099517881870269775e-01 2.258355915546417236e-01 1.999999880790710449e-01 2.000000029802322388e-01 3.208024501800537109e-01 2.302312254905700684e-01 2.000000029802322388e-01 2.000000029802322388e-01 2.101646959781646729e-01 2.009850144386291504e-01 2.000000029802322388e-01 1.999999731779098511e-01 2.014279216527938843e-01 2.006012499332427979e-01 2.000000029802322388e-01 1.999999731779098511e-01
2.103407531976699829e-01 2.238014042377471924e-01 2.000000029802322388e-01 1.999999880790710449e-01 3.272987008094787598e-01 2.237232476472854614e-01 2.000000029802322388e-01 2.000000029802322388e-01 2.122105956077575684e-01 2.021104395389556885e-01 1.999999880790710449e-01 1.999999880790710449e-01 2.008100301027297974e-01 1.997047066688537598e-01 1.999999880790710449e-01 2.000000029802322388e-01
2.090915739536285400e-01 2.259538620710372925e-01 1.999999880790710449e-01 1.999999880790710449e-01 3.207750916481018066e-01 2.293435931205749512e-01 1.999999880790710449e-01 1.999999880790710449e-01 2.113892585039138794e-01 2.020080834627151489e-01 1.999999880790710449e-01 1.999999880790710449e-01 2.012296915054321289e-01 2.002088129520416260e-01 1.999999880790710449e-01 1.999999880790710449e-01
2.069315165281295776e-01 2.237823456525802612e-01 2.000000029802322388e-01 2.000000178813934326e-01 3.254721164703369141e-01 2.289780676364898682e-01 1.999999880790710449e-01 1.999999880790710449e-01 2.115269601345062256e-01 2.009976953268051147e-01 2.000000029802322388e-01 2.000000029802322388e-01 2.009203732013702393e-01 2.013907879590988159e-01 2.000000029802322388e-01 2.000000029802322388e-01
2.118654996156692505e-01 2.248416543006896973e-01 2.000000029802322388e-01 1.999999880790710449e-01 3.237109482288360596e-01 2.247460633516311646e-01 1.999999880790710449e-01 1.999999880790710449e-01 2.111409455537796021e-01 2.011927366256713867e-01 1.999999880790710449e-01 1.999999880790710449e-01 2.014130800962448120e-01 2.010890543460845947e-01 1.999999880790710449e-01 1.999999880790710449e-01
2.105583399534225464e-01 2.307684719562530518e-01 2.000000178813934326e-01 2.000000327825546265e-01 3.207415938377380371e-01 2.262539565563201904e-01 2.000000029802322388e-01 2.000000029802322388e-01 2.066754698753356934e-01 2.018703967332839966e-01 2.000000029802322388e-01 2.000000029802322388e-01 2.009242177009582520e-01 2.022073417901992798e-01 2.000000029802322388e-01 1.999999880790710449e-01
2.112797349691390991e-01 2.233094125986099243e-01 2.000000178813934326e-01 2.000000178813934326e-01 3.219155669212341309e-01 2.321140915155410767e-01 2.000000029802322388e-01 2.000000178813934326e-01 2.071004360914230347e-01 2.008049786090850830e-01 2.000000029802322388e-01 2.000000029802322388e-01 2.013989686965942383e-01 2.020766437053680420e-01 2.000000029802322388e-01 2.000000029802322388e-01
2.124013602733612061e-01 2.278922796249389648e-01 2.000000178813934326e-01 2.000000029802322388e-01 3.212878704071044922e-01 2.270372956991195679e-01 2.000000178813934326e-01 2.000000178813934326e-01 2.075679749250411987e-01 2.020888775587081909e-01 2.000000029802322388e-01 2.000000029802322388e-01 2.005928158760070801e-01 2.011313587427139282e-01 2.000000029802322388e-01 2.000000029802322388e-01
2.085254043340682983e-01 2.264622002840042114e-01 2.000000029802322388e-01 2.000000178813934326e-01 3.278973400592803955e-01 2.257339358329772949e-01 1.999999880790710449e-01 1.999999880790710449e-01 2.080837041139602661e-01 2.011996954679489136e-01 1.999999880790710449e-01 1.999999880790710449e-01 2.017184495925903320e-01 2.003792077302932739e-01 1.999999880790710449e-01 1.999999880790710449e-01
2.137330919504165649e-01 2.244905829429626465e-01 1.999999880790710449e-01 2.000000029802322388e-01 3.213807940483093262e-01 2.290143519639968872e-01 1.999999880790710449e-01 1.999999880790710449e-01 2.061277031898498535e-01 2.012620121240615845e-01 1.999999880790710449e-01 1.999999880790710449e-01 2.011942863464355469e-01 2.027970552444458008e-01 1.999999582767486572e-01 1.999999582767486572e-01
2.138713896274566650e-01 2.235003858804702759e-01 1.999999880790710449e-01 1.999999880790710449e-01 3.257365822792053223e-01 2.226239442825317383e-01 1.999999880790710449e-01 1.999999880790710449e-01 2.091525942087173462e-01 2.017901688814163208e-01 1.999999880790710449e-01 1.999999880790710449e-01 2.010451257228851318e-01 2.022797316312789917e-01 1.999999880790710449e-01 1.999999880790710449e-01
2.085615992546081543e-01 2.273763865232467651e-01 2.000000029802322388e-01 2.000000029802322388e-01 3.205248415470123291e-01 2.292694449424743652e-01 2.000000029802322388e-01 2.000000029802322388e-01 2.099789679050445557e-01 2.011975795030593872e-01 2.000000029802322388e-01 2.000000178813934326e-01 2.008778601884841919e-01 2.022131979465484619e-01 2.000000178813934326e-01 2.000000029802322388e-01
2.138566374778747559e-01 2.239178568124771118e-01 1.999999880790710449e-01 1.999999880790710449e-01 3.156585991382598877e-01 2.322991639375686646e-01 1.999999880790710449e-01 1.999999880790710449e-01 2.100609391927719116e-01 2.016224861145019531e-01 1.999999880790710449e-01 1.999999880790710449e-01 2.002101540565490723e-01 2.023740261793136597e-01 1.999999880790710449e-01 1.999999880790710449e-01
2.143019586801528931e-01 2.289294153451919556e-01 1.999999880790710449e-01 1.999999880790710449e-01 3.148062527179718018e-01 2.311742901802062988e-01 1.999999880790710449e-01 1.999999880790710449e-01 2.070266455411911011e-01 2.010324895381927490e-01 1.999999880790710449e-01 1.999999880790710449e-01 2.003206610679626465e-01 2.024081498384475708e-01 1.999999880790710449e-01 1.999999880790710449e-01
2.137221246957778931e-01 2.298883646726608276e-01 1.999999880790710449e-01 1.999999880790710449e-01 3.155013322830200195e-01 2.325068563222885132e-01 1.999999880790710449e-01 1.999999880790710449e-01 2.040400505065917969e-01 2.001572698354721069e-01 2.000000029802322388e-01 2.000000029802322388e-01 2.003721594810485840e-01 2.038117796182632446e-01 2.000000029802322388e-01 2.000000029802322388e-01
2.152805179357528687e-01 2.288869023323059082e-01 1.999999880790710449e-01 1.999999880790710449e-01 3.166321218013763428e-01 2.308191508054733276e-01 1.999999880790710449e-01 1.999999880790710449e-01 2.046179771423339844e-01 2.006044387817382812e-01 1.999999880790710449e-01 1.999999880790710449e-01 2.013740837574005127e-01 2.017846852540969849e-01 1.999999880790710449e-01 1.999999880790710449e-01
2.157495170831680298e-01 2.272370755672454834e-01 1.999999880790710449e-01 1.999999880790710449e-01 3.147639334201812744e-01 2.281650900840759277e-01 2.000000029802322388e-01 2.000000029802322388e-01 2.107900530099868774e-01 2.010265588760375977e-01 1.999999880790710449e-01 2.000000029802322388e-01 2.007638067007064819e-01 2.015038728713989258e-01 1.999999880790710449e-01 1.999999880790710449e-01
2.149256169795989990e-01 2.296940833330154419e-01 1.999999880790710449e-01 1.999999880790710449e-01 3.161590099334716797e-01 2.276099920272827148e-01 2.000000178813934326e-01 2.000000178813934326e-01 2.074930518865585327e-01 2.013544887304306030e-01 2.000000029802322388e-01 2.000000029802322388e-01 2.010233849287033081e-01 2.017402648925781250e-01 2.000000029802322388e-01 2.000000029802322388e-01
2.086167782545089722e-01 2.290283888578414917e-01 1.999999880790710449e-01 1.999999880790710449e-01 3.197702169418334961e-01 2.309733480215072632e-01 1.999999731779098511e-01 1.999999731779098511e-01 2.080568075180053711e-01 2.020851224660873413e-01 2.000000029802322388e-01 2.000000029802322388e-01 2.009085267782211304e-01 2.005606889724731445e-01 2.000000029802322388e-01 2.000000029802322388e-01
2.087040990591049194e-01 2.258226573467254639e-01 2.000000029802322388e-01 1.999999880790710449e-01 3.194856643676757812e-01 2.346407622098922729e-01 1.999999880790710449e-01 1.999999880790710449e-01 2.078796923160552979e-01 2.015899419784545898e-01 1.999999880790710449e-01 1.999999880790710449e-01 2.007719725370407104e-01 2.011050432920455933e-01 1.999999880790710449e-01 1.999999880790710449e-01
2.077848762273788452e-01 2.238021194934844971e-01 1.999999731779098511e-01 1.999999731779098511e-01 3.175876438617706299e-01 2.340872138738632202e-01 1.999999880790710449e-01 1.999999880790710449e-01 2.123517543077468872e-01 2.010659128427505493e-01 1.999999880790710449e-01 1.999999731779098511e-01 2.019238770008087158e-01 2.013964354991912842e-01 1.999999880790710449e-01 1.999999880790710449e-01
2.118202298879623413e-01 2.280563861131668091e-01 1.999999880790710449e-01 1.999999880790710449e-01 3.144683241844177246e-01 2.289169281721115112e-01 1.999999880790710449e-01 1.999999880790710449e-01 2.115371674299240112e-01 2.019036263227462769e-01 2.000000029802322388e-01 2.000000029802322388e-01 2.021015137434005737e-01 2.011956125497817993e-01 2.000000029802322388e-01 2.000000029802322388e-01
2.069217860698699951e-01 2.296495437622070312e-01 2.000000178813934326e-01 2.000000178813934326e-01 3.161062598228454590e-01 2.305843085050582886e-01 2.000000029802322388e-01 2.000000029802322388e-01 2.121450901031494141e-01 2.012857049703598022e-01 1.999999880790710449e-01 2.000000029802322388e-01 2.011258751153945923e-01 2.021813094615936279e-01 2.000000029802322388e-01 1.999999880790710449e-01
2.068879157304763794e-01 2.252365797758102417e-01 1.999999880790710449e-01 1.999999880790710449e-01 3.165383636951446533e-01 2.377324849367141724e-01 2.000000029802322388e-01 2.000000178813934326e-01 2.089778333902359009e-01 2.007883191108703613e-01 1.999999880790710449e-01 1.999999880790710449e-01 2.013305127620697021e-01 2.025078833103179932e-01 1.999999880790710449e-01 1.999999880790710449e-01
2.080237865447998047e-01 2.299401164054870605e-01 2.000000029802322388e-01 2.000000029802322388e-01 3.140031695365905762e-01 2.329393327236175537e-01 1.999999880790710449e-01 1.999999880790710449e-01 2.116025835275650024e-01 2.011231780052185059e-01 1.999999880790710449e-01 1.999999880790710449e-01 2.007558196783065796e-01 2.016118764877319336e-01 1.999999880790710449e-01 1.999999880790710449e-01
2.107201516628265381e-01 2.252869904041290283e-01 1.999999880790710449e-01 1.999999880790710449e-01 3.203602731227874756e-01 2.285389900207519531e-01 2.000000029802322388e-01 2.000000029802322388e-01 2.134289294481277466e-01 2.011901885271072388e-01 2.000000029802322388e-01 2.000000029802322388e-01 1.999871283769607544e-01 2.004871964454650879e-01 2.000000029802322388e-01 2.000000029802322388e-01
2.090263217687606812e-01 2.236184328794479370e-01 1.999999880790710449e-01 1.999999880790710449e-01 3.216202259063720703e-01 2.289437353610992432e-01 2.000000029802322388e-01 1.999999731779098511e-01 2.134328484535217285e-01 2.017515301704406738e-01 2.000000029802322388e-01 2.000000029802322388e-01 2.006722986698150635e-01 2.009345293045043945e-01 2.000000029802322388e-01 2.000000029802322388e-01
2.080500572919845581e-01 2.306785434484481812e-01 2.000000178813934326e-01 2.000000029802322388e-01 3.197731673717498779e-01 2.272043675184249878e-01 2.000000029802322388e-01 2.000000029802322388e-01 2.099591642618179321e-01 2.006909102201461792e-01 2.000000029802322388e-01 2.000000029802322388e-01 2.017555981874465942e-01 2.018881142139434814e-01 2.000000029802322388e-01 2.000000029802322388e-01
2.098898142576217651e-01 2.270921170711517334e-01 1.999999731779098511e-01 1.999999731779098511e-01 3.250924646854400635e-01 2.294873148202896118e-01 2.000000029802322388e-01 2.000000029802322388e-01 2.059433609247207642e-01 2.005560547113418579e-01 1.999999880790710449e-01 2.000000029802322388e-01 2.007828354835510254e-01 2.011559307575225830e-01 2.000000029802322388e-01 2.000000029802322388e-01
2.094431370496749878e-01 2.215985655784606934e-01 1.999999731779098511e-01 1.999999731779098511e-01 3.257082402706146240e-01 2.348117679357528687e-01 1.999999880790710449e-01 1.999999880790710449e-01 2.046360820531845093e-01 2.026612460613250732e-01 1.999999731779098511e-01 1.999999880790710449e-01 2.016132473945617676e-01 1.995276063680648804e-01 1.999999880790710449e-01 1.999999880790710449e-01
2.084103971719741821e-01 2.292187511920928955e-01 1.999999880790710449e-01 1.999999880790710449e-01 3.178134560585021973e-01 2.361190766096115112e-01 2.000000178813934326e-01 1.999999731779098511e-01 2.053270339965820312e-01 2.020977735519409180e-01 1.999999880790710449e-01 1.999999880790710449e-01 2.000916600227355957e-01 2.009217292070388794e-01 1.999999880790710449e-01 1.999999880790710449e-01
2.139500528573989868e-01 2.266381680965423584e-01 2.000000029802322388e-01 2.000000029802322388e-01 3.208419978618621826e-01 2.301315069198608398e-01 2.000000029802322388e-01 1.999999880790710449e-01 2.063125818967819214e-01 2.015511095523834229e-01 2.000000178813934326e-01 2.000000178813934326e-01 1.999387443065643311e-01 2.006357312202453613e-01 2.000000178813934326e-01 2.000000178813934326e-01
2.135221958160400391e-01 2.298407256603240967e-01 1.999999880790710449e-01 1.999999880790710449e-01 3.206064105033874512e-01 2.307364344596862793e-01 1.999999880790710449e-01 1.999999880790710449e-01 2.027406245470046997e-01 2.009558975696563721e-01 1.999999880790710449e-01 1.999999880790710449e-01 1.995881348848342896e-01 2.020094394683837891e-01 1.999999880790710449e-01 1.999999880790710449e-01
2.111193090677261353e-01 2.337099909782409668e-01 1.999999880790710449e-01 1.999999880790710449e-01 3.199911117553710938e-01 2.298853695392608643e-01 2.000000029802322388e-01 2.000000029802322388e-01 2.015638351440429688e-01 2.002797424793243408e-01 1.999999880790710449e-01 1.999999880790710449e-01 2.000881433486938477e-01 2.033623456954956055e-01 1.999999880790710449e-01 1.999999880790710449e-01
2.108278870582580566e-01 2.320512235164642334e-01 1.999999880790710449e-01 1.999999880790710449e-01 3.129434287548065186e-01 2.275916337966918945e-01 1.999999880790710449e-01 1.999999880790710449e-01 2.125640213489532471e-01 1.996575146913528442e-01 2.000000029802322388e-01 2.000000029802322388e-01 2.004351019859313965e-01 2.039289921522140503e-01 2.000000029802322388e-01 2.000000029802322388e-01
2.111629843711853027e-01 2.311515957117080688e-01 1.999999880790710449e-01 1.999999880790710449e-01 3.159773349761962891e-01 2.265443950891494751e-01 1.999999880790710449e-01 1.999999731779098511e-01 2.114770114421844482e-01 2.013313174247741699e-01 1.999999731779098511e-01 1.999999731779098511e-01 1.998695433139801025e-01 2.024856805801391602e-01 1.999999880790710449e-01 1.999999880790710449e-01
