# ex_work for 16 qbits with connectivity gas and unitary DM 23055461806336
-8.362190325114780831e-02 1.320518006672569133e-01 1.320518006672569133e-01 1.320518006672569133e-01 -8.362192382177470462e-02 1.320518152463988348e-01 1.320518152463988348e-01 1.320518152463988348e-01 -8.362188268052131446e-02 1.320518152463988348e-01 1.320518152463988348e-01 1.320518152463988348e-01 -8.362190325114783607e-02 1.320518152463988348e-01 1.320518152463988348e-01 1.320518152463988348e-01
-6.130012226141340337e-02 1.649195468702648049e-02 3.540675645694491003e-02 8.674972080235669736e-02 -8.547109407298236761e-02 8.674972080235666960e-02 8.674972080235666960e-02 8.674972080235666960e-02 -7.465428880906982423e-02 3.664228632550664555e-02 8.674972080235666960e-02 8.674970812639412610e-02 -6.492507908003850026e-02 4.439890337162339003e-03 8.674970812639412610e-02 8.674970812639412610e-02
-4.622861342617456265e-02 -1.605936113019931083e-02 -2.757182492457078277e-02 7.284442324375413336e-02 -5.722912646709538143e-02 6.215948781492977582e-02 1.424424124367552717e-02 7.284442324375413336e-02 -7.077733546812613186e-02 5.236990428710187537e-03 7.284443536024712285e-02 6.187139225537632153e-02 -4.213533476326774413e-02 1.468338220424070077e-02 6.861883628987520967e-02 7.284442324375413336e-02
-3.055220282781282923e-02 -3.526797010291195938e-02 -2.707005673176593463e-02 4.361222783654727583e-03 -4.159913848466992303e-02 6.238616908552958168e-02 1.545711452104885260e-02 6.060174313176464739e-02 -3.358608097542296889e-02 -5.954261386226338860e-03 6.208756441390536618e-02 4.600170232438095114e-02 -3.812007657867669957e-02 -9.178876960315081671e-03 6.538942546011820844e-02 3.880701327068315082e-02
-3.721993568152785065e-02 -1.446568585346761325e-02 -1.562044926732866594e-02 1.863714287230294406e-02 -3.979738038400468247e-02 4.812227599196336469e-02 -1.044068327950158255e-02 5.097491542988733665e-02 -1.884180288243225698e-02 -1.225444819859685145e-03 4.252394158429145116e-02 8.273530522981515159e-03 -2.640077554326918097e-02 -9.616805380915915968e-03 4.865515587902041750e-02 3.629269402231874442e-02
-2.318544919589128617e-02 -1.318455971940040231e-02 -5.416591734616442444e-03 1.043507603927732244e-02 -2.806736197229005997e-02 2.896048121474129045e-02 -4.464942662709407706e-03 2.918150840304114049e-02 -1.212549056604285934e-02 2.429173162425399268e-03 2.457618582360102458e-02 4.280232885577164685e-03 -2.015546978957197255e-02 -1.721282561563573787e-02 3.199345347088440594e-02 2.707536568611862773e-02
-2.110976543449384624e-02 -8.244234876136990672e-03 -5.818408744804403655e-03 4.542128165069807960e-03 -2.366895483399621136e-02 1.637160855656850239e-02 -1.043662452102819480e-03 2.601273528039251340e-02 -5.209326066541415841e-03 6.511801670038278554e-03 1.073537656261357165e-02 6.585883525270746879e-03 -2.070213263456460728e-02 -1.384571878458735160e-02 2.570893843057932282e-02 2.649154883798550755e-02
-1.636942231635305986e-02 -2.667351415169519954e-03 1.918663925092761865e-03 4.445987931388672119e-03 -1.840580819983046387e-02 3.337897518476520657e-03 -1.946225226122051850e-03 1.212181245459984652e-02 -6.070954606923642353e-03 1.125419044075858313e-03 7.108131875104103069e-03 1.089711075723541304e-02 -9.585099806071297954e-03 -1.221088171736495892e-02 1.569580214388170344e-02 2.135581792780953669e-02
-9.065064022278149225e-03 -1.870640182741674135e-04 2.009828485525535103e-03 4.089774215281785467e-03 -1.223859441659982256e-02 3.119072435883064962e-03 -6.756938939624733799e-04 5.217266353790274772e-03 -9.446531987110201936e-03 2.548987463920326371e-04 5.242854567725187091e-03 8.337203987636250188e-03 -1.062280675442084203e-02 -5.974201828356695901e-03 8.594126750929078143e-03 1.671919218660049972e-02
-9.256457781978059615e-03 -7.292174837572731666e-04 2.639374392025766337e-03 2.802729279731887724e-03 -8.033109799256947167e-03 3.586366430381967597e-03 -2.593551879211394157e-03 5.494237408357764176e-03 -5.769287705960764352e-03 2.998623814913533095e-03 3.891645317726720368e-03 3.790898549172791454e-03 -9.833965947004105410e-03 -2.461483708070372287e-03 7.032959905215027153e-03 9.387135085158343495e-03
-9.354587717032659955e-03 1.299197055321349697e-03 2.623357568794252356e-03 1.667430343673923215e-03 -6.573873914512818814e-03 2.560580376864453073e-03 -6.833044617434838776e-06 4.504679953939141369e-03 -5.058086816053651569e-03 2.120722621338021630e-03 2.110913307360730035e-03 5.657540479888749363e-03 -8.458432318208659179e-03 -1.691197096668194469e-03 3.491934663712291647e-03 7.210656552613593957e-03
-8.976654003237603471e-03 2.285290867441516337e-03 1.365886603485812721e-03 1.740789175469708390e-03 -7.170296373225283626e-03 4.317100890771751430e-03 8.203963315853018154e-05 4.286975861831945379e-03 -4.358610571839029862e-03 3.108491448307315868e-04 3.308049463298150250e-03 4.413707471861204844e-03 -8.336939444641453673e-03 -1.792692677923406674e-03 2.923200304113585373e-03 7.672200958402101284e-03
-7.327147368473060224e-03 1.791905355346650429e-03 1.275303132557008756e-03 5.288225858787698420e-04 -5.992316063804583280e-03 5.099444916480807763e-03 -9.246595754693112939e-04 3.926770344115518632e-03 -4.247382113735014529e-03 -1.264092865211106182e-04 2.789205517173131040e-03 2.588996287354664461e-03 -7.340346583999059378e-03 2.728715512691983641e-04 4.464257750711921567e-03 4.708800077184255480e-03
-7.699575447483711713e-03 1.763675526592547917e-03 2.189009146453399328e-03 3.917962150877972644e-04 -5.050082593431847941e-03 3.203973849944477363e-03 -1.185376190199608588e-03 4.372787351766209418e-03 -3.743465107275665421e-03 7.519798922483153297e-04 3.188534576258602714e-03 1.402599571011577248e-03 -6.364165805618432828e-03 2.541496257809164067e-04 4.114268282140058630e-03 3.651387951266446552e-03
-7.228778584116224079e-03 8.214664308056595634e-04 2.834799926458676528e-03 3.938515901489930628e-04 -4.542513427170962424e-03 2.651593000788863164e-03 -6.807221849435780630e-04 4.368994760685334343e-03 -3.275768905155186997e-03 1.228329671028521820e-03 2.461932122559620448e-03 8.386091723625415913e-04 -4.207892799480819623e-03 9.443662615792545447e-04 2.286709864620216186e-03 1.974875310465828461e-03
-7.219168715586925418e-03 9.630967694499783247e-04 2.960436089786702696e-03 8.969586621367460402e-04 -4.403649795167710254e-03 2.657814391487737290e-03 -5.588519616567448698e-04 4.248125750640033803e-03 -3.482131050888805177e-03 9.403220735619202816e-04 1.768438239769117969e-03 1.123203556602956135e-03 -4.498449993353820925e-03 5.674591963676462944e-04 2.515836249242160792e-03 2.404384985693903531e-03
-6.663575360301536576e-03 1.466280770144641563e-03 2.759641800721027421e-03 6.074637898155903519e-04 -4.041992852412567942e-03 3.102929486906520675e-03 -8.135426527116982459e-05 3.977092676929098493e-03 -3.212008097885127658e-03 4.371653276610035742e-04 1.005311515880143560e-03 1.778609459952875706e-03 -4.491128599145959022e-03 8.514087475337443279e-05 1.774011413373245607e-03 2.277863274263388672e-03
-5.925952282715797777e-03 1.645530558191418300e-03 2.680543714431737803e-03 7.510848207891193500e-04 -4.046187903002518814e-03 2.531457581271880867e-03 5.031263252233937822e-05 3.745881904420908341e-03 -3.426984211299336641e-03 5.363478012514172723e-04 1.276941890785632944e-03 1.432064015073210728e-03 -3.703073677693721321e-03 -6.774135179205871419e-05 1.521705590539899899e-03 1.651438280303098739e-03
-5.491918949170003159e-03 1.949878335553690894e-03 2.122201461690960411e-03 9.583211355903013991e-04 -3.907994706625785367e-03 2.146481037365384655e-03 -3.093478926183436243e-04 3.527243104283671327e-03 -3.956076210775390407e-03 9.423034546217551929e-04 8.720000771363595280e-04 2.566293386847131458e-03 -3.250205822486162011e-03 5.270858591895933318e-04 6.264902805268986402e-04 1.283712788684789356e-03
-4.208945934477373481e-03 1.580382419831578324e-03 1.794850676928508651e-03 9.626679731986885783e-04 -4.203683988626009775e-03 1.891498040842590081e-03 -2.536523123229204998e-04 1.947484855970848432e-03 -4.128396999158446407e-03 5.314304231784544629e-04 1.256534588286741276e-03 2.486575825338214855e-03 -3.005811716237980543e-03 1.176602159446488898e-03 1.114163593806088114e-03 1.553676619076289509e-03
-3.951379577317787849e-03 1.402944717170105790e-03 1.308417038670044901e-03 7.693270511518843658e-04 -4.343038184483267658e-03 2.036542415864280638e-03 1.449519169764742869e-04 2.287210889360867527e-03 -3.877582400043125873e-03 7.242905889788145510e-04 1.307670883808273237e-03 1.993605965616177585e-03 -2.904477812427073893e-03 1.068006125709329698e-03 8.198816755137809317e-04 1.674524986425678487e-03
-3.708356948188271281e-03 1.393421852693259256e-03 1.399778846151056083e-03 9.063116604455722855e-04 -4.615229156323021574e-03 1.641012903597478595e-03 -1.423071331895144217e-04 2.332770356494811171e-03 -3.826599962413488286e-03 9.030385405422663254e-04 2.028924189406769874e-03 1.545475259369056978e-03 -2.524626724375405879e-03 8.927527660117337734e-04 9.371009625038267043e-04 1.281513148276913500e-03
-3.398437234802184018e-03 1.261710777707779991e-03 1.627764945389651623e-03 8.565624247700772418e-04 -4.715458552300206933e-03 2.088995024649359551e-03 1.975943883145453060e-04 2.406775788568388860e-03 -4.105864820244626429e-03 5.841040751086086806e-04 1.765756957346918590e-03 1.262940062295349808e-03 -2.586504295964389601e-03 1.035594272551692077e-03 8.571151808612888180e-04 1.314937394416338312e-03
-3.827540963503629247e-03 1.352277360597838951e-03 1.746951509078433331e-03 -4.661589525335397335e-05 -4.258798459849125195e-03 1.975592243770566206e-03 -2.338817299990705704e-05 2.699891333789760858e-03 -3.272009993378240979e-03 1.265341062279173260e-03 1.676412954169070315e-03 1.370445112684381007e-03 -2.843439587020889052e-03 1.046469063580649818e-03 4.911674632763553565e-04 1.073480413590607212e-03
-3.938688614877870059e-03 1.544799648458065151e-03 1.706086093764976790e-03 -1.628728284663117157e-04 -4.062775994130187265e-03 1.630852300894357083e-03 2.025464020667310460e-04 2.385976895680637019e-03 -3.044736577973298271e-03 9.955428479113232702e-04 1.599188280984118436e-03 1.352636837247589343e-03 -2.677930743311369294e-03 9.093966844144409523e-04 6.686076430859056981e-04 1.284597190817690594e-03
-3.711418629971193449e-03 1.639645016269426683e-03 1.435766861864123901e-03 9.256679545981525315e-05 -4.236146389320834781e-03 1.321679415092347296e-03 9.009243222664869294e-04 1.657523743241685150e-03 -2.342964426672839752e-03 9.398151074504644195e-04 9.032848350638649198e-04 1.470844433388630986e-03 -2.749952865582649779e-03 9.031025064843641341e-04 8.762908676284063498e-04 1.244586823839156833e-03
-3.949907139629745163e-03 1.013164196922305277e-03 1.076844146021462044e-03 2.320761141896172941e-04 -4.040427634391892397e-03 1.067114144813892732e-03 9.150242674296144366e-04 1.722277073122321272e-03 -1.963501487715854123e-03 1.293412964085628248e-03 7.490849369396293013e-04 1.375223712602329429e-03 -2.402425829152078293e-03 1.097936066414802788e-03 9.494144267718590503e-04 1.179855702460364886e-03
-3.890893752034254183e-03 1.217524996664653796e-03 1.081662427387694407e-03 3.172498346124343104e-04 -4.011506112253898637e-03 1.182447455362970086e-03 7.779134727679886882e-04 2.240469144799742650e-03 -2.250421198096732439e-03 1.310574910037197406e-03 7.143425558938825467e-04 1.177922793126382145e-03 -2.741972375359869128e-03 1.111932059984986100e-03 1.022463023719778676e-03 1.079134595308559865e-03
-3.614934568978402790e-03 1.102553818650217751e-03 1.275271036316099563e-03 2.369933252598757406e-04 -3.754312758887354533e-03 1.466345041402450453e-03 4.159486264599536508e-04 1.579072718608997552e-03 -2.629201339326464777e-03 1.425162919381639829e-03 3.657315527365648505e-04 1.160234782698608405e-03 -2.729293784481468758e-03 1.291541974592111874e-03 1.301999393640069407e-03 1.431488019810284781e-03
-3.453413416138116816e-03 1.205226208406897639e-03 1.240342390804724266e-03 2.467001510894862248e-04 -3.816209837733286914e-03 1.328869026948176430e-03 3.520236355746765209e-04 1.436374531028800604e-03 -2.345863568268405971e-03 1.538352147766182095e-03 3.907004353150683989e-04 9.045114503893355142e-04 -2.706264009931663023e-03 1.391285352432926944e-03 1.136813218612794290e-03 1.457486229167264833e-03
-3.236250886444074371e-03 1.192745047578460098e-03 1.691045192211175757e-03 5.106514222176060250e-04 -3.775791808273664708e-03 1.226309315280228653e-03 6.354422554900557123e-04 9.357553499448965483e-04 -2.077008508153182272e-03 1.218745925442242181e-03 5.393868677016903273e-04 1.010489047828094615e-03 -2.909386763527517170e-03 1.331540582842598384e-03 1.015544270218328134e-03 9.776259692098156814e-04
-2.966755794999158258e-03 1.436606107832782845e-03 2.104674106456179764e-03 6.150656627356094813e-04 -3.755281188563863812e-03 1.002205045017544750e-03 7.721252761788344925e-04 7.682573732921881221e-04 -2.448618279222136360e-03 1.113590405395993707e-03 6.989369138850717216e-04 1.077830580390005261e-03 -3.434185672485841074e-03 1.268841645133315195e-03 9.268870336912580533e-04 1.134645442157905006e-03
-2.878467562819895728e-03 1.343095201704498469e-03 2.059614689565462866e-03 8.382431633981085378e-04 -3.574847392826067168e-03 7.433868035153886255e-04 9.360353582300566131e-04 9.961244953442718181e-04 -2.539389039214301480e-03 8.807421702342938972e-04 1.120008752457346025e-03 8.147656211598880210e-04 -3.336962720050457368e-03 1.271535236934075511e-03 5.824872528194250309e-04 1.042307716255734540e-03
-2.878629569806319920e-03 1.011706527021212715e-03 2.038964105903421763e-03 8.372437523943083082e-04 -3.513044357792533337e-03 8.249468518389192935e-04 1.114532308630483042e-03 7.973224012963076469e-04 -2.664695618272237571e-03 8.027894177562433769e-04 1.127456265560503263e-03 7.824507022398115123e-04 -3.299274748326171038e-03 1.625115428234042304e-03 7.504071772871271718e-04 9.420380637085096816e-04
-2.624322075265531767e-03 9.982309836581264306e-04 1.615440235887716800e-03 6.991505847519781207e-04 -3.357874781634390300e-03 9.000991835103866988e-04 9.983813134146390846e-04 6.092934473377409690e-04 -2.574829367771134126e-03 7.162517417941860779e-04 1.190225819858237990e-03 9.808446934204018575e-04 -3.167155943098832159e-03 1.657807895929696825e-03 7.106999730519956071e-04 9.158418968259769005e-04
-2.685276810571350821e-03 1.039238969560412045e-03 1.705074602559709593e-03 6.360995117064126986e-04 -3.269801023993324819e-03 9.609075700913371956e-04 9.559816685069574263e-04 4.845585942658634654e-04 -2.882132425231448934e-03 1.374753984583549065e-03 1.166108365993097059e-03 9.359883892047703114e-04 -2.938194847918036440e-03 1.437484959604236291e-03 7.166041099051773241e-04 6.324038647539500027e-04
-3.176100917977410943e-03 8.393472778056455114e-04 1.227940416206074444e-03 2.926207851257791150e-04 -3.042032226965372347e-03 8.840137329510258353e-04 1.113249736179374371e-03 7.378064752578365878e-04 -2.761755523775821612e-03 1.758397972988951863e-03 1.087483010800401788e-03 1.110802336208313286e-03 -3.219336801238577381e-03 1.388281559527923450e-03 1.035839431123850149e-03 1.011888860389027235e-03
-3.148032547993761740e-03 1.197950818114405357e-03 1.629964104172472103e-03 4.682240263515095651e-04 -3.181582174569735910e-03 1.357920584655189803e-03 1.041168006466814799e-03 4.930807567687057677e-04 -2.966621442146043317e-03 1.395298274985379196e-03 9.703002883781497055e-04 7.893175227820907209e-04 -3.079680415231950824e-03 1.381441517117248940e-03 9.287141669798913658e-04 1.018778846825683709e-03
-3.254933413697703917e-03 1.126501584285264724e-03 1.590874974905450573e-03 6.836157089304735089e-04 -3.369342517016562372e-03 1.259767731799088953e-03 1.044131462960045309e-03 6.170275886829424804e-04 -3.052090867059969320e-03 1.587309032907799821e-03 1.115955214359297312e-03 8.477922355381674107e-04 -2.821703421148599126e-03 1.147717944005820700e-03 9.764349470602606005e-04 8.018670756595273072e-04
-3.150750233042312783e-03 7.773729616814530280e-04 1.621749802683989175e-03 5.214596347938724652e-04 -3.178091227524987208e-03 1.431246573150367612e-03 9.771073862895464195e-04 6.738550842178660846e-04 -3.066883912191208268e-03 1.643081572126116243e-03 9.509588524892959634e-04 9.901901943565913182e-04 -2.898429805017481604e-03 1.060850072588310914e-03 9.161720551413744676e-04 1.022232284300809762e-03
-3.236107556383534083e-03 6.964616253475826345e-04 1.566651701863567767e-03 3.644572480740911058e-04 -2.965165437685210199e-03 9.306662480105542829e-04 1.096991158417650160e-03 1.070108538998946557e-03 -3.071721691415996418e-03 1.400364123566035955e-03 1.222640237012351900e-03 1.196880841198998688e-03 -2.629448278218888407e-03 7.254235690374559323e-04 7.456425435194114718e-04 1.160494824449262528e-03
-3.229317794441856695e-03 8.954571496324712377e-04 1.571442949440669899e-03 7.203549247393199306e-04 -3.204919592839211833e-03 7.755723814328631394e-04 1.038741495436099191e-03 1.271140251829264503e-03 -3.066366334015129848e-03 1.092521205328991383e-03 1.285505466612044297e-03 1.496228069833109185e-03 -2.645338232933350242e-03 9.234766223047614388e-04 4.425375148054856299e-04 9.182396305064258798e-04
-3.189081554404546437e-03 6.702514802787283175e-04 1.599022653858461372e-03 3.922213010759807131e-04 -3.047284808929118065e-03 8.523289436339168438e-04 1.115367048891145177e-03 1.505295884954286094e-03 -3.077096054385183941e-03 1.148638130681753182e-03 1.220444504136265502e-03 1.260338526297123457e-03 -2.737747223033798905e-03 1.050122771554551273e-03 5.951742525254927760e-04 9.236471648276632250e-04
-2.898268353067070223e-03 5.876151669975928282e-04 1.393113340962388608e-03 3.110879426641289776e-04 -3.169586435848535493e-03 1.069697997256138875e-03 1.121461922967206598e-03 1.536485973242762400e-03 -3.145618737199915027e-03 9.282220538092253361e-04 1.466364339364101873e-03 1.062061322508812836e-03 -2.698110709444299839e-03 1.043213902891901301e-03 8.687819217478814741e-04 7.987881960442212584e-04
-2.765852283258442811e-03 7.267916842798713330e-04 1.131221827906677855e-03 3.742750120378858557e-04 -3.241033466697501326e-03 8.262005317069383769e-04 1.166651021355463291e-03 1.582374906613699585e-03 -3.030409291456072352e-03 1.023199363557956119e-03 1.158181149656984602e-03 1.172748133900984851e-03 -2.881454832017219751e-03 1.187594746872847355e-03 1.032848294340433593e-03 8.100464258104327336e-04
-2.935933165908738950e-03 7.425217568829707961e-04 8.058101644602693077e-04 2.519343371761086927e-04 -2.901321197544663028e-03 1.288807079241027038e-03 1.337379706083576024e-03 1.477230588033783942e-03 -3.000795962034513362e-03 1.282612126692768721e-03 1.269325879455049117e-03 8.165077267201591550e-04 -2.931415879787627882e-03 1.371958897148352948e-03 8.752836876299195049e-04 5.195594457642500061e-04
-2.922674535673113611e-03 6.821813052102066290e-04 1.050411193463146988e-03 3.769992449354323829e-04 -2.883816713711994436e-03 1.198220135915081764e-03 1.049053263181528965e-03 1.442052036643649794e-03 -2.905128126550301365e-03 8.895907920667775080e-04 1.370473313585652544e-03 1.021995709445213665e-03 -2.661147220816542126e-03 1.370473313585652761e-03 7.037080636653214333e-04 4.683527474959237242e-04
-2.810340214279021323e-03 2.612997449344007248e-04 7.992255213865364629e-04 4.334274463030608694e-04 -2.568236628979260819e-03 1.413790158316693578e-03 8.651519641658704995e-04 1.199960572682012405e-03 -3.068790360806094263e-03 9.112257857721465593e-04 1.461382058001406414e-03 1.491708785854738931e-03 -2.796967669900823645e-03 1.542951407908624718e-03 7.343233739642739859e-04 3.807054145018509282e-04
-2.756830160200785841e-03 3.820976768393054930e-04 8.353626554712931035e-04 1.839649257658827655e-04 -2.592828753824996928e-03 1.114962542773959399e-03 8.865212709942068160e-04 1.047684516744927779e-03 -3.120640735020528429e-03 1.241387238896350664e-03 1.518566157766066760e-03 1.757295038766695447e-03 -2.812148206087819111e-03 1.468173203035204452e-03 7.260553936410237214e-04 3.748908908594271992e-04
-2.597778167079626849e-03 6.799530207845257525e-04 9.420528782446724878e-04 3.653944883846434416e-04 -2.680733278318416738e-03 1.080938321076460595e-03 9.584189192010039932e-04 8.425765536263033753e-04 -2.639187250388807214e-03 1.043167701940342449e-03 1.318393263372114434e-03 1.515999208183922654e-03 -2.660259897736571167e-03 9.364724901248725874e-04 4.637017849664897690e-04 6.472971844440041436e-04
-2.889327005233141739e-03 8.690228801004840293e-04 1.076978803942420801e-03 4.799145555103653143e-04 -2.563862713154393264e-03 9.109974184797266531e-04 9.873596180073615849e-04 1.023624385383480441e-03 -2.562676886504125593e-03 1.070168538403394381e-03 1.458005392524510790e-03 1.513283952243173018e-03 -2.615754415545035530e-03 6.795358607099337639e-04 1.343969958557018625e-04 6.497710388482626567e-04
-3.120787396373400982e-03 1.174131294827860392e-03 1.208311646019307167e-03 5.732016031417218587e-04 -2.471721469200972420e-03 1.018389926915626471e-03 1.059395356405596960e-03 1.009105904369381190e-03 -2.855081707827107889e-03 8.660155836040600791e-04 1.519608115375651507e-03 1.511950876965135462e-03 -2.574851172891960260e-03 7.194371378642322543e-04 5.979429808355893859e-05 5.433387505289928848e-04
-3.144647323462112978e-03 9.626295576992432339e-04 1.238703612959909462e-03 9.594474650194957741e-04 -2.550194639642276197e-03 1.202900892778685201e-03 1.108935763046961249e-03 1.009857140875417740e-03 -2.790600679272675286e-03 8.283296880769525561e-04 1.273240787189223447e-03 1.396167921904828977e-03 -2.773958804735670875e-03 8.675123261701107478e-04 2.094146745576259277e-04 4.485382992780613249e-04
-3.223210780372169886e-03 1.096090108694793485e-03 1.168084568939643884e-03 8.640384757982765614e-04 -2.350805112660764046e-03 8.719360938117190485e-04 1.135285320192057313e-03 8.429207028601887110e-04 -2.758488659418467659e-03 8.297704974748854696e-04 1.216381219100491759e-03 1.235651550703792401e-03 -2.645325312449049292e-03 8.674238566175547548e-04 3.437912588218607285e-04 7.388320676318778845e-04
-3.130186256379899161e-03 1.158393641526770691e-03 1.153901189598851521e-03 9.952819383461050141e-04 -2.689742724588158745e-03 7.256694811627545719e-04 1.041744133415899469e-03 7.931618490369730153e-04 -2.706610260788628892e-03 1.085745151383237916e-03 1.446121228516208208e-03 1.271764573768529097e-03 -2.707502419732286340e-03 8.628386861946075320e-04 -1.299188163310581966e-05 9.582395563411729442e-04
-3.029810245260254348e-03 1.279178650159685810e-03 1.164395476233391841e-03 1.120905493673795151e-03 -2.503172347401214255e-03 6.753071468706339179e-04 9.408293290561165704e-04 7.889794993196972252e-04 -2.603076496170262603e-03 8.562896782446606167e-04 1.361491671642059940e-03 1.223245165244916900e-03 -2.628551235889264523e-03 5.985295912253423261e-04 -7.687488727214676225e-06 9.900729412637148015e-04
-2.972428264423356524e-03 1.235027441523298478e-03 1.200727647371574273e-03 1.194834097812423395e-03 -2.772093072286139527e-03 6.471396223318963284e-04 8.783454589714750774e-04 9.168380173409733901e-04 -2.838955571523629415e-03 7.460343325089674286e-04 1.542827454320431406e-03 1.140870556476855906e-03 -2.610354551946223595e-03 6.274757222869576257e-04 2.222549648640949425e-04 1.084581530215139849e-03
-3.018811781457480473e-03 1.088957081544889753e-03 1.155278008066403048e-03 1.241228850956435995e-03 -2.845162583205902880e-03 9.225915929775579559e-04 6.050352221777083837e-04 1.052946408926885326e-03 -2.801099541409456366e-03 1.013631800090809224e-03 1.694670774376215829e-03 1.110381860870395280e-03 -2.680138552846083027e-03 3.938279185793605477e-04 2.792511023721574634e-04 1.038430051168997333e-03
-3.070541840181848555e-03 1.225090013951755626e-03 1.077812768135136268e-03 1.145817821013198979e-03 -2.725983765271770397e-03 6.873895047889400870e-04 5.951956011309726593e-04 1.276509299827911304e-03 -2.939936604914355350e-03 1.095480389456076568e-03 1.691542011853051615e-03 1.125224404524432587e-03 -2.526380453648613845e-03 4.756833832588235685e-04 2.037738652718373638e-04 9.124474858431513413e-04
-2.870751131730558264e-03 9.255264659177739545e-04 1.186139915357244546e-03 1.470435841357007256e-03 -2.815025911452107444e-03 7.528321369927996366e-04 4.688754226404136054e-04 1.325486680869509062e-03 -2.948097336723549435e-03 9.956276029015006558e-04 1.217889544091371777e-03 1.029601817493904165e-03 -2.648894948970168667e-03 7.904122532184407841e-04 2.357392060263599812e-04 1.131157371793589011e-03
-2.602719644112633755e-03 1.034138745564811479e-03 8.801193335588016267e-04 1.344434624558196213e-03 -2.979037966315947316e-03 1.230742173730911765e-03 6.333193609827227977e-04 1.175123116681592696e-03 -3.378019272211854520e-03 8.745286624967464400e-04 1.213001806348965256e-03 8.796848718292818795e-04 -2.692313590035695214e-03 1.041389084642431722e-03 5.586479802135954111e-04 1.047705435532394775e-03
-2.483612743719693528e-03 6.448241840177824620e-04 7.926820320760979196e-04 1.391612436644739216e-03 -2.620870103960970011e-03 1.121862013595334440e-03 6.444916494628946712e-04 1.408653068826854968e-03 -3.435195461983315580e-03 6.702173395656240698e-04 1.193150577114340067e-03 9.897895381237881846e-04 -2.649586744665582451e-03 9.261226388004819470e-04 7.020481192200465253e-04 9.468614186495487436e-04
-2.638485818418684695e-03 5.888943361929358661e-04 9.633323184119759429e-04 1.381129868169259610e-03 -2.524129003711397031e-03 1.059271382478663408e-03 5.579742721326322189e-04 1.687847081131367815e-03 -3.543952562130180898e-03 5.137443767002505346e-04 9.861863768730737712e-04 8.448008093885407167e-04 -2.448049529595412114e-03 6.074521685470528039e-04 1.058412943161374416e-03 1.151438176940179810e-03
-2.520614884928953046e-03 7.883006288761975613e-04 7.999210577641445831e-04 1.509486103089112538e-03 -2.616457892230138714e-03 1.314983612204931969e-03 5.677662751848124760e-04 1.513083740457900860e-03 -3.503592339172411328e-03 6.014166920499357119e-04 1.433922849947113359e-03 7.734776396816381251e-04 -2.811648466686789399e-03 3.595067430715948660e-04 7.332163235981770848e-04 1.317313253884788054e-03
-2.359294145352027784e-03 6.528309878197418800e-04 3.618742572645671646e-04 1.623450003014364389e-03 -2.598428791440026212e-03 1.384637150943495310e-03 5.342002908226760284e-04 1.240895137860340870e-03 -3.165327937184740301e-03 5.805174885610354983e-04 1.761437868085244125e-03 6.991334941266950757e-04 -3.097409974813589411e-03 6.782884185962966038e-04 7.893599058099952642e-04 1.165775381655303252e-03
-2.743877429511412148e-03 6.980724277275691773e-04 5.035621109199191247e-04 1.510341962867715795e-03 -2.578436674039420989e-03 1.223214095404994697e-03 6.506221245026050631e-04 1.173628676356115556e-03 -3.042621589838752621e-03 9.732885634480281396e-04 2.001656444884767141e-03 7.635292498252854460e-04 -2.821994709362349654e-03 6.452850807201102826e-04 5.941578705618709606e-04 6.972357036153773759e-04
-2.762400384131221982e-03 9.848705445844737564e-04 5.296657524654278760e-04 1.436944701806664544e-03 -2.590568808822239777e-03 1.088175448306399201e-03 4.814525561551245554e-04 1.316432315056449438e-03 -2.908007882063672316e-03 5.651273554196308046e-04 2.074239242315495651e-03 1.107082995696052419e-03 -3.008367530817095212e-03 4.461341105982292998e-04 8.152269840830840683e-04 6.769554425852438708e-04
-2.523456697540622795e-03 9.648071647083640611e-04 7.655274285460443584e-04 1.045537508415506339e-03 -2.731414289342973777e-03 1.200291803289039484e-03 5.136735745700473288e-04 1.104926120588191991e-03 -3.129979045698142066e-03 9.048873839499354827e-04 2.070296553180308533e-03 9.615503533761084664e-04 -3.068848144955858403e-03 5.395125596820884561e-04 1.178692974792398991e-03 4.629838055278018326e-04
-2.545410294325950017e-03 5.986026003449335412e-04 8.284376140617404852e-04 1.016383202701450720e-03 -2.912230202691135604e-03 1.359285977214193470e-03 7.855022452085583078e-04 9.875557017518163654e-04 -2.999337975736373132e-03 9.972148672195003775e-04 2.076353220375928843e-03 1.035439455499943297e-03 -2.927587325493571056e-03 5.673981010087863954e-04 9.045937193024809449e-04 4.827363091025029191e-04
-2.808909330634450866e-03 5.637519003846117342e-04 8.157071412602136381e-04 1.416384131028245895e-03 -2.821571115534378654e-03 1.329351773726783915e-03 1.349875510158500243e-03 4.665740957053196277e-04 -2.974787089246698577e-03 8.775899979512486728e-04 1.726358830429083240e-03 9.120743786722676104e-04 -2.800145537005827370e-03 8.332402344671149515e-04 9.768992857472611792e-04 3.922182810901772348e-04
-2.954765958807648550e-03 6.996125995390300306e-04 7.922266039302795250e-04 1.899276059358017289e-03 -2.988665214634997434e-03 1.404151140159810157e-03 1.217693116019885483e-03 4.949709475607470561e-04 -2.864732114893352687e-03 6.455588446986711051e-04 1.727786157914608508e-03 8.369815810633620193e-04 -2.960815931622041985e-03 7.354897541364877186e-04 1.165499281174768760e-03 4.239533333709459995e-04
-3.141084654640545048e-03 8.441470594277067406e-04 1.120347770108459044e-03 1.946336339633672648e-03 -2.863391626019601462e-03 1.486035053834798949e-03 9.625072757178214367e-04 5.467271823344832310e-04 -3.147042535928156956e-03 4.662235204591960161e-04 1.629391651195704130e-03 8.268551378815308835e-04 -2.754328206877365830e-03 8.850364394705813060e-04 8.389212440713876258e-04 6.328383605296411226e-04
-3.018457586947860538e-03 4.562013456585567277e-04 1.012258047407035800e-03 1.919125862927736469e-03 -3.045600423677141851e-03 1.344825425160908880e-03 1.091270476786515954e-03 6.709553339302010795e-04 -3.108943109611706727e-03 3.213104048066066365e-04 1.566845569201550780e-03 9.807634299869695885e-04 -2.796819181208293897e-03 9.289655615791716408e-04 9.330814764029289263e-04 1.025829295467240321e-03
-2.913087007310410058e-03 5.924784617966117077e-04 8.708941854384947331e-04 2.005483646280711418e-03 -2.864050424707434515e-03 1.295451464493681563e-03 8.411058787213185600e-04 7.191107934460832683e-04 -3.201592470571266048e-03 4.795140190806588773e-04 1.329191508023222848e-03 9.218242217962006706e-04 -2.603614090522656400e-03 7.194220228704173090e-04 1.080252249392702098e-03 9.908088373512735289e-04
-2.849039561442452250e-03 6.546979897543155980e-04 9.519697852078426404e-04 1.924872627704047592e-03 -2.765402502913967553e-03 1.347841976782429910e-03 8.903227864843578148e-04 8.174406113544073179e-04 -3.215704907614674174e-03 6.318588222438976509e-04 1.277398654834298233e-03 8.525344147836487864e-04 -2.813120586018586205e-03 6.879069277437992744e-04 1.011034606701892782e-03 8.590529861180274188e-04
-2.959237651263190490e-03 7.549236728520636796e-04 9.140646919273882377e-04 1.734786990430466688e-03 -2.651252223954407312e-03 1.109592163014574235e-03 7.946120140557652199e-04 8.682699288770934784e-04 -3.193650421969885383e-03 7.372099301169363333e-04 1.167230455760156398e-03 1.100516607976662455e-03 -2.909472185203126893e-03 7.409060406506620330e-04 1.009627757012002700e-03 1.045314574334670196e-03
-2.872019806964392838e-03 6.456501091248172553e-04 1.297250604752770656e-03 1.539103588385430654e-03 -2.955500798128783777e-03 1.199076953976303426e-03 7.616739950808977099e-04 1.005760351866334971e-03 -2.775060600363524286e-03 5.573867734232147882e-04 8.747689567882686737e-04 1.266797021655489746e-03 -2.961160774485091518e-03 5.968135653413186468e-04 1.281526933468811209e-03 7.957346915692828327e-04
-2.950646355997323545e-03 9.379966445058789733e-04 1.074193372353517357e-03 1.435515245369165579e-03 -2.985912388400553327e-03 1.274430094155637721e-03 7.790924395660321199e-04 8.954201989022987813e-04 -3.033980243339931462e-03 7.765064098244434197e-04 1.090562109459537136e-03 1.272615771631960963e-03 -2.793430758217467936e-03 4.449628239235262745e-04 1.253393006242681500e-03 7.943819599915826835e-04
-2.802777049127566384e-03 9.392271994324150790e-04 1.164028921105870725e-03 1.537902842393678530e-03 -2.741385492093974773e-03 1.293988117411755488e-03 6.483700064622415502e-04 8.093088588787272645e-04 -3.218962282786372135e-03 7.213120412171635746e-04 8.805485561749603479e-04 1.356149228074033687e-03 -3.063258693586936275e-03 5.555423681958215031e-04 1.374284671938128108e-03 8.158115504076868208e-04
-2.545919302407707169e-03 7.969605578205131826e-04 1.103778577104271410e-03 1.724177069995237385e-03 -3.119599526087234349e-03 1.237829112897138005e-03 6.667544153784123098e-04 8.087207303016007371e-04 -2.992841692054599382e-03 4.609038928221425809e-04 1.019870935296775770e-03 1.291589477445180502e-03 -2.872145110362281806e-03 8.039887161421063917e-04 1.215203879474539839e-03 6.590196701556209381e-04
-2.426402733301131869e-03 1.163087976205310747e-03 9.134072265081605128e-04 1.465141802316820719e-03 -3.125451811539801082e-03 1.134942307823041258e-03 5.372073125499987351e-04 8.429001499760176586e-04 -2.662679752871033572e-03 6.260953805743269505e-04 8.726932528150634950e-04 1.122007684530884836e-03 -2.556548604044943038e-03 8.721947730835283644e-04 8.780104050949784269e-04 5.671396687019416172e-04
-2.510176139963988563e-03 9.838268661939973160e-04 6.259703248587614177e-04 1.526544883530042218e-03 -2.704399043687124790e-03 1.180298939354787946e-03 3.496145667163850731e-04 8.635328202610130554e-04 -2.944734548510895191e-03 8.023329667361325541e-04 1.128569554312436286e-03 1.177921206830686868e-03 -2.389816969195525821e-03 7.895702956925486436e-04 7.889051121947692185e-04 5.479586117472755313e-04
-2.700453815904942795e-03 6.527521237207369303e-04 7.068972272263770963e-04 1.652488054080230879e-03 -2.804476855829342481e-03 1.209714408966206358e-03 5.671754303520127639e-04 1.045599697717550106e-03 -2.863374742726515400e-03 6.012871585057088207e-04 1.242639827555578778e-03 1.148343415599144528e-03 -2.651815791868401221e-03 6.867869085300271374e-04 1.042637461188860226e-03 6.987112986004508693e-04
-2.795011539784009614e-03 2.486742374854613072e-04 7.994976825375586229e-04 1.650663880470306603e-03 -2.543608079207167454e-03 1.471817295102803352e-03 2.003816153945960044e-04 1.041727306874059254e-03 -2.929933495294181987e-03 5.830907562025395815e-04 1.215422407053228871e-03 1.273550997225106774e-03 -2.605292612613941718e-03 7.161959558992742145e-04 1.166926966898757228e-03 7.409367905583038065e-04
-2.996909230873296033e-03 6.014309194038747761e-04 9.819755243643283824e-04 1.445472730886783550e-03 -2.483663852977811750e-03 1.601548951791914978e-03 4.608523605212596269e-05 8.279507426211855058e-04 -3.036487186586106415e-03 5.815858741004738828e-04 1.127002485319677670e-03 1.349965756915586044e-03 -2.371176434572693382e-03 6.772218336971767101e-04 1.253208466660208102e-03 6.314461095737829068e-04
-3.183762305010977550e-03 3.813039296963664868e-04 1.300976345210680916e-03 1.256206303262260519e-03 -2.614783594717380675e-03 1.570700170312357494e-03 4.364499912506058436e-04 9.905849349503030241e-04 -2.878937881674068638e-03 3.200445249684480669e-04 1.060477129496062952e-03 1.169862113753665153e-03 -2.401120739871095457e-03 9.385296670468178592e-04 1.285209922164264485e-03 6.109211974617890541e-04
-3.183724301430546945e-03 6.274787350742304327e-04 1.363476570483841991e-03 1.027108572934649910e-03 -2.766372697633436711e-03 1.493709172543893201e-03 6.771110898731329047e-04 7.955159450604068873e-04 -3.005200433204658315e-03 7.569543050210147429e-04 1.121139211096069174e-03 9.576002436129229861e-04 -2.495208275431255122e-03 1.073373742638581568e-03 1.199652347797457337e-03 6.103523213921659054e-04
-3.038503475914138517e-03 7.598267128500294518e-04 1.287161634583647990e-03 1.141048133457864093e-03 -3.143084945853669241e-03 8.558383541802199162e-04 1.095160385602228720e-03 5.264018845964765986e-04 -2.844235362555424564e-03 8.438360609985001313e-04 1.059653830501985569e-03 1.053047390946098725e-03 -2.520636612928560914e-03 1.172645702635277806e-03 1.207663281965815592e-03 7.990808249348241993e-04
-3.136471179910796381e-03 5.975131541568342534e-04 1.176477175152617878e-03 1.077384513170990534e-03 -3.046357683218527297e-03 9.060150097088554965e-04 9.870830279863720448e-04 6.382448873421828553e-04 -2.795291051015249845e-03 6.925395170244927085e-04 1.442858221584039299e-03 1.223288153405235890e-03 -2.784791266495004018e-03 1.027341137992215936e-03 1.466053486606406792e-03 7.938543320886012802e-04
-3.044096254934194890e-03 8.794856255044644676e-04 8.000058592389239437e-04 9.346338774054625560e-04 -3.207510908390551804e-03 9.475384933046741755e-04 8.616189345511526950e-04 6.782263761909116274e-04 -2.608720794632636304e-03 1.048601041048543171e-03 1.409100100585959853e-03 1.229796422429107550e-03 -2.692540197308974058e-03 1.200022409383446221e-03 1.047855139611411721e-03 7.709395738081959446e-04
-2.952386880004422183e-03 6.678346083654690749e-04 8.027835024761791017e-04 7.961955704596999613e-04 -3.206968170994712892e-03 9.237452590541970522e-04 1.149008981163744192e-03 8.428716459092371483e-04 -2.724700548543021808e-03 1.286582870069626029e-03 1.361622329477981622e-03 1.242645922138385303e-03 -2.667047595025543675e-03 1.121641678880511313e-03 8.552434314676239961e-04 7.560350021095677909e-04
-3.011926617211093705e-03 6.522156474844911962e-04 7.390248739143096424e-04 5.529569596131955018e-04 -3.141921711400603567e-03 9.225490438958643125e-04 9.037155351412746399e-04 8.121085225594649624e-04 -2.757607800141610548e-03 1.478721385842316979e-03 1.064254335309367016e-03 1.237117144733985031e-03 -2.452139513988759855e-03 1.241711924614965048e-03 9.129819217056435498e-04 1.094764512105476538e-03
-2.914123594673405371e-03 1.003832981347438282e-03 8.065606602612234105e-04 2.848048006561736231e-04 -2.896262378664059452e-03 1.230633154853199565e-03 9.510464668770151177e-04 1.012628164889122981e-03 -3.075596506285575415e-03 1.144822947754577710e-03 8.527166590223600115e-04 9.747537106093105133e-04 -2.925897715570407835e-03 1.020592177219085397e-03 1.418280655543210488e-03 1.378926455052250158e-03
-2.754044677682830188e-03 1.023324987331630017e-03 8.298998569798675395e-04 3.091210466106351484e-04 -2.850280587478150069e-03 1.120892067936061793e-03 9.231188574233767721e-04 9.486709102932870197e-04 -3.036357514569067856e-03 1.250270013125208760e-03 1.005889713299670460e-03 1.062033841842867973e-03 -3.046325061416551867e-03 8.550466008661986332e-04 1.183045063291097163e-03 1.437385140582356094e-03
-2.648065502639929906e-03 1.367802797165663551e-03 9.447580569182040602e-04 4.224293128211771011e-04 -2.918499257810332724e-03 1.288312150233147978e-03 8.284175044053099669e-04 7.521722392767515777e-04 -3.243714713540912092e-03 1.035178198474481521e-03 1.041091981094118771e-03 1.076962548096002063e-03 -3.097892123866814035e-03 9.489002679648473855e-04 1.094055945638856744e-03 1.380285230700792429e-03
-2.682652615844229559e-03 1.300222869284164149e-03 1.133035159197248818e-03 3.503455650907608132e-04 -2.919621388309432200e-03 1.207829920083183361e-03 9.291744177686607617e-04 5.931426919118207601e-04 -3.009098736554306243e-03 8.649215112865205491e-04 9.587884089773431170e-04 1.097988680770891961e-03 -3.034234387224653186e-03 1.224834783648988531e-03 1.052741550852711152e-03 1.192537673604442214e-03
-2.621256309824790583e-03 1.251320002532535806e-03 9.732076262986366719e-04 1.733151287534251341e-04 -2.796184201400244741e-03 1.352554377715634330e-03 1.166667016033559601e-03 6.127741156922914250e-04 -2.910847789473226636e-03 9.156691179090595007e-04 1.048319789952093786e-03 1.266140845045004258e-03 -3.233215638505127464e-03 1.346187213176049504e-03 6.192161277139550954e-04 1.096143014131249283e-03
-3.000630833471924514e-03 1.597454264329858454e-03 1.172447914356641039e-03 3.853324279864251117e-04 -2.697874949039327872e-03 1.265411444711922809e-03 8.757922876724159649e-04 8.306007965514994795e-04 -3.096344962906749567e-03 1.004621176018301093e-03 9.238306709584621261e-04 1.264557680334965151e-03 -3.120202212541565382e-03 1.091033901982321232e-03 8.178744873218956289e-04 9.590948801314638740e-04
-3.245516979284986375e-03 1.587518766076974211e-03 1.020285234675262628e-03 8.682107285170521417e-04 -2.562663657971474794e-03 1.242312666201243233e-03 7.293561542041895798e-04 3.798200332933396621e-04 -3.054034099550068885e-03 8.686829904929686385e-04 1.108100257829433034e-03 1.481400608838381958e-03 -2.884002530908913280e-03 1.036684931167064852e-03 6.802460781101834879e-04 1.011189306596616379e-03
-2.819214629674530841e-03 1.269920529789663214e-03 9.821368295732202207e-04 1.120627166917417513e-03 -2.729822161845159908e-03 1.574517655372342437e-03 5.599972119786199992e-04 6.943702576365193583e-04 -3.260701019496202360e-03 1.122441156516621125e-03 1.039599482386311443e-03 1.387720041873974179e-03 -2.929351826515456080e-03 9.614776166432056513e-04 7.133115268840845404e-04 5.791496558003025657e-04
-3.272099461345696122e-03 1.083456892782746822e-03 1.213586263553640722e-03 1.255074062296831876e-03 -2.743651619360118910e-03 1.425090426520445866e-03 8.237711645485458478e-04 7.268833452596862917e-04 -3.468752805601698925e-03 1.520375709684338448e-03 1.208529835975981435e-03 1.163539397901303596e-03 -2.898367759677694666e-03 7.690382111507976844e-04 8.877205337335649857e-04 6.014398461207953349e-04
