# ex_work for 16 qbits with connectivity gas and unitary DM 22572531800448
-8.362190325114780831e-02 1.320518006672569133e-01 1.320518006672569133e-01 1.320518006672569133e-01 -8.362192382177470462e-02 1.320518152463988348e-01 1.320518152463988348e-01 1.320518152463988348e-01 -8.362188268052131446e-02 1.320518152463988348e-01 1.320518152463988348e-01 1.320518152463988348e-01 -8.362190325114783607e-02 1.320518152463988348e-01 1.320518152463988348e-01 1.320518152463988348e-01
-7.633098687443973240e-02 8.370640572355131370e-02 6.771657057700924964e-02 2.227819354336140530e-03 -7.612119352913593318e-02 8.370639317101159771e-02 7.186101206752593118e-02 8.370638061847225642e-02 -6.670541467895660381e-02 3.288412681475170324e-02 5.064849372350915813e-02 4.979107412559119483e-02 -6.647450262581944269e-02 8.370639317101159771e-02 4.987137303872541533e-02 7.034058427838579819e-02
-4.758975967941181384e-02 6.634946261712483528e-02 5.098107772996685050e-02 7.265026648393925306e-03 -7.312296604816753698e-02 2.405592301048873130e-02 6.259755000305500250e-02 6.844506290190364994e-02 -4.842080237047555885e-02 -3.235553948449558428e-03 4.612849514005240570e-02 2.808249533086579208e-02 -5.776150448277101584e-02 5.864157167609802129e-02 3.988399384148318128e-02 7.819033540213425615e-03
-2.800791380276754228e-02 4.941470184368456503e-02 2.764570083487433855e-02 6.956936787179165971e-03 -6.181410885005698963e-02 6.475801548950502889e-03 3.072463830836666410e-02 5.639768634361798372e-02 -3.144325941030746280e-02 -8.594304820599769218e-03 4.539888669848721192e-02 3.542156618245186767e-02 -5.146412073246801888e-02 2.007227860587254206e-02 2.706167014012592423e-02 -7.610034851162440555e-04
-1.094289337566277040e-02 3.316120668494858953e-02 2.073747932977529698e-02 8.866571905100194620e-03 -4.974411321029418437e-02 7.712714446284978445e-03 1.689089055483748714e-02 3.559484702179455812e-02 -2.595193112676714639e-02 -8.579815935974924052e-04 1.793771108040956644e-02 1.322793288332821740e-02 -3.850357054355477843e-02 1.148066930858204077e-02 1.809008156078704618e-02 -1.385387471920847312e-03
-8.143287807554628124e-03 1.676546931254554312e-02 1.664971935411283660e-02 6.085917368806550987e-03 -3.248948390244897622e-02 1.003391404147900741e-02 1.215821570409303908e-02 1.049454970414283490e-02 -2.462563128448324104e-02 -2.010326343515841854e-03 1.242450657120555864e-02 1.533611786226138016e-02 -2.265447049792068679e-02 2.040527970680346256e-04 3.109058719782983697e-03 9.028524321213014098e-03
-9.242279097115084149e-03 9.575442536664797652e-03 7.478143590095949131e-03 7.309547938967791980e-03 -2.383864204619107197e-02 -2.524321672562607113e-03 1.468888861807886997e-02 6.622647179504888119e-03 -1.599297296204662058e-02 -1.126978575258364649e-03 1.288849758059207838e-02 1.453190660933158414e-02 -1.579219342408313617e-02 3.825318332820714100e-04 4.973747875607050992e-04 6.395406045616847286e-03
-9.206484371336989825e-03 6.047413303673631127e-03 -1.210541004805851121e-03 1.030307721765530860e-03 -1.553494931849441936e-02 -9.178767442519145245e-04 1.152394214747895322e-02 7.853044223335872362e-03 -1.356907868000051427e-02 -8.574229109506403780e-04 1.276383590155025227e-02 1.603722227622196225e-02 -1.679525489810787184e-02 2.011906187442431739e-03 5.350226479054940275e-04 8.896027424064376424e-03
-1.058150608029244724e-02 5.185674034129189418e-03 -4.264701927416780607e-04 2.240634884850582157e-03 -1.135976140236493771e-02 -1.471507600363993048e-03 7.606225656378463179e-03 7.419328728806995864e-03 -1.089769497773101364e-02 -2.199632972503802290e-03 1.070023413673652432e-02 1.005466772577983357e-02 -1.316673667645372643e-02 2.226915447584777285e-03 -4.470583496065156271e-04 1.084739226704029003e-02
-9.988798998062016835e-03 6.644258692258903087e-03 3.840550211161308249e-04 2.107737956303025201e-03 -6.799433445171211218e-03 -8.576317548480553478e-04 4.038680994835253460e-03 3.166163766442231780e-03 -8.249500394372862380e-03 -6.954655688260485838e-04 8.130645918937071115e-03 7.359607623523889419e-03 -1.020543962349078349e-02 -4.584143082622608431e-05 -3.985941512913868611e-04 8.708255719240092646e-03
-8.331175943445359722e-03 4.801817934937613330e-03 -5.076667300371221587e-04 2.923314919928385845e-03 -4.808694727168548975e-03 -1.372794565925581235e-03 2.695545224669425571e-03 2.206179932751801531e-03 -7.698752814076920137e-03 -1.243219134546782838e-03 7.103414456520095767e-03 5.598861433644344507e-03 -7.103210290395117234e-03 3.856186026864242655e-05 7.328624316800337645e-04 7.091600134994330805e-03
-6.762810626896184445e-03 4.882036781251070101e-03 1.192505039496277730e-03 1.896114526745471202e-03 -3.049988309651122890e-03 -9.443644944646694588e-04 1.840263838304564406e-03 1.235861119864321801e-03 -6.342239526790195182e-03 -8.113866183310100783e-04 5.650062436087803855e-03 3.395520267315305703e-03 -8.025666876200867814e-03 2.229141661507804989e-04 1.045731328889016329e-03 6.123078027676983649e-03
-5.034612954876862417e-03 5.623887365324885951e-03 5.046575965510431997e-04 1.209968937857479028e-03 -4.042920225395056112e-03 -8.381470493408558608e-05 2.634182379800301989e-03 1.514210909737178160e-03 -5.882432020679554362e-03 9.270620667333283243e-06 3.493405880871788046e-03 3.080512368061782101e-03 -6.883220663707998073e-03 -3.606096291016242178e-04 1.532480799401917835e-03 3.830061419803570868e-03
-4.888955009076962656e-03 4.225422033936876258e-03 -1.165414948500221324e-03 1.422265431806756398e-03 -3.550226109435620364e-03 -3.395102413520172092e-04 1.454542264375714754e-03 3.272130358637152792e-03 -4.695442083855853876e-03 2.571985679456449811e-05 3.109904557034395313e-03 2.466815177760435084e-03 -6.719661125629115654e-03 -1.726313827362148401e-04 2.519645543999907231e-03 4.018332212020931521e-03
-5.412965691409754587e-03 4.193844975427574173e-03 -2.336408437965775946e-03 8.916643892588247376e-04 -4.231225688469579006e-03 -5.174433979769945931e-04 1.954615522238865259e-03 2.967164812429283136e-03 -4.550955589963925560e-03 1.545879894295972999e-03 2.191933249759705615e-03 2.431798484959688499e-03 -5.065130760231790000e-03 5.396589741614180253e-04 1.565272116782180428e-03 4.771472019573458866e-03
-4.939380794003635569e-03 3.312998722227691872e-03 -1.807832421163265172e-03 1.378621777314732559e-03 -3.208994646833313643e-03 -7.427574405873498377e-04 1.974954019445991811e-03 2.785148464965251942e-03 -5.344973255288976849e-03 1.434919078884184336e-03 8.209509777138519152e-04 2.523762175668322477e-03 -4.541276796776507960e-03 6.171606302654971885e-04 1.804962499382422149e-03 4.752392038287641535e-03
-3.922038867157671277e-03 3.185621840533912029e-03 -8.907226555278796327e-04 1.089493266218671862e-03 -3.201131719954306964e-03 -6.749376937380884792e-04 2.685424657735843278e-03 2.942109964690233555e-03 -5.770273383048689364e-03 1.737418353326542408e-03 1.035668107270384421e-03 2.281959789694463538e-03 -4.302643360177819086e-03 6.693330609285740723e-04 -2.427901581241175845e-04 4.115675322081681700e-03
-4.299382484229882784e-03 3.195764028021912725e-03 -5.972481041904787119e-04 8.772337882585308716e-04 -2.876240973109743786e-03 -1.158365922922873718e-03 2.819808793896315478e-03 2.425897672332866239e-03 -5.289331559367636826e-03 1.687907155537904380e-03 4.229775341599798107e-04 2.606582370213567784e-03 -3.985827578614836546e-03 5.966237584575227086e-04 4.202891809216402797e-06 4.266346595412895924e-03
-4.265965848672270515e-03 2.544804537346940284e-03 -4.946429324680088387e-04 6.806761984854723746e-04 -2.706858405836338848e-03 -7.875563007539946453e-04 2.497867010671035639e-03 2.645726540016678664e-03 -5.549255685533651013e-03 2.122513036733052715e-03 4.145935141538854211e-04 2.379562065836629981e-03 -3.757519728406336947e-03 8.385440605982259678e-04 2.279003047018334090e-04 3.863986363568518417e-03
-3.979292601530112772e-03 2.452653946597131360e-03 -7.714718341280996268e-05 1.289767154544377119e-03 -2.326963444352424248e-03 -6.964125682962082550e-04 1.909992676894838471e-03 2.575936366710877834e-03 -5.037737503308669512e-03 1.847104677077377908e-03 3.672412614665070043e-04 1.619962882384972129e-03 -4.075528232884003017e-03 1.040622051896954343e-03 2.858471682640540464e-04 3.363362963688802752e-03
-3.334055373359805143e-03 2.366057680449363491e-03 2.188930940939911771e-04 2.067819770060045498e-03 -3.082313448691554551e-03 2.473078675429499088e-04 9.034021718669777703e-04 1.945416429109031887e-03 -3.942572953592522744e-03 5.698035773611104379e-04 -4.953478413628401153e-04 2.355317724265014716e-03 -3.347301516282440419e-03 1.586974121995957717e-03 -5.674035085517225045e-04 2.949873970929359039e-03
-2.906262830364875985e-03 1.901161048309547505e-03 3.690022433213162225e-04 1.874337728037315772e-03 -2.631741775603485458e-03 6.492906631822286008e-04 9.955397236169757306e-04 1.955482169742142357e-03 -3.572558773894327511e-03 -9.319494927169364286e-05 -2.338670371115064836e-04 1.828224741780297598e-03 -3.084641214416320148e-03 1.478762032727962703e-03 -7.155916542574798037e-04 2.533837486303720972e-03
-2.503147370185316700e-03 1.897372182062323151e-03 1.094261027389170838e-04 2.064196941612834492e-03 -2.423383512170062312e-03 6.689557757885130143e-04 8.853713775066013141e-04 1.393924830997620920e-03 -3.115688643540712177e-03 -3.322121201342442104e-04 3.873588275014756810e-04 1.856931145182167103e-03 -3.309617811102470285e-03 1.473849967392545576e-03 -6.371102736372489042e-04 1.881647801667881348e-03
-2.488723757917062421e-03 1.590723879872084530e-03 1.476647748904545785e-04 1.899623559544107252e-03 -2.391902865274363015e-03 8.549102497763011628e-04 9.239382259009348017e-04 1.227376674218706113e-03 -3.264889755113885902e-03 6.589852617525272663e-05 7.624603914552670336e-04 1.963733235919696164e-03 -3.558936818634393304e-03 1.908332082878422221e-03 -9.723979474965183719e-04 1.644717929375047807e-03
-3.263960831253084373e-03 1.665410957934641964e-03 5.460499898268681638e-05 1.784225507494610749e-03 -2.877647085546751211e-03 1.220568785934029662e-03 8.128444015375310477e-04 1.446948730760900994e-03 -2.991066723151496708e-03 6.570564279723684737e-05 1.259566621868657638e-03 1.764845198716512124e-03 -3.518879167093624024e-03 1.629111007280800673e-03 -4.342898217848947741e-04 1.721337961045169311e-03
-3.243950254919561373e-03 1.457280280027845780e-03 -1.781745542749861707e-04 1.725968439486334945e-03 -2.609398087230418387e-03 1.113941049643191921e-03 9.136190417295820924e-04 1.464759548742193551e-03 -2.491547662645063159e-03 3.571442267392633185e-04 1.635062137099202277e-03 2.289255453485824435e-03 -3.881826122988564325e-03 1.100765043634192039e-03 -6.420079391697495596e-04 1.319530441572930096e-03
-3.094574940118900806e-03 1.546196134588711168e-03 -5.737295533941621687e-05 1.823465645874834109e-03 -2.839393850465555137e-03 1.096472446208796286e-03 1.290467473446827102e-03 9.250706833614238218e-04 -2.556296657932617244e-03 5.321867959975195564e-04 1.674359616129920784e-03 1.990813091551822678e-03 -3.704269895279787856e-03 7.944458655920480852e-04 -4.579058830954736876e-04 1.353890150029446720e-03
-3.169377493782874096e-03 1.620428143082034648e-03 4.949387574372200109e-05 1.812093201961293473e-03 -2.981083557865445068e-03 1.235526179535512787e-03 1.510599884355054304e-03 1.166096009697165092e-03 -2.509058239268313270e-03 4.953608220032027290e-04 1.257851353656845497e-03 1.838689092863540764e-03 -3.329201805033278703e-03 8.956357798962020752e-04 -6.087759221807991557e-04 1.020738922620883756e-03
-3.041475999881113751e-03 1.141905706214351021e-03 -1.719318000440305948e-04 2.005305915599742052e-03 -2.917593357588143567e-03 1.143907914883140163e-03 1.044185574097076727e-03 1.265865657818467365e-03 -2.249285886428913517e-03 2.063015721358530058e-04 1.708715261342111120e-03 1.858589774732601107e-03 -2.947345784047553530e-03 6.579503965607559407e-04 -6.961501278752008602e-04 1.267658613611439937e-03
-2.256398627830321756e-03 1.197414149494519138e-03 -2.155711357099778284e-04 2.183556668991011151e-03 -3.022086499929715463e-03 1.230183880855452308e-03 1.018554709231080622e-03 1.039263793366928916e-03 -2.435089628931572710e-03 2.975256286123822351e-04 1.119330942754536524e-03 1.648420057625858779e-03 -2.770873678156433005e-03 8.430132846164815202e-04 -7.597417271777455114e-04 1.128508552258303613e-03
-2.496497858145891886e-03 1.220090796012043019e-03 -2.174113462799701752e-04 1.782188709340216861e-03 -2.554120570085081140e-03 8.302531874008422207e-04 1.155616565626512359e-03 7.135003627714190744e-04 -2.570264843079230182e-03 5.289347027813389845e-04 1.425190004967708760e-03 1.678693093516887141e-03 -3.194706522796395866e-03 1.116656055615569167e-03 -4.063098488139182301e-04 1.237670247073722552e-03
-2.628686309442141919e-03 9.170498252659647995e-04 -1.722104765045180124e-05 1.944028318524760593e-03 -2.623643989140227346e-03 7.681983883321278402e-04 9.009153698202235607e-04 7.308016217699105132e-04 -2.393515490840751429e-03 3.019486779826384719e-04 1.359142327363332655e-03 1.795148966881571218e-03 -2.873985637714456670e-03 8.012828099145044439e-04 -4.677773436970981432e-05 1.297652621851888609e-03
-2.752155251526173206e-03 1.215996098726304262e-03 -6.854262626012787144e-05 1.830302636298637058e-03 -2.546009134490904643e-03 1.001666393315808106e-03 4.576580739405498649e-04 1.239549810155495370e-03 -2.385853391080433074e-03 2.288357056082948295e-05 1.632512007855073605e-03 1.883570863936851955e-03 -2.960441199058439724e-03 4.896416052325574001e-04 -1.845747448928241382e-04 1.370632451985783970e-03
-2.886794858581497817e-03 1.163507785943459442e-03 -6.629985863732759004e-05 1.811248663181124711e-03 -2.517105575179786128e-03 9.359760645217716449e-04 4.877285641412390841e-04 1.077914318283014873e-03 -2.305505263608464712e-03 1.266081275632024105e-04 1.555266944055889045e-03 1.584904056159636230e-03 -2.728375849454810643e-03 6.032734333231736575e-04 -1.126872160862826160e-04 1.503180351207920179e-03
-2.809282447854396549e-03 2.895014712431226000e-04 8.773740340272514950e-04 1.766731692691879668e-03 -2.368614264335612216e-03 7.565539934003318078e-04 6.853901457240292204e-04 1.602176421900219699e-03 -2.744537634425470510e-03 1.710693985080265298e-04 1.359247143463293388e-03 1.042672947243800021e-03 -2.727670909680422751e-03 2.613970131711227394e-04 2.610646337512577777e-04 1.812813512297299342e-03
-3.083174310131083732e-03 3.606872169235196719e-04 1.363258566104121917e-03 1.451330993267513402e-03 -2.689643294358759831e-03 4.833574967897046027e-04 1.170337293116116692e-03 1.384223679323896578e-03 -2.751519593796619093e-03 2.213518417803538659e-04 1.386580657371417171e-03 1.038229623272375222e-03 -2.862787855705540598e-03 4.463601693090814867e-04 4.124213923836779049e-04 1.931946554768690111e-03
-3.213274367715209315e-03 5.739307741881784653e-04 1.422340261688528071e-03 1.509994966363632091e-03 -2.858627396880084222e-03 3.305542618296068171e-04 7.973268294043999805e-04 1.285354788969206210e-03 -2.823782283699302707e-03 2.303860878437141951e-04 1.641068107979086043e-03 1.198878158852853407e-03 -2.801213638610088302e-03 4.549252187691587798e-04 6.111054651116602570e-04 1.918046231525665033e-03
-3.052868325328739457e-03 5.282006605106572819e-04 1.511447012032847556e-03 1.080796915094081861e-03 -2.543210043847193846e-03 6.406678227792646793e-04 5.935580200118178301e-04 1.210860679304588943e-03 -3.115297500680381214e-03 4.256697868897296386e-04 1.830918840932672410e-03 1.359703755219293002e-03 -3.047961754234614941e-03 1.060821964685520905e-03 3.811948137028791208e-04 1.410584207073867702e-03
-2.881204596576916830e-03 3.456458098610663940e-04 1.444907555451907175e-03 9.480383051349215674e-04 -2.567055250227946814e-03 9.204632555916451245e-04 4.529333559101881841e-04 1.204601087090548120e-03 -2.847022775874676406e-03 6.178504940536327233e-04 1.971249493022829164e-03 1.353561060674923940e-03 -3.057007854202017320e-03 8.756389086098714586e-04 4.203725706947822501e-04 1.053608436097979058e-03
-2.685145422513209642e-03 4.108423855901824719e-04 1.451603311793367695e-03 9.623058168538674208e-04 -2.774591260821754248e-03 6.786711429005256625e-04 6.726523416072083782e-04 1.334797972375781653e-03 -2.951337089296009446e-03 1.414842441974985016e-04 1.785634611654477637e-03 1.139811114434995457e-03 -3.251565494149329626e-03 1.041495762563018944e-03 1.044769358312386352e-03 1.268032789109326160e-03
-2.696962074450200142e-03 2.540696503420222015e-04 1.416405203310860256e-03 8.701781261306724101e-04 -2.922494939133232859e-03 8.593402239704773593e-04 6.013468399799609112e-04 1.343196393297885639e-03 -2.981608360728754334e-03 -2.569488784024184097e-04 1.730237634688475959e-03 1.211591753260785487e-03 -3.113637325697350428e-03 1.320085037169766969e-03 1.240948085207784586e-03 1.402016383249357666e-03
-2.364076766440625487e-03 2.520747815112294550e-04 1.488730677127311211e-03 9.494189046499267428e-04 -3.144518704048456480e-03 1.072522976869057232e-03 1.066608954474090615e-03 1.055188456106402085e-03 -3.174005984857927558e-03 -9.452614794355451125e-05 1.336626447602201444e-03 1.228190023597967645e-03 -3.343702274761107141e-03 1.385422242965895535e-03 1.113016227278483886e-03 1.462350669477327589e-03
-2.516339881188103204e-03 2.404325574322273892e-04 1.161879280840905863e-03 1.060749295752833618e-03 -2.985550416061094007e-03 8.988635827185194500e-04 1.125070881218094739e-03 1.045411236893536901e-03 -2.903578175099412375e-03 -4.589478129389052341e-05 1.352233256256263382e-03 1.121915293443652428e-03 -3.339615922677643695e-03 1.379366606711383532e-03 1.350219871743808591e-03 1.328477395649794611e-03
-2.674404757316215832e-03 1.620972628481704108e-04 1.395976727776607586e-03 1.193836176733099712e-03 -2.984864272014251668e-03 9.027149657457891017e-04 1.125236221354544664e-03 8.580582398959036823e-04 -2.969444583963947414e-03 2.765448136947766381e-04 1.064262993797816022e-03 9.585729479633129735e-04 -3.235757865636917745e-03 1.675610144294360435e-03 1.309611853090986329e-03 1.219010471857928353e-03
-2.884940643077102754e-03 1.726733499007321659e-05 1.298481642556851027e-03 1.137605792376379004e-03 -3.114460275401187851e-03 9.477049194189019659e-04 1.161479465678132324e-03 1.234376524583235711e-03 -3.139843621652274597e-03 2.201253755568232675e-04 1.025192382233299122e-03 1.089908989069503491e-03 -2.930393137540660171e-03 1.756066979341109864e-03 1.273101140924278330e-03 1.195960225011131507e-03
-2.425360785231140629e-03 3.146253117221354265e-04 1.269170020088526566e-03 1.097754070840927139e-03 -3.398380096410884375e-03 1.012687817132807127e-03 8.944757192468861607e-04 1.236017391252214933e-03 -3.138459423820222968e-03 6.159334557212345525e-04 1.180188374898691718e-03 9.846760545823116280e-04 -2.824157840196600110e-03 1.602304451575394841e-03 1.061925288313665498e-03 7.875312650306601301e-04
-2.196822900319228642e-03 7.675852465734984802e-04 1.047532351369951905e-03 1.172390014879474756e-03 -3.272600290185747902e-03 1.176490662452395544e-03 1.119989534518484866e-03 1.041741723132254488e-03 -3.156116511003261883e-03 5.987593615504208187e-04 1.167918826906209949e-03 1.070834031899093068e-03 -3.113149434413441368e-03 1.559520575984759891e-03 7.138431761023600461e-04 5.703272958441693965e-04
-2.264643300213576432e-03 9.656469469584953594e-04 1.147200259718997089e-03 8.331487575580192716e-04 -3.215591569172361868e-03 9.658079435471370738e-04 1.155047242919948454e-03 8.401287660591537105e-04 -3.289263408806695262e-03 9.284020646071719811e-04 1.540919165838011912e-03 1.034302657841632478e-03 -3.176342606832308763e-03 1.577397482374646434e-03 7.552827340025700109e-04 4.807194282196529909e-04
-2.248111742335731633e-03 1.027587120817640993e-03 1.119310447026546518e-03 1.050512887003760129e-03 -2.866797246795048295e-03 1.296281860984241623e-03 9.541776974882396458e-04 8.269447822545851392e-04 -3.369689367090293857e-03 1.126470359547511197e-03 1.148550992891646857e-03 8.816650395865036809e-04 -3.557445255115373062e-03 1.554132743587405795e-03 6.604876350727511896e-04 6.786128038531024503e-04
-2.293320629385481400e-03 1.090068738288659835e-03 8.328170809553620078e-04 1.235218227869533955e-03 -3.100429560251325833e-03 1.160227692335282423e-03 1.053371122938833804e-03 8.246405278154381310e-04 -3.087131290430424405e-03 9.617306902923068723e-04 1.120488818156570266e-03 1.016304633906707283e-03 -3.595370042145281698e-03 1.558496146103793270e-03 5.093149564270665289e-04 9.968840534171454545e-04
-2.484610481436204214e-03 1.174050840081339612e-03 6.407920730475947201e-04 1.265012066715596193e-03 -3.058075060901033291e-03 8.995432608750273534e-04 1.259450824958845009e-03 8.991194593940786406e-04 -2.663527300157560434e-03 6.981070654809980137e-04 1.100000048435950195e-03 1.192745963042796380e-03 -3.570733310502158253e-03 1.590412027764507305e-03 5.824243858616280287e-04 7.458608006830184673e-04
-2.605592948534165166e-03 7.583356733384265290e-04 9.487381873505921484e-04 9.440325203565503058e-04 -3.081506551680462946e-03 6.983078006327285252e-04 1.221334257378947283e-03 7.372583751342410207e-04 -2.363976481135171039e-03 8.548027941922474405e-04 9.767971113428190310e-04 9.163238124162966999e-04 -3.078287074123112026e-03 1.682536123607117047e-03 5.818965076853638415e-04 1.048732813423821708e-03
-3.016981334094997937e-03 7.349470237168536854e-04 1.005126231694599337e-03 7.230647543706264458e-04 -2.749381285724701238e-03 7.839797987887103846e-04 1.369858464624405629e-03 1.032553741726204401e-03 -2.574624827677292772e-03 1.105229663322517247e-03 9.690871687496860863e-04 8.691184469034416576e-04 -3.110686093147443411e-03 1.662811511475126075e-03 7.447428634235863775e-04 7.036995835371501456e-04
-2.873110095950918985e-03 6.374154386129578112e-04 1.215892513986270096e-03 8.527646032138885574e-04 -2.812658462637943144e-03 8.535103287894633527e-04 1.619315824021004286e-03 8.563002515523547358e-04 -2.647482722138786316e-03 1.263966953431497646e-03 9.434267266094872352e-04 7.107907633575473016e-04 -3.171393079307937603e-03 1.252270185638735276e-03 8.366100183541118514e-04 7.171579310299652050e-04
-2.844616122071481727e-03 9.483246371470560989e-04 9.882104030605656092e-04 8.752763445394671875e-04 -2.687074489527078395e-03 7.590211678223284311e-04 1.658192417631246382e-03 9.040621827073677544e-04 -2.887288850500799569e-03 1.405355869420243323e-03 1.176193378793579693e-03 7.208955255864039771e-04 -3.356194198635660281e-03 9.320983433487593827e-04 8.107812072793721620e-04 8.634405196107057404e-04
-2.708621638717255333e-03 8.844919822213496638e-04 1.071189198315527797e-03 8.353941292768854660e-04 -2.517684285830400649e-03 1.106583704354174988e-03 1.309748391453234313e-03 7.634399517641347150e-04 -2.895175370881197981e-03 9.541387200159656776e-04 9.198513960919779686e-04 1.053570574565136989e-03 -3.325842866641420814e-03 1.248433944294288778e-03 7.582951401215243855e-04 7.924952994329280452e-04
-2.558391578733521313e-03 1.136484795536834213e-03 9.178825293970061232e-04 8.703651971158703985e-04 -2.752026840185078926e-03 1.275163032335693749e-03 1.230474713301282254e-03 1.124075846150713936e-03 -3.182118658607773626e-03 6.750081101625559970e-04 1.058750439187686231e-03 9.507645308955896355e-04 -3.481862824727662963e-03 1.273611644972038682e-03 8.801035132064637893e-04 8.566461992450205174e-04
-2.589187001385001227e-03 1.222667165249639257e-03 1.175539857905684828e-03 6.875948610316720989e-04 -2.872927472337819844e-03 1.333679755159790543e-03 9.802749176265855569e-04 9.833281195045381028e-04 -3.259582001959794324e-03 5.567570635538034510e-04 9.653408319196300508e-04 9.856034670243803662e-04 -3.279922494999436625e-03 1.369708484574733501e-03 1.107392472723585982e-03 9.100458545260991378e-04
-2.990601901659972230e-03 9.659647787460845817e-04 1.611588137363275221e-03 1.142833419287784180e-03 -3.155059304560691325e-03 1.326279365463539509e-03 1.178504829029754057e-03 1.076631310649343474e-03 -3.611737015745923509e-03 4.221161959562652068e-04 1.012677890053643222e-03 1.054734872137449379e-03 -3.008231389331885840e-03 1.251661632214084736e-03 1.054257618406700481e-03 9.814246328059385641e-04
-2.984791652213789146e-03 7.750797176426497568e-04 1.419917540035365092e-03 1.410049574048012058e-03 -3.098504549847863176e-03 1.230797517771441228e-03 1.426849122353359431e-03 1.118231344464647907e-03 -3.670376145625996005e-03 3.462893294256939218e-04 9.100317114981225190e-04 8.508340038736767353e-04 -3.190118146589067307e-03 1.463354690700893876e-03 1.349698517456106696e-03 9.671678066494865779e-04
-3.492142128124712825e-03 9.802770974676705378e-04 1.299648325243435952e-03 1.245145838973323992e-03 -2.943296867158781607e-03 1.324525172911629467e-03 1.156273910853405267e-03 1.075746593983363183e-03 -3.365764935508689867e-03 4.478617741502562426e-04 7.433423459647607720e-04 1.224098672998717371e-03 -3.101176855960255125e-03 1.463488706073188400e-03 1.276457537837412783e-03 9.850208249673130748e-04
-3.295675170689306085e-03 1.199062283097495187e-03 1.207484121250930291e-03 1.309631780046227167e-03 -2.864213934395039643e-03 1.381002035953001741e-03 1.001627986121636765e-03 1.209609724655120360e-03 -3.333044838146981357e-03 6.542997196408382446e-04 3.662195844828006305e-04 1.120870629192680535e-03 -3.328327214756965097e-03 1.405328200363907499e-03 1.366758377751400725e-03 9.159863271923515899e-04
-3.199710807157546237e-03 9.939897611047580211e-04 1.633521541999347071e-03 1.151895552485027998e-03 -2.567257316341543544e-03 1.232183461036718544e-03 9.235073022202550672e-04 1.092015433035676978e-03 -3.286770034759457088e-03 1.089830976973217352e-03 4.169570681524499100e-04 7.928668083525959413e-04 -3.117745009683807467e-03 1.210927172473808336e-03 1.214078212454138862e-03 7.060466419974523742e-04
-3.269332780749585870e-03 1.224456344405702810e-03 1.685566154135295994e-03 1.300429850892044189e-03 -2.870613720214102490e-03 1.254500119026788832e-03 9.219961687302675101e-04 1.144131245359386075e-03 -3.292133282289812224e-03 1.079738164139055871e-03 3.300706062674714633e-04 7.665433637065136464e-04 -2.995256717541995399e-03 1.378230635734841326e-03 9.692052709865606663e-04 6.717117051026846473e-04
-3.131184969941385420e-03 1.226248845174390421e-03 1.445503917553574678e-03 1.267512128257741386e-03 -2.665768998558052869e-03 1.150786675578433903e-03 1.143187058669018798e-03 1.025556609254145565e-03 -3.292980893787757820e-03 1.166910524757151313e-03 2.345894541006471670e-04 1.050988701212000670e-03 -3.075323219074243587e-03 1.341170411563885221e-03 9.154664861728457762e-04 4.844312697808893166e-04
-3.115401632860358150e-03 1.249095923756959143e-03 1.400254651845945358e-03 1.381088047074336116e-03 -2.774365701295294830e-03 1.036392879126095184e-03 1.238751769365395569e-03 8.617689958427658409e-04 -3.280622127629146366e-03 1.169300098212231170e-03 5.727033676302065862e-04 8.305379606733476281e-04 -3.186446797485734898e-03 1.467390627424953412e-03 7.405587082404918543e-04 7.028574970647958817e-04
-2.965312916054284841e-03 1.129808454081193160e-03 1.081892042283912579e-03 1.310115575474653325e-03 -2.846737775101000970e-03 8.843965021560026190e-04 8.919675060002224282e-04 9.542528510219445894e-04 -3.306488144346789518e-03 1.344231771270475205e-03 5.386868018718261267e-04 1.089840257483550012e-03 -2.687139927523351807e-03 1.516671704076609332e-03 6.348863205201122750e-04 6.975169063142323432e-04
-2.944399401141611569e-03 1.098240508256421001e-03 9.325062514014196939e-04 1.486028190695985393e-03 -2.699174968629234044e-03 8.720787158104338025e-04 6.184318826659559662e-04 9.484425711699030108e-04 -3.165044862533046392e-03 1.208457306750688890e-03 1.001862236452192093e-03 1.301140462268947839e-03 -2.850823625671022529e-03 1.289743924582987091e-03 4.502704517234542257e-04 7.140026030379643300e-04
-3.032513703088659043e-03 1.114818511950501582e-03 1.110063400790588760e-03 1.521628004270746430e-03 -2.888942260503904284e-03 1.088246725267172886e-03 5.239870797210623892e-04 7.404326713394943733e-04 -2.974156986891989072e-03 9.366854553503197681e-04 8.621147472337397071e-04 1.362302912215899303e-03 -2.804903979958798220e-03 1.341950594956786268e-03 6.350748790035763182e-04 7.266460405159585979e-04
-3.155123749846152747e-03 6.571743481151065720e-04 1.130962465758850437e-03 1.584734852958223335e-03 -2.683774001252887866e-03 1.029830712511817584e-03 7.603783978635800028e-04 9.392396519412231446e-04 -2.857128164906406250e-03 7.927653878246843306e-04 9.289051898399166250e-04 1.358259803354026213e-03 -2.746446151403344332e-03 1.543165841234828096e-03 3.668595102024536144e-04 6.054249211583126282e-04
-3.184081608856456636e-03 5.946030561312917522e-04 8.896891589070665815e-04 1.399708011708343655e-03 -2.548920715376598763e-03 9.427344772088527055e-04 8.104285931994052597e-04 9.334997741215219453e-04 -2.779371679229956666e-03 7.221206737522039079e-04 7.565442828524794475e-04 1.353332604597744541e-03 -2.708145973662746692e-03 1.807873784713115222e-03 5.291596082808093689e-04 7.271363119086683528e-04
-3.162855744786128610e-03 5.506465620228994783e-04 7.454796986595791470e-04 1.665602889463461619e-03 -2.737523366220088929e-03 9.091693069137485751e-04 7.195266322174174783e-04 6.043935694675144294e-04 -2.811806976105050114e-03 8.814131914395549085e-04 6.300211616991717705e-04 1.347141470841902409e-03 -2.894157311197875261e-03 2.200284584641463113e-03 4.400371788074894873e-04 1.182772923302495560e-03
-3.149444731610375088e-03 8.195707597865530512e-04 6.689120961439040582e-04 1.782590399190462065e-03 -3.038478480241302727e-03 7.619679668609747507e-04 6.322282063697068919e-04 6.392976665106949851e-04 -2.985990345417538754e-03 9.871928636221154619e-04 4.983368015855436494e-04 1.781752568984165284e-03 -2.961461004470192747e-03 2.049300420763159117e-03 5.726007298942067470e-04 1.236474896222829883e-03
-3.026812791225474281e-03 9.108826035995928449e-04 8.276332339195756945e-04 1.733026611097681063e-03 -2.991019500117484894e-03 5.170690813673821168e-04 6.857010911784243348e-04 4.057080688245514309e-04 -3.201862592251715316e-03 1.045958723430257366e-03 4.226742702224633281e-04 1.813506221829575427e-03 -2.558823720433822842e-03 1.984128129293231870e-03 6.413459219911882368e-04 1.071332256636823481e-03
-3.139442711571475454e-03 8.762420295450456132e-04 7.828241463199214550e-04 1.662476375333892626e-03 -3.102085278272638524e-03 7.904582738057490832e-04 7.101391352904044612e-04 3.665833514356781628e-04 -3.321165811069841118e-03 1.047235719120889882e-03 6.571732503843130463e-04 2.044512615640211185e-03 -2.804376965704113382e-03 1.906954038554570978e-03 7.069366524384806515e-04 1.121303452227521849e-03
-2.829266694554102585e-03 7.546937959711289261e-04 8.308861682411342129e-04 1.330063847475651756e-03 -3.111382313991211714e-03 7.343514089490564252e-04 1.175209111581876310e-03 3.214178904223214360e-04 -3.694748846168398673e-03 7.943182614710759312e-04 7.449733972708389579e-04 2.030946270812210817e-03 -2.468945495145435237e-03 1.855436706952172388e-03 8.579162821580742660e-04 9.689861881706139874e-04
-2.732324657965648929e-03 8.561492521693217245e-04 3.802262998008793817e-04 1.322126993371625482e-03 -3.174085924744410921e-03 8.839850532220184815e-04 1.228737918487640473e-03 1.080713524822283795e-03 -3.545720125754079494e-03 6.072482240369440638e-04 6.968958408161964003e-04 1.809236090139036300e-03 -2.503060503959663157e-03 1.551739481595301295e-03 7.522997838504270592e-04 1.068487764063196736e-03
-3.043145421839134942e-03 1.163742220677761166e-03 5.935494846720382536e-04 1.251358147560254321e-03 -3.096430774673481021e-03 6.535700540168915646e-04 1.278611467924380260e-03 1.280190004674988972e-03 -3.496264723387153793e-03 4.456256932177707331e-04 9.755629486098940000e-04 1.714974624717296092e-03 -2.332325722298833268e-03 1.371946961168066768e-03 9.033762089173573775e-04 6.181258701912811966e-04
-3.313160046956915242e-03 1.177973288008630093e-03 5.659668818659309691e-04 1.424194318508498810e-03 -2.835431990002777042e-03 9.366402139692925647e-04 9.639472660508933846e-04 1.008958889776222440e-03 -3.652799998594755907e-03 4.811497999447918823e-04 1.130134502331860222e-03 1.735339022064477654e-03 -2.276107902100224251e-03 1.321092820896556733e-03 1.028052858623645276e-03 5.929292025180299755e-04
-2.915334088855462379e-03 1.241532564630519475e-03 8.884243208035609790e-04 1.312306061867382807e-03 -3.349242847873530170e-03 1.091685648789201407e-03 9.999330625995949372e-04 1.137407606974888971e-03 -3.849822267985722295e-03 6.180679553673045033e-04 1.016118074327034861e-03 1.637613409775015355e-03 -2.522421447626032112e-03 1.407691229090107105e-03 9.700381055874035107e-04 6.278140150202614865e-04
-3.084304850086306421e-03 1.230969351185721072e-03 7.111673180490848609e-04 1.353338013086180730e-03 -3.361865753216447886e-03 8.480558059851873477e-04 1.165355945921603062e-03 9.908919407562227430e-04 -3.423213665048356266e-03 2.935748325656281524e-04 1.013939945292549475e-03 2.041592894084377774e-03 -2.551084820790973720e-03 1.579995569256080479e-03 9.161278622167475221e-04 5.816389395076103710e-04
-3.354050767309994536e-03 1.282624692069020151e-03 1.046412072102385297e-03 1.495307453274560220e-03 -3.118927331658696237e-03 5.400936756059639219e-04 1.280960721604408646e-03 8.040877000071736331e-04 -3.326625047297482925e-03 5.980883233891388017e-04 1.043047275239149252e-03 2.124301172691740996e-03 -2.706889804519729999e-03 1.524502112286212725e-03 6.888453865887959101e-04 3.894874845842200201e-04
-3.183300808619341643e-03 1.226379192158059310e-03 1.032442464132000796e-03 1.547442707213862994e-03 -3.664496766283069709e-03 7.399505677936878958e-04 1.321513155202475075e-03 5.606439673854398667e-04 -3.097158117871539381e-03 9.375626299384569404e-04 1.171495296755913941e-03 1.916102938126615926e-03 -3.111139514846170216e-03 1.549413848817189415e-03 9.035113437088573450e-04 4.831684837481491968e-04
-3.196175855972833730e-03 1.150801957314444854e-03 6.526236753580090619e-04 1.241246070267830719e-03 -3.429579180021006223e-03 1.526820383189486782e-03 1.075979666341738425e-03 6.581808914731761663e-04 -3.172480891985362834e-03 8.700927367729634297e-04 9.845884358861490063e-04 2.136144383063167968e-03 -3.202127459700975128e-03 1.328817262971431889e-03 1.003885634432310223e-03 7.006165297047359545e-04
-3.485917545543265779e-03 1.170338769022017007e-03 8.040999252286512491e-04 1.163908880850737793e-03 -3.492661740779357763e-03 1.616570997532152266e-03 9.741347663360691274e-04 6.321434788680551763e-04 -3.250571748154924140e-03 1.048459138531915172e-03 1.231749975957372508e-03 1.783768759572516025e-03 -3.043963364436666832e-03 1.255154007390972245e-03 9.043673261224148769e-04 1.027609941687130041e-03
-3.162198044113917559e-03 9.774462141876679062e-04 6.010517525449156134e-04 1.365902497318121581e-03 -3.534479144407970484e-03 1.571109613254436602e-03 1.034951506727228854e-03 4.120923330083441235e-04 -3.116353382420438290e-03 1.099056902083348939e-03 8.764188638559727677e-04 1.746386078716003279e-03 -2.613439442486817973e-03 1.519091481387443987e-03 5.620326428281284710e-04 9.647981043996560219e-04
-3.448319746788731151e-03 1.190215277596453096e-03 7.365378377273666417e-04 1.150008173927560828e-03 -3.591152669286817607e-03 1.416779412066173239e-03 1.229099018484002296e-03 2.823225110409241490e-04 -3.138178165445228845e-03 9.967809934327827130e-04 1.231799024373591905e-03 1.264704299149129471e-03 -2.529104387447525353e-03 1.863559691938417463e-03 3.375157850118018564e-04 1.327459363534850244e-03
-3.321694687608351803e-03 8.686480562785300896e-04 6.608942059921849846e-04 1.331128922184638113e-03 -3.509531943415407623e-03 1.230733738910572399e-03 1.479253635096734569e-03 4.142190230798245229e-04 -3.150188743434670108e-03 9.700499563732862922e-04 1.397910181646364871e-03 9.956036219872115879e-04 -2.683533023620150205e-03 1.926621429148717536e-03 5.466750585359405733e-04 1.158604150773161895e-03
-3.087803104822873547e-03 1.155152588594235419e-03 3.224633365275354855e-04 1.350610660629009314e-03 -3.584257338869818472e-03 9.869047182725001078e-04 1.256026643357775188e-03 3.952044890924859321e-04 -3.080457080534329192e-03 9.727434310500311524e-04 1.371183555975158050e-03 1.114324474661291479e-03 -2.793875663163766440e-03 1.936398833100626878e-03 6.275197272529777761e-04 1.368590777783180784e-03
-3.220937722371463533e-03 1.201344113267019268e-03 4.713678920772607908e-04 1.459841655053275861e-03 -3.385308791140993930e-03 1.150079509438805409e-03 1.126635837204279823e-03 4.533005424482202533e-04 -3.035443359535201172e-03 7.514701627264406799e-04 1.342739741470310626e-03 8.902058836875338796e-04 -2.828505932777645743e-03 1.842851415419580847e-03 8.237078705097076320e-04 1.260427843633951488e-03
-3.534252247070578720e-03 8.501757853394149161e-04 8.253994356133824862e-04 1.390995829504541566e-03 -3.395410485943088467e-03 1.072517111720077895e-03 8.290852931823243597e-04 6.432418696186107537e-04 -3.088184115336558774e-03 7.982093491014879798e-04 1.671869348221469110e-03 1.266194970065334050e-03 -2.783212293879690734e-03 1.596849015043888889e-03 1.141740676070012936e-03 1.032122689757855984e-03
-3.360496064242445707e-03 7.367399680338028922e-04 1.054768911031979655e-03 1.350987065717662756e-03 -3.336416204592031285e-03 8.850614437290684920e-04 6.490509781594671354e-04 8.315849725946667086e-04 -3.019786331437782599e-03 9.828107538861366541e-04 1.377170484752494916e-03 1.448557135345201466e-03 -3.011596161412697942e-03 1.566012713199841071e-03 1.141820703162133542e-03 1.014809920015584312e-03
-3.501943778892481311e-03 6.473988604763021744e-04 1.013721243623914641e-03 1.095594802179701869e-03 -3.312983369217968078e-03 1.067709065838031227e-03 1.024196509900026069e-03 7.822059429849419860e-04 -3.100221200680478972e-03 8.692603981208933033e-04 1.648314707713445255e-03 1.413868196507667109e-03 -3.109616715279322693e-03 1.497178544482217393e-03 1.019312895789448560e-03 1.271676185780261413e-03
-3.357647845633418820e-03 5.433458746297709346e-04 1.029321055522860974e-03 1.273194324235002190e-03 -3.158627681203517428e-03 7.816212443680907885e-04 7.823349023811828869e-04 9.170462246973832329e-04 -3.187954291981219806e-03 6.811713017119140796e-04 1.456959795157100395e-03 1.584410521338340625e-03 -2.840664666487921399e-03 1.648301865082447536e-03 1.010141638025422199e-03 1.141906899631027266e-03
-3.205988842353612103e-03 6.944895784752381541e-04 9.569242798908075267e-04 1.387670452878633385e-03 -3.363660048834430510e-03 8.685779581597118798e-04 7.096117775419482189e-04 1.046053048749231995e-03 -3.028109848528834618e-03 8.978145987675141201e-04 1.290070734671279690e-03 1.267132542496770837e-03 -2.881818728666631340e-03 1.538581551538998086e-03 9.065873468415614790e-04 1.214403836841510551e-03
-3.010411132207618280e-03 5.252606652986406641e-04 6.324120237836104459e-04 1.461195278008292154e-03 -3.419900757914188030e-03 9.025689404187522795e-04 6.291293790265015638e-04 1.146564941834658530e-03 -3.235404207353036968e-03 8.402708024761937344e-04 1.359823073119360631e-03 1.235537452858420128e-03 -2.717442260228894457e-03 1.844597645131194029e-03 1.094273570295456249e-03 1.010720522469192584e-03
-2.800224711817976986e-03 7.028678511649507276e-04 3.826949392766671246e-04 1.482556058056740513e-03 -3.127128803545347734e-03 8.007823626974012923e-04 8.658672697094797754e-04 1.115942505134937543e-03 -3.189733508355503677e-03 7.891997166003182325e-04 1.121400920068769047e-03 1.177300677741874822e-03 -2.651963247798153761e-03 1.774573301830656815e-03 1.028931674005926014e-03 7.967213778252489696e-04
-2.899298136576915381e-03 8.012318356049197982e-04 1.902528391417623367e-04 1.449684847191992036e-03 -3.189522976886649021e-03 8.859487453688957371e-04 9.078833347304602090e-04 1.129370039889491650e-03 -3.108581013763619602e-03 8.599534325560532566e-04 1.046667153161493294e-03 1.152900036407391313e-03 -2.892981412725671112e-03 1.854100955901739727e-03 1.163495336867629345e-03 9.337783118219392716e-04
-2.715888259891305161e-03 7.228613082566023081e-04 1.621590603898480332e-04 1.428252740135361283e-03 -3.124658047773919579e-03 9.997821731082998879e-04 5.994515065819950791e-04 1.257881837309251204e-03 -3.374390426499863753e-03 9.179562915929314866e-04 7.148361238483205400e-04 1.432988321337652941e-03 -2.750054524718284921e-03 1.910262859416798605e-03 9.834209841152632796e-04 1.118750461264630394e-03
-2.857840897531398108e-03 3.840148065589151557e-04 2.416838821542809351e-04 1.484513189392400873e-03 -3.179217978943740548e-03 9.205596560072538828e-04 9.133103536505090192e-04 1.182369695509482644e-03 -3.116675948966960309e-03 6.748193914195288468e-04 7.193644428681965483e-04 1.505470708593255108e-03 -2.805810053329467740e-03 1.881006723446757966e-03 1.331583245843675828e-03 1.004398340943060339e-03
-2.750498150068574413e-03 3.469580076309547001e-04 5.324098294730656095e-04 1.358159818887790752e-03 -3.026015770105192678e-03 7.592322881434349861e-04 8.487893663110936213e-04 1.101488812145899436e-03 -3.034205740450297752e-03 9.135501791141944572e-04 6.432785754307047705e-04 1.447563020581998147e-03 -2.679375888861360282e-03 1.648354013979269009e-03 1.234008983590693682e-03 9.140117944998247092e-04
