# ex_work for 16 qbits with connectivity gas and unitary DM 23090513686848
-8.362190325114780831e-02 1.320518006672569133e-01 1.320518006672569133e-01 1.320518006672569133e-01 -8.362192382177470462e-02 1.320518152463988348e-01 1.320518152463988348e-01 1.320518152463988348e-01 -8.362188268052131446e-02 1.320518152463988348e-01 1.320518152463988348e-01 1.320518152463988348e-01 -8.362190325114783607e-02 1.320518152463988348e-01 1.320518152463988348e-01 1.320518152463988348e-01
-6.807344970533295292e-02 4.741660404603123546e-02 4.741660404603123546e-02 4.749619445592413725e-02 -6.807343041860938748e-02 6.778141444355384460e-02 6.518101149694802143e-02 6.778141444355384460e-02 -7.762702202836299636e-02 4.826634211992682222e-02 4.826633017248328078e-02 4.741661597984386800e-02 -6.807344970533295292e-02 6.778141444355384460e-02 6.928815031610262298e-02 4.826633017248328078e-02
-6.795334455544536911e-02 3.778913168904598358e-02 1.540275598458521432e-02 3.250987579640100822e-02 -4.990665133127510783e-02 3.751115435380954211e-02 3.667348357311277923e-02 5.327374763905398658e-02 -4.626552797018822216e-02 1.885526859120814983e-02 1.768460394015626200e-02 4.342240307241508612e-02 -4.825693898448169677e-02 2.920609627781604704e-03 5.191032800455738783e-02 3.554591238831497635e-02
-5.246276515033129056e-02 2.511885226551549208e-02 2.447519853442844950e-02 3.412379873729300822e-02 -4.415500221089969229e-02 5.667062092500734991e-03 2.764416609499460026e-02 4.259661912306728776e-02 -2.441742605684611017e-02 2.314475205240901917e-02 -1.510519045104005524e-02 2.425018095994871739e-02 -4.211735105172997179e-02 -5.326804056801030980e-03 3.928888836643951166e-02 3.658765664820461810e-02
-4.421489880871117689e-02 1.765698756584285767e-02 1.625215187607967349e-02 9.159539009715146618e-03 -3.613641377971638091e-02 4.550938238780870108e-03 1.936784057144123536e-02 2.827432333475570284e-02 -1.167058897308114081e-02 1.640749266503794754e-02 1.665153706748909762e-05 2.361210797037436790e-03 -2.640853266994164922e-02 -7.735151674267882853e-03 2.814849063187513031e-02 3.380436060294923079e-02
-3.542710641224874890e-02 1.815671803715724134e-02 1.679148674459192067e-02 7.410983850120138675e-03 -3.231509072055645249e-02 8.908075933724349249e-03 1.716478789500773539e-02 1.776380520515448078e-02 -1.296683417453360805e-02 9.350172265958781384e-03 -3.419449664405002556e-03 9.463303181068251704e-03 -2.211683858673928194e-02 -4.132017682993250479e-03 1.014258183492229397e-02 2.771050571221556416e-02
-2.368192096089575399e-02 1.170376249783394371e-02 4.581863338823124326e-03 1.139004488730368039e-02 -2.466761424074881068e-02 1.232587698619355340e-02 1.594065221441673397e-02 1.459745947221579958e-02 -1.496420441827402310e-02 9.365137736828272816e-03 -3.929137612540400427e-03 9.849625648270694811e-03 -1.650525109875617194e-02 -4.231094124815827293e-03 5.792743823659229734e-03 9.537254890724818773e-03
-2.001439660409455937e-02 1.068611110359539429e-02 6.710384645435917179e-03 1.337203384413350286e-02 -1.734702901418820262e-02 7.984888355363217033e-03 4.292872753039160202e-03 1.057438887646546324e-02 -1.294382494419658858e-02 1.110001964240470151e-02 -2.526963493782598703e-03 9.158216333071508147e-03 -1.418758342129712406e-02 -4.290101854337897459e-03 2.890931298994149547e-03 5.327912533863309215e-03
-1.701793329589348577e-02 3.414850847186126030e-03 4.705936708680481459e-03 9.615504018359453259e-03 -1.363466399833223978e-02 6.570102145583765069e-03 3.318025249155219514e-03 4.250129685452433588e-03 -6.226794645554168187e-03 7.920335752906827731e-03 -3.485727145925946336e-03 5.699057842585732517e-03 -1.003603417530109405e-02 -2.175240888883364209e-03 5.569621959479390330e-03 7.334337190090786662e-03
-1.498266646780585347e-02 4.182782050820796696e-03 5.074621560721619823e-03 6.775656577564750059e-03 -1.301769250215042452e-02 5.711800532724293882e-03 -8.387547307445364006e-05 8.299418952223363124e-04 -3.716849129678278900e-03 6.172905415629283826e-03 -3.841437047531434689e-04 4.994298026227092860e-03 -8.199074799390181426e-03 2.336425082382013313e-04 5.472057695397621220e-03 5.076844587973863669e-03
-1.219434506673288190e-02 2.828395028956671737e-03 5.677014805221651701e-03 6.367173725601657161e-03 -9.317179613898739221e-03 5.878266339197669131e-03 3.702667815588326890e-04 1.732118696760862270e-03 -4.139071535919042893e-03 2.217473672710525492e-03 -9.646894318739793065e-04 3.133383176696370211e-03 -6.155874752374185070e-03 -1.662559491150904971e-03 4.512880176332489772e-03 4.369846352639133319e-03
-1.233947209517860175e-02 3.622630496371637317e-03 5.291168837897181065e-03 3.656215478459662934e-03 -7.030756720736023799e-03 1.979294475397152999e-03 2.590912227037799921e-03 4.005146973450545225e-03 -2.885262316996391359e-03 1.872580195369840089e-03 -6.135849776245659625e-04 2.778528197473160381e-03 -6.438748527409617929e-03 -7.305169015667639090e-04 1.746641038543659099e-03 4.607810540956100605e-03
-1.076560879603943865e-02 4.526382081846357618e-03 4.810646099465500092e-03 4.005937319339140414e-03 -7.113985623623274301e-03 1.783718423028778782e-03 1.791884630448133901e-03 2.497838601897719221e-03 -2.930166422997549421e-03 2.634888526540034824e-03 -7.745594871263802167e-04 2.661252232888469595e-03 -6.456257065217037468e-03 -5.240162962801424339e-04 4.016201385961846526e-04 5.337721168592230586e-03
-1.074608849128177654e-02 3.927139931431341408e-03 4.335971796795373701e-03 3.345983796693014801e-03 -6.318829254337359966e-03 1.916665901525559839e-03 4.156853628318466116e-03 2.619370096997132320e-03 -2.316323120200051208e-03 1.316272327176785505e-03 -8.945344436965767644e-04 2.447839252756447547e-03 -5.808433406528216471e-03 -8.286296889626764035e-04 4.565585779218820370e-04 4.059338299952983467e-03
-9.385272742522680553e-03 3.854879475171787192e-03 4.438331739080551321e-03 3.571966750913689072e-03 -6.229219182754289381e-03 1.792896031750681280e-03 2.399726276858703527e-03 1.745337155718828690e-03 -1.826119274874454324e-03 1.484573045509687481e-03 -6.148725269960429729e-04 3.119181906315362119e-03 -5.345678101691212283e-03 -2.908572375078848299e-04 -2.886548213532448082e-04 2.927567478482178201e-03
-7.819154786592273990e-03 2.940211014367732564e-03 4.275094630099977519e-03 2.671928212058614222e-03 -4.868113918416041436e-03 1.878035788294181137e-03 1.825085282796079468e-03 1.755904954761491627e-03 -1.498220287280797652e-03 1.639410513737950400e-03 -1.174938766981982637e-03 2.788021288611586355e-03 -5.773387080750183066e-03 7.475966170158105447e-05 3.410683345379984127e-04 1.960159319531835833e-03
-7.768556177953211440e-03 2.859465802682565651e-03 4.339065914123985297e-03 2.141403168875078474e-03 -4.328552966496959989e-03 2.206358928282893539e-03 1.259408256716927936e-03 1.501130538691004173e-03 -1.777377581338044233e-03 1.548576054140858322e-03 -1.633392031731738334e-03 2.409283694181993483e-03 -5.189223767149898914e-03 6.337223263747485179e-05 1.217825778590831201e-03 2.086883481161211883e-03
-6.431832174009958526e-03 2.180900479260306293e-03 3.611366296199213129e-03 2.077373798326990866e-03 -4.253168194019106216e-03 1.914839428142404553e-03 1.600195850436582704e-03 9.733298422692589951e-04 -1.331234820714767998e-03 1.052445619182526158e-03 -9.224678994878543741e-04 2.397664171414516134e-03 -6.223508175918017991e-03 5.327668777640613609e-05 1.942256915278714208e-03 2.177503733285861189e-03
-3.216893195627788457e-03 1.566231559210834500e-03 3.496638570620535461e-03 2.395529504734478579e-03 -4.115509104341639329e-03 1.538067800295946853e-05 1.223854518577309263e-03 3.931066996751186784e-04 -3.811674885159271539e-03 1.004457932068095498e-03 -6.421301085091757994e-04 2.411694490015703612e-03 -5.167158560094598126e-03 1.705326002127948164e-04 2.528836374783445615e-03 2.359023865171743731e-03
-3.229536543372012614e-03 1.438952140999342913e-03 3.054491190438759270e-03 2.008516569572593637e-03 -3.175442184324321539e-03 2.332412084359906270e-05 9.396340716631318727e-04 7.784176498619289159e-04 -4.353595060624989438e-03 1.428181250082383343e-03 -6.788547427486474198e-04 1.693036726933860089e-03 -4.673103312650976789e-03 1.010844490760017802e-03 2.282704095248214680e-03 1.975359820447587355e-03
-3.312498765013475836e-03 7.856947300309859421e-04 2.810612846628333505e-03 1.574842722848461985e-03 -3.076713370085374689e-03 -7.461332394383934897e-05 1.830836053941792404e-03 9.605942542410502490e-04 -3.203273103501942665e-03 3.516770749543678544e-04 -2.913247241490676733e-04 1.471817104628449615e-03 -4.147654028731677378e-03 9.231074959518565650e-04 2.416155075427747073e-03 1.393646487565705378e-03
-3.501091348459021632e-03 1.138706453596404758e-03 2.546189399673521193e-03 1.073577013596737489e-03 -2.977664200971021601e-03 3.086917143300366801e-04 1.839940626167799230e-03 8.707907139365792101e-04 -3.236857056299600067e-03 1.353074661901960225e-04 -5.082987614001807696e-04 1.294215795228968865e-03 -3.374805351221854804e-03 5.391069282758027131e-04 2.363987732956321624e-03 1.863174404654181250e-03
-3.240706990767920279e-03 9.004623119289675588e-04 2.058407440730395267e-03 9.225690964133362272e-04 -2.606542082141978002e-03 5.021997764654146908e-04 1.984898282937187699e-03 7.847175102746457680e-04 -3.711514062477034356e-03 5.771992649717604899e-04 -2.156935886450664027e-04 1.881526118884062002e-03 -2.930844863589277937e-03 1.253888763015311618e-04 2.104280529578670452e-03 1.198396181535091223e-03
-2.984728571096832012e-03 9.305605132095564301e-04 1.856911864195647487e-03 1.260165074828104590e-03 -2.485991408142596004e-03 6.872785628771366532e-04 1.555358130394356294e-03 6.321898750147514259e-04 -4.149204618789446852e-03 6.096943465012931874e-04 9.922288308483906579e-05 1.980020080801874610e-03 -2.766155494223608829e-03 2.610444190050733573e-04 1.721812475142098925e-03 1.113556392340323779e-03
-2.606784393616076809e-03 7.576307527995288990e-04 1.817558057139749030e-03 1.149507784604944299e-03 -2.524686086242129701e-03 1.482326232376006739e-04 1.263275121311657019e-03 1.163430523999117771e-03 -4.403987027586929101e-03 5.757035335704250396e-04 4.642693807212522230e-04 1.498815307570537745e-03 -2.427757653496028130e-03 8.807540956471491406e-04 1.517201365288969135e-03 1.025962475041888042e-03
-2.546650690779060817e-03 6.109383564845041314e-04 1.605756998134813150e-03 1.302020407002036110e-03 -2.552997280475557702e-03 -1.539087326399827432e-04 1.483999338350995827e-03 1.210361865090736318e-03 -4.640514426563087901e-03 9.520291587043684016e-04 3.257958583506249863e-04 1.865694996391427255e-03 -2.529870416334188080e-03 8.594500602906264336e-04 1.319349469345907234e-03 1.211048750856055225e-03
-2.878428533265747682e-03 -3.988982782515075706e-04 1.606696939886851846e-03 1.540881365587552006e-03 -2.730577047967909250e-03 6.244651695822686296e-04 1.410957171315681486e-03 1.302424778191283924e-03 -3.394259677767557087e-03 7.838541671839544586e-04 -7.159260123619419578e-04 1.745590338616186945e-03 -2.426736874355088416e-03 1.045442979908722900e-03 1.422092421335835596e-03 1.348437634637425367e-03
-2.812534003941000518e-03 -3.922478577142160853e-04 1.501044284170198213e-03 1.622615132658021498e-03 -2.263627386476724582e-03 6.945013789246613257e-04 1.162944281260974537e-03 8.469347074535953047e-04 -3.279583890410984505e-03 7.254479170103980039e-04 -3.687302054558244473e-04 1.865037921854073490e-03 -2.458505902920171508e-03 1.061024896129976903e-03 1.237574887157632262e-03 1.110786019568750158e-03
-2.836767140936405796e-03 -4.371858107662314236e-04 1.225846465797790366e-03 1.737714503106075475e-03 -2.376205539357591299e-03 1.130376300802044508e-03 1.030242971671803572e-03 6.455938725169390940e-04 -2.942753098135856421e-03 1.000851561312249369e-03 -4.872311837237601343e-04 1.781323957258056263e-03 -2.050424356772530699e-03 8.430404836245068484e-04 1.153997374769764623e-03 8.100184257014939352e-04
-2.544044298160593517e-03 -1.879266530433406929e-04 1.351694863295788661e-03 1.326436186714094988e-03 -2.465365082718319785e-03 1.034056189996896899e-03 1.134291752099398547e-03 3.950634478315653646e-04 -2.910542994484709330e-03 1.140850325623367790e-03 -5.984470489196766843e-04 1.900284995357490354e-03 -2.154737108353882609e-03 1.018445190805360645e-03 1.088409424409076710e-03 6.922533539818377527e-04
-2.744470921742310238e-03 3.755882895275535800e-05 1.356726309371743874e-03 1.441119878580343497e-03 -2.553505806292380269e-03 9.732623978657392897e-04 1.226392095969043670e-03 5.904958251622584179e-04 -3.032606098943648604e-03 1.410086635419475999e-03 -5.792975062068218958e-04 1.819664831280364123e-03 -2.165234406388320387e-03 6.185688179982424964e-04 8.828493425352511434e-04 9.537731091556813376e-04
-2.642926647107179342e-03 -9.913771141342394861e-05 1.383150853636510094e-03 1.438993294461397279e-03 -2.716882872992977711e-03 1.021998055107653557e-03 1.109893550119123249e-03 7.714427239273798521e-04 -3.105599357608392671e-03 1.553015679004778439e-03 -5.077498388766961282e-04 1.435970467148125259e-03 -2.241007263409752065e-03 9.578883875155413041e-04 9.513739324308704030e-04 9.304148982357674088e-04
-2.912228489319691749e-03 2.887355766131277754e-04 9.647944955595619656e-04 1.527831926499195183e-03 -2.961074755020191938e-03 1.137963733091695937e-03 1.121787132068470267e-03 1.099675264129827863e-03 -3.026730591727680355e-03 1.547571475581457651e-03 -3.134336650413447538e-04 1.355078505834769699e-03 -2.239579010589934100e-03 9.481334069758479708e-04 8.930433939479171966e-04 8.202201965323497245e-04
-2.850140219543913569e-03 3.826566017352546587e-04 1.081037936389504100e-03 1.395076453672568131e-03 -2.702166663556961317e-03 1.335511120858255641e-03 1.290664510292969516e-03 9.691644100180350470e-04 -2.920830128405735825e-03 1.189126548623940533e-03 -2.789419176315726138e-04 1.174237278781402544e-03 -2.251914624172669539e-03 8.721739989848369774e-04 9.270850348963463562e-04 6.184368511598267422e-04
-2.651202622415612178e-03 1.981759447161156177e-04 1.202338127693185947e-03 1.563304135842500612e-03 -3.059877448867680781e-03 1.424028919303490463e-03 1.486763572931702401e-03 9.820922766348258882e-04 -3.122033906659091741e-03 1.101733966263572333e-03 -1.838090799527416130e-04 1.428753788934998764e-03 -2.625610610345435227e-03 1.136941677846939639e-03 6.570075568633490862e-04 7.269998949326267942e-04
-2.896123837101896494e-03 1.280747925774968236e-03 9.627208514511116817e-04 1.471275366259521379e-03 -2.670192690885452632e-03 1.395113538044054965e-03 1.245538842415154154e-03 1.017585011344493157e-03 -3.008739285234632212e-03 1.042737595953479668e-03 -4.088981216414204478e-04 1.597852906576498633e-03 -3.754422617637166552e-03 1.185296811452606243e-03 8.199379720723965013e-04 1.025532649254182541e-03
-2.969301309483399123e-03 1.266484884186059017e-03 7.773556760825447391e-04 1.294092964765579867e-03 -2.547861538027353361e-03 1.809339860544988869e-03 1.447451423865903954e-03 6.675404727350087945e-04 -2.988373322393665047e-03 1.139373541286166228e-03 -1.268597610925736483e-04 1.450544182968683182e-03 -3.936632947908178838e-03 1.102233243884065492e-03 9.710753803947840945e-04 9.554925306859335171e-04
-2.868025755996861208e-03 1.251030784837276312e-03 8.375673007737724236e-04 1.542375192065371763e-03 -2.738149000495539425e-03 1.615221303075637738e-03 1.447221011194076102e-03 5.020702552103318943e-04 -2.865857642421061960e-03 9.679952298185955008e-04 -1.819035434987152134e-04 1.399318044071540560e-03 -4.069808656779916323e-03 1.042732112599021243e-03 1.347047551101995940e-03 1.089889951482397997e-03
-2.897427754665383298e-03 1.154269551919286617e-03 8.701257286378764021e-04 1.371621058058238940e-03 -2.717923205647320047e-03 1.941054066976806696e-03 1.665093159314207528e-03 5.708446917696018185e-04 -2.603561407245935655e-03 9.890749979388937900e-04 -1.878808292998766782e-04 1.249641526271496120e-03 -4.086768465543950783e-03 1.056145032808029601e-03 1.156153467414934707e-03 7.803940762070336401e-04
-3.136976169263926747e-03 1.407945743607904709e-03 8.428828310067351974e-04 1.371361985592692723e-03 -2.702876709781578887e-03 1.852788621550578762e-03 1.708494709526002259e-03 5.381723653920573872e-04 -2.707464852820142334e-03 1.454051057273164985e-03 -2.792466774671920822e-05 1.115870504014546604e-03 -4.340106578297600604e-03 8.848886688712685007e-04 1.351471107301102604e-03 7.281281788135869626e-04
-3.125523504129677083e-03 1.373422511616305321e-03 6.821493889733940257e-04 1.469024583447084680e-03 -2.808522965192424177e-03 1.778318996114682795e-03 1.595580849366218072e-03 3.133659888990551648e-04 -2.681509789427184969e-03 1.502820469807865768e-03 -1.972005797531109996e-05 1.457899322757124109e-03 -4.157933355954656317e-03 8.586235553616139915e-04 1.374866418178020185e-03 7.218937383901908233e-04
-2.981046934609602600e-03 1.448505053226693340e-03 1.246757909033223075e-03 1.029541239973261017e-03 -2.772785412869151461e-03 1.678144028761905738e-03 1.399082344691388990e-03 3.664030182089191359e-04 -2.781229049855456648e-03 1.556660079292648260e-03 1.369392466137756361e-04 1.326169571119096115e-03 -4.268639178596177197e-03 6.939369457513744907e-04 1.362096329722156402e-03 8.915429712301050713e-04
-2.885230219589408202e-03 1.771548266292180757e-03 1.222645676846339895e-03 9.549931271257684718e-04 -3.001424437254198059e-03 1.263586941637571438e-03 1.479889453595502379e-03 6.025617328056176664e-04 -2.841713298652130421e-03 1.575369827510964124e-03 2.402963524916652284e-04 1.234282978716113102e-03 -4.265461160096601680e-03 5.969137512499929007e-04 1.498210215775473480e-03 8.928681601366993690e-04
-3.042317441451046402e-03 1.664091710609624016e-03 1.162886756203967411e-03 1.031128553691782173e-03 -2.597536122056757612e-03 9.840816921248918357e-04 1.680418744933160876e-03 6.861098801983292212e-04 -2.809806788992343443e-03 1.349859477925226215e-03 2.829993720916988481e-05 1.414607385180247524e-03 -4.101794009787739816e-03 8.311652622792993278e-04 1.351604125082947212e-03 6.851335526354101861e-04
-2.969659078978897134e-03 1.994267770885192140e-03 1.396647105871324937e-03 8.823012057587816979e-04 -2.662092705643480297e-03 8.687855963479359416e-04 1.602211664024984173e-03 9.175211808350479175e-04 -2.896175500099206369e-03 1.131089929009179316e-03 -3.219513617559409120e-04 1.621609517573458035e-03 -3.944238659696076496e-03 7.367859982355409948e-04 1.232573383323365933e-03 7.299299748993588700e-04
-3.037534552282361491e-03 2.038184567502611486e-03 1.029374213426640294e-03 8.146356590468447354e-04 -2.796872197137790627e-03 9.001002388782536898e-04 1.596672036799134421e-03 1.089803051315740802e-03 -3.025399121081534786e-03 9.703716231674371778e-04 -1.013816925405042565e-04 1.612584287352238598e-03 -3.945134560122910174e-03 7.174265354392545240e-04 1.428874149855687220e-03 1.039430696352645076e-03
-2.893468967136539859e-03 1.835234960456944703e-03 9.291635490098093964e-04 9.921980202613775533e-04 -2.526658346653731964e-03 9.664834051952431041e-04 1.243769429305281900e-03 1.321253765335926025e-03 -3.015412215896900484e-03 9.026294957031757256e-04 -3.090535772450079752e-04 1.436286074706261302e-03 -4.255267312678329486e-03 9.818841475509540190e-04 1.471202496852016791e-03 1.249502335949322172e-03
-3.034292924095214911e-03 1.654821535402794261e-03 9.507119145028953113e-04 9.885643431919689198e-04 -2.498241357953306322e-03 8.810432391534479954e-04 1.484315529507413117e-03 1.105127412473499385e-03 -3.027148996032329436e-03 1.064006623580810405e-03 -4.613153973900498053e-04 1.513988375424070269e-03 -4.504335574223976464e-03 1.127712110051370693e-03 1.618946163134149215e-03 1.490743012556929991e-03
-3.044950450844728564e-03 1.943623480296057708e-03 1.036897818491279910e-03 8.936506205289866580e-04 -2.602262703571830288e-03 1.145835779162226922e-03 1.125638911756523348e-03 9.824026305197089848e-04 -3.123299705328458787e-03 9.114755125769813176e-04 -2.652908953428613232e-04 1.317424182336563582e-03 -4.208442566761200210e-03 1.257498795664710456e-03 1.416536622401627773e-03 1.555714850062244262e-03
-3.002973330972544437e-03 1.799426438937704780e-03 7.934658661515882035e-04 9.837876123519927532e-04 -2.455638405837226243e-03 1.067118243531938035e-03 1.284962946048606378e-03 1.032487385245064917e-03 -3.298349396411807358e-03 1.030652228021939178e-03 6.332002982831108260e-05 1.260806175713033266e-03 -4.272652656500786940e-03 1.368206314195715301e-03 1.144950991449789936e-03 1.541748473497067196e-03
-2.814003428281557171e-03 1.977852765910038946e-03 8.532809948978203668e-04 1.003180627844542198e-03 -2.806996613056656625e-03 1.223686309053817999e-03 1.283587895402766568e-03 1.241405724564555602e-03 -3.337512758541364647e-03 1.013848813188385038e-03 -3.425931556092625134e-05 1.184668802255045214e-03 -4.116304070335223206e-03 1.252909376944935519e-03 1.050995959931076565e-03 1.365311595206739493e-03
-2.872432571761309155e-03 1.508339345797354110e-03 6.324245338403285252e-04 6.840316428719369832e-04 -3.078056508521311019e-03 1.488992610959857105e-03 1.407379282312320058e-03 1.723841926719675002e-03 -3.082001666038308284e-03 9.718881150550037892e-04 3.237730239424503088e-04 8.606941707746528381e-04 -3.881279179157083765e-03 1.346813916083969406e-03 1.068414044118120784e-03 1.225551819225153497e-03
-2.753847876787657474e-03 1.499609164257094743e-03 7.912420686074962553e-04 8.756366180350745642e-04 -3.510942445477720220e-03 1.669532669463468649e-03 1.298316171453875716e-03 1.684248490938556470e-03 -2.841614743240311863e-03 7.247681302621928343e-04 2.920955387109661094e-04 8.302837707498060115e-04 -4.001313733601376960e-03 1.417629779508257967e-03 1.297559358437632001e-03 1.067845377431279798e-03
-3.588058996833770348e-03 1.743597668797142175e-03 8.323088774532744552e-04 8.819977459681137017e-04 -3.445608706507150704e-03 1.392345766104367355e-03 1.170489330184630973e-03 1.839560700185813476e-03 -2.826435588590653185e-03 6.935450476561369048e-04 7.744691185763666764e-04 8.795296655953206005e-04 -3.655631321625012545e-03 1.328264935787269729e-03 1.184713239615725264e-03 1.150302508453988513e-03
-3.527262446798585735e-03 1.559232509484381572e-03 7.358786801032278892e-04 9.736815116600126482e-04 -3.499821301015706466e-03 1.503858742203469101e-03 1.072773642188465989e-03 1.748333504715137007e-03 -2.988119455618366404e-03 7.294143442238778694e-04 9.677788168731745475e-04 7.254554766757988346e-04 -3.629516470122634564e-03 1.473848461542508030e-03 1.202773406177599013e-03 1.312034110458267433e-03
-3.015091737930365810e-03 1.191757657688891515e-03 6.346148689759514502e-04 9.522120983150731202e-04 -3.139268453708873603e-03 1.310325005292682079e-03 1.089963023525913639e-03 1.521726119766371021e-03 -2.857349312953864559e-03 7.505681988225823813e-04 6.727154156186405769e-04 9.223295207764253996e-04 -3.707887304546732005e-03 1.484332008862248274e-03 1.036789542960434409e-03 1.465377920498550342e-03
-2.854566171661995170e-03 1.172138601466919759e-03 7.793657819945100157e-04 9.360390870506704380e-04 -2.933649934541629825e-03 1.372765517316612257e-03 6.528468111047381738e-04 1.508128418980935522e-03 -2.873940163363088857e-03 1.107324329531185134e-03 9.418930311200454132e-04 6.839208927935851254e-04 -3.745501017208568376e-03 1.182825364912381974e-03 9.062483100846504625e-04 1.462348321304240625e-03
-3.023910816802333115e-03 1.250506718720938637e-03 7.208863882652355101e-04 1.015511062263471480e-03 -2.761812746762242095e-03 1.329301273486900407e-03 7.164660804127902715e-04 1.458863562537679980e-03 -2.662985808401374145e-03 9.929082259849948515e-04 1.075766953332646901e-03 6.938500580855066525e-04 -3.933283048562837871e-03 9.853954295145322517e-04 1.117902686338877703e-03 1.323105998715937408e-03
-3.541920810346562906e-03 1.060310894918947830e-03 8.095543896942435438e-04 1.165123498443465001e-03 -2.547000537791656478e-03 1.360551522540306155e-03 8.770917783786440734e-04 1.351725480126951670e-03 -2.876260311333872586e-03 1.056613345257813958e-03 1.078584500355501876e-03 8.932743624745715164e-04 -3.383432214422606426e-03 9.199952042671066506e-04 8.061100774211699170e-04 1.262772598622460959e-03
-3.157478348747062933e-03 1.183912763035485779e-03 5.327198630032310180e-04 7.401124865485306497e-04 -2.375417900439062181e-03 9.700256092558540025e-04 6.991712182292245722e-04 1.280870936510177275e-03 -2.563430412106088192e-03 1.115303117194559176e-03 1.277333475482866042e-03 1.078115660302314495e-03 -3.432567940906571923e-03 1.029945213744303499e-03 6.251803045201349395e-04 1.254573249213056154e-03
-2.895539029365934523e-03 1.174504741824308187e-03 4.215595079146596110e-04 3.618410705931099781e-04 -2.394810637179268804e-03 9.470884948272474376e-04 7.594442292703728302e-04 1.408637821562148517e-03 -1.948909346449795039e-03 1.194820849969385756e-03 1.225518156260730360e-03 9.405634644693326241e-04 -3.411691016300831894e-03 1.094840809290288566e-03 2.685750855921205859e-04 1.081718645395993335e-03
-2.886750723340920574e-03 8.640653484762115524e-04 4.513844599276889652e-04 4.829654120255286263e-04 -2.612696156298366899e-03 8.114013691081524687e-04 8.430978881826403995e-04 1.468937620745721338e-03 -2.182905335953686920e-03 1.240450504315145129e-03 9.367476430757451424e-04 9.985317015306868250e-04 -3.120373291879890553e-03 1.165186426074225077e-03 4.856842894581387261e-04 1.282755285373565063e-03
-2.805053923241601719e-03 7.832112864336776862e-04 3.196120216638802594e-04 7.143197250556995509e-04 -2.393953235055396034e-03 9.795492892300341516e-04 7.459805680495711772e-04 1.819576886212465874e-03 -2.411671095451520599e-03 1.209820140679271957e-03 8.885934339256324269e-04 1.013302656685629915e-03 -3.384394685790006151e-03 1.008569486170118445e-03 4.340014045875416316e-04 1.318827903665139526e-03
-2.799247997475877870e-03 9.543829455591437173e-04 3.900628063645620843e-04 7.695477435607267535e-04 -2.188673631984325903e-03 6.947886661519830790e-04 6.382196548260965410e-04 1.670768606572512697e-03 -2.570421299096991349e-03 1.342980807642615891e-03 6.163194431270188492e-04 1.093313511342535859e-03 -3.413268906532107745e-03 1.054431602383632980e-03 6.097543391672107047e-04 1.376411214994962499e-03
-2.916731356081112177e-03 7.381387682964845372e-04 3.870292492371899657e-04 8.310194148109441726e-04 -2.169958291057089064e-03 7.458742307531187558e-04 7.554287416131593835e-04 1.459803349536127441e-03 -2.527631810711788302e-03 1.179268787403742278e-03 6.746202144723814935e-04 1.195961612312949635e-03 -3.287030637455924231e-03 1.107294716285868712e-03 9.178743741110434147e-04 1.141332603251910558e-03
-2.828097062028967802e-03 4.396008731717470437e-04 5.953645631898646720e-04 1.071149813823756838e-03 -2.179705653272345171e-03 7.390346039253513095e-04 7.449840571298372866e-04 1.628202483355957724e-03 -2.613558322635549987e-03 1.358593899427572305e-03 4.822448913338067840e-04 1.194883343410691910e-03 -3.453989650304974558e-03 1.071471846266525011e-03 9.378837726789264083e-04 1.054963862021070752e-03
-2.519883918483642547e-03 1.066638881893625145e-03 4.535339437933468020e-04 1.023781407999556966e-03 -2.214973720459252008e-03 6.803078385403015437e-04 9.576648214393358206e-04 1.581130730358184557e-03 -3.146390183083590166e-03 1.162826723038417600e-03 5.664463606401530125e-04 1.139650588665288254e-03 -3.616791688534231209e-03 1.346727093144272931e-03 8.247929113137074126e-04 9.560442040129316262e-04
-2.687245869065715224e-03 1.251344730124361081e-03 6.929678638875453288e-04 9.700285685254381564e-04 -2.103169721052972757e-03 9.414761432872952333e-04 1.006540063240412468e-03 1.309052045906546578e-03 -3.034064242898691990e-03 1.151158598886412900e-03 3.112665820962925924e-04 1.044008558107774754e-03 -3.758522602938828457e-03 1.264147519535711948e-03 7.481726789105585954e-04 1.158441988791549361e-03
-2.701576635792677858e-03 1.122902073068443281e-03 7.232297429778776097e-04 8.495765110999039344e-04 -2.225237234274806287e-03 1.018588950960859930e-03 1.160225420752901892e-03 1.196058373653612885e-03 -2.864407069670481427e-03 1.200309496707810180e-03 3.206138927923797674e-04 7.254345666792004791e-04 -3.666469347609357856e-03 1.108330207611946117e-03 1.159066158843679792e-03 1.130759480586413391e-03
-2.814667091787478523e-03 1.170265623427025475e-03 6.108722739032181829e-04 8.583143278935441260e-04 -2.150329303391550900e-03 1.450292616643367822e-03 1.207006114767608662e-03 1.016745764757906630e-03 -3.074001982668550514e-03 9.905854132255232335e-04 4.154284084360217329e-04 6.770785418463541464e-04 -3.502499392778907986e-03 1.165542223431513839e-03 9.557970941315675414e-04 1.285012252906091775e-03
-2.668689912210604927e-03 1.184672990882937012e-03 4.957901230490844528e-04 1.165098211321194529e-03 -2.097965021699070738e-03 1.145040801796120113e-03 1.208575019319832553e-03 1.061799424748764362e-03 -3.030661946341374220e-03 8.130454078885377030e-04 6.568694740290813164e-04 3.476005496402548517e-04 -3.344894516610555282e-03 1.037741508468931467e-03 1.085064521592350641e-03 1.184350914825842713e-03
-2.951423729743127364e-03 1.243773851452310451e-03 1.175137809202832923e-03 1.034630506471645580e-03 -2.710474565187447667e-03 1.120370237122594870e-03 1.218851073766667866e-03 9.666993225198275853e-04 -3.143855911724873203e-03 9.170379074867235662e-04 6.768940567976071323e-04 4.128089895151095218e-04 -3.115371209555379151e-03 1.170274691949577074e-03 9.632436942220644034e-04 1.293331561793234106e-03
-3.050068594567481150e-03 8.286595282557443053e-04 1.359895149812333399e-03 1.298077235413425644e-03 -2.444236251533982683e-03 8.544608337571479861e-04 9.289930982708720451e-04 1.049828951095698555e-03 -3.109299758239970207e-03 1.208062220770867497e-03 1.056982463534060458e-03 1.558178805754656155e-04 -3.162644237253831644e-03 1.238626255327607414e-03 6.879500002932664943e-04 1.368371964750389773e-03
-3.444920555699168292e-03 1.029273549732928053e-03 1.712337504216972185e-03 1.083063310604060045e-03 -2.574858806783252799e-03 9.816314696065890286e-04 1.156576241576404585e-03 1.157279541060584564e-03 -2.788758458813325562e-03 9.458241035376871615e-04 8.644059324547647164e-04 2.087524193926127434e-04 -3.327581917389890644e-03 1.051211939618216379e-03 1.127415920973382077e-03 1.105271794783911545e-03
-2.867815131405469526e-03 1.051548668948337718e-03 1.404506888128730308e-03 1.190850987234713058e-03 -2.780553912494480862e-03 6.624514981220267981e-04 1.073959978556148203e-03 8.583475280765040473e-04 -3.039382869814718710e-03 1.040912115527824677e-03 8.703229181997145913e-04 5.230584328250588531e-04 -3.180379806843303212e-03 9.450932165655500381e-04 1.207533440922013311e-03 1.308843159874392226e-03
-3.000763199307571790e-03 1.251929557836235470e-03 1.111473655105177545e-03 1.426894456236488858e-03 -2.635465327350398120e-03 4.885162238200260265e-04 1.299431667381338324e-03 8.533523724407410466e-04 -2.938165080775044600e-03 5.907385295902812909e-04 5.279232424886549360e-04 6.999522706417584577e-04 -2.848973302499931658e-03 8.967693144560256232e-04 1.110835346475109358e-03 1.418330740694277812e-03
-3.190562565933075662e-03 1.044746833807706733e-03 1.272589321436548354e-03 1.397202088449326588e-03 -2.657723486408703102e-03 6.241732039967019113e-04 1.527059580641247855e-03 6.272037518059762028e-04 -2.782111325020606655e-03 5.696630375490484895e-04 4.214114611297153121e-04 8.590212267984091146e-04 -2.934358177720911530e-03 8.669139458339307882e-04 1.174246833567407907e-03 1.441383968394542798e-03
-3.009841790721135349e-03 1.333342754952246932e-03 1.188288857490788896e-03 1.415527662075448260e-03 -2.840233117544639554e-03 7.036242756177212704e-04 1.550360380735267942e-03 9.081370812226545203e-04 -3.078616699254162550e-03 5.029180016151414906e-04 5.505315717549966919e-04 9.472053135846493586e-04 -3.016296608290196767e-03 8.101981938714509406e-04 1.483775930599772483e-03 8.276992053179996808e-04
-3.106833533952630191e-03 1.373873283164979810e-03 9.262213669493984600e-04 1.554165775850668797e-03 -2.903391707330275906e-03 5.580252391129861093e-04 1.288928021594801633e-03 1.230395298980861999e-03 -3.213087363008540649e-03 7.108356120834775915e-04 6.430490231384423635e-04 1.057490159675187908e-03 -3.174361173430324898e-03 9.129950430240536081e-04 1.547566060095374426e-03 8.907383165367110901e-04
-2.967849559922423799e-03 1.499097947100439757e-03 1.013093018616143849e-03 1.455175890343194528e-03 -2.985415865747931188e-03 5.419094094165670871e-04 1.390446493561404897e-03 1.128139378849611196e-03 -3.054513344609679788e-03 8.725013693171745259e-04 7.190971786475605339e-04 6.308577484575301868e-04 -3.082797628963572165e-03 8.120033729198998735e-04 1.493223619926027082e-03 8.175238209084276187e-04
-2.583788896411508447e-03 1.498535965220812406e-03 1.013589083875350311e-03 1.392939409068040015e-03 -3.185050096017678651e-03 5.989305753652765952e-04 1.546085187213529829e-03 9.716469134565354016e-04 -3.278632963095818881e-03 8.372268911226338510e-04 5.660256769614602527e-04 6.494464914433012307e-04 -2.773695259609073888e-03 6.375334222679962005e-04 1.591042788280319252e-03 7.922575959737407228e-04
-2.946259996231215261e-03 1.414216415677410719e-03 1.156302802934419151e-03 1.457615262983848669e-03 -3.149231448455372395e-03 8.339903356696582500e-04 1.352292416637173277e-03 1.300374334479933091e-03 -3.095907141931364837e-03 6.559993100104026488e-04 4.991396315192387105e-04 7.697881487089783823e-04 -3.055872408809695139e-03 7.547666779948418317e-04 1.679918964309910214e-03 6.644689486033409330e-04
-3.178375775662654543e-03 1.499046560099985461e-03 1.231191195975305614e-03 1.521577706614117564e-03 -3.386275653418771570e-03 9.382639371712556912e-04 1.191454648247795498e-03 1.206912885988160747e-03 -2.742576838973964561e-03 7.768961368544195171e-04 3.840428290010203575e-04 9.039499382539725909e-04 -3.092477905583547546e-03 8.981496188642046699e-04 1.673491459052043598e-03 4.752211975216612543e-04
-3.416939633154059044e-03 1.618282672180455144e-03 1.390508085570782816e-03 1.334388963808335812e-03 -3.250691481759711982e-03 9.877111068030241647e-04 1.371255326317963579e-03 1.209242394991473469e-03 -2.931953620132034428e-03 6.406406141276690122e-04 4.095115755056500696e-04 9.452171982232840733e-04 -3.264392225474128158e-03 9.160321588056361767e-04 1.636128824916363231e-03 7.268482690352307159e-04
-3.221149717522618552e-03 1.609482104486910196e-03 1.125669218326788871e-03 1.179068493311537583e-03 -2.997812565573399184e-03 9.558931928834911657e-04 1.566891548611183986e-03 1.382880781808523913e-03 -2.633920997245546656e-03 9.459289354710764298e-04 3.443075160153338918e-04 8.320721967410933586e-04 -3.477019911006132107e-03 6.144316305103886093e-04 1.611769851089182078e-03 4.615217069604964388e-04
-3.194117960868715980e-03 1.516517035031175872e-03 1.151416555353476038e-03 1.175671857668387577e-03 -2.603942404511082331e-03 1.007983793026544879e-03 1.724549667850601127e-03 1.319988287203872250e-03 -2.775061215794672170e-03 9.604767908264637060e-04 3.366202693796994136e-04 8.483297757498610382e-04 -3.508125593668139780e-03 6.025098715466960199e-04 1.337779488193814028e-03 3.880797552934546740e-04
-2.939882668676562037e-03 1.254221364972924737e-03 1.314629327710685729e-03 1.000431765079361820e-03 -2.989459096247246584e-03 1.179980863557279248e-03 1.482327716216944122e-03 1.247822893823744179e-03 -2.922406069963193881e-03 1.008325856730309545e-03 8.558612829242218892e-04 8.256981219643868674e-04 -3.482352734624204974e-03 5.638750502622608563e-04 1.393365801402539740e-03 5.011797515285797448e-04
-3.279086224206329784e-03 1.569319402710503191e-03 1.335851645908551133e-03 1.377292311974475346e-03 -3.353547507971140536e-03 1.106975377339139161e-03 1.224242421335218186e-03 1.288175296032757463e-03 -2.987927354730177121e-03 8.594282177247276498e-04 6.094575189435130422e-04 8.608876824049373124e-04 -3.394948799980743604e-03 6.866606879137533747e-04 1.694591793814277398e-03 7.302031020159768446e-04
-3.073273108742161173e-03 1.658242683249825083e-03 1.197920521120807201e-03 1.142968802285932632e-03 -3.169175739367588191e-03 1.180545529361321996e-03 1.169665714830549425e-03 1.228194273669066302e-03 -2.994662439535239733e-03 7.410415124035346504e-04 7.746565068770294759e-04 8.784179874562706575e-04 -3.533658862334244227e-03 7.905152004647033118e-04 1.463128894590324950e-03 8.587164262567782832e-04
-3.130947668853422978e-03 1.535084605672221289e-03 1.360003983483033547e-03 9.575294687180013016e-04 -3.041831032287644395e-03 1.207167387366213851e-03 9.977271372776151757e-04 1.277679771627285603e-03 -2.688493773628055847e-03 7.804766658944407159e-04 7.354133926377634219e-04 8.599762955886099385e-04 -3.544231345469123044e-03 8.679602160768951774e-04 1.360073840548535560e-03 7.628427880046732444e-04
-3.138119976459951069e-03 1.501882981787237186e-03 1.353303164727796435e-03 9.565349570321145679e-04 -3.147675227154295759e-03 1.033202807913183611e-03 1.264290790031163047e-03 1.254075449356068959e-03 -2.714315252623440526e-03 8.244033085263184537e-04 1.067924732705355850e-03 7.269247726034137489e-04 -3.700791407874402805e-03 1.170833175596913992e-03 1.103190342819874905e-03 7.545362267166295066e-04
-3.219687774206903604e-03 1.581715776158893914e-03 1.221164547898590056e-03 7.727230118067013494e-04 -3.124725463073979408e-03 1.166807046585336891e-03 1.096299163690457037e-03 1.272825461245742553e-03 -2.605706811416131068e-03 8.164734408892108421e-04 9.471071255271402067e-04 8.507944793494528037e-04 -3.514765651749766125e-03 1.062455900238118553e-03 9.521134852601180953e-04 1.022555758047290165e-03
-3.238285731196648403e-03 1.616025108602119802e-03 1.304146614378838553e-03 8.050055120547549561e-04 -3.214800529870615129e-03 1.056093976063724122e-03 9.884390854093430372e-04 1.161974390252840973e-03 -2.697864822658116880e-03 1.127200017781799547e-03 1.242236401939582173e-03 9.319726959706643330e-04 -3.698157726261845461e-03 8.588876252238777887e-04 1.125165814960094653e-03 9.489555679965499917e-04
-2.997211789595937304e-03 1.606537926800543758e-03 1.083704596826941388e-03 6.052604464065250694e-04 -3.043335265339567903e-03 7.304629252607788836e-04 1.110356808744815535e-03 1.064824654247934497e-03 -2.756693237551404926e-03 1.216877217565885769e-03 1.413096266438344231e-03 8.626916708099727389e-04 -3.361187760046200745e-03 8.956519979737453301e-04 9.242455862377732491e-04 9.286185126596131984e-04
-2.904947838214196141e-03 1.490329518867585922e-03 1.316262606610913094e-03 8.441076007808070211e-04 -3.029286124021965832e-03 8.644526709522457313e-04 1.138551525705976163e-03 1.420501795053473590e-03 -3.056546432307879427e-03 1.099608104908694761e-03 1.415052084964595232e-03 5.749626355428919021e-04 -3.331662256211594467e-03 9.638092878663474458e-04 7.873186181132441411e-04 6.995382053816243421e-04
-3.180341581365824562e-03 1.317489081891627840e-03 1.154902194423714510e-03 7.495152866462172561e-04 -3.058707862943303973e-03 7.535120399444788413e-04 1.048325541608389772e-03 1.456171515135046843e-03 -3.159224658259379703e-03 9.498762484453275676e-04 1.306741423523511986e-03 9.158944418608460855e-04 -3.027481026701804231e-03 1.435634382096330573e-03 7.014393306571043351e-04 9.314066821465567629e-04
-3.302142897764297896e-03 1.071828574917363863e-03 1.182300091158668348e-03 1.092695191627994587e-03 -2.754735464675694533e-03 6.675678388214789519e-04 8.466985493927162197e-04 1.369689555914499869e-03 -2.978719275699208587e-03 7.684288858750530377e-04 1.113126843311405823e-03 1.235482645367079642e-03 -3.058788404817167420e-03 1.307897995263247824e-03 6.672672950562174481e-04 1.050995407337194021e-03
-3.400250967743970957e-03 6.000933675213275011e-04 1.355847000918334287e-03 1.141575454831952842e-03 -3.055005892113017967e-03 8.520073189741029932e-04 1.194878696872967447e-03 1.415569473479058246e-03 -2.903455354607722624e-03 5.435896319273361178e-04 6.111799440304564518e-04 1.227997712632918374e-03 -2.876616401436065621e-03 1.533890596363777148e-03 7.606149962497054046e-04 1.288204861041858081e-03
-3.585598745280457744e-03 8.208575264336913759e-04 1.326561821936814590e-03 1.117831795027684214e-03 -2.946231589061977258e-03 8.497220353759619461e-04 1.225389387654135260e-03 1.364039955288448873e-03 -3.006779448961329707e-03 3.105865251850810360e-04 6.347431266564975772e-04 1.220010798965394383e-03 -2.710685192891748151e-03 1.354499737460803255e-03 8.762484669165125509e-04 1.440837334654763253e-03
-3.886107726896019261e-03 1.140282364069097410e-03 1.326987117940521240e-03 1.118459848546114917e-03 -3.052423195024139054e-03 1.184241416239673961e-03 1.093428134891375218e-03 1.446191974008424362e-03 -3.241260168985259527e-03 5.339980005354937878e-04 6.558106392493325562e-04 1.080837388262112855e-03 -2.785494990456859228e-03 1.325730619026745235e-03 8.278201856946551269e-04 1.557874540581341517e-03
-3.829753985188259508e-03 1.080393442528165392e-03 1.251200023926293944e-03 1.177441917846756489e-03 -2.791881608933712011e-03 1.144599325224976774e-03 1.148415600683876841e-03 1.537888151151912226e-03 -3.069276170168570763e-03 7.260741070137802710e-04 1.034106248917559222e-03 7.389328760221480297e-04 -2.864334093218031015e-03 1.279521635273881937e-03 5.525418913649045565e-04 1.189497593523926918e-03
