# pops for 16 qbits with connectivity gas and unitary DM 23313397970048
3.999999761581420898e-01 2.000000029802322388e-01 2.000000029802322388e-01 2.000000029802322388e-01 4.000000059604644775e-01 1.999999880790710449e-01 1.999999880790710449e-01 1.999999880790710449e-01 3.999999463558197021e-01 1.999999880790710449e-01 1.999999880790710449e-01 1.999999880790710449e-01 3.999999761581420898e-01 1.999999880790710449e-01 1.999999880790710449e-01 1.999999880790710449e-01
3.420455455780029297e-01 2.000000029802322388e-01 2.145312428474426270e-01 2.093757092952728271e-01 3.617199361324310303e-01 2.246182262897491455e-01 2.000000029802322388e-01 2.233037650585174561e-01 3.396292626857757568e-01 2.239605188369750977e-01 2.000000029802322388e-01 2.740254700183868408e-01 3.317345082759857178e-01 2.325201183557510376e-01 2.000000029802322388e-01 2.225357443094253540e-01
3.151189088821411133e-01 2.142396271228790283e-01 2.145721167325973511e-01 2.099615186452865601e-01 3.150135874748229980e-01 2.166192382574081421e-01 2.177410870790481567e-01 2.606472969055175781e-01 3.138670027256011963e-01 2.335723936557769775e-01 2.228548228740692139e-01 2.664186060428619385e-01 3.035170137882232666e-01 2.478654235601425171e-01 2.073723077774047852e-01 2.406190484762191772e-01
2.912392318248748779e-01 2.295746207237243652e-01 2.208382338285446167e-01 2.190564870834350586e-01 3.025968372821807861e-01 2.091373950242996216e-01 2.464335560798645020e-01 2.682513296604156494e-01 2.931427657604217529e-01 2.244347929954528809e-01 2.430388927459716797e-01 2.683985233306884766e-01 2.876795530319213867e-01 2.415388822555541992e-01 2.177256345748901367e-01 2.369133085012435913e-01
2.861884832382202148e-01 2.359072864055633545e-01 2.281213998794555664e-01 2.288446873426437378e-01 2.950688600540161133e-01 2.218644469976425171e-01 2.483077794313430786e-01 2.715266942977905273e-01 2.875032722949981689e-01 2.252738028764724731e-01 2.415067106485366821e-01 2.581971883773803711e-01 2.657950818538665771e-01 2.378473579883575439e-01 2.270288914442062378e-01 2.410179078578948975e-01
2.746493518352508545e-01 2.394573390483856201e-01 2.307961881160736084e-01 2.242667824029922485e-01 2.857212722301483154e-01 2.368137538433074951e-01 2.462996691465377808e-01 2.694734036922454834e-01 2.798701226711273193e-01 2.257796078920364380e-01 2.476430684328079224e-01 2.555065751075744629e-01 2.706814706325531006e-01 2.376596927642822266e-01 2.284261882305145264e-01 2.469553500413894653e-01
2.700080275535583496e-01 2.494732439517974854e-01 2.354169785976409912e-01 2.336600422859191895e-01 2.843351364135742188e-01 2.367695271968841553e-01 2.451661825180053711e-01 2.600757181644439697e-01 2.669895589351654053e-01 2.361042499542236328e-01 2.426723986864089966e-01 2.489459365606307983e-01 2.666930258274078369e-01 2.418634146451950073e-01 2.336643487215042114e-01 2.481619268655776978e-01
2.668608129024505615e-01 2.522632181644439697e-01 2.356000095605850220e-01 2.340854555368423462e-01 2.775380611419677734e-01 2.397714108228683472e-01 2.489647865295410156e-01 2.568960487842559814e-01 2.626351714134216309e-01 2.430467009544372559e-01 2.470994293689727783e-01 2.467117458581924438e-01 2.615136504173278809e-01 2.404790073633193970e-01 2.344403266906738281e-01 2.520940005779266357e-01
2.596261799335479736e-01 2.521709203720092773e-01 2.396835088729858398e-01 2.400205284357070923e-01 2.714354991912841797e-01 2.437115162611007690e-01 2.479645013809204102e-01 2.512056529521942139e-01 2.618461549282073975e-01 2.433432638645172119e-01 2.489713281393051147e-01 2.450073808431625366e-01 2.595771253108978271e-01 2.472620010375976562e-01 2.384675145149230957e-01 2.497067749500274658e-01
2.570125162601470947e-01 2.516205012798309326e-01 2.423108965158462524e-01 2.441965043544769287e-01 2.683629691600799561e-01 2.422645986080169678e-01 2.469526082277297974e-01 2.522626817226409912e-01 2.597684264183044434e-01 2.435331940650939941e-01 2.479879558086395264e-01 2.455899119377136230e-01 2.592133283615112305e-01 2.496412545442581177e-01 2.418022304773330688e-01 2.474801689386367798e-01
2.561646699905395508e-01 2.508614361286163330e-01 2.442204803228378296e-01 2.465795427560806274e-01 2.651988863945007324e-01 2.460945695638656616e-01 2.473868429660797119e-01 2.517188191413879395e-01 2.582952380180358887e-01 2.443115860223770142e-01 2.466892898082733154e-01 2.455228418111801147e-01 2.590728998184204102e-01 2.501952052116394043e-01 2.418953478336334229e-01 2.457918822765350342e-01
2.541564702987670898e-01 2.497644126415252686e-01 2.464838922023773193e-01 2.501201033592224121e-01 2.604505419731140137e-01 2.465856671333312988e-01 2.476486712694168091e-01 2.515308260917663574e-01 2.572901248931884766e-01 2.451979070901870728e-01 2.489022463560104370e-01 2.468942999839782715e-01 2.574153542518615723e-01 2.496093958616256714e-01 2.413330227136611938e-01 2.466165721416473389e-01
2.540905773639678955e-01 2.471412420272827148e-01 2.462430000305175781e-01 2.500632703304290771e-01 2.570547759532928467e-01 2.471418082714080811e-01 2.484187334775924683e-01 2.513740062713623047e-01 2.555075883865356445e-01 2.460083067417144775e-01 2.514156997203826904e-01 2.466450035572052002e-01 2.575275599956512451e-01 2.495490312576293945e-01 2.433292120695114136e-01 2.484896779060363770e-01
2.529344558715820312e-01 2.473301738500595093e-01 2.475182861089706421e-01 2.496417611837387085e-01 2.563252151012420654e-01 2.478095740079879761e-01 2.513964772224426270e-01 2.522474527359008789e-01 2.546983361244201660e-01 2.470345795154571533e-01 2.503729462623596191e-01 2.471635043621063232e-01 2.544856071472167969e-01 2.487969547510147095e-01 2.445696741342544556e-01 2.476745098829269409e-01
2.522200047969818115e-01 2.480053454637527466e-01 2.486558258533477783e-01 2.484339624643325806e-01 2.560206055641174316e-01 2.470008134841918945e-01 2.507801353931427002e-01 2.518273890018463135e-01 2.545664906501770020e-01 2.486165612936019897e-01 2.508322298526763916e-01 2.482628971338272095e-01 2.538245320320129395e-01 2.486952096223831177e-01 2.448099702596664429e-01 2.474474012851715088e-01
2.521213293075561523e-01 2.475576549768447876e-01 2.496941238641738892e-01 2.484543323516845703e-01 2.560420930385589600e-01 2.471801191568374634e-01 2.512181699275970459e-01 2.516742348670959473e-01 2.546435296535491943e-01 2.479777783155441284e-01 2.509497404098510742e-01 2.487321645021438599e-01 2.529189884662628174e-01 2.485462576150894165e-01 2.452986538410186768e-01 2.469902783632278442e-01
2.523511350154876709e-01 2.479461580514907837e-01 2.501458525657653809e-01 2.485591620206832886e-01 2.551012635231018066e-01 2.471954673528671265e-01 2.507702112197875977e-01 2.505989968776702881e-01 2.544212043285369873e-01 2.483509629964828491e-01 2.508586943149566650e-01 2.492059320211410522e-01 2.522482872009277344e-01 2.479278892278671265e-01 2.465919703245162964e-01 2.477261275053024292e-01
2.526538372039794922e-01 2.480875551700592041e-01 2.497648596763610840e-01 2.485492527484893799e-01 2.538047432899475098e-01 2.470598816871643066e-01 2.486615329980850220e-01 2.502784430980682373e-01 2.538751363754272461e-01 2.494501173496246338e-01 2.508108913898468018e-01 2.492716163396835327e-01 2.526234984397888184e-01 2.484955936670303345e-01 2.481475770473480225e-01 2.484648078680038452e-01
2.530699670314788818e-01 2.483214884996414185e-01 2.495406717061996460e-01 2.500382363796234131e-01 2.533900439739227295e-01 2.470497637987136841e-01 2.483932822942733765e-01 2.504796981811523438e-01 2.529885172843933105e-01 2.495814114809036255e-01 2.495851665735244751e-01 2.498949468135833740e-01 2.528902888298034668e-01 2.478339821100234985e-01 2.484766393899917603e-01 2.484651058912277222e-01
2.530965507030487061e-01 2.481606304645538330e-01 2.490742057561874390e-01 2.504688203334808350e-01 2.531192898750305176e-01 2.474247962236404419e-01 2.482037991285324097e-01 2.502804696559906006e-01 2.529821693897247314e-01 2.495469152927398682e-01 2.496416419744491577e-01 2.498789876699447632e-01 2.529480159282684326e-01 2.482897937297821045e-01 2.484347671270370483e-01 2.484482079744338989e-01
2.524043917655944824e-01 2.488008886575698853e-01 2.486966550350189209e-01 2.494417130947113037e-01 2.535911202430725098e-01 2.476969510316848755e-01 2.485584318637847900e-01 2.498913705348968506e-01 2.536471486091613770e-01 2.497617900371551514e-01 2.496557682752609253e-01 2.496008127927780151e-01 2.526497840881347656e-01 2.483810335397720337e-01 2.486502826213836670e-01 2.485708892345428467e-01
2.522127330303192139e-01 2.487868070602416992e-01 2.487230598926544189e-01 2.497726529836654663e-01 2.535022497177124023e-01 2.477283924818038940e-01 2.485615760087966919e-01 2.498485594987869263e-01 2.535243928432464600e-01 2.489126473665237427e-01 2.500261068344116211e-01 2.492120712995529175e-01 2.528083324432373047e-01 2.484808415174484253e-01 2.487261891365051270e-01 2.491724491119384766e-01
2.525784373283386230e-01 2.484296262264251709e-01 2.485521137714385986e-01 2.496097534894943237e-01 2.535619735717773438e-01 2.481723576784133911e-01 2.489940375089645386e-01 2.494234740734100342e-01 2.536004483699798584e-01 2.491264790296554565e-01 2.500977218151092529e-01 2.488662451505661011e-01 2.523996829986572266e-01 2.484679520130157471e-01 2.487317174673080444e-01 2.493869513273239136e-01
2.526173293590545654e-01 2.487253993749618530e-01 2.485397905111312866e-01 2.494812160730361938e-01 2.534314095973968506e-01 2.482155263423919678e-01 2.493036985397338867e-01 2.491002678871154785e-01 2.540938556194305420e-01 2.491523027420043945e-01 2.495803087949752808e-01 2.490020543336868286e-01 2.523009479045867920e-01 2.485907226800918579e-01 2.486855685710906982e-01 2.491784691810607910e-01
2.530484795570373535e-01 2.489905506372451782e-01 2.489733397960662842e-01 2.495470345020294189e-01 2.530986964702606201e-01 2.482439428567886353e-01 2.493175864219665527e-01 2.489407360553741455e-01 2.532941401004791260e-01 2.491540312767028809e-01 2.485953122377395630e-01 2.495773136615753174e-01 2.526968121528625488e-01 2.488755285739898682e-01 2.486205250024795532e-01 2.490247786045074463e-01
2.535369694232940674e-01 2.487826198339462280e-01 2.488103657960891724e-01 2.497326582670211792e-01 2.528993189334869385e-01 2.483580708503723145e-01 2.490954995155334473e-01 2.491393387317657471e-01 2.526820600032806396e-01 2.490621656179428101e-01 2.484333366155624390e-01 2.495819479227066040e-01 2.530535161495208740e-01 2.493074834346771240e-01 2.485735714435577393e-01 2.489497959613800049e-01
2.533962726593017578e-01 2.487005442380905151e-01 2.486401796340942383e-01 2.497980147600173950e-01 2.526934742927551270e-01 2.488058209419250488e-01 2.489364892244338989e-01 2.493482530117034912e-01 2.527204453945159912e-01 2.491177171468734741e-01 2.481304854154586792e-01 2.499183565378189087e-01 2.532404065132141113e-01 2.494959533214569092e-01 2.479952573776245117e-01 2.490609735250473022e-01
2.533559799194335938e-01 2.488148659467697144e-01 2.490231841802597046e-01 2.496681213378906250e-01 2.526026666164398193e-01 2.488491088151931763e-01 2.487505376338958740e-01 2.495331019163131714e-01 2.525157332420349121e-01 2.490193694829940796e-01 2.482322454452514648e-01 2.497415840625762939e-01 2.529416382312774658e-01 2.492439746856689453e-01 2.483097165822982788e-01 2.493968605995178223e-01
2.531896829605102539e-01 2.488653063774108887e-01 2.491314113140106201e-01 2.493661493062973022e-01 2.527639865875244141e-01 2.491831183433532715e-01 2.490642666816711426e-01 2.493534386157989502e-01 2.524634599685668945e-01 2.489294856786727905e-01 2.483214884996414185e-01 2.496902048587799072e-01 2.528252303600311279e-01 2.492394894361495972e-01 2.482222616672515869e-01 2.493895888328552246e-01
2.528449892997741699e-01 2.493810951709747314e-01 2.493562251329421997e-01 2.496102452278137207e-01 2.527138590812683105e-01 2.493047416210174561e-01 2.488650083541870117e-01 2.496295273303985596e-01 2.525716125965118408e-01 2.487549185752868652e-01 2.483249902725219727e-01 2.489930391311645508e-01 2.528620362281799316e-01 2.489698231220245361e-01 2.485352307558059692e-01 2.492812871932983398e-01
2.529889941215515137e-01 2.490991801023483276e-01 2.494459152221679688e-01 2.495540678501129150e-01 2.526890039443969727e-01 2.491365969181060791e-01 2.487532943487167358e-01 2.496448457241058350e-01 2.523232698440551758e-01 2.489336282014846802e-01 2.482635080814361572e-01 2.489485293626785278e-01 2.530444562435150146e-01 2.491277158260345459e-01 2.487500905990600586e-01 2.492955178022384644e-01
2.528503835201263428e-01 2.488685399293899536e-01 2.494109123945236206e-01 2.500634491443634033e-01 2.521764636039733887e-01 2.491350620985031128e-01 2.486148029565811157e-01 2.496434152126312256e-01 2.522133588790893555e-01 2.489717751741409302e-01 2.486101090908050537e-01 2.491079866886138916e-01 2.529224753379821777e-01 2.491336911916732788e-01 2.490286082029342651e-01 2.492475062608718872e-01
2.530001401901245117e-01 2.489973604679107666e-01 2.494123578071594238e-01 2.499135136604309082e-01 2.522215247154235840e-01 2.491546571254730225e-01 2.486414611339569092e-01 2.494834810495376587e-01 2.523202896118164062e-01 2.490468323230743408e-01 2.489072978496551514e-01 2.487390488386154175e-01 2.527137398719787598e-01 2.493916749954223633e-01 2.485457807779312134e-01 2.495092302560806274e-01
2.529707551002502441e-01 2.490078657865524292e-01 2.495361119508743286e-01 2.496616989374160767e-01 2.521786093711853027e-01 2.491330951452255249e-01 2.486371546983718872e-01 2.495362758636474609e-01 2.525543272495269775e-01 2.490425556898117065e-01 2.489451020956039429e-01 2.488548308610916138e-01 2.527368962764739990e-01 2.493440061807632446e-01 2.484397590160369873e-01 2.494193464517593384e-01
2.531537413597106934e-01 2.489398568868637085e-01 2.493137717247009277e-01 2.493999749422073364e-01 2.521476447582244873e-01 2.495636641979217529e-01 2.488405257463455200e-01 2.496517300605773926e-01 2.526386380195617676e-01 2.489956468343734741e-01 2.489676922559738159e-01 2.487417161464691162e-01 2.526528239250183105e-01 2.494728565216064453e-01 2.483840584754943848e-01 2.491340339183807373e-01
2.528865039348602295e-01 2.491821199655532837e-01 2.493287026882171631e-01 2.491405308246612549e-01 2.522587478160858154e-01 2.494357526302337646e-01 2.487551569938659668e-01 2.495612651109695435e-01 2.527798414230346680e-01 2.491637021303176880e-01 2.489243745803833008e-01 2.487343549728393555e-01 2.527457177639007568e-01 2.496179044246673584e-01 2.485200762748718262e-01 2.489635646343231201e-01
2.527900934219360352e-01 2.488981336355209351e-01 2.492645233869552612e-01 2.494039684534072876e-01 2.522636950016021729e-01 2.493768334388732910e-01 2.485570609569549561e-01 2.496325522661209106e-01 2.528752982616424561e-01 2.492340505123138428e-01 2.490093111991882324e-01 2.486789077520370483e-01 2.527940273284912109e-01 2.499594688415527344e-01 2.484498172998428345e-01 2.488104999065399170e-01
2.528910040855407715e-01 2.491403371095657349e-01 2.490649372339248657e-01 2.490295618772506714e-01 2.525584101676940918e-01 2.494395673274993896e-01 2.486132234334945679e-01 2.495768517255783081e-01 2.531155347824096680e-01 2.491361051797866821e-01 2.490353137254714966e-01 2.484718561172485352e-01 2.528273165225982666e-01 2.498614788055419922e-01 2.484656125307083130e-01 2.487710416316986084e-01
2.530242502689361572e-01 2.492439299821853638e-01 2.489799857139587402e-01 2.490916103124618530e-01 2.522616088390350342e-01 2.493622601032257080e-01 2.489718049764633179e-01 2.494457960128784180e-01 2.526009380817413330e-01 2.490596026182174683e-01 2.491097003221511841e-01 2.483911514282226562e-01 2.528427839279174805e-01 2.495200932025909424e-01 2.491044700145721436e-01 2.489881515502929688e-01
2.531043589115142822e-01 2.489858269691467285e-01 2.490125596523284912e-01 2.491625398397445679e-01 2.522144615650177002e-01 2.495331019163131714e-01 2.488037794828414917e-01 2.494901120662689209e-01 2.530896961688995361e-01 2.489860206842422485e-01 2.490211129188537598e-01 2.483670413494110107e-01 2.530265450477600098e-01 2.493629604578018188e-01 2.490779161453247070e-01 2.487600296735763550e-01
2.527684867382049561e-01 2.489637881517410278e-01 2.493492960929870605e-01 2.491650879383087158e-01 2.523937225341796875e-01 2.495108395814895630e-01 2.491325289011001587e-01 2.496244907379150391e-01 2.529624700546264648e-01 2.487063258886337280e-01 2.490796297788619995e-01 2.486015409231185913e-01 2.526533305644989014e-01 2.494055777788162231e-01 2.490406185388565063e-01 2.486403137445449829e-01
2.527537941932678223e-01 2.491765022277832031e-01 2.494441568851470947e-01 2.490017563104629517e-01 2.523317933082580566e-01 2.491078525781631470e-01 2.491236925125122070e-01 2.495900243520736694e-01 2.529624700546264648e-01 2.487516254186630249e-01 2.491375952959060669e-01 2.488830089569091797e-01 2.525131404399871826e-01 2.493684887886047363e-01 2.490282952785491943e-01 2.488237321376800537e-01
2.526976168155670166e-01 2.493642568588256836e-01 2.495011091232299805e-01 2.490352988243103027e-01 2.523481845855712891e-01 2.488578259944915771e-01 2.491228878498077393e-01 2.496469914913177490e-01 2.528738379478454590e-01 2.490103244781494141e-01 2.491117566823959351e-01 2.488486915826797485e-01 2.525775134563446045e-01 2.494009584188461304e-01 2.488019764423370361e-01 2.487986236810684204e-01
2.526230812072753906e-01 2.495364844799041748e-01 2.495231777429580688e-01 2.493059039115905762e-01 2.523176968097686768e-01 2.489510327577590942e-01 2.491014897823333740e-01 2.494651973247528076e-01 2.528568208217620850e-01 2.489786595106124878e-01 2.488365769386291504e-01 2.487386316061019897e-01 2.523959577083587646e-01 2.493123561143875122e-01 2.488714605569839478e-01 2.491833269596099854e-01
2.525035142898559570e-01 2.496026456356048584e-01 2.494598627090454102e-01 2.494275569915771484e-01 2.523242533206939697e-01 2.488562464714050293e-01 2.491097003221511841e-01 2.494867295026779175e-01 2.527901828289031982e-01 2.490313053131103516e-01 2.490048706531524658e-01 2.487443685531616211e-01 2.523158788681030273e-01 2.492440342903137207e-01 2.487449347972869873e-01 2.493516951799392700e-01
2.525391876697540283e-01 2.493965923786163330e-01 2.493107467889785767e-01 2.494226694107055664e-01 2.520749568939208984e-01 2.487638443708419800e-01 2.493155598640441895e-01 2.492676377296447754e-01 2.527584433555603027e-01 2.488728463649749756e-01 2.490362972021102905e-01 2.491618692874908447e-01 2.521092891693115234e-01 2.493898570537567139e-01 2.489945292472839355e-01 2.495834082365036011e-01
2.527165412902832031e-01 2.492417991161346436e-01 2.491108924150466919e-01 2.492545545101165771e-01 2.522289752960205078e-01 2.489878237247467041e-01 2.495322823524475098e-01 2.492674291133880615e-01 2.524725496768951416e-01 2.488036602735519409e-01 2.487609982490539551e-01 2.493815571069717407e-01 2.522513866424560547e-01 2.492265999317169189e-01 2.490439116954803467e-01 2.497167736291885376e-01
2.525987625122070312e-01 2.492337375879287720e-01 2.490541934967041016e-01 2.491498738527297974e-01 2.524081170558929443e-01 2.488596141338348389e-01 2.496220618486404419e-01 2.494950890541076660e-01 2.524978518486022949e-01 2.488265931606292725e-01 2.487665414810180664e-01 2.493628412485122681e-01 2.522086501121520996e-01 2.491221576929092407e-01 2.489773333072662354e-01 2.498140931129455566e-01
2.525862157344818115e-01 2.491209954023361206e-01 2.492627352476119995e-01 2.493370175361633301e-01 2.522917389869689941e-01 2.492567747831344604e-01 2.494180947542190552e-01 2.493198961019515991e-01 2.524182498455047607e-01 2.487651407718658447e-01 2.488342523574829102e-01 2.494647204875946045e-01 2.526057362556457520e-01 2.487984299659729004e-01 2.491068542003631592e-01 2.494106590747833252e-01
2.526538670063018799e-01 2.493129223585128784e-01 2.490390390157699585e-01 2.492278218269348145e-01 2.523562908172607422e-01 2.494181096553802490e-01 2.493562102317810059e-01 2.493469268083572388e-01 2.520945966243743896e-01 2.491434216499328613e-01 2.491567879915237427e-01 2.493388801813125610e-01 2.526452243328094482e-01 2.487281560897827148e-01 2.488603442907333374e-01 2.493189871311187744e-01
2.527809143066406250e-01 2.493360638618469238e-01 2.490723282098770142e-01 2.492012381553649902e-01 2.523556053638458252e-01 2.493917644023895264e-01 2.495061457157135010e-01 2.491787672042846680e-01 2.519406676292419434e-01 2.491844147443771362e-01 2.490578293800354004e-01 2.493373304605484009e-01 2.526231110095977783e-01 2.488077580928802490e-01 2.488553524017333984e-01 2.493681162595748901e-01
2.531046569347381592e-01 2.491261661052703857e-01 2.492821663618087769e-01 2.495052218437194824e-01 2.522624135017395020e-01 2.491140961647033691e-01 2.497702091932296753e-01 2.487713545560836792e-01 2.518306076526641846e-01 2.488263249397277832e-01 2.491218149662017822e-01 2.492270022630691528e-01 2.527582347393035889e-01 2.488014549016952515e-01 2.489444315433502197e-01 2.495513111352920532e-01
2.530895173549652100e-01 2.492677718400955200e-01 2.494927346706390381e-01 2.496407628059387207e-01 2.526436448097229004e-01 2.490112781524658203e-01 2.495297342538833618e-01 2.488468587398529053e-01 2.520667016506195068e-01 2.486595958471298218e-01 2.488163411617279053e-01 2.491075843572616577e-01 2.526859641075134277e-01 2.484986186027526855e-01 2.491064816713333130e-01 2.495336979627609253e-01
2.529553771018981934e-01 2.494015246629714966e-01 2.493621408939361572e-01 2.496879398822784424e-01 2.525326907634735107e-01 2.491990625858306885e-01 2.493422478437423706e-01 2.489212751388549805e-01 2.520298659801483154e-01 2.487798482179641724e-01 2.490340024232864380e-01 2.491648942232131958e-01 2.526653409004211426e-01 2.486538439989089966e-01 2.486770153045654297e-01 2.495902925729751587e-01
2.526231110095977783e-01 2.494763433933258057e-01 2.494012564420700073e-01 2.496912181377410889e-01 2.522053420543670654e-01 2.493358701467514038e-01 2.495954781770706177e-01 2.486870735883712769e-01 2.521945834159851074e-01 2.488012611865997314e-01 2.490285933017730713e-01 2.493388801813125610e-01 2.525296211242675781e-01 2.488636821508407593e-01 2.487465441226959229e-01 2.494783401489257812e-01
2.527133226394653320e-01 2.491514384746551514e-01 2.492828667163848877e-01 2.496210187673568726e-01 2.521526813507080078e-01 2.493285238742828369e-01 2.496877908706665039e-01 2.486770898103713989e-01 2.523523271083831787e-01 2.489550560712814331e-01 2.490159571170806885e-01 2.490671426057815552e-01 2.527189850807189941e-01 2.490122616291046143e-01 2.487599402666091919e-01 2.495007961988449097e-01
2.528102099895477295e-01 2.493334710597991943e-01 2.497481256723403931e-01 2.494911849498748779e-01 2.520843446254730225e-01 2.492261230945587158e-01 2.494428753852844238e-01 2.486893832683563232e-01 2.523465752601623535e-01 2.490286827087402344e-01 2.488511651754379272e-01 2.488340735435485840e-01 2.526731789112091064e-01 2.491352558135986328e-01 2.486929744482040405e-01 2.496094852685928345e-01
2.529776096343994141e-01 2.493321597576141357e-01 2.495137304067611694e-01 2.494071274995803833e-01 2.523622512817382812e-01 2.494308352470397949e-01 2.489821761846542358e-01 2.485211193561553955e-01 2.523419857025146484e-01 2.489818185567855835e-01 2.486402243375778198e-01 2.491332292556762695e-01 2.524054646492004395e-01 2.492147982120513916e-01 2.489665895700454712e-01 2.497859001159667969e-01
2.527965009212493896e-01 2.496772408485412598e-01 2.497047185897827148e-01 2.494232058525085449e-01 2.524532675743103027e-01 2.495020478963851929e-01 2.491213828325271606e-01 2.485567331314086914e-01 2.520594298839569092e-01 2.487800419330596924e-01 2.483749687671661377e-01 2.491183280944824219e-01 2.523510456085205078e-01 2.493442445993423462e-01 2.489647120237350464e-01 2.497691810131072998e-01
2.530049681663513184e-01 2.494350969791412354e-01 2.494885176420211792e-01 2.494867444038391113e-01 2.528609037399291992e-01 2.495388239622116089e-01 2.495555579662322998e-01 2.487503588199615479e-01 2.520828247070312500e-01 2.486087679862976074e-01 2.485729306936264038e-01 2.488635629415512085e-01 2.523567676544189453e-01 2.488891184329986572e-01 2.489032298326492310e-01 2.495988458395004272e-01
2.527176439762115479e-01 2.493410408496856689e-01 2.496407777070999146e-01 2.492473572492599487e-01 2.527470886707305908e-01 2.494114935398101807e-01 2.493646740913391113e-01 2.486555874347686768e-01 2.520774602890014648e-01 2.489819675683975220e-01 2.487417608499526978e-01 2.487753182649612427e-01 2.525221109390258789e-01 2.489780038595199585e-01 2.490869909524917603e-01 2.497077584266662598e-01
2.527775168418884277e-01 2.491152137517929077e-01 2.495042383670806885e-01 2.490925341844558716e-01 2.528799772262573242e-01 2.495640367269515991e-01 2.492404133081436157e-01 2.488119304180145264e-01 2.519042193889617920e-01 2.485799789428710938e-01 2.486938387155532837e-01 2.490251362323760986e-01 2.526386976242065430e-01 2.492022663354873657e-01 2.496153861284255981e-01 2.493515163660049438e-01
2.524148523807525635e-01 2.490676641464233398e-01 2.489469200372695923e-01 2.492478191852569580e-01 2.529487013816833496e-01 2.496706992387771606e-01 2.490829527378082275e-01 2.486354261636734009e-01 2.522881031036376953e-01 2.486656457185745239e-01 2.489973455667495728e-01 2.490666657686233521e-01 2.523707151412963867e-01 2.492079883813858032e-01 2.494552880525588989e-01 2.499300539493560791e-01
2.525107860565185547e-01 2.490315288305282593e-01 2.490794360637664795e-01 2.490957677364349365e-01 2.527385056018829346e-01 2.493190914392471313e-01 2.489873617887496948e-01 2.485400736331939697e-01 2.525640428066253662e-01 2.489736974239349365e-01 2.489598989486694336e-01 2.492936849594116211e-01 2.524277269840240479e-01 2.491877228021621704e-01 2.496034651994705200e-01 2.496839314699172974e-01
2.527396082878112793e-01 2.492534220218658447e-01 2.489869445562362671e-01 2.492521405220031738e-01 2.527488470077514648e-01 2.492875456809997559e-01 2.488367855548858643e-01 2.485599070787429810e-01 2.528453171253204346e-01 2.489278018474578857e-01 2.487512379884719849e-01 2.494319528341293335e-01 2.523131072521209717e-01 2.491356879472732544e-01 2.495426982641220093e-01 2.493837922811508179e-01
2.528458237648010254e-01 2.492654621601104736e-01 2.491528391838073730e-01 2.493883520364761353e-01 2.529069185256958008e-01 2.490172833204269409e-01 2.487307488918304443e-01 2.488286942243576050e-01 2.528645098209381104e-01 2.490726262331008911e-01 2.487594634294509888e-01 2.494286000728607178e-01 2.523296773433685303e-01 2.490791380405426025e-01 2.491294145584106445e-01 2.491970807313919067e-01
2.527520060539245605e-01 2.492508292198181152e-01 2.489870637655258179e-01 2.494613379240036011e-01 2.527926266193389893e-01 2.490483820438385010e-01 2.489690482616424561e-01 2.489559799432754517e-01 2.528542876243591309e-01 2.487548589706420898e-01 2.487638294696807861e-01 2.495544105768203735e-01 2.525687217712402344e-01 2.485973685979843140e-01 2.494356334209442139e-01 2.492502182722091675e-01
2.526592612266540527e-01 2.493750602006912231e-01 2.488717138767242432e-01 2.495507299900054932e-01 2.530618906021118164e-01 2.492517977952957153e-01 2.487233281135559082e-01 2.491607517004013062e-01 2.527717947959899902e-01 2.488510161638259888e-01 2.486509382724761963e-01 2.493701428174972534e-01 2.526614964008331299e-01 2.485674917697906494e-01 2.491994053125381470e-01 2.492698132991790771e-01
2.526196241378784180e-01 2.492373585700988770e-01 2.488975822925567627e-01 2.495708167552947998e-01 2.528422176837921143e-01 2.494491040706634521e-01 2.487843483686447144e-01 2.492424100637435913e-01 2.529764473438262939e-01 2.488459050655364990e-01 2.485495805740356445e-01 2.494394928216934204e-01 2.527040243148803711e-01 2.487905472517013550e-01 2.491580694913864136e-01 2.488890886306762695e-01
2.526885569095611572e-01 2.492492645978927612e-01 2.485539168119430542e-01 2.496266961097717285e-01 2.529223263263702393e-01 2.493005692958831787e-01 2.492964714765548706e-01 2.492778301239013672e-01 2.527858316898345947e-01 2.487905174493789673e-01 2.488197833299636841e-01 2.492372542619705200e-01 2.525242567062377930e-01 2.489015012979507446e-01 2.489776611328125000e-01 2.490441054105758667e-01
2.523853480815887451e-01 2.493183463811874390e-01 2.487471401691436768e-01 2.493817955255508423e-01 2.527851164340972900e-01 2.490384876728057861e-01 2.490193545818328857e-01 2.495250105857849121e-01 2.529070079326629639e-01 2.490746974945068359e-01 2.491142600774765015e-01 2.492959052324295044e-01 2.526110708713531494e-01 2.488348782062530518e-01 2.490118891000747681e-01 2.489461004734039307e-01
2.524739801883697510e-01 2.492076158523559570e-01 2.487331181764602661e-01 2.493074089288711548e-01 2.527101039886474609e-01 2.492467910051345825e-01 2.487864941358566284e-01 2.495018094778060913e-01 2.532274127006530762e-01 2.489765137434005737e-01 2.490153163671493530e-01 2.494981139898300171e-01 2.527605891227722168e-01 2.486956864595413208e-01 2.490225434303283691e-01 2.488329708576202393e-01
2.525541782379150391e-01 2.493797242641448975e-01 2.487623393535614014e-01 2.495029270648956299e-01 2.524828314781188965e-01 2.492008209228515625e-01 2.487579733133316040e-01 2.494458407163619995e-01 2.529589235782623291e-01 2.487980723381042480e-01 2.487970143556594849e-01 2.496279925107955933e-01 2.525407671928405762e-01 2.486119866371154785e-01 2.492177188396453857e-01 2.493571937084197998e-01
2.525139153003692627e-01 2.494975477457046509e-01 2.485970407724380493e-01 2.493508309125900269e-01 2.527267038822174072e-01 2.491323798894882202e-01 2.485374957323074341e-01 2.491368055343627930e-01 2.530817687511444092e-01 2.485976517200469971e-01 2.486993223428726196e-01 2.498864084482192993e-01 2.525568008422851562e-01 2.489133626222610474e-01 2.493513673543930054e-01 2.494169324636459351e-01
2.526893615722656250e-01 2.488363832235336304e-01 2.489857375621795654e-01 2.494253814220428467e-01 2.529263496398925781e-01 2.491478323936462402e-01 2.488311678171157837e-01 2.490292042493820190e-01 2.528132498264312744e-01 2.486980855464935303e-01 2.486910074949264526e-01 2.498113662004470825e-01 2.527246177196502686e-01 2.486922442913055420e-01 2.491565942764282227e-01 2.495376020669937134e-01
2.526496946811676025e-01 2.488111108541488647e-01 2.490445226430892944e-01 2.495499104261398315e-01 2.528143823146820068e-01 2.491586357355117798e-01 2.490661889314651489e-01 2.489076256752014160e-01 2.527082562446594238e-01 2.487534582614898682e-01 2.485311627388000488e-01 2.499133646488189697e-01 2.527224123477935791e-01 2.488035857677459717e-01 2.493814080953598022e-01 2.491804659366607666e-01
2.527975440025329590e-01 2.487479448318481445e-01 2.492205649614334106e-01 2.492240518331527710e-01 2.526246309280395508e-01 2.490419596433639526e-01 2.490973472595214844e-01 2.487876266241073608e-01 2.526344954967498779e-01 2.488259971141815186e-01 2.484776377677917480e-01 2.501885890960693359e-01 2.525533139705657959e-01 2.488389015197753906e-01 2.496777772903442383e-01 2.492577582597732544e-01
2.529038786888122559e-01 2.486615628004074097e-01 2.492345720529556274e-01 2.490431070327758789e-01 2.525646984577178955e-01 2.491025626659393311e-01 2.490779161453247070e-01 2.489672601222991943e-01 2.527640163898468018e-01 2.491108477115631104e-01 2.484177350997924805e-01 2.503869831562042236e-01 2.526000440120697021e-01 2.486536353826522827e-01 2.494723051786422729e-01 2.490349262952804565e-01
2.529425621032714844e-01 2.487338185310363770e-01 2.492263466119766235e-01 2.494556307792663574e-01 2.526498138904571533e-01 2.489790171384811401e-01 2.490041404962539673e-01 2.490364015102386475e-01 2.524481713771820068e-01 2.489793598651885986e-01 2.483021765947341919e-01 2.501946985721588135e-01 2.529265284538269043e-01 2.488474100828170776e-01 2.493064999580383301e-01 2.489634305238723755e-01
2.527392506599426270e-01 2.489317655563354492e-01 2.493419647216796875e-01 2.496997117996215820e-01 2.524114847183227539e-01 2.489217668771743774e-01 2.490614652633666992e-01 2.492457777261734009e-01 2.523795366287231445e-01 2.490990459918975830e-01 2.480641156435012817e-01 2.500256597995758057e-01 2.527484595775604248e-01 2.490620464086532593e-01 2.490331977605819702e-01 2.492306977510452271e-01
2.525354921817779541e-01 2.490302026271820068e-01 2.492316365242004395e-01 2.493144273757934570e-01 2.525484263896942139e-01 2.491240054368972778e-01 2.487477660179138184e-01 2.492639869451522827e-01 2.525216937065124512e-01 2.489183098077774048e-01 2.485588937997817993e-01 2.497185170650482178e-01 2.528268098831176758e-01 2.493679076433181763e-01 2.489959597587585449e-01 2.492918968200683594e-01
2.522723078727722168e-01 2.491250932216644287e-01 2.489312291145324707e-01 2.493243813514709473e-01 2.525218129158020020e-01 2.494825422763824463e-01 2.489426732063293457e-01 2.490009069442749023e-01 2.524076104164123535e-01 2.491088360548019409e-01 2.484597712755203247e-01 2.494424432516098022e-01 2.528454065322875977e-01 2.494435012340545654e-01 2.491257935762405396e-01 2.495615780353546143e-01
2.523897290229797363e-01 2.493952512741088867e-01 2.487678676843643188e-01 2.491784095764160156e-01 2.526394128799438477e-01 2.495003044605255127e-01 2.490586787462234497e-01 2.489175200462341309e-01 2.523444294929504395e-01 2.488831132650375366e-01 2.484160810708999634e-01 2.494629621505737305e-01 2.527974843978881836e-01 2.495355308055877686e-01 2.490711659193038940e-01 2.496378421783447266e-01
2.525784373283386230e-01 2.496511638164520264e-01 2.484306097030639648e-01 2.490735650062561035e-01 2.524986565113067627e-01 2.493834197521209717e-01 2.493466883897781372e-01 2.493094205856323242e-01 2.523494362831115723e-01 2.491078823804855347e-01 2.482325285673141479e-01 2.493021637201309204e-01 2.528836131095886230e-01 2.493593990802764893e-01 2.488412410020828247e-01 2.496475428342819214e-01
2.525687515735626221e-01 2.494701594114303589e-01 2.486490011215209961e-01 2.494080960750579834e-01 2.526051402091979980e-01 2.491965591907501221e-01 2.490924447774887085e-01 2.492434680461883545e-01 2.527449727058410645e-01 2.488797158002853394e-01 2.485349625349044800e-01 2.492836266756057739e-01 2.527350187301635742e-01 2.492948025465011597e-01 2.487099319696426392e-01 2.495789676904678345e-01
2.528711259365081787e-01 2.496073096990585327e-01 2.487342655658721924e-01 2.495141774415969849e-01 2.526882886886596680e-01 2.490169107913970947e-01 2.489639073610305786e-01 2.489721924066543579e-01 2.527431845664978027e-01 2.488671392202377319e-01 2.485969960689544678e-01 2.492815107107162476e-01 2.525919377803802490e-01 2.489197105169296265e-01 2.491115629673004150e-01 2.495154291391372681e-01
2.527337074279785156e-01 2.496751993894577026e-01 2.487376481294631958e-01 2.491516619920730591e-01 2.528601884841918945e-01 2.487606406211853027e-01 2.492920309305191040e-01 2.491734325885772705e-01 2.525779306888580322e-01 2.490967363119125366e-01 2.487978488206863403e-01 2.491775900125503540e-01 2.526867687702178955e-01 2.489008605480194092e-01 2.491857707500457764e-01 2.491876035928726196e-01
2.528111636638641357e-01 2.495014220476150513e-01 2.488624304533004761e-01 2.489828914403915405e-01 2.529451847076416016e-01 2.488205283880233765e-01 2.491708993911743164e-01 2.493655383586883545e-01 2.524620294570922852e-01 2.485905289649963379e-01 2.490029335021972656e-01 2.491309940814971924e-01 2.527958154678344727e-01 2.488899827003479004e-01 2.487844228744506836e-01 2.498788237571716309e-01
2.529673576354980469e-01 2.492657750844955444e-01 2.489604800939559937e-01 2.489714026451110840e-01 2.528868317604064941e-01 2.489039897918701172e-01 2.490833103656768799e-01 2.493855208158493042e-01 2.522242963314056396e-01 2.485013306140899658e-01 2.493376582860946655e-01 2.490635067224502563e-01 2.527088522911071777e-01 2.492951154708862305e-01 2.489969879388809204e-01 2.494431436061859131e-01
2.530271112918853760e-01 2.491269558668136597e-01 2.489426881074905396e-01 2.492117434740066528e-01 2.530883848667144775e-01 2.490695565938949585e-01 2.489950507879257202e-01 2.490824311971664429e-01 2.522240281105041504e-01 2.485464662313461304e-01 2.491958290338516235e-01 2.489599734544754028e-01 2.526921331882476807e-01 2.492200136184692383e-01 2.490901052951812744e-01 2.495229095220565796e-01
2.528014779090881348e-01 2.492148578166961670e-01 2.486930340528488159e-01 2.490663081407546997e-01 2.530474364757537842e-01 2.489439547061920166e-01 2.491322159767150879e-01 2.492582499980926514e-01 2.524352669715881348e-01 2.486256211996078491e-01 2.492677867412567139e-01 2.490471154451370239e-01 2.525193691253662109e-01 2.492305040359497070e-01 2.494862228631973267e-01 2.492258548736572266e-01
2.524901330471038818e-01 2.492815852165222168e-01 2.485029548406600952e-01 2.489050775766372681e-01 2.531051933765411377e-01 2.491469979286193848e-01 2.489752024412155151e-01 2.492371350526809692e-01 2.525449693202972412e-01 2.490270286798477173e-01 2.493678182363510132e-01 2.491155564785003662e-01 2.527821063995361328e-01 2.491164058446884155e-01 2.492798119783401489e-01 2.491172999143600464e-01
2.525373101234436035e-01 2.492721527814865112e-01 2.488190829753875732e-01 2.488907724618911743e-01 2.528158724308013916e-01 2.491183429956436157e-01 2.490642368793487549e-01 2.491612285375595093e-01 2.525124847888946533e-01 2.488828748464584351e-01 2.493253201246261597e-01 2.493583261966705322e-01 2.526754438877105713e-01 2.491776347160339355e-01 2.491364479064941406e-01 2.492476850748062134e-01
2.525721490383148193e-01 2.493081092834472656e-01 2.487947195768356323e-01 2.489711940288543701e-01 2.529528439044952393e-01 2.488528043031692505e-01 2.489892691373825073e-01 2.492879927158355713e-01 2.528267502784729004e-01 2.487914115190505981e-01 2.494088858366012573e-01 2.491018027067184448e-01 2.529305219650268555e-01 2.487911880016326904e-01 2.491760849952697754e-01 2.492394596338272095e-01
2.524033188819885254e-01 2.492831796407699585e-01 2.486736923456192017e-01 2.490782737731933594e-01 2.527856528759002686e-01 2.489447891712188721e-01 2.491065263748168945e-01 2.490650415420532227e-01 2.530214786529541016e-01 2.488584220409393311e-01 2.491720616817474365e-01 2.491257190704345703e-01 2.531491816043853760e-01 2.489042431116104126e-01 2.492375522851943970e-01 2.491859793663024902e-01
2.523266375064849854e-01 2.492627799510955811e-01 2.485407739877700806e-01 2.490183562040328979e-01 2.527087330818176270e-01 2.491868883371353149e-01 2.492091953754425049e-01 2.492518723011016846e-01 2.531508505344390869e-01 2.488463222980499268e-01 2.489999234676361084e-01 2.493627071380615234e-01 2.530226707458496094e-01 2.488704919815063477e-01 2.491404712200164795e-01 2.490964382886886597e-01
2.523309588432312012e-01 2.495204955339431763e-01 2.482849806547164917e-01 2.491459995508193970e-01 2.526659965515136719e-01 2.492803931236267090e-01 2.490924596786499023e-01 2.493611127138137817e-01 2.532039582729339600e-01 2.489118427038192749e-01 2.489457577466964722e-01 2.492942661046981812e-01 2.530224025249481201e-01 2.486768811941146851e-01 2.490014582872390747e-01 2.492561638355255127e-01
2.524679601192474365e-01 2.495259046554565430e-01 2.483875006437301636e-01 2.492906600236892700e-01 2.527647912502288818e-01 2.491855323314666748e-01 2.489425987005233765e-01 2.491257786750793457e-01 2.532100379467010498e-01 2.486699223518371582e-01 2.490062564611434937e-01 2.493370026350021362e-01 2.530642747879028320e-01 2.484790384769439697e-01 2.491869330406188965e-01 2.493507564067840576e-01
2.525087296962738037e-01 2.497187554836273193e-01 2.487671524286270142e-01 2.492992877960205078e-01 2.528352737426757812e-01 2.492146342992782593e-01 2.488813102245330811e-01 2.491079419851303101e-01 2.530645430088043213e-01 2.486454248428344727e-01 2.492044568061828613e-01 2.493291795253753662e-01 2.528009712696075439e-01 2.483366727828979492e-01 2.490956336259841919e-01 2.491848468780517578e-01
2.522497177124023438e-01 2.495092898607254028e-01 2.487256675958633423e-01 2.491706907749176025e-01 2.527745664119720459e-01 2.489718943834304810e-01 2.491539865732192993e-01 2.491474598646163940e-01 2.533482909202575684e-01 2.488138824701309204e-01 2.490845918655395508e-01 2.496093958616256714e-01 2.526601254940032959e-01 2.486293762922286987e-01 2.490836977958679199e-01 2.490621954202651978e-01
2.523702979087829590e-01 2.495628297328948975e-01 2.486056834459304810e-01 2.491574585437774658e-01 2.529025971889495850e-01 2.491812109947204590e-01 2.491404265165328979e-01 2.492434233427047729e-01 2.532722353935241699e-01 2.487393468618392944e-01 2.489076107740402222e-01 2.495002150535583496e-01 2.527970969676971436e-01 2.488734126091003418e-01 2.489441633224487305e-01 2.487967014312744141e-01
