# pops for 16 qbits with connectivity gas and unitary DM 22973030226496
3.999999761581420898e-01 2.000000029802322388e-01 2.000000029802322388e-01 2.000000029802322388e-01 4.000000059604644775e-01 1.999999880790710449e-01 1.999999880790710449e-01 1.999999880790710449e-01 3.999999463558197021e-01 1.999999880790710449e-01 1.999999880790710449e-01 1.999999880790710449e-01 3.999999761581420898e-01 1.999999880790710449e-01 1.999999880790710449e-01 1.999999880790710449e-01
3.476025760173797607e-01 2.000000029802322388e-01 2.000000029802322388e-01 2.246182262897491455e-01 3.420455455780029297e-01 2.093757390975952148e-01 2.000000029802322388e-01 2.507685422897338867e-01 3.420454859733581543e-01 2.239605188369750977e-01 2.655780315399169922e-01 2.246182262897491455e-01 3.360508680343627930e-01 2.093757241964340210e-01 2.239605188369750977e-01 2.000000029802322388e-01
3.199857771396636963e-01 2.279073148965835571e-01 2.512238919734954834e-01 2.317227125167846680e-01 3.018958568572998047e-01 2.139218449592590332e-01 2.134321182966232300e-01 2.630493640899658203e-01 3.032388687133789062e-01 2.094023823738098145e-01 2.605037987232208252e-01 2.223494201898574829e-01 3.016423881053924561e-01 2.209510803222656250e-01 2.405030429363250732e-01 2.182700484991073608e-01
3.085336983203887939e-01 2.369276285171508789e-01 2.568865120410919189e-01 2.357542514801025391e-01 2.912146449089050293e-01 2.157459408044815063e-01 2.274156659841537476e-01 2.449737787246704102e-01 2.904248833656311035e-01 2.116703391075134277e-01 2.597725391387939453e-01 2.327632755041122437e-01 2.710617482662200928e-01 2.390528172254562378e-01 2.483856976032257080e-01 2.294165790081024170e-01
2.909767031669616699e-01 2.415698915719985962e-01 2.590267956256866455e-01 2.457932084798812866e-01 2.857218086719512939e-01 2.245655506849288940e-01 2.278943359851837158e-01 2.508425712585449219e-01 2.754522264003753662e-01 2.232334166765213013e-01 2.572562992572784424e-01 2.324085682630538940e-01 2.593367397785186768e-01 2.414794564247131348e-01 2.512614428997039795e-01 2.331808209419250488e-01
2.745481729507446289e-01 2.419364154338836670e-01 2.589850127696990967e-01 2.508484125137329102e-01 2.743420302867889404e-01 2.344300001859664917e-01 2.326059490442276001e-01 2.522637546062469482e-01 2.705017030239105225e-01 2.288239747285842896e-01 2.536675333976745605e-01 2.364600896835327148e-01 2.526233792304992676e-01 2.430365532636642456e-01 2.517938911914825439e-01 2.431329190731048584e-01
2.679876387119293213e-01 2.474235594272613525e-01 2.540512084960937500e-01 2.459989786148071289e-01 2.663470208644866943e-01 2.415437400341033936e-01 2.394609004259109497e-01 2.484023869037628174e-01 2.681027352809906006e-01 2.351932227611541748e-01 2.503280639648437500e-01 2.407940775156021118e-01 2.570039629936218262e-01 2.448760122060775757e-01 2.454544454813003540e-01 2.470319122076034546e-01
2.652696669101715088e-01 2.459881603717803955e-01 2.523577809333801270e-01 2.469362318515777588e-01 2.579890787601470947e-01 2.416924238204956055e-01 2.432421892881393433e-01 2.482279390096664429e-01 2.643417418003082275e-01 2.408827990293502808e-01 2.547865509986877441e-01 2.445807456970214844e-01 2.571221292018890381e-01 2.447776496410369873e-01 2.439181953668594360e-01 2.478864192962646484e-01
2.642100453376770020e-01 2.464075535535812378e-01 2.494920939207077026e-01 2.461643964052200317e-01 2.566443383693695068e-01 2.418267279863357544e-01 2.436915338039398193e-01 2.487836182117462158e-01 2.646600902080535889e-01 2.427573055028915405e-01 2.538373768329620361e-01 2.432572990655899048e-01 2.590737938880920410e-01 2.455573678016662598e-01 2.471911013126373291e-01 2.464450001716613770e-01
2.582457065582275391e-01 2.491986304521560669e-01 2.480401843786239624e-01 2.465443611145019531e-01 2.546145021915435791e-01 2.454293221235275269e-01 2.437931299209594727e-01 2.479318976402282715e-01 2.625088095664978027e-01 2.448173761367797852e-01 2.509932518005371094e-01 2.468239516019821167e-01 2.570328414440155029e-01 2.462867796421051025e-01 2.517040669918060303e-01 2.460347712039947510e-01
2.566078901290893555e-01 2.518640160560607910e-01 2.470373809337615967e-01 2.464539259672164917e-01 2.515625059604644775e-01 2.488031089305877686e-01 2.457635104656219482e-01 2.481950670480728149e-01 2.595216035842895508e-01 2.450630813837051392e-01 2.521176040172576904e-01 2.467928826808929443e-01 2.560060024261474609e-01 2.469646632671356201e-01 2.504974007606506348e-01 2.467489689588546753e-01
2.559406459331512451e-01 2.519191205501556396e-01 2.455035299062728882e-01 2.478954344987869263e-01 2.521349191665649414e-01 2.485146969556808472e-01 2.471909821033477783e-01 2.483645230531692505e-01 2.594949305057525635e-01 2.450505346059799194e-01 2.510930001735687256e-01 2.460635453462600708e-01 2.551009654998779297e-01 2.467307001352310181e-01 2.514936029911041260e-01 2.475084960460662842e-01
2.555856704711914062e-01 2.513620555400848389e-01 2.459227442741394043e-01 2.479135841131210327e-01 2.526440322399139404e-01 2.483363896608352661e-01 2.466000318527221680e-01 2.489553242921829224e-01 2.583326995372772217e-01 2.460107356309890747e-01 2.518177926540374756e-01 2.460209727287292480e-01 2.550434470176696777e-01 2.468550801277160645e-01 2.512993812561035156e-01 2.472995370626449585e-01
2.554294466972351074e-01 2.515386939048767090e-01 2.466264516115188599e-01 2.483137995004653931e-01 2.524136602878570557e-01 2.465838342905044556e-01 2.472185045480728149e-01 2.491738349199295044e-01 2.565308809280395508e-01 2.473392784595489502e-01 2.510224282741546631e-01 2.458542734384536743e-01 2.566665112972259521e-01 2.471457719802856445e-01 2.508103251457214355e-01 2.473316937685012817e-01
2.545511126518249512e-01 2.519215941429138184e-01 2.470186054706573486e-01 2.499097883701324463e-01 2.517467141151428223e-01 2.467945367097854614e-01 2.477728575468063354e-01 2.480166852474212646e-01 2.539640367031097412e-01 2.479722648859024048e-01 2.509455978870391846e-01 2.479163855314254761e-01 2.555752992630004883e-01 2.474112659692764282e-01 2.504613399505615234e-01 2.480213046073913574e-01
2.551994323730468750e-01 2.527066767215728760e-01 2.467306554317474365e-01 2.489867955446243286e-01 2.518305480480194092e-01 2.477063536643981934e-01 2.483391910791397095e-01 2.487714290618896484e-01 2.532853782176971436e-01 2.481801658868789673e-01 2.499350309371948242e-01 2.475633621215820312e-01 2.550649046897888184e-01 2.476882040500640869e-01 2.497535794973373413e-01 2.482576817274093628e-01
2.548717856407165527e-01 2.514633834362030029e-01 2.483652830123901367e-01 2.490784227848052979e-01 2.519649565219879150e-01 2.472310364246368408e-01 2.488145679235458374e-01 2.488554120063781738e-01 2.531396150588989258e-01 2.484231442213058472e-01 2.490988224744796753e-01 2.477898299694061279e-01 2.554603517055511475e-01 2.480121254920959473e-01 2.495646327733993530e-01 2.478660047054290771e-01
2.539283335208892822e-01 2.516084909439086914e-01 2.483239918947219849e-01 2.493591159582138062e-01 2.514728009700775146e-01 2.474211603403091431e-01 2.491363734006881714e-01 2.487605363130569458e-01 2.533383667469024658e-01 2.483605146408081055e-01 2.493261545896530151e-01 2.481307834386825562e-01 2.545147538185119629e-01 2.480867505073547363e-01 2.489251196384429932e-01 2.493059635162353516e-01
2.540037035942077637e-01 2.524012029170989990e-01 2.484175264835357666e-01 2.494114637374877930e-01 2.512198686599731445e-01 2.473929822444915771e-01 2.491089403629302979e-01 2.490115612745285034e-01 2.522809207439422607e-01 2.482420951128005981e-01 2.489802986383438110e-01 2.480541467666625977e-01 2.539167404174804688e-01 2.487795650959014893e-01 2.492180466651916504e-01 2.495601326227188110e-01
2.540955841541290283e-01 2.520332634449005127e-01 2.484856545925140381e-01 2.489702254533767700e-01 2.514699101448059082e-01 2.484228163957595825e-01 2.490689158439636230e-01 2.503410279750823975e-01 2.519115209579467773e-01 2.480228543281555176e-01 2.489789873361587524e-01 2.481658607721328735e-01 2.536385953426361084e-01 2.485772669315338135e-01 2.490883022546768188e-01 2.487283498048782349e-01
2.540125548839569092e-01 2.518341541290283203e-01 2.486547678709030151e-01 2.492126524448394775e-01 2.515736818313598633e-01 2.485103756189346313e-01 2.490621060132980347e-01 2.504281401634216309e-01 2.525905072689056396e-01 2.476844489574432373e-01 2.491260170936584473e-01 2.481685578823089600e-01 2.527627646923065186e-01 2.487440109252929688e-01 2.489516288042068481e-01 2.486827224493026733e-01
2.537243068218231201e-01 2.512767016887664795e-01 2.485025674104690552e-01 2.491737157106399536e-01 2.523063123226165771e-01 2.496035993099212646e-01 2.497369647026062012e-01 2.499721050262451172e-01 2.522049248218536377e-01 2.474807798862457275e-01 2.492967545986175537e-01 2.478201538324356079e-01 2.524547874927520752e-01 2.491313517093658447e-01 2.489200979471206665e-01 2.483939379453659058e-01
2.537654936313629150e-01 2.512164711952209473e-01 2.484349608421325684e-01 2.487537115812301636e-01 2.524521946907043457e-01 2.495812177658081055e-01 2.493911087512969971e-01 2.499616295099258423e-01 2.521142661571502686e-01 2.477879226207733154e-01 2.491533309221267700e-01 2.482592016458511353e-01 2.526189684867858887e-01 2.489824444055557251e-01 2.489399760961532593e-01 2.485860586166381836e-01
2.538048326969146729e-01 2.508730292320251465e-01 2.484212964773178101e-01 2.488913238048553467e-01 2.527742385864257812e-01 2.493579685688018799e-01 2.490924894809722900e-01 2.495724856853485107e-01 2.522576153278350830e-01 2.479595839977264404e-01 2.492124438285827637e-01 2.482799738645553589e-01 2.529365718364715576e-01 2.487851083278656006e-01 2.488695085048675537e-01 2.489105015993118286e-01
2.538627386093139648e-01 2.508531510829925537e-01 2.481337785720825195e-01 2.496089935302734375e-01 2.526750564575195312e-01 2.483358830213546753e-01 2.489909231662750244e-01 2.491438686847686768e-01 2.525338530540466309e-01 2.482167929410934448e-01 2.495471239089965820e-01 2.488718479871749878e-01 2.528658509254455566e-01 2.485407143831253052e-01 2.486872375011444092e-01 2.491310834884643555e-01
2.533142864704132080e-01 2.504101097583770752e-01 2.482006996870040894e-01 2.493976056575775146e-01 2.529134154319763184e-01 2.483079582452774048e-01 2.489847987890243530e-01 2.493219375610351562e-01 2.523683905601501465e-01 2.483493238687515259e-01 2.492553144693374634e-01 2.490590810775756836e-01 2.527818381786346436e-01 2.490007877349853516e-01 2.487266510725021362e-01 2.496065795421600342e-01
2.529689967632293701e-01 2.499592751264572144e-01 2.481834441423416138e-01 2.496545463800430298e-01 2.531210780143737793e-01 2.480757236480712891e-01 2.490516155958175659e-01 2.492233216762542725e-01 2.521677017211914062e-01 2.484548538923263550e-01 2.492591589689254761e-01 2.492509782314300537e-01 2.525876164436340332e-01 2.496170550584793091e-01 2.490807473659515381e-01 2.493427097797393799e-01
2.532090544700622559e-01 2.495370656251907349e-01 2.484525591135025024e-01 2.495059520006179810e-01 2.535476982593536377e-01 2.483176589012145996e-01 2.493683546781539917e-01 2.490192651748657227e-01 2.524217963218688965e-01 2.486507296562194824e-01 2.491958737373352051e-01 2.490446120500564575e-01 2.521714568138122559e-01 2.492883354425430298e-01 2.490789294242858887e-01 2.491893619298934937e-01
2.531861364841461182e-01 2.493429183959960938e-01 2.485026121139526367e-01 2.492123991250991821e-01 2.534779012203216553e-01 2.484787106513977051e-01 2.497652322053909302e-01 2.492351680994033813e-01 2.523357272148132324e-01 2.487600296735763550e-01 2.490577846765518188e-01 2.490912824869155884e-01 2.522862553596496582e-01 2.492145299911499023e-01 2.490453720092773438e-01 2.490065246820449829e-01
2.529855668544769287e-01 2.490844279527664185e-01 2.487798780202865601e-01 2.494703084230422974e-01 2.532435953617095947e-01 2.483638972043991089e-01 2.495970129966735840e-01 2.491119205951690674e-01 2.528277933597564697e-01 2.486107796430587769e-01 2.491217851638793945e-01 2.490085214376449585e-01 2.526026070117950439e-01 2.488736659288406372e-01 2.492431104183197021e-01 2.490737289190292358e-01
2.529095709323883057e-01 2.494211345911026001e-01 2.488464415073394775e-01 2.494982779026031494e-01 2.531347572803497314e-01 2.483495026826858521e-01 2.493820488452911377e-01 2.494749724864959717e-01 2.528910636901855469e-01 2.485569417476654053e-01 2.489793747663497925e-01 2.490505427122116089e-01 2.525897026062011719e-01 2.490634471178054810e-01 2.489804327487945557e-01 2.488703876733779907e-01
2.526777386665344238e-01 2.492239028215408325e-01 2.489453554153442383e-01 2.499094903469085693e-01 2.528802752494812012e-01 2.485204935073852539e-01 2.494497448205947876e-01 2.492071241140365601e-01 2.526623606681823730e-01 2.485747784376144409e-01 2.490672469139099121e-01 2.491303235292434692e-01 2.525084912776947021e-01 2.493518441915512085e-01 2.492496818304061890e-01 2.486397176980972290e-01
2.527006268501281738e-01 2.491917759180068970e-01 2.488248199224472046e-01 2.499987632036209106e-01 2.527892291545867920e-01 2.483255863189697266e-01 2.494734078645706177e-01 2.490732222795486450e-01 2.525430321693420410e-01 2.488462924957275391e-01 2.489836066961288452e-01 2.493115514516830444e-01 2.525148987770080566e-01 2.494139373302459717e-01 2.493106275796890259e-01 2.486970424652099609e-01
2.522531151771545410e-01 2.494590431451797485e-01 2.487987428903579712e-01 2.496821135282516479e-01 2.530139386653900146e-01 2.485386431217193604e-01 2.494414746761322021e-01 2.490689754486083984e-01 2.525952458381652832e-01 2.487686723470687866e-01 2.486736178398132324e-01 2.496429830789566040e-01 2.522757351398468018e-01 2.495834082365036011e-01 2.493853121995925903e-01 2.488173693418502808e-01
2.524130046367645264e-01 2.495073825120925903e-01 2.489544004201889038e-01 2.497342973947525024e-01 2.531126737594604492e-01 2.485207617282867432e-01 2.493134737014770508e-01 2.491202503442764282e-01 2.522332370281219482e-01 2.487403303384780884e-01 2.490079551935195923e-01 2.494611889123916626e-01 2.521551549434661865e-01 2.495112717151641846e-01 2.492947131395339966e-01 2.489182949066162109e-01
2.523575723171234131e-01 2.493987828493118286e-01 2.489697188138961792e-01 2.499718815088272095e-01 2.526561617851257324e-01 2.484419792890548706e-01 2.493160963058471680e-01 2.488884776830673218e-01 2.523234784603118896e-01 2.489525228738784790e-01 2.490634918212890625e-01 2.493876665830612183e-01 2.524826824665069580e-01 2.495672553777694702e-01 2.490476518869400024e-01 2.491728812456130981e-01
2.524430751800537109e-01 2.492702454328536987e-01 2.491655200719833374e-01 2.500220835208892822e-01 2.522547543048858643e-01 2.484670728445053101e-01 2.490560710430145264e-01 2.488797456026077271e-01 2.525040209293365479e-01 2.490829825401306152e-01 2.491517812013626099e-01 2.494317442178726196e-01 2.527011334896087646e-01 2.492471337318420410e-01 2.490609735250473022e-01 2.492599040269851685e-01
2.527382075786590576e-01 2.488159686326980591e-01 2.490381002426147461e-01 2.498126775026321411e-01 2.525211274623870850e-01 2.486914694309234619e-01 2.490408718585968018e-01 2.486500293016433716e-01 2.527853846549987793e-01 2.491615414619445801e-01 2.495000064373016357e-01 2.493629455566406250e-01 2.525828182697296143e-01 2.487145662307739258e-01 2.491025924682617188e-01 2.494798749685287476e-01
2.526891231536865234e-01 2.489280402660369873e-01 2.489702403545379639e-01 2.495590597391128540e-01 2.525253295898437500e-01 2.488023936748504639e-01 2.491782456636428833e-01 2.486776858568191528e-01 2.529129683971405029e-01 2.492059320211410522e-01 2.494499236345291138e-01 2.492462396621704102e-01 2.526721358299255371e-01 2.487125247716903687e-01 2.492249459028244019e-01 2.492433786392211914e-01
2.527155876159667969e-01 2.490542382001876831e-01 2.489252388477325439e-01 2.495212852954864502e-01 2.528682947158813477e-01 2.489066720008850098e-01 2.490979582071304321e-01 2.484863996505737305e-01 2.528625130653381348e-01 2.494231611490249634e-01 2.493139952421188354e-01 2.490570396184921265e-01 2.527800798416137695e-01 2.486364841461181641e-01 2.491814196109771729e-01 2.491676658391952515e-01
2.527424693107604980e-01 2.489045560359954834e-01 2.492406219244003296e-01 2.495391666889190674e-01 2.527339756488800049e-01 2.486303299665451050e-01 2.492575794458389282e-01 2.488816529512405396e-01 2.528833746910095215e-01 2.492188066244125366e-01 2.491018474102020264e-01 2.491503059864044189e-01 2.527487576007843018e-01 2.487371265888214111e-01 2.490052431821823120e-01 2.492223083972930908e-01
2.526973485946655273e-01 2.489727139472961426e-01 2.496133148670196533e-01 2.494593262672424316e-01 2.523942589759826660e-01 2.488196194171905518e-01 2.493930310010910034e-01 2.488812059164047241e-01 2.529888749122619629e-01 2.490302622318267822e-01 2.491867393255233765e-01 2.487219721078872681e-01 2.525364160537719727e-01 2.491155266761779785e-01 2.488157600164413452e-01 2.493715733289718628e-01
2.525105476379394531e-01 2.488969266414642334e-01 2.494519650936126709e-01 2.492992430925369263e-01 2.525146007537841797e-01 2.490407079458236694e-01 2.491952329874038696e-01 2.488138973712921143e-01 2.529980242252349854e-01 2.492041289806365967e-01 2.490077018737792969e-01 2.488223165273666382e-01 2.526709437370300293e-01 2.489998042583465576e-01 2.489627897739410400e-01 2.496090829372406006e-01
2.524488270282745361e-01 2.488525658845901489e-01 2.493388801813125610e-01 2.492239326238632202e-01 2.522701621055603027e-01 2.489227503538131714e-01 2.493485659360885620e-01 2.488654404878616333e-01 2.530069947242736816e-01 2.493164539337158203e-01 2.490671128034591675e-01 2.487516254186630249e-01 2.527484893798828125e-01 2.491533607244491577e-01 2.490342557430267334e-01 2.496484071016311646e-01
2.527490854263305664e-01 2.489516139030456543e-01 2.494050711393356323e-01 2.492412328720092773e-01 2.523370385169982910e-01 2.488942146301269531e-01 2.493801862001419067e-01 2.488903403282165527e-01 2.529447674751281738e-01 2.492179870605468750e-01 2.488773316144943237e-01 2.486848831176757812e-01 2.524435222148895264e-01 2.493400722742080688e-01 2.489337027072906494e-01 2.497067600488662720e-01
2.528186142444610596e-01 2.492864429950714111e-01 2.489669173955917358e-01 2.490099072456359863e-01 2.526929080486297607e-01 2.488880306482315063e-01 2.495640069246292114e-01 2.485975772142410278e-01 2.528642416000366211e-01 2.491421252489089966e-01 2.491206079721450806e-01 2.485665231943130493e-01 2.524906992912292480e-01 2.493200898170471191e-01 2.489665150642395020e-01 2.497026324272155762e-01
2.526960670948028564e-01 2.490694373846054077e-01 2.491318732500076294e-01 2.490962296724319458e-01 2.526263892650604248e-01 2.490332871675491333e-01 2.494191229343414307e-01 2.485485374927520752e-01 2.527676820755004883e-01 2.488972991704940796e-01 2.491754144430160522e-01 2.485830187797546387e-01 2.526372969150543213e-01 2.493647634983062744e-01 2.491475641727447510e-01 2.498036623001098633e-01
2.526995241641998291e-01 2.492719739675521851e-01 2.487805038690567017e-01 2.493144273757934570e-01 2.524150013923645020e-01 2.489631325006484985e-01 2.494653463363647461e-01 2.485792487859725952e-01 2.528642117977142334e-01 2.488194853067398071e-01 2.489792406558990479e-01 2.487230002880096436e-01 2.524904608726501465e-01 2.497097700834274292e-01 2.491254210472106934e-01 2.497969120740890503e-01
2.522845566272735596e-01 2.495754808187484741e-01 2.487603276968002319e-01 2.494151741266250610e-01 2.524937093257904053e-01 2.493805885314941406e-01 2.493282407522201538e-01 2.489518821239471436e-01 2.527058124542236328e-01 2.485176920890808105e-01 2.493338584899902344e-01 2.487045377492904663e-01 2.525089085102081299e-01 2.495836317539215088e-01 2.490034550428390503e-01 2.494496852159500122e-01
2.523331642150878906e-01 2.494628578424453735e-01 2.490668445825576782e-01 2.492953538894653320e-01 2.529835700988769531e-01 2.491782605648040771e-01 2.491754591464996338e-01 2.491491138935089111e-01 2.528184354305267334e-01 2.486395984888076782e-01 2.491174340248107910e-01 2.486484795808792114e-01 2.523154318332672119e-01 2.494071274995803833e-01 2.487496435642242432e-01 2.496568113565444946e-01
2.524651885032653809e-01 2.494094967842102051e-01 2.492341846227645874e-01 2.492389976978302002e-01 2.527292072772979736e-01 2.490687966346740723e-01 2.490186244249343872e-01 2.493075728416442871e-01 2.528901398181915283e-01 2.488387078046798706e-01 2.490231245756149292e-01 2.487522959709167480e-01 2.523294687271118164e-01 2.493836581707000732e-01 2.487328201532363892e-01 2.495752573013305664e-01
2.526136338710784912e-01 2.496401071548461914e-01 2.490425854921340942e-01 2.490004450082778931e-01 2.528238594532012939e-01 2.491388022899627686e-01 2.490766197443008423e-01 2.491370886564254761e-01 2.528913319110870361e-01 2.487673461437225342e-01 2.491173148155212402e-01 2.487550675868988037e-01 2.525777518749237061e-01 2.491749972105026245e-01 2.489002048969268799e-01 2.493403702974319458e-01
2.523588538169860840e-01 2.499552220106124878e-01 2.488165348768234253e-01 2.488716840744018555e-01 2.527176141738891602e-01 2.493739873170852661e-01 2.490739971399307251e-01 2.490172833204269409e-01 2.532802820205688477e-01 2.488591820001602173e-01 2.490414828062057495e-01 2.486220151185989380e-01 2.528270184993743896e-01 2.490711063146591187e-01 2.487433105707168579e-01 2.493678182363510132e-01
2.521678209304809570e-01 2.502332627773284912e-01 2.489205598831176758e-01 2.491208016872406006e-01 2.526768445968627930e-01 2.491767406463623047e-01 2.491711676120758057e-01 2.489700913429260254e-01 2.532404661178588867e-01 2.489663660526275635e-01 2.490689456462860107e-01 2.484759539365768433e-01 2.527362406253814697e-01 2.489409297704696655e-01 2.489635646343231201e-01 2.491675317287445068e-01
2.523355484008789062e-01 2.499789148569107056e-01 2.488143444061279297e-01 2.488862276077270508e-01 2.527339756488800049e-01 2.493591755628585815e-01 2.491621226072311401e-01 2.489476054906845093e-01 2.532056570053100586e-01 2.490379363298416138e-01 2.490450143814086914e-01 2.487528622150421143e-01 2.528890371322631836e-01 2.490515410900115967e-01 2.490396201610565186e-01 2.487576901912689209e-01
2.525188028812408447e-01 2.494497299194335938e-01 2.488724887371063232e-01 2.489271163940429688e-01 2.527062594890594482e-01 2.492748200893402100e-01 2.491602450609207153e-01 2.487866878509521484e-01 2.532145380973815918e-01 2.492403388023376465e-01 2.491626739501953125e-01 2.492487877607345581e-01 2.528086006641387939e-01 2.490441352128982544e-01 2.488667219877243042e-01 2.487153261899948120e-01
2.527687251567840576e-01 2.493648827075958252e-01 2.487810403108596802e-01 2.486996948719024658e-01 2.528297901153564453e-01 2.493821829557418823e-01 2.492966204881668091e-01 2.489319890737533569e-01 2.533629238605499268e-01 2.493356019258499146e-01 2.491766810417175293e-01 2.492513954639434814e-01 2.526625692844390869e-01 2.489845454692840576e-01 2.487489134073257446e-01 2.484195828437805176e-01
2.524413168430328369e-01 2.494035065174102783e-01 2.489097416400909424e-01 2.489430755376815796e-01 2.529040277004241943e-01 2.492246031761169434e-01 2.489252686500549316e-01 2.488846927881240845e-01 2.531281113624572754e-01 2.495145350694656372e-01 2.489615529775619507e-01 2.491544783115386963e-01 2.525417804718017578e-01 2.493408620357513428e-01 2.491667270660400391e-01 2.485527247190475464e-01
2.524435818195343018e-01 2.493975609540939331e-01 2.487583905458450317e-01 2.488297671079635620e-01 2.531245052814483643e-01 2.490468174219131470e-01 2.487490624189376831e-01 2.491120845079421997e-01 2.530268430709838867e-01 2.490413188934326172e-01 2.489605396986007690e-01 2.493310272693634033e-01 2.531343102455139160e-01 2.494409829378128052e-01 2.488973438739776611e-01 2.487028688192367554e-01
2.524011731147766113e-01 2.492032647132873535e-01 2.488524317741394043e-01 2.488989531993865967e-01 2.531479597091674805e-01 2.488860487937927246e-01 2.485006302595138550e-01 2.491114288568496704e-01 2.529814541339874268e-01 2.491656839847564697e-01 2.491363584995269775e-01 2.494680136442184448e-01 2.532076239585876465e-01 2.493658810853958130e-01 2.488968968391418457e-01 2.487732470035552979e-01
2.520000636577606201e-01 2.491697371006011963e-01 2.489998489618301392e-01 2.488848716020584106e-01 2.530339062213897705e-01 2.487987130880355835e-01 2.488300800323486328e-01 2.491301149129867554e-01 2.529032230377197266e-01 2.492366880178451538e-01 2.491097897291183472e-01 2.494125366210937500e-01 2.532812356948852539e-01 2.492892146110534668e-01 2.490165978670120239e-01 2.489003390073776245e-01
2.523625791072845459e-01 2.494133412837982178e-01 2.487350851297378540e-01 2.491703182458877563e-01 2.527969479560852051e-01 2.487504631280899048e-01 2.489059269428253174e-01 2.490635365247726440e-01 2.529910206794738770e-01 2.490876168012619019e-01 2.490608394145965576e-01 2.493970394134521484e-01 2.530832290649414062e-01 2.493209540843963623e-01 2.490169852972030640e-01 2.488410025835037231e-01
2.521245479583740234e-01 2.493337243795394897e-01 2.491113245487213135e-01 2.490071952342987061e-01 2.528245449066162109e-01 2.486728280782699585e-01 2.488050013780593872e-01 2.487306892871856689e-01 2.531753480434417725e-01 2.493775039911270142e-01 2.491805404424667358e-01 2.492071241140365601e-01 2.529959678649902344e-01 2.493486851453781128e-01 2.491542994976043701e-01 2.489475160837173462e-01
2.520618736743927002e-01 2.491249740123748779e-01 2.488545179367065430e-01 2.490048259496688843e-01 2.527956366539001465e-01 2.488438338041305542e-01 2.488319724798202515e-01 2.489142417907714844e-01 2.532080113887786865e-01 2.494155168533325195e-01 2.490402609109878540e-01 2.491996288299560547e-01 2.527886927127838135e-01 2.493600547313690186e-01 2.493120729923248291e-01 2.492405921220779419e-01
2.522827088832855225e-01 2.491616159677505493e-01 2.489857375621795654e-01 2.490714937448501587e-01 2.529520988464355469e-01 2.488075047731399536e-01 2.490317970514297485e-01 2.488439381122589111e-01 2.533412277698516846e-01 2.491975426673889160e-01 2.487869560718536377e-01 2.490681707859039307e-01 2.525999546051025391e-01 2.494454681873321533e-01 2.493826001882553101e-01 2.490379810333251953e-01
2.523884177207946777e-01 2.489898949861526489e-01 2.492183744907379150e-01 2.491560280323028564e-01 2.528548240661621094e-01 2.486727237701416016e-01 2.489171922206878662e-01 2.491002082824707031e-01 2.529947459697723389e-01 2.490961104631423950e-01 2.489183992147445679e-01 2.490967363119125366e-01 2.529810369014739990e-01 2.493050992488861084e-01 2.492561787366867065e-01 2.490507066249847412e-01
2.525604069232940674e-01 2.487842440605163574e-01 2.492655664682388306e-01 2.489650547504425049e-01 2.528445422649383545e-01 2.488151788711547852e-01 2.488400340080261230e-01 2.494235783815383911e-01 2.533098757266998291e-01 2.491646856069564819e-01 2.488983124494552612e-01 2.490561157464981079e-01 2.532123625278472900e-01 2.489832341670989990e-01 2.490909546613693237e-01 2.487824559211730957e-01
2.526130974292755127e-01 2.485537976026535034e-01 2.492811828851699829e-01 2.492673695087432861e-01 2.528231441974639893e-01 2.488967180252075195e-01 2.487239688634872437e-01 2.491987496614456177e-01 2.529965937137603760e-01 2.491409778594970703e-01 2.488932162523269653e-01 2.493404299020767212e-01 2.530147135257720947e-01 2.491866648197174072e-01 2.490241974592208862e-01 2.490418404340744019e-01
2.527484893798828125e-01 2.486208826303482056e-01 2.492031008005142212e-01 2.490489035844802856e-01 2.528981566429138184e-01 2.487443238496780396e-01 2.489920109510421753e-01 2.491740584373474121e-01 2.529748976230621338e-01 2.493250370025634766e-01 2.489011287689208984e-01 2.490861415863037109e-01 2.530610859394073486e-01 2.490377426147460938e-01 2.492561787366867065e-01 2.489244341850280762e-01
2.528465390205383301e-01 2.486600875854492188e-01 2.492036819458007812e-01 2.489210367202758789e-01 2.529807090759277344e-01 2.488944977521896362e-01 2.491772770881652832e-01 2.489018589258193970e-01 2.529792487621307373e-01 2.492559105157852173e-01 2.490758746862411499e-01 2.489709556102752686e-01 2.529160678386688232e-01 2.492215186357498169e-01 2.492644488811492920e-01 2.487267404794692993e-01
2.525635659694671631e-01 2.486944347620010376e-01 2.493325471878051758e-01 2.487510144710540771e-01 2.530205547809600830e-01 2.487824261188507080e-01 2.492440640926361084e-01 2.491115182638168335e-01 2.529814243316650391e-01 2.491478919982910156e-01 2.491379976272583008e-01 2.490629106760025024e-01 2.528952658176422119e-01 2.490800023078918457e-01 2.492163032293319702e-01 2.489745318889617920e-01
2.526680231094360352e-01 2.489022165536880493e-01 2.491456121206283569e-01 2.486432641744613647e-01 2.531792223453521729e-01 2.490492761135101318e-01 2.490263730287551880e-01 2.491983920335769653e-01 2.531476318836212158e-01 2.492721974849700928e-01 2.492361068725585938e-01 2.489092350006103516e-01 2.527616322040557861e-01 2.489568740129470825e-01 2.490338832139968872e-01 2.488663643598556519e-01
2.525835335254669189e-01 2.486986666917800903e-01 2.490036040544509888e-01 2.488282918930053711e-01 2.531656920909881592e-01 2.490501999855041504e-01 2.491726130247116089e-01 2.492391765117645264e-01 2.528672516345977783e-01 2.493316978216171265e-01 2.495123594999313354e-01 2.491279244422912598e-01 2.525179684162139893e-01 2.490383982658386230e-01 2.491060197353363037e-01 2.487529069185256958e-01
2.526178359985351562e-01 2.489555329084396362e-01 2.488836199045181274e-01 2.488723546266555786e-01 2.530201971530914307e-01 2.488329857587814331e-01 2.490646243095397949e-01 2.491651326417922974e-01 2.528614699840545654e-01 2.494435608386993408e-01 2.494764626026153564e-01 2.491027861833572388e-01 2.526520192623138428e-01 2.490277886390686035e-01 2.490028887987136841e-01 2.490170150995254517e-01
2.530098259449005127e-01 2.489231228828430176e-01 2.487614601850509644e-01 2.486221939325332642e-01 2.528161406517028809e-01 2.491915971040725708e-01 2.490819096565246582e-01 2.489712685346603394e-01 2.526531517505645752e-01 2.496195733547210693e-01 2.495387196540832520e-01 2.491177469491958618e-01 2.525707483291625977e-01 2.488954961299896240e-01 2.492429763078689575e-01 2.489802837371826172e-01
2.527605593204498291e-01 2.489843070507049561e-01 2.488718777894973755e-01 2.486956268548965454e-01 2.525527477264404297e-01 2.489531785249710083e-01 2.491806000471115112e-01 2.491887509822845459e-01 2.524597942829132080e-01 2.496408373117446899e-01 2.495720237493515015e-01 2.491591125726699829e-01 2.527672350406646729e-01 2.488960623741149902e-01 2.492276430130004883e-01 2.490858137607574463e-01
2.526956200599670410e-01 2.488642483949661255e-01 2.490804344415664673e-01 2.486656308174133301e-01 2.526083588600158691e-01 2.486896365880966187e-01 2.489155828952789307e-01 2.491881102323532104e-01 2.525335252285003662e-01 2.493769526481628418e-01 2.495598345994949341e-01 2.491534352302551270e-01 2.529821991920471191e-01 2.491306215524673462e-01 2.495219856500625610e-01 2.490299493074417114e-01
2.526049911975860596e-01 2.487350851297378540e-01 2.490751296281814575e-01 2.482373714447021484e-01 2.527038753032684326e-01 2.485284209251403809e-01 2.488464266061782837e-01 2.489898800849914551e-01 2.527986466884613037e-01 2.494155168533325195e-01 2.497724592685699463e-01 2.495129257440567017e-01 2.531068027019500732e-01 2.491310089826583862e-01 2.495138943195343018e-01 2.490236014127731323e-01
2.524226605892181396e-01 2.488670051097869873e-01 2.491882294416427612e-01 2.489771842956542969e-01 2.526123225688934326e-01 2.487504929304122925e-01 2.489110529422760010e-01 2.486934065818786621e-01 2.526718676090240479e-01 2.494201064109802246e-01 2.499571889638900757e-01 2.492505162954330444e-01 2.527901828289031982e-01 2.487684488296508789e-01 2.496111392974853516e-01 2.491041719913482666e-01
2.524614334106445312e-01 2.487764805555343628e-01 2.493712157011032104e-01 2.491789907217025757e-01 2.525667846202850342e-01 2.488168179988861084e-01 2.487562149763107300e-01 2.490679025650024414e-01 2.526716887950897217e-01 2.492888122797012329e-01 2.494555711746215820e-01 2.495536506175994873e-01 2.528494596481323242e-01 2.487670332193374634e-01 2.496789842844009399e-01 2.487348616123199463e-01
2.524072527885437012e-01 2.486131489276885986e-01 2.494222968816757202e-01 2.492880672216415405e-01 2.526302337646484375e-01 2.489048689603805542e-01 2.490068227052688599e-01 2.490091472864151001e-01 2.527418434619903564e-01 2.493264377117156982e-01 2.492788136005401611e-01 2.494912594556808472e-01 2.528792619705200195e-01 2.489929199218750000e-01 2.492566257715225220e-01 2.487468421459197998e-01
2.524136900901794434e-01 2.486899346113204956e-01 2.494703978300094604e-01 2.491592615842819214e-01 2.526076734066009521e-01 2.491042762994766235e-01 2.489147037267684937e-01 2.487757056951522827e-01 2.528717815876007080e-01 2.492241114377975464e-01 2.491650283336639404e-01 2.497507333755493164e-01 2.526517212390899658e-01 2.489519417285919189e-01 2.494010627269744873e-01 2.488437145948410034e-01
2.524056136608123779e-01 2.491425722837448120e-01 2.492523938417434692e-01 2.490103244781494141e-01 2.527760267257690430e-01 2.490616440773010254e-01 2.489977777004241943e-01 2.488237917423248291e-01 2.526399195194244385e-01 2.494155317544937134e-01 2.490736544132232666e-01 2.499696612358093262e-01 2.524701058864593506e-01 2.487396448850631714e-01 2.491953969001770020e-01 2.490216791629791260e-01
2.525597512722015381e-01 2.491298317909240723e-01 2.493500560522079468e-01 2.486586421728134155e-01 2.526334226131439209e-01 2.491410225629806519e-01 2.488797158002853394e-01 2.490257173776626587e-01 2.527561187744140625e-01 2.498023658990859985e-01 2.489455491304397583e-01 2.499472200870513916e-01 2.523791193962097168e-01 2.485581636428833008e-01 2.489772737026214600e-01 2.492517381906509399e-01
2.526990473270416260e-01 2.488131970167160034e-01 2.493651360273361206e-01 2.487974762916564941e-01 2.529598772525787354e-01 2.488529831171035767e-01 2.489602118730545044e-01 2.488694190979003906e-01 2.527183592319488525e-01 2.496670186519622803e-01 2.489275038242340088e-01 2.497337758541107178e-01 2.527515292167663574e-01 2.485233992338180542e-01 2.490454912185668945e-01 2.493113130331039429e-01
2.528677582740783691e-01 2.489158958196640015e-01 2.489717602729797363e-01 2.491178959608078003e-01 2.525798976421356201e-01 2.488496154546737671e-01 2.485802322626113892e-01 2.489692270755767822e-01 2.528461813926696777e-01 2.497235834598541260e-01 2.488647699356079102e-01 2.497039884328842163e-01 2.529824376106262207e-01 2.486158460378646851e-01 2.493290007114410400e-01 2.490775138139724731e-01
2.525284588336944580e-01 2.488943636417388916e-01 2.493328303098678589e-01 2.490590214729309082e-01 2.527949810028076172e-01 2.487563192844390869e-01 2.487835586071014404e-01 2.490270882844924927e-01 2.528478205204010010e-01 2.497636079788208008e-01 2.487372159957885742e-01 2.495536804199218750e-01 2.530881762504577637e-01 2.487850040197372437e-01 2.492287606000900269e-01 2.488147169351577759e-01
2.524706423282623291e-01 2.491201311349868774e-01 2.492707222700119019e-01 2.491582632064819336e-01 2.530372738838195801e-01 2.487725168466567993e-01 2.489962428808212280e-01 2.489376664161682129e-01 2.528296709060668945e-01 2.492402791976928711e-01 2.486629933118820190e-01 2.494345754384994507e-01 2.529653608798980713e-01 2.490795105695724487e-01 2.492283731698989868e-01 2.487913966178894043e-01
2.527248561382293701e-01 2.489331364631652832e-01 2.492886185646057129e-01 2.489023059606552124e-01 2.528669834136962891e-01 2.487231492996215820e-01 2.489011287689208984e-01 2.488406598567962646e-01 2.528123557567596436e-01 2.490790039300918579e-01 2.487791180610656738e-01 2.497149258852005005e-01 2.527105510234832764e-01 2.492216229438781738e-01 2.493909746408462524e-01 2.491060793399810791e-01
2.527852654457092285e-01 2.488373667001724243e-01 2.492728531360626221e-01 2.489222586154937744e-01 2.528363168239593506e-01 2.486392557621002197e-01 2.493111491203308105e-01 2.487174719572067261e-01 2.527697682380676270e-01 2.490357756614685059e-01 2.487606555223464966e-01 2.494465857744216919e-01 2.527891397476196289e-01 2.493019700050354004e-01 2.494442611932754517e-01 2.491253316402435303e-01
2.528175711631774902e-01 2.485972344875335693e-01 2.493935674428939819e-01 2.493059784173965454e-01 2.529753446578979492e-01 2.486719936132431030e-01 2.489740550518035889e-01 2.487378120422363281e-01 2.527795135974884033e-01 2.490004599094390869e-01 2.489201277494430542e-01 2.493852376937866211e-01 2.527093589305877686e-01 2.491163164377212524e-01 2.494374513626098633e-01 2.491732984781265259e-01
2.530955374240875244e-01 2.483693659305572510e-01 2.495344877243041992e-01 2.493530958890914917e-01 2.529529929161071777e-01 2.488015592098236084e-01 2.489120513200759888e-01 2.484897077083587646e-01 2.530907094478607178e-01 2.493653446435928345e-01 2.488550543785095215e-01 2.490676492452621460e-01 2.526136934757232666e-01 2.491286844015121460e-01 2.493857145309448242e-01 2.489796429872512817e-01
2.529178857803344727e-01 2.482856065034866333e-01 2.494702786207199097e-01 2.492244839668273926e-01 2.527920007705688477e-01 2.489612400531768799e-01 2.488353848457336426e-01 2.488397508859634399e-01 2.531853020191192627e-01 2.490599751472473145e-01 2.490611076354980469e-01 2.491067349910736084e-01 2.523365318775177002e-01 2.493131607770919800e-01 2.496178001165390015e-01 2.489879876375198364e-01
2.528748512268066406e-01 2.483572214841842651e-01 2.494784146547317505e-01 2.490404546260833740e-01 2.525233626365661621e-01 2.489383518695831299e-01 2.488273084163665771e-01 2.487230449914932251e-01 2.531217932701110840e-01 2.492104917764663696e-01 2.489513158798217773e-01 2.492544054985046387e-01 2.526271045207977295e-01 2.494231313467025757e-01 2.496590018272399902e-01 2.489849925041198730e-01
2.526235282421112061e-01 2.482422739267349243e-01 2.492705583572387695e-01 2.488717138767242432e-01 2.525351643562316895e-01 2.490846961736679077e-01 2.492693215608596802e-01 2.490668892860412598e-01 2.529344260692596436e-01 2.492974996566772461e-01 2.493555247783660889e-01 2.493624538183212280e-01 2.523438930511474609e-01 2.493416815996170044e-01 2.496882230043411255e-01 2.487072646617889404e-01
2.529134154319763184e-01 2.482958883047103882e-01 2.492737472057342529e-01 2.486746609210968018e-01 2.525174915790557861e-01 2.490066885948181152e-01 2.490566223859786987e-01 2.491318881511688232e-01 2.529576718807220459e-01 2.490311414003372192e-01 2.494169175624847412e-01 2.495067566633224487e-01 2.524884045124053955e-01 2.492568045854568481e-01 2.498493790626525879e-01 2.486176788806915283e-01
2.526436150074005127e-01 2.484259158372879028e-01 2.491771578788757324e-01 2.488190084695816040e-01 2.524159848690032959e-01 2.490782588720321655e-01 2.491133511066436768e-01 2.491255402565002441e-01 2.529812455177307129e-01 2.493286281824111938e-01 2.490082532167434692e-01 2.495198845863342285e-01 2.526735067367553711e-01 2.493078857660293579e-01 2.497780770063400269e-01 2.485988289117813110e-01
2.526180148124694824e-01 2.484979778528213501e-01 2.491873353719711304e-01 2.487296313047409058e-01 2.524470090866088867e-01 2.487796843051910400e-01 2.492367625236511230e-01 2.493452280759811401e-01 2.531371116638183594e-01 2.495683431625366211e-01 2.490560859441757202e-01 2.492564171552658081e-01 2.527645528316497803e-01 2.491345703601837158e-01 2.496459037065505981e-01 2.485903650522232056e-01
2.529229819774627686e-01 2.482688128948211670e-01 2.489482015371322632e-01 2.484507262706756592e-01 2.527574300765991211e-01 2.486387044191360474e-01 2.490893602371215820e-01 2.491595447063446045e-01 2.530829310417175293e-01 2.497202455997467041e-01 2.491918057203292847e-01 2.493762373924255371e-01 2.533462941646575928e-01 2.488858252763748169e-01 2.494128048419952393e-01 2.487429380416870117e-01
2.530242204666137695e-01 2.482676655054092407e-01 2.492626160383224487e-01 2.488898485898971558e-01 2.526627182960510254e-01 2.487651258707046509e-01 2.492719739675521851e-01 2.489949017763137817e-01 2.529663443565368652e-01 2.495716214179992676e-01 2.490063756704330444e-01 2.495140433311462402e-01 2.531790733337402344e-01 2.487690746784210205e-01 2.492538690567016602e-01 2.485954761505126953e-01
2.530263960361480713e-01 2.485174834728240967e-01 2.494008541107177734e-01 2.487265318632125854e-01 2.525055408477783203e-01 2.488723397254943848e-01 2.494542002677917480e-01 2.488401383161544800e-01 2.530816793441772461e-01 2.497193217277526855e-01 2.488649040460586548e-01 2.491548210382461548e-01 2.531416118144989014e-01 2.489499151706695557e-01 2.489086687564849854e-01 2.488304376602172852e-01
