# ex_work for 16 qbits with connectivity m in chunks 4
3.516373505723891651e-02 3.516373505723891651e-02 3.516373505723891651e-02 3.516373505723891651e-02 -1.245112338684901676e-01 3.516374571164630064e-02 3.516374571164630064e-02 3.516374571164630064e-02 3.516374571164630064e-02 3.516374571164630064e-02 3.516374571164630064e-02 3.516374571164630064e-02 3.516374571164630064e-02 3.516374571164630064e-02 3.516374571164630064e-02 3.516374571164630064e-02
2.175858813945122025e-02 2.175858813945122025e-02 2.175858813945122025e-02 2.175858813945122025e-02 -1.046528722486569779e-01 1.176872285554614143e-02 -2.728401131869451213e-03 1.272948800858420253e-03 2.175858813945122025e-02 2.175858813945122025e-02 2.175858813945122025e-02 2.175858813945122025e-02 2.175858813945122025e-02 2.175858813945122025e-02 2.175858813945122025e-02 2.175858813945122025e-02
2.167008585015823760e-02 2.167008585015823760e-02 2.167008585015823760e-02 2.167008585015823760e-02 -1.044455376190776275e-01 2.420490877790776232e-03 1.139610234626035066e-03 5.821222823329929436e-03 2.167010614439728380e-02 2.167010614439728380e-02 2.167010614439728380e-02 2.167010614439728380e-02 2.167010614439728380e-02 2.167010614439728380e-02 2.167010614439728380e-02 2.167010614439728380e-02
2.018678511288582444e-02 2.018678511288582444e-02 2.018680529640510743e-02 2.018680529640510743e-02 -9.870462674510761814e-02 -2.109760484052800034e-02 8.203117597973151251e-03 7.495236078711955095e-03 2.018679520464529767e-02 2.018679520464529767e-02 2.018679520464529767e-02 2.018678511288582444e-02 2.018679520464529767e-02 2.018679520464529767e-02 2.018679520464529767e-02 2.018678511288582444e-02
2.082981834474776847e-02 2.082981834474776847e-02 2.082981834474776847e-02 2.082979811324853561e-02 -1.011887212544743259e-01 -1.926525186881654708e-02 1.035307404858785453e-02 1.037890733875837003e-02 2.082981834474776847e-02 2.082981834474776847e-02 2.082981834474776847e-02 2.082980822899802714e-02 2.082980822899802714e-02 2.082981834474776847e-02 2.082980822899802714e-02 2.082980822899802714e-02
2.446352224866383401e-02 2.446352224866383401e-02 2.446352224866383401e-02 2.446352224866383401e-02 -1.113924223866842728e-01 5.425955241107623984e-03 1.810896506865441666e-02 1.033064210250112663e-02 2.446350174551374657e-02 2.446350174551374657e-02 2.446350174551374657e-02 2.446350174551374657e-02 2.446350174551374657e-02 2.446350174551374657e-02 2.446350174551374657e-02 2.446350174551374657e-02
2.187665620718409407e-02 2.187665620718409407e-02 2.187665620718409407e-02 2.187665620718409407e-02 -1.050377432330808214e-01 -1.110399932646378074e-03 9.804254799852647750e-03 2.689221079418756613e-03 2.187663589751600787e-02 2.187663589751600787e-02 2.187664605234988097e-02 2.187663589751600787e-02 2.187663589751600787e-02 2.187663589751600787e-02 2.187663589751600787e-02 2.187663589751600787e-02
2.618898931596767843e-02 2.618898931596767843e-02 2.618898931596767843e-02 2.618898931596767843e-02 -1.145714662440016351e-01 2.201593625833786830e-02 1.629913333241651482e-02 8.940292165867521831e-03 2.618898931596767843e-02 2.618898931596767843e-02 2.618898931596767843e-02 2.618898931596767843e-02 2.618898931596767843e-02 2.618898931596767843e-02 2.618898931596767843e-02 2.618898931596767843e-02
2.116254697853621122e-02 2.116254697853621122e-02 2.116254697853621122e-02 2.116254697853621122e-02 -1.027840765704923359e-01 -1.521742189511264727e-03 -2.013917931968691073e-03 8.020532213949039396e-03 2.116254697853621122e-02 2.116254697853621122e-02 2.116254697853621122e-02 2.116254697853621122e-02 2.116254697853621122e-02 2.116254697853621122e-02 2.116254697853621122e-02 2.116254697853621122e-02
2.192558320539641711e-02 2.192558320539641711e-02 2.192558320539641711e-02 2.192558320539641711e-02 -1.052131514598412393e-01 2.682868298571140613e-03 6.588776358491979339e-03 2.524404284469633671e-03 2.192559336205851181e-02 2.192559336205851181e-02 2.192559336205851181e-02 2.192559336205851181e-02 2.192559336205851181e-02 2.192559336205851181e-02 2.192559336205851181e-02 2.192559336205851181e-02
2.361555881782346003e-02 2.361555881782346003e-02 2.361556903766211246e-02 2.361554859798505393e-02 -1.093238539793138092e-01 5.951783219178331287e-04 2.961140577051451714e-02 -2.718585914071433920e-03 2.361554859798505393e-02 2.361554859798505393e-02 2.361554859798505393e-02 2.361554859798505393e-02 2.361554859798505393e-02 2.361554859798505393e-02 2.361554859798505393e-02 2.361554859798505393e-02
2.287224161221981106e-02 2.287224161221981106e-02 2.287224161221981106e-02 2.287224161221981106e-02 -1.077211291522926356e-01 -3.272829861858035563e-03 1.278637771120168763e-02 1.102324922318298657e-02 2.287224161221981106e-02 2.287224161221981106e-02 2.287224161221981106e-02 2.287224161221981106e-02 2.287224161221981106e-02 2.287224161221981106e-02 2.287224161221981106e-02 2.287224161221981106e-02
2.248105969277386026e-02 2.248105969277386026e-02 2.248106987019093950e-02 2.248104951535703430e-02 -1.066893876886544079e-01 -2.066539082748637419e-03 1.592928104924698149e-02 3.199697750732697840e-03 2.248106987019093950e-02 2.248108004760826853e-02 2.248108004760826853e-02 2.248106987019093950e-02 2.248106987019093950e-02 2.248106987019093950e-02 2.248106987019093950e-02 2.248106987019093950e-02
2.154000320704417201e-02 2.154000320704417201e-02 2.154000320704417201e-02 2.154000320704417201e-02 -1.034869697045727871e-01 -1.425277049391288423e-02 -3.393388791710732350e-03 2.653969290725998603e-02 2.154000320704417548e-02 2.154000320704417548e-02 2.154000320704417548e-02 2.154000320704417548e-02 2.154000320704417548e-02 2.154000320704417548e-02 2.154000320704417548e-02 2.154000320704417548e-02
2.279199304899369449e-02 2.279200323803283468e-02 2.279201342707240507e-02 2.279201342707240507e-02 -1.075907689115745552e-01 6.339201297422790427e-03 3.820326666151792772e-03 9.526337784772324555e-03 2.279201342707231487e-02 2.279201342707231487e-02 2.279201342707231487e-02 2.279201342707231487e-02 2.279201342707231487e-02 2.279201342707231487e-02 2.279201342707231487e-02 2.279201342707231487e-02
2.188674797171208039e-02 2.188674797171208039e-02 2.188674797171208039e-02 2.188674797171208039e-02 -1.050966851354117743e-01 5.227055321850052234e-03 8.195594871904424801e-04 5.387412539442463198e-03 2.188673781650095004e-02 2.188673781650095004e-02 2.188673781650095004e-02 2.188673781650095004e-02 2.188673781650095004e-02 2.188673781650095004e-02 2.188673781650095004e-02 2.188673781650095004e-02
2.220089518111070109e-02 2.220091551500665700e-02 2.220091551500665700e-02 2.220089518111070109e-02 -1.059486394028577444e-01 -3.059049213155240303e-03 1.122869211097752423e-02 6.270824420815159124e-03 2.220091551500665700e-02 2.220091551500665700e-02 2.220091551500665700e-02 2.220091551500665700e-02 2.220091551500665700e-02 2.220091551500665700e-02 2.220092568195497149e-02 2.220091551500665700e-02
2.317489418203171753e-02 2.317489418203171753e-02 2.317489418203171753e-02 2.317489418203171753e-02 -1.079785738135919798e-01 3.751932102351742890e-03 3.451926531258393133e-02 -1.397225174396993230e-02 2.317488397867614736e-02 2.317488397867614736e-02 2.317488397867614736e-02 2.317488397867614736e-02 2.317488397867614736e-02 2.317488397867614736e-02 2.317488397867614736e-02 2.317488397867614736e-02
2.354938022063947714e-02 2.354938022063947714e-02 2.354938022063947714e-02 2.354938022063947714e-02 -1.093299270612406865e-01 -2.887445964779438833e-03 1.868210846041786291e-02 1.068781053841613531e-02 2.354937000327676430e-02 2.354937000327676430e-02 2.354937000327676430e-02 2.354937000327676430e-02 2.354937000327676430e-02 2.354937000327676430e-02 2.354938022063947714e-02 2.354938022063947714e-02
2.348960617794378786e-02 2.348960617794378786e-02 2.348960617794378786e-02 2.348959596281726889e-02 -1.092844707611128618e-01 9.190709016956578534e-03 1.279499167361234854e-02 3.772611849772335331e-03 2.348960617794369418e-02 2.348960617794369418e-02 2.348960617794369418e-02 2.348960617794369418e-02 2.348960617794369418e-02 2.348960617794369418e-02 2.348960617794369418e-02 2.348960617794369418e-02
2.174620629220215540e-02 2.174620629220215540e-02 2.174620629220215540e-02 2.174619614224033298e-02 -1.046372690651630605e-01 2.093239640419534888e-03 -2.028504329125234863e-03 1.009837372803987221e-02 2.174620629220215540e-02 2.174620629220215540e-02 2.174620629220215540e-02 2.174620629220215540e-02 2.174620629220215540e-02 2.174620629220215540e-02 2.174620629220215540e-02 2.174620629220215540e-02
2.390417110885083990e-02 2.390418133948861434e-02 2.390418133948861434e-02 2.390418133948861434e-02 -1.100913805525759737e-01 3.356806521351850085e-03 9.365202852174287071e-04 2.531307755245679539e-02 2.390417110885083643e-02 2.390417110885083643e-02 2.390417110885083643e-02 2.390417110885083643e-02 2.390418133948852414e-02 2.390417110885083643e-02 2.390417110885083643e-02 2.390417110885083643e-02
2.112046560548207219e-02 2.112046560548207219e-02 2.112046560548207219e-02 2.112045547888449781e-02 -1.025078969790745170e-01 -1.087193207395847558e-02 4.976998485430396239e-03 1.009003044673390664e-02 2.112045547888449781e-02 2.112045547888449781e-02 2.112045547888449781e-02 2.112045547888449781e-02 2.112045547888449781e-02 2.112045547888449781e-02 2.112047573207980963e-02 2.112045547888449781e-02
2.158264941164579620e-02 2.158264941164579620e-02 2.158264941164579620e-02 2.158264941164579620e-02 -1.038344194086276845e-01 -1.507674074161896062e-02 1.086152819466898282e-02 1.315120369372109119e-02 2.158262912393909758e-02 2.158262912393909758e-02 2.158264941164579620e-02 2.158262912393909758e-02 2.158262912393909758e-02 2.158262912393909758e-02 2.158262912393909758e-02 2.158262912393909758e-02
2.148590978954521141e-02 2.148591992978687165e-02 2.148591992978687165e-02 2.148590978954521141e-02 -1.033900920978617632e-01 4.346912006964679786e-04 2.300440234513338039e-02 -1.521892182864031419e-02 2.148591992978687165e-02 2.148591992978687165e-02 2.148591992978687165e-02 2.148591992978687165e-02 2.148591992978687165e-02 2.148593007002852148e-02 2.148591992978687165e-02 2.148593007002852148e-02
2.270956830136696553e-02 2.270956830136696553e-02 2.270957848732486212e-02 2.270955811540932567e-02 -1.073133243832696537e-01 3.726106964616495050e-03 1.576320902816527592e-02 -4.065025591261109622e-04 2.270957848732486212e-02 2.270957848732486212e-02 2.270958867328300504e-02 2.270956830136696553e-02 2.270957848732486212e-02 2.270958867328300504e-02 2.270958867328300504e-02 2.270958867328300504e-02
2.588336261962773110e-02 2.588336261962773110e-02 2.588337292440101578e-02 2.588335231485488358e-02 -1.140764830965848436e-01 1.426043017318132967e-02 1.222832589977460895e-02 1.838398122731662102e-02 2.588335231485488358e-02 2.588335231485488358e-02 2.588336261962773457e-02 2.588334201008210544e-02 2.588334201008210544e-02 2.588336261962773457e-02 2.588336261962773457e-02 2.588336261962773457e-02
2.275910635907211349e-02 2.275910635907211349e-02 2.275910635907211349e-02 2.275910635907211349e-02 -1.075007384350579187e-01 7.599701017361445120e-03 9.369272042538186185e-03 2.435157364368703472e-03 2.275910635907211349e-02 2.275910635907211349e-02 2.275911654688167127e-02 2.275910635907211349e-02 2.275910635907211349e-02 2.275910635907211349e-02 2.275910635907211349e-02 2.275910635907211349e-02
2.402496649917936281e-02 2.402494602886358355e-02 2.402496649917936281e-02 2.402494602886358355e-02 -1.104628575064621615e-01 1.336748915152176018e-02 2.271913916910021404e-03 1.465903326941544668e-02 2.402495626402130491e-02 2.402494602886358355e-02 2.402495626402130491e-02 2.402495626402130491e-02 2.402494602886358355e-02 2.402494602886358355e-02 2.402495626402130491e-02 2.402495626402130491e-02
2.064680800717401052e-02 2.064681811609479431e-02 2.064681811609479431e-02 2.064680800717401052e-02 -1.006787151747497583e-01 -1.589793349232197783e-02 1.191218240799877398e-02 3.449770512769577673e-03 2.064681811609479431e-02 2.064681811609479431e-02 2.064681811609479431e-02 2.064679789825347306e-02 2.064679789825347306e-02 2.064680800717401052e-02 2.064681811609479431e-02 2.064679789825347306e-02
2.177150253156684770e-02 2.177150253156684770e-02 2.177150253156684770e-02 2.177150253156684770e-02 -1.044553037122047667e-01 -1.372787448479429427e-02 1.183686075314581247e-02 1.260970833588009529e-02 2.177150253156684770e-02 2.177150253156684770e-02 2.177150253156684770e-02 2.177150253156684770e-02 2.177150253156684770e-02 2.177150253156684770e-02 2.177150253156684770e-02 2.177150253156684770e-02
2.193205049331450190e-02 2.193206065021836154e-02 2.193206065021836154e-02 2.193205049331450190e-02 -1.050314848203920542e-01 -9.447201385125388734e-03 1.617573551359283157e-02 5.417648172977273732e-03 2.193206065021836154e-02 2.193205049331450190e-02 2.193207080712229404e-02 2.193205049331450190e-02 2.193205049331450190e-02 2.193205049331450190e-02 2.193207080712229404e-02 2.193205049331450190e-02
2.336990037813336737e-02 2.336991058878234648e-02 2.336991058878234648e-02 2.336990037813337084e-02 -1.090175953670153575e-01 7.812201298224717011e-03 6.045937987518410286e-03 1.084758183856478035e-02 2.336990037813336737e-02 2.336990037813336737e-02 2.336990037813336737e-02 2.336990037813336737e-02 2.336990037813336737e-02 2.336990037813336737e-02 2.336990037813336737e-02 2.336990037813336737e-02
2.211556296938049435e-02 2.211556296938049435e-02 2.211556296938049435e-02 2.211556296938049435e-02 -1.057501112861362891e-01 9.086614640473724205e-03 3.186611501749786468e-03 1.311982339695744572e-03 2.211555280562162162e-02 2.211555280562162162e-02 2.211556296938049435e-02 2.211555280562162162e-02 2.211555280562162162e-02 2.211555280562162162e-02 2.211555280562162162e-02 2.211555280562162162e-02
2.232231083768840274e-02 2.232231083768840274e-02 2.232232100917279013e-02 2.232232100917279013e-02 -1.062979698477359985e-01 -1.432981900288304682e-03 1.197364212224168341e-02 4.998518235028771156e-03 2.232232100917279013e-02 2.232232100917279013e-02 2.232232100917279013e-02 2.232231083768840274e-02 2.232232100917279013e-02 2.232232100917279013e-02 2.232232100917279013e-02 2.232232100917279013e-02
2.337141856010796839e-02 2.337142877081383949e-02 2.337142877081383949e-02 2.337141856010796839e-02 -1.090210385509074453e-01 9.320029183666495715e-03 9.951160146111352744e-03 5.447602146383477562e-03 2.337140834940235057e-02 2.337141856010797186e-02 2.337142877081383949e-02 2.337140834940234710e-02 2.337140834940234710e-02 2.337140834940234710e-02 2.337142877081383949e-02 2.337140834940234710e-02
2.392539461621815203e-02 2.392540484765008288e-02 2.392539461621815203e-02 2.392539461621815203e-02 -1.101072623532694944e-01 -4.143341239919493164e-03 2.460111351357164092e-02 9.383247805501251579e-03 2.392538438478637383e-02 2.392538438478637383e-02 2.392539461621796815e-02 2.392538438478637383e-02 2.392538438478637383e-02 2.392539461621796815e-02 2.392539461621796815e-02 2.392538438478637383e-02
2.469385165629915668e-02 2.469385165629915668e-02 2.469385165629915668e-02 2.469384139609896028e-02 -1.118567265597879556e-01 5.636511268302796078e-03 1.838975782837158277e-02 1.168755015013680024e-02 2.469383113589910736e-02 2.469384139609896028e-02 2.469386191649933573e-02 2.469383113589910389e-02 2.469383113589910389e-02 2.469383113589910389e-02 2.469385165629915321e-02 2.469385165629915321e-02
1.974203686289541584e-02 1.974204693806945465e-02 1.974204693806945465e-02 1.974203686289541584e-02 -9.728379601964926016e-02 -4.287032616367814075e-03 3.677689714772875915e-03 -9.936985695043486916e-03 1.974202678772154010e-02 1.974202678772154010e-02 1.974203686289541584e-02 1.974202678772154010e-02 1.974202678772154010e-02 1.974202678772154010e-02 1.974204693806945465e-02 1.974203686289541584e-02
2.199037500437357393e-02 2.199039532253875204e-02 2.199039532253875204e-02 2.199038516345603808e-02 -1.052461075491051973e-01 -4.216940056639317987e-03 -9.142701126531182923e-04 1.778722251652462352e-02 2.199037500437357393e-02 2.199037500437357393e-02 2.199039532253875204e-02 2.199037500437357393e-02 2.199037500437357393e-02 2.199038516345603808e-02 2.199038516345603808e-02 2.199037500437357393e-02
2.084088863748770684e-02 2.084088863748770684e-02 2.084089875365066277e-02 2.084088863748770684e-02 -1.014726036846949619e-01 -1.367405857957757279e-02 5.707903644300722432e-03 9.374585925054945354e-03 2.084087852132508051e-02 2.084088863748770684e-02 2.084088863748770684e-02 2.084088863748770684e-02 2.084087852132508051e-02 2.084087852132508051e-02 2.084088863748770684e-02 2.084086840516253397e-02
2.514143574906559098e-02 2.514143574906559098e-02 2.514144602603148385e-02 2.514143574906559098e-02 -1.126297170650527313e-01 -3.552423561836971452e-04 1.485921552457190008e-02 2.504774760658063162e-02 2.514142547209977444e-02 2.514143574906559098e-02 2.514143574906559098e-02 2.514142547209977444e-02 2.514142547209977444e-02 2.514142547209977444e-02 2.514143574906559098e-02 2.514142547209977444e-02
2.470655099877759608e-02 2.470655099877759608e-02 2.470656125945352652e-02 2.470655099877759608e-02 -1.118605966873378876e-01 1.908441887836638887e-02 1.377083914021801428e-02 3.023255843076154328e-03 2.470655099877759608e-02 2.470655099877759608e-02 2.470656125945352305e-02 2.470655099877759261e-02 2.470655099877759261e-02 2.470655099877759261e-02 2.470656125945352305e-02 2.470655099877759261e-02
2.150796275993150514e-02 2.150798304206156392e-02 2.150799318312696801e-02 2.150796275993150167e-02 -1.037811524316119421e-01 7.279368629040370610e-03 1.059939041045488729e-02 -9.865366898966429487e-03 2.150796275993150167e-02 2.150797290099649636e-02 2.150797290099649636e-02 2.150796275993150167e-02 2.150796275993150167e-02 2.150799318312687780e-02 2.150798304206156392e-02 2.150798304206156392e-02
2.323223543812809669e-02 2.323223543812809669e-02 2.323224564362836447e-02 2.323223543812809669e-02 -1.084812737307598168e-01 -7.256954206228319500e-03 2.198981799134407111e-02 9.239535577561882110e-03 2.323224564362836447e-02 2.323223543812809669e-02 2.323224564362836447e-02 2.323222523262808217e-02 2.323222523262808217e-02 2.323224564362836447e-02 2.323224564362836447e-02 2.323223543812809669e-02
1.987390177937039745e-02 1.987390177937039745e-02 1.987390177937039745e-02 1.987390177937039745e-02 -9.785832332757350704e-02 -8.475405961485563133e-03 4.902278907848490325e-03 -5.482366839235451768e-03 1.987389169927979496e-02 1.987389169927979496e-02 1.987391185946124975e-02 1.987389169927979496e-02 1.987389169927979496e-02 1.987389169927979496e-02 1.987390177937039745e-02 1.987389169927979496e-02
2.438819488073421318e-02 2.438819488073421318e-02 2.438819488073421318e-02 2.438819488073421318e-02 -1.112668248541350685e-01 8.746472191450480396e-03 1.279537661707874988e-02 1.162812929015265284e-02 2.438821537824487767e-02 2.438821537824487767e-02 2.438822562700054472e-02 2.438820512948937716e-02 2.438821537824487767e-02 2.438821537824487767e-02 2.438822562700054472e-02 2.438822562700054472e-02
2.459087844946083665e-02 2.459088870580487807e-02 2.459088870580487807e-02 2.459087844946083665e-02 -1.116146860133480495e-01 1.799769651514986817e-03 1.312208509688397341e-02 2.007431851193841946e-02 2.459085793677323953e-02 2.459086819311686808e-02 2.459086819311686808e-02 2.459086819311686808e-02 2.459085793677323953e-02 2.459086819311686808e-02 2.459086819311686808e-02 2.459086819311686808e-02
2.228802620288875685e-02 2.228802620288875685e-02 2.228802620288875685e-02 2.228802620288875685e-02 -1.061417313581007743e-01 -3.453494849273037407e-03 2.632578210007087676e-03 1.615607087191118715e-02 2.228803637309181851e-02 2.228802620288866318e-02 2.228803637309181851e-02 2.228802620288866318e-02 2.228802620288866318e-02 2.228802620288866318e-02 2.228803637309181851e-02 2.228803637309181851e-02
2.267098399547844145e-02 2.267100436450956297e-02 2.267100436450956297e-02 2.267098399547844145e-02 -1.072459888568901287e-01 -5.571362695907318592e-04 8.242187347932722341e-03 1.098291597703419768e-02 2.267098399547844145e-02 2.267098399547844145e-02 2.267100436450956297e-02 2.267097381096321029e-02 2.267098399547844145e-02 2.267098399547844145e-02 2.267098399547844145e-02 2.267098399547844145e-02
1.950449329216889793e-02 1.950449329216889793e-02 1.950450335848723932e-02 1.950449329216889793e-02 -9.626575981908977453e-02 -8.872379528199723225e-03 -1.704521837134365374e-03 -2.726219844671341763e-03 1.950449329216889793e-02 1.950449329216889793e-02 1.950450335848723932e-02 1.950448322585088615e-02 1.950449329216889446e-02 1.950449329216889446e-02 1.950450335848723932e-02 1.950449329216889446e-02
2.300633691655063623e-02 2.300636750771004047e-02 2.300636750771004047e-02 2.300633691655063623e-02 -1.079066806457475158e-01 -2.120748413991138236e-03 2.553185181267949785e-02 -1.331024265161449317e-03 2.300635731065671374e-02 2.300635731065671374e-02 2.300635731065671374e-02 2.300633691655063623e-02 2.300634711360354662e-02 2.300635731065671374e-02 2.300635731065671374e-02 2.300635731065671374e-02
2.260412298659047331e-02 2.260412298659047331e-02 2.260412298659047331e-02 2.260411280457444438e-02 -1.070444017424028033e-01 3.699381985170569539e-03 1.481983784505275584e-02 -3.962453285033938513e-04 2.260409244054295899e-02 2.260411280457444438e-02 2.260414335062311056e-02 2.260409244054295899e-02 2.260409244054295899e-02 2.260409244054295899e-02 2.260414335062311056e-02 2.260411280457444438e-02
2.521463271798631348e-02 2.521464299769462028e-02 2.521467724765838123e-02 2.521462243827808300e-02 -1.128515149091098846e-01 1.536553357097229441e-02 1.904557845823949894e-02 5.430593564238626360e-03 2.521462243827808300e-02 2.521462243827808300e-02 2.521464299769461681e-02 2.521462243827808300e-02 2.521462243827808300e-02 2.521462243827808300e-02 2.521464299769461681e-02 2.521462243827808300e-02
2.620395988667919424e-02 2.620397020347463996e-02 2.620397020347463996e-02 2.620394956988418220e-02 -1.145804333436209049e-01 7.384502828639451580e-03 1.616888317048581838e-02 2.387908595212226426e-02 2.620395988667919424e-02 2.620397020347464342e-02 2.620398052027016200e-02 2.620394956988418220e-02 2.620395988667919424e-02 2.620395988667919424e-02 2.620397020347464342e-02 2.620395988667919424e-02
2.065933739877435713e-02 2.065935761755081229e-02 2.065933739877435713e-02 2.065933739877435713e-02 -1.008548378581304722e-01 -9.080564940080880498e-03 -4.560343394789393573e-03 1.316981260196787781e-02 2.065933739877436059e-02 2.065934750816254828e-02 2.065935761755081229e-02 2.065933739877436059e-02 2.065934750816254828e-02 2.065934750816254828e-02 2.065934750816254828e-02 2.065934750816254828e-02
2.149227451288130558e-02 2.149227451288130558e-02 2.149227451288130558e-02 2.149226437240274803e-02 -1.038788060362249160e-01 2.568875762623567139e-03 6.538826903016384078e-03 -1.417749242429435950e-03 2.149226437240274803e-02 2.149226437240274803e-02 2.149227451288130558e-02 2.149226437240274803e-02 2.149226437240274803e-02 2.149226437240274803e-02 2.149228465336002619e-02 2.149226437240274803e-02
2.009474473672136913e-02 2.009474473672136913e-02 2.009478837638199733e-02 2.009473464839531959e-02 -9.858340108842143790e-02 -1.597536700851735075e-02 1.403915361627170854e-03 8.057582594527887623e-03 2.009472456006952332e-02 2.009472456006952332e-02 2.009474473672136913e-02 2.009472456006952332e-02 2.009472456006952332e-02 2.009474473672136913e-02 2.009474473672136913e-02 2.009473464839531959e-02
2.336374488312892642e-02 2.336373467271044696e-02 2.336374488312892642e-02 2.336373467271044696e-02 -1.088446605764618741e-01 -4.405770205577438578e-03 2.188467077648946144e-02 7.539649158904235086e-03 2.336374488312892642e-02 2.336374488312892642e-02 2.336378909050582792e-02 2.336374488312892642e-02 2.336374488312892642e-02 2.336374488312892642e-02 2.336375509354747873e-02 2.336374488312892642e-02
2.292684535472232915e-02 2.292683516064242255e-02 2.292687929203200692e-02 2.292682496656258881e-02 -1.077742735515048594e-01 -2.944555407787948983e-03 2.189884462838043166e-02 2.263908424010728244e-03 2.292682496656258881e-02 2.292682496656258881e-02 2.292682496656258881e-02 2.292681477248300487e-02 2.292682496656258881e-02 2.292682496656258881e-02 2.292682496656258881e-02 2.292682496656258881e-02
2.475894580533126790e-02 2.475894580533126790e-02 2.475895606796913936e-02 2.475894580533126790e-02 -1.119954009428223707e-01 1.749657360286300742e-02 6.943496564023524456e-03 1.176147863627811062e-02 2.475892528005592744e-02 2.475892528005592744e-02 2.475894580533126790e-02 2.475892528005592397e-02 2.475892528005592397e-02 2.475893554269346930e-02 2.475894580533126790e-02 2.475893554269346930e-02
2.297887448912646832e-02 2.297888468515243282e-02 2.297892882559270794e-02 2.297887448912646832e-02 -1.079691413757471741e-01 1.437487025246070652e-02 1.128112514817313818e-02 -4.138416319002393741e-03 2.297886429310084036e-02 2.297888468515243282e-02 2.297889488117847365e-02 2.297886429310084036e-02 2.297886429310084036e-02 2.297888468515252303e-02 2.297888468515252303e-02 2.297888468515252303e-02
2.223639742689479878e-02 2.223639742689479878e-02 2.223639742689479878e-02 2.223637709034803275e-02 -1.058792942861070951e-01 -5.865991138465535999e-03 -5.282877708308814438e-04 2.146851881498516509e-02 2.223639742689479878e-02 2.223644143827432224e-02 2.223644143827432224e-02 2.223637709034802928e-02 2.223639742689479878e-02 2.223644143827432224e-02 2.223644143827432224e-02 2.223644143827432224e-02
2.309679195170314531e-02 2.309679195170314531e-02 2.309680215213819748e-02 2.309678175126843661e-02 -1.082768022342976560e-01 2.670500244770360253e-05 1.831246104566133792e-02 4.197652350568390790e-03 2.309678175126843661e-02 2.309678175126843661e-02 2.309683611264755007e-02 2.309678175126843661e-02 2.309678175126843661e-02 2.309678175126843661e-02 2.309680215213810381e-02 2.309678175126843661e-02
2.129482383011734731e-02 2.129482383011734731e-02 2.129482383011734731e-02 2.129481369701085453e-02 -1.031244764721228196e-01 -8.067306683367640036e-03 1.208144733679220734e-02 1.888962507593783301e-03 2.129481369701085453e-02 2.129481369701085453e-02 2.129482383011734731e-02 2.129480356390478848e-02 2.129481369701085453e-02 2.129480356390478848e-02 2.129481369701085453e-02 2.129480356390478848e-02
2.222296836957284374e-02 2.222297853734502004e-02 2.222302254639272473e-02 2.222296836957284374e-02 -1.059978182280190001e-01 -4.225351107266117449e-03 9.992513017295130348e-03 8.894682321681541756e-03 2.222297853734502351e-02 2.222297853734502351e-02 2.222297853734502351e-02 2.222296836957284374e-02 2.222296836957284374e-02 2.222297853734502351e-02 2.222297853734502351e-02 2.222297853734502351e-02
2.058780071713109047e-02 2.058784444229836558e-02 2.058784444229836558e-02 2.058779061041252426e-02 -1.003774824192170817e-01 -1.459775085536899400e-02 1.760082118018355124e-02 -4.048890506741905683e-03 2.058779061041252426e-02 2.058780071713109047e-02 2.058784444229836905e-02 2.058777039697605796e-02 2.058778050369420784e-02 2.058779061041252426e-02 2.058779061041252426e-02 2.058780071713109047e-02
2.549944970004647954e-02 2.549947028081009370e-02 2.549947028081009370e-02 2.549944970004647954e-02 -1.131936051823172057e-01 1.092530702266529020e-02 -1.717193014156870442e-03 3.351295225792993993e-02 2.549943940966486675e-02 2.549944970004638586e-02 2.549945999042815825e-02 2.549944970004638586e-02 2.549943940966486675e-02 2.549944970004638586e-02 2.549945999042815825e-02 2.549945999042815825e-02
2.324169153561917583e-02 2.324169153561917583e-02 2.324170174147291434e-02 2.324169153561917583e-02 -1.086716580908597685e-01 1.218676345964011566e-02 1.141512555888227198e-02 8.978461991288123390e-05 2.324167112391245515e-02 2.324168132976560039e-02 2.324168132976560039e-02 2.324167112391245515e-02 2.324167112391245515e-02 2.324168132976560039e-02 2.324168132976560039e-02 2.324168132976560039e-02
2.272138631224815408e-02 2.272138631224815408e-02 2.272142022151743893e-02 2.272136593945047606e-02 -1.073940933092118050e-01 8.812579241263067756e-03 1.059913038720198273e-03 9.213223075530884917e-03 2.272137612584918670e-02 2.272136593945047606e-02 2.272137612584918670e-02 2.272134556665354049e-02 2.272136593945047606e-02 2.272137612584918670e-02 2.272137612584918670e-02 2.272137612584918670e-02
2.207574406677670700e-02 2.207573390450549150e-02 2.207575422904791557e-02 2.207572374223452233e-02 -1.053235784846080075e-01 -5.853650959083725805e-03 2.450941593159007559e-02 -4.902026144918923516e-03 2.207573390450540129e-02 2.207573390450540129e-02 2.207574406677670700e-02 2.207572374223451886e-02 2.207573390450540129e-02 2.207574406677670700e-02 2.207574406677670700e-02 2.207573390450540129e-02
2.149528483417579433e-02 2.149528483417579433e-02 2.149528483417579433e-02 2.149527469358499324e-02 -1.036193026315138932e-01 -5.797631255140872110e-03 2.025017787368590255e-02 -6.359596732974594560e-03 2.149527469358499671e-02 2.149527469358499671e-02 2.149528483417579433e-02 2.149525441240396698e-02 2.149527469358499671e-02 2.149528483417579433e-02 2.149532871683035654e-02 2.149525441240396698e-02
2.347963208396276757e-02 2.347963208396276757e-02 2.347963208396276757e-02 2.347961165445675014e-02 -1.091544245753556797e-01 -3.734474740487360878e-03 1.070112986654709296e-02 1.895095903738284321e-02 2.347961165445675014e-02 2.347962186920954375e-02 2.347963208396276757e-02 2.347961165445675014e-02 2.347961165445675014e-02 2.347961165445675014e-02 2.347963208396276757e-02 2.347961165445675014e-02
2.327665849184043512e-02 2.327665849184043512e-02 2.327666869900225227e-02 2.327665849184043512e-02 -1.086650675408705191e-01 -5.199208836462657253e-03 1.636328414107012311e-02 1.301888233764990702e-02 2.327665849184043512e-02 2.327666869900225227e-02 2.327667890616387514e-02 2.327665849184043512e-02 2.327665849184043512e-02 2.327665849184043512e-02 2.327666869900225227e-02 2.327665849184043512e-02
2.357852711220654804e-02 2.357853733065986418e-02 2.357858157540620656e-02 2.357852711220654804e-02 -1.093059187949105698e-01 1.787357401371823459e-02 -7.623581297245288213e-03 1.667102601437960713e-02 2.357852711220654804e-02 2.357852711220654804e-02 2.357854754911316297e-02 2.357852711220654804e-02 2.357852711220654804e-02 2.357854754911316297e-02 2.357854754911316297e-02 2.357852711220654804e-02
2.098216709523963511e-02 2.098217721667536631e-02 2.098218733811117037e-02 2.098216709523963511e-02 -1.021994606849104953e-01 -2.663274909982965045e-03 1.448965641254069134e-03 3.861663310370062972e-03 2.098218733811117037e-02 2.098218733811117037e-02 2.098222101026652256e-02 2.098217721667527610e-02 2.098218733811116690e-02 2.098222101026652256e-02 2.098222101026652256e-02 2.098218733811116690e-02
2.057491422608493173e-02 2.057491422608493173e-02 2.057495794901562786e-02 2.057490411984730372e-02 -1.005559868565435999e-01 -1.260544061522064947e-02 3.026174180358924808e-03 8.184199724723287966e-03 2.057490411984721351e-02 2.057490411984721351e-02 2.057490411984721351e-02 2.057488390737269648e-02 2.057489401360991510e-02 2.057489401360991510e-02 2.057490411984721351e-02 2.057489401360991510e-02
2.268006614528999404e-02 2.268011023377709476e-02 2.268012041863225886e-02 2.268005596043549954e-02 -1.068247482985914265e-01 -1.084583199730707916e-02 3.115607316783087707e-02 -6.544808371450175138e-04 2.268006614528999404e-02 2.268007633014483201e-02 2.268007633014483201e-02 2.268004577558117157e-02 2.268006614529008771e-02 2.268007633014483201e-02 2.268007633014483201e-02 2.268006614529008771e-02
2.570000432931746071e-02 2.570001462721636237e-02 2.570001462721636237e-02 2.569999403141872557e-02 -1.136218249021988536e-01 1.370190579215897243e-02 2.971196923585315425e-02 5.825868530040752063e-04 2.570000432931746071e-02 2.570000432931746071e-02 2.570005924151256421e-02 2.569999403141872557e-02 2.569999403141872557e-02 2.570000432931746071e-02 2.570001462721635890e-02 2.570000432931746071e-02
2.340873501755620645e-02 2.340874522965764176e-02 2.340874522965764176e-02 2.340871459335391869e-02 -1.090109515409343338e-01 2.067452379380038674e-02 3.782919013544628999e-03 8.202329574826399978e-04 2.340872480545493767e-02 2.340872480545493767e-02 2.340877923275969802e-02 2.340872480545484399e-02 2.340872480545484399e-02 2.340873501755611624e-02 2.340873501755611624e-02 2.340872480545484399e-02
2.257567533655031877e-02 2.257567533655031877e-02 2.257567533655031877e-02 2.257567533655031877e-02 -1.069484026216630523e-01 -4.049862737666239283e-03 9.870726654224105251e-03 1.207346316159960999e-02 2.257568551750330221e-02 2.257569569845653892e-02 2.257573976879992395e-02 2.257565497464501109e-02 2.257566515559758166e-02 2.257569569845653892e-02 2.257573976879992395e-02 2.257567533655031877e-02
2.247475596482526733e-02 2.247476614200625417e-02 2.247476614200625417e-02 2.247475596482526733e-02 -1.066274056771651241e-01 -1.976836076803932182e-03 2.762580291246124814e-04 1.879582128931615859e-02 2.247474578764444009e-02 2.247475596482526733e-02 2.247476614200625417e-02 2.247474578764444009e-02 2.247475596482526733e-02 2.247476614200625417e-02 2.247476614200625417e-02 2.247475596482526733e-02
2.104505576564028035e-02 2.104506588942318263e-02 2.104507601320634164e-02 2.104506588942318263e-02 -1.023185858144597948e-01 -7.738700113838775478e-03 1.320735386049917042e-03 9.797417999268928993e-03 2.104505576564028035e-02 2.104506588942318263e-02 2.104507601320634164e-02 2.104505576564028035e-02 2.104505576564028035e-02 2.104506588942318610e-02 2.104507601320634164e-02 2.104506588942318610e-02
2.232653490764797619e-02 2.232653490764797619e-02 2.232657893468871502e-02 2.232651456436527196e-02 -1.061633860657169026e-01 -9.485355815203209626e-03 1.266704133669538032e-02 1.261844013090454575e-02 2.232652473600649570e-02 2.232652473600649570e-02 2.232653490764787904e-02 2.232650439272403087e-02 2.232652473600649570e-02 2.232652473600649570e-02 2.232657893468862481e-02 2.232652473600649570e-02
2.185266925098846777e-02 2.185266925098846777e-02 2.185267940492662680e-02 2.185266925098846777e-02 -1.047809748062043245e-01 -3.277700966268473366e-03 1.969529559811793520e-02 -4.966467076868467771e-03 2.185266925098846777e-02 2.185266925098846777e-02 2.185271319570600973e-02 2.185265909705047180e-02 2.185266925098846777e-02 2.185271319570600973e-02 2.185271319570600973e-02 2.185266925098846777e-02
2.362140597867354655e-02 2.362140597867354655e-02 2.362141619872958065e-02 2.362135150642038009e-02 -1.094840178834848021e-01 1.025038143534496551e-04 2.251864701507092642e-02 4.522609081244867088e-03 2.362136172647573765e-02 2.362136172647573765e-02 2.362137194653134500e-02 2.362136172647573765e-02 2.362136172647573765e-02 2.362136172647573765e-02 2.362136172647573765e-02 2.362136172647573765e-02
2.258036004580811495e-02 2.258039393583412616e-02 2.258039393583412616e-02 2.258033968355317722e-02 -1.069443994187943420e-01 1.456894084247801514e-02 -4.397218794544524405e-03 7.796954996191984844e-03 2.258033968355317722e-02 2.258033968355317722e-02 2.258036004580811149e-02 2.258032950242613163e-02 2.258032950242613163e-02 2.258033968355317722e-02 2.258036004580811149e-02 2.258036004580811149e-02
2.102991298662609809e-02 2.102993323306180662e-02 2.102996691172095978e-02 2.102991298662609809e-02 -1.022752575036427608e-01 -1.776676595308533842e-03 1.069628907432867981e-02 -5.695416945182491322e-03 2.102990286340871220e-02 2.102990286340871220e-02 2.102991298662610156e-02 2.102989274019130897e-02 2.102989274019130897e-02 2.102990286340871220e-02 2.102991298662610156e-02 2.102991298662610156e-02
2.746732917714764591e-02 2.746737409995189672e-02 2.746738446416017998e-02 2.746732917714764591e-02 -1.165626942328805010e-01 1.339154956433127527e-02 1.983582678577131345e-02 2.329424998721693271e-02 2.746732917714764591e-02 2.746733954135532896e-02 2.746733954135532896e-02 2.746731881294022307e-02 2.746731881294022307e-02 2.746733954135532896e-02 2.746733954135532896e-02 2.746733954135532896e-02
2.182040455548056243e-02 2.182040455548056243e-02 2.182040455548056243e-02 2.182039440274782804e-02 -1.048969655070234874e-01 3.642400086519592987e-04 6.121464511378554157e-03 4.327332925000874214e-03 2.182039440274782804e-02 2.182039440274782804e-02 2.182040455548038202e-02 2.182039440274782804e-02 2.182038425001533999e-02 2.182039440274782804e-02 2.182040455548038202e-02 2.182039440274782804e-02
2.358848091124959162e-02 2.358849113007501636e-02 2.358852515772609515e-02 2.358848091124959162e-02 -1.093519949399315017e-01 -6.684684954126390508e-03 1.737024445600716602e-02 1.627094401276717173e-02 2.358848091124959162e-02 2.358848091124959162e-02 2.358849113007501636e-02 2.358847069242441322e-02 2.358848091124959162e-02 2.358848091124959162e-02 2.358852515772609515e-02 2.358847069242441322e-02
2.078522643365085520e-02 2.078522643365085520e-02 2.078523654773519955e-02 2.078517256015750478e-02 -1.013143836403492121e-01 -1.271268094977122051e-02 7.797059010690256253e-03 5.717476377745344535e-03 2.078518267424126972e-02 2.078518267424126972e-02 2.078523654773519955e-02 2.078518267424126972e-02 2.078519278832519079e-02 2.078518267424126972e-02 2.078523654773519955e-02 2.078518267424126972e-02
2.014009273289565222e-02 2.014010282291311613e-02 2.014010282291311613e-02 2.014008264287825770e-02 -9.891045931096310861e-02 -9.473987417681751719e-03 8.446725441904326045e-03 -5.044933026665563564e-03 2.014008264287825770e-02 2.014008264287825770e-02 2.014010282291311613e-02 2.014006246284413826e-02 2.014007255286111644e-02 2.014008264287825770e-02 2.014010282291311613e-02 2.014010282291311613e-02
2.320872092280948026e-02 2.320873112743033692e-02 2.320873112743033692e-02 2.320872092280948373e-02 -1.085501589927331673e-01 1.157224689570023231e-02 -2.774535081209148629e-03 1.469696640954125735e-02 2.320872092280948026e-02 2.320874133205145032e-02 2.320877530784334550e-02 2.320871071818896361e-02 2.320871071818896361e-02 2.320872092280948026e-02 2.320874133205126991e-02 2.320874133205126991e-02
2.127925256319292829e-02 2.127928627581791160e-02 2.127933012096901860e-02 2.127925256319292829e-02 -1.030507385575712836e-01 -8.664295253142308140e-03 1.304437661791749310e-02 1.396544831003435332e-03 2.127924243066801890e-02 2.127928627581791160e-02 2.127929640834324426e-02 2.127922216561903973e-02 2.127922216561903973e-02 2.127924243066801890e-02 2.127928627581791160e-02 2.127922216561903973e-02
3.105364790130202279e-02 3.105365840043441267e-02 3.105365840043441267e-02 3.105364790130202279e-02 -1.209334857387244222e-01 2.426110185025294810e-02 3.075250145770240875e-02 2.555661471678360649e-02 3.105369345202077525e-02 3.105369345202077525e-02 3.105370395115376533e-02 3.105363740216970925e-02 3.105369345202077525e-02 3.105369345202077525e-02 3.105370395115376533e-02 3.105364790130202279e-02
2.187536027500433522e-02 2.187537042979000035e-02 2.187537042979000035e-02 2.187536027500433522e-02 -1.050398516939066995e-01 4.821738032988580509e-03 8.218646707690466582e-03 -1.679525077177967431e-03 2.187536027500433522e-02 2.187536027500433522e-02 2.187540422366303361e-02 2.187533996543340395e-02 2.187536027500433522e-02 2.187537042979000035e-02 2.187537042979000035e-02 2.187536027500433522e-02
2.155597095958814227e-02 2.155597095958814227e-02 2.155600470992206572e-02 2.155596081673116435e-02 -1.040199705244920225e-01 4.732652759022394802e-03 9.349032347378020621e-03 -5.703434684456826567e-03 2.155596081673116435e-02 2.155596081673116435e-02 2.155601485277955365e-02 2.155595067387443275e-02 2.155595067387443275e-02 2.155596081673116435e-02 2.155600470992206572e-02 2.155596081673116435e-02
2.086581988289685011e-02 2.086585353920288391e-02 2.086586365629617898e-02 2.086579964871144999e-02 -1.014896330065144514e-01 -1.509718741057777466e-02 1.228178904608493577e-02 4.542891047459067348e-03 2.086580976580397831e-02 2.086581988289685011e-02 2.086581988289685011e-02 2.086579964871144999e-02 2.086579964871144999e-02 2.086580976580415872e-02 2.086585353920288738e-02 2.086580976580415872e-02
2.189182053467350619e-02 2.189183069007426263e-02 2.189186448619137235e-02 2.189181037927308629e-02 -1.048696310735840603e-01 -1.168428020047334107e-02 8.741643316037802161e-03 1.475175035785625949e-02 2.189182053467350619e-02 2.189182053467350619e-02 2.189186448619137235e-02 2.189181037927308629e-02 2.189182053467350619e-02 2.189182053467350619e-02 2.189186448619137235e-02 2.189182053467350619e-02
2.523080697638604292e-02 2.523086178919379391e-02 2.523086178919379391e-02 2.523080697638604292e-02 -1.129065282440278178e-01 1.232157767215852524e-02 9.837515398561222021e-03 1.772591638406256082e-02 2.523086178919379391e-02 2.523086178919379391e-02 2.523087206950912209e-02 2.523081725670069803e-02 2.523081725670069803e-02 2.523086178919379391e-02 2.523087206950912209e-02 2.523086178919379391e-02
