# ex_work for 8 qbits with connectivity 5 in chunks 2
7.357680093414169231e-02 7.357680093414169231e-02 7.357680093414169231e-02 7.357680093414169231e-02 -1.245112461277210342e-01 7.357680093414169231e-02 7.357680093414169231e-02 7.357680093414169231e-02
2.613009861963946565e-02 1.942777200016629346e-02 4.489997805928252345e-02 4.489996595344422636e-02 -1.008596938830283868e-01 2.144569995115908068e-02 4.489997805928262753e-02 4.489997805928262753e-02
2.430493489410483210e-02 2.308920734814200182e-02 4.518404707439580004e-02 4.518403495807266079e-02 -1.013641913998321181e-01 2.149536770021752072e-02 4.518404707439580004e-02 4.518404707439580004e-02
4.379509748309005912e-02 3.000401509530935956e-02 4.740437731820026923e-02 4.740438951660472244e-02 -1.045348574562831312e-01 9.921981645307591940e-03 4.740438951660472244e-02 4.740438951660472244e-02
1.642736706044284345e-02 3.731204008746002998e-02 4.631845710947973815e-02 4.631845710947973815e-02 -1.030917261406514157e-01 2.276306316188764223e-02 4.631844495124854549e-02 4.631845710947973815e-02
3.192856840901674154e-02 1.876549350148922976e-02 5.098961541742085685e-02 5.098961541742085685e-02 -1.091501373374116624e-01 5.493046467954379453e-02 5.098961541742085685e-02 5.098961541742085685e-02
3.039111446611532028e-02 2.614012911048885571e-02 4.855682210761066986e-02 4.855683434871002624e-02 -1.064241704055246679e-01 3.389571848984745256e-02 4.855682210761066986e-02 4.855682210761066986e-02
2.546074160762663852e-02 3.808861632014778204e-02 4.601548878665946002e-02 4.601548878665946002e-02 -1.025236543982660509e-01 1.108212729621219084e-02 4.601550093369274202e-02 4.601550093369274202e-02
3.861900570916294156e-02 2.629704201439938757e-02 4.578333329375747218e-02 4.578333329375747218e-02 -1.020783772870912792e-01 8.263999398437681457e-03 4.578333329375747218e-02 4.578333329375747218e-02
2.507463768972008691e-02 3.571002049473476214e-02 4.799968991501368798e-02 4.799968991501368798e-02 -1.056527144761944537e-01 2.623813107822542401e-02 4.799970213546489450e-02 4.799968991501368798e-02
2.362337968328481058e-02 2.359612500674961727e-02 4.560558277597785704e-02 4.560558277597785704e-02 -1.020750895349408216e-01 2.445778443067448196e-02 4.560558277597796112e-02 4.560559490786698922e-02
1.498589004921371294e-02 3.479279424455619663e-02 4.473680658670378674e-02 4.473680658670378674e-02 -1.004302899111820246e-01 1.627720204064202897e-02 4.473680658670378674e-02 4.473680658670378674e-02
1.796348902229586569e-02 1.854634985493783250e-02 4.527131068569484329e-02 4.527131068569484329e-02 -1.014259365947395020e-01 3.306169951280899660e-02 4.527131068569484329e-02 4.527131068569484329e-02
4.190676320532653321e-02 1.958677869135170765e-02 5.198556742168085332e-02 5.198556742168085332e-02 -1.103098629157029525e-01 4.974292397542091904e-02 5.198557979018817582e-02 5.198559215869584527e-02
-5.445693176075729015e-04 3.166229754349583758e-02 4.303493990777977618e-02 4.303495194487051007e-02 -9.685543590563593097e-02 2.323278212886563387e-02 4.303495194487051007e-02 4.303495194487051007e-02
3.079849338154395932e-02 1.702586528048362011e-02 4.547016270304842650e-02 4.547015057616109190e-02 -1.017915928530829239e-01 2.302810429338042822e-02 4.547016270304842650e-02 4.547016270304842650e-02
2.366530940483875523e-02 2.251370629556544850e-02 4.511505487152069060e-02 4.511505487152069060e-02 -1.012476613541976184e-01 2.224878766299333982e-02 4.511505487152069060e-02 4.511505487152069060e-02
3.575896044434175025e-02 3.094571277228923278e-02 4.818754916687319895e-02 4.818754916687319895e-02 -1.058907032570703816e-01 2.151382207017075304e-02 4.818757362169730218e-02 4.818756139428517077e-02
2.916089314700948121e-02 2.661842003945374610e-02 4.856811012638578146e-02 4.856812236790356008e-02 -1.064373608791727294e-01 3.472095061043081743e-02 4.856811012638578146e-02 4.856812236790356008e-02
2.618111775023533594e-02 4.263285430544044158e-02 4.835857028128701801e-02 4.835857028128701801e-02 -1.060507146512111309e-01 2.060137080126802148e-02 4.835857028128701801e-02 4.835857028128701801e-02
2.225245230276600567e-02 1.802221348709395071e-02 4.411766033232616957e-02 4.411768448629077577e-02 -9.945075313549497920e-02 2.140616360771679938e-02 4.411766033232617651e-02 4.411766033232617651e-02
2.728953917454286435e-02 3.820059370265348198e-02 4.713514773304227495e-02 4.713513554460360688e-02 -1.043273490371873086e-01 1.625224288857309018e-02 4.713514773304227495e-02 4.713514773304227495e-02
2.706512150092386590e-02 2.151748981473113401e-02 4.734991349341675926e-02 4.734988910064199391e-02 -1.047257957653733029e-01 3.438840303791881187e-02 4.734991349341675926e-02 4.734991349341675926e-02
1.847125848536712925e-02 4.291707398203736118e-02 4.836822308618161925e-02 4.836823532028936695e-02 -1.060421851898555590e-01 2.812171500248283190e-02 4.836821085207434340e-02 4.836822308618173027e-02
7.687542933611745538e-03 6.223633669072076505e-03 4.031546019321585045e-02 4.031546019321585045e-02 -9.071259750987048509e-02 1.973886535652405808e-02 4.031547213033618432e-02 4.031546019321584351e-02
2.107067809197038510e-02 2.010239924718753082e-02 4.291688024575449761e-02 4.291686821301113341e-02 -9.704039704160397073e-02 1.210620891625032065e-02 4.291688024575450455e-02 4.291688024575450455e-02
2.923423521310535012e-02 1.834646376287672742e-02 4.659451370031974377e-02 4.659452586875811181e-02 -1.035952551296739771e-01 3.059038192453734234e-02 4.659452586875811181e-02 4.659452586875811181e-02
2.446545538542686110e-02 2.711834056320896330e-02 4.625374355528848874e-02 4.625374355528848874e-02 -1.031163494104611472e-01 2.432586641369945124e-02 4.625375571112737283e-02 4.625374355528848180e-02
3.234908287467930244e-02 3.444144758149505353e-02 5.295180157109824481e-02 5.295180157109824481e-02 -1.114371847439869084e-01 4.965077671568746132e-02 5.295180157109825175e-02 5.295180157109825175e-02
2.220343289165705239e-02 2.731194688208895757e-02 4.616922851259835925e-02 4.616922851259835925e-02 -1.029779879331375186e-01 2.585365413868943862e-02 4.616921635988387868e-02 4.616921635988387868e-02
4.906841247151436103e-02 3.199408247410583106e-02 5.339172308855771182e-02 5.339168384808980899e-02 -1.118823421197511631e-01 3.783420522433148664e-02 5.339168384809001022e-02 5.339168384809001022e-02
1.598953403130613099e-02 3.262040853927141576e-02 4.456448999012869311e-02 4.456448999012869311e-02 -1.001604396827623644e-01 1.623513040420476380e-02 4.456450208358885001e-02 4.456450208358885001e-02
2.360358006616727553e-02 2.482279125814710469e-02 4.501456845674713797e-02 4.501456845674713797e-02 -1.010640365046141381e-01 1.934078982197099186e-02 4.501458056681457987e-02 4.501458056681457987e-02
2.048222304096504465e-02 4.191723535522969002e-02 4.844313882953146105e-02 4.844313882953146105e-02 -1.061748423415902060e-01 2.751578067198678923e-02 4.844313882953156514e-02 4.844313882953156514e-02
4.418997110187374011e-02 1.897625206725158872e-02 4.605872149875083615e-02 4.605873364738186787e-02 -1.024870659447522370e-01 1.191679949661893570e-02 4.605874579601295510e-02 4.605878401270326744e-02
2.737967582776368314e-02 3.531650804562943419e-02 4.766250801282581606e-02 4.766249580486469489e-02 -1.051716686969106501e-01 2.224093090158833774e-02 4.766250801282582300e-02 4.766250801282582300e-02
2.280114478284429869e-02 5.084101219690059792e-02 4.949638105952452322e-02 4.949643203087199239e-02 -1.074249587658853422e-01 2.295444761632276995e-02 4.949638105952452322e-02 4.949638105952452322e-02
9.440134141361692516e-03 3.055279026418105878e-02 4.350081412826209415e-02 4.350081412826209415e-02 -9.810027959088067628e-02 1.752543241994575229e-02 4.350085199013745824e-02 4.350081412826210109e-02
2.173975241899460398e-04 3.872539095659342095e-02 4.776872066095381314e-02 4.776875911549416376e-02 -1.046495675998673353e-01 4.761513249472572318e-02 4.776872066095381314e-02 4.776875911549416376e-02
2.982150112144051068e-02 2.586014698450183474e-02 4.665221517367469650e-02 4.665221517367469650e-02 -1.037212974377726693e-01 2.280871857931469904e-02 4.665221517367469650e-02 4.665221517367469650e-02
3.395811670663138188e-02 1.598695374878851203e-02 4.651409433495608259e-02 4.651414478039639366e-02 -1.034277623023965864e-01 2.776892555184458725e-02 4.651409433495608259e-02 4.651409433495608259e-02
2.288139334341658324e-02 3.984440029371295183e-02 4.680033579510945591e-02 4.680033579510945591e-02 -1.038079892884331001e-01 1.692097186486628962e-02 4.680038629093802305e-02 4.680037411488664062e-02
3.550941013654382306e-02 3.009520379015018926e-02 4.730785408055051405e-02 4.730786627538035444e-02 -1.046126281201582298e-01 1.717764869764452570e-02 4.730781569017240146e-02 4.730785408055051405e-02
2.037269986184008560e-03 4.564052045321778661e-02 4.760035574393365471e-02 4.760031731284099926e-02 -1.045173731402348066e-01 3.766690320974594441e-02 4.760036794959258966e-02 4.760040638068627206e-02
3.026846251668372650e-02 8.451783637477104996e-03 4.472372650479111700e-02 4.472377663548776638e-02 -1.003690427330430485e-01 2.725813692080207226e-02 4.472372650479111700e-02 4.472376453615280190e-02
4.801846930704720129e-02 3.731905403263540560e-02 5.166018375866761325e-02 5.166019611505764247e-02 -1.100393270003279939e-01 2.382214208939438180e-02 5.166019611505764247e-02 5.166019611505764247e-02
2.598264629703386092e-03 3.089749188286423573e-02 4.331315570056989972e-02 4.331315570056989972e-02 -9.755142342222666851e-02 2.278585058141141886e-02 4.331314365323562371e-02 4.331310581735185739e-02
3.472708606661903397e-02 2.920890092512047620e-02 4.988756288898214819e-02 4.988752413898399352e-02 -1.081152985743926431e-01 3.453281448152621669e-02 4.988757517945999198e-02 4.988757517945999198e-02
2.549184628038480768e-02 3.720753941371330448e-02 4.828211957174723123e-02 4.828213180266246324e-02 -1.060298534602046872e-01 2.608879118003508066e-02 4.828213180266246324e-02 4.828217032871399972e-02
3.179530572134999650e-02 2.939350343275148533e-02 4.550278240123740298e-02 4.550278240123740298e-02 -1.017197269215473487e-01 1.000869164075384767e-02 4.550282054070348137e-02 4.550273213368177111e-02
1.610778692311979135e-02 4.340009288553551420e-02 4.497131461713727019e-02 4.497132672560705258e-02 -1.005801472460123303e-01 8.426548353539294045e-03 4.497132672560705258e-02 4.497132672560705258e-02
1.525570995624086525e-02 4.061365222604013114e-02 4.847963273639967902e-02 4.847963273639967902e-02 -1.061614252843815220e-01 3.436357959696562797e-02 4.847963273639967902e-02 4.847963273639967902e-02
1.534753189324050866e-02 1.811904663663157361e-02 4.365011357910376227e-02 4.365010151935615201e-02 -9.852690799501651053e-02 2.499854720344365025e-02 4.365010151935615201e-02 4.365010151935615201e-02
2.817186531876280514e-02 3.579779835650504644e-02 4.852799730288484548e-02 4.852799730288484548e-02 -1.063766169551144947e-01 2.629915306036487502e-02 4.852798506285609798e-02 4.852799730288495650e-02
3.166996161966835477e-02 1.712772796643669340e-02 4.826437773514088286e-02 4.826438996539848120e-02 -1.059129999169867581e-01 4.003829261270862305e-02 4.826438996539848120e-02 4.826438996539848120e-02
2.630755823035602417e-02 2.650620703770395492e-02 4.754413592171701647e-02 4.754413592171701647e-02 -1.050396394027491576e-01 3.132178070272294973e-02 4.754413592171701647e-02 4.754413592171701647e-02
2.232351037754111422e-02 2.193388709284031443e-02 4.551677987595705716e-02 4.551683014597496246e-02 -1.019191008294055151e-01 2.684549959438789490e-02 4.551677987595706409e-02 4.551677987595706409e-02
1.723101808020869805e-02 3.395151514789251923e-02 4.206527431609269341e-02 4.206523665284618574e-02 -9.456034162787801955e-02 -3.869557202705763664e-03 4.206523665284618574e-02 4.206523665284618574e-02
1.017815213912174992e-02 1.165059109990927190e-02 4.269198398219903323e-02 4.269194623228694807e-02 -9.641203377457822910e-02 2.992904010124415246e-02 4.269198398219903323e-02 4.269198398219903323e-02
1.186698391573671151e-02 3.556094038665025270e-02 4.690697927435902304e-02 4.690697927435902304e-02 -1.039251193071188406e-01 3.293479889583130621e-02 4.690694093976065238e-02 4.690694093976065238e-02
2.403752676492842272e-02 2.764334688117657188e-02 4.385542449388237646e-02 4.385546240487095404e-02 -9.880097295972775640e-02 8.301879187587412473e-03 4.385542449388237646e-02 4.385546240487096098e-02
2.250786588545694578e-02 2.430981384533811851e-02 4.545299681563307742e-02 4.545299681563307742e-02 -1.018206272976289323e-01 2.385437524789610700e-02 4.545299681563307742e-02 4.545299681563307742e-02
1.767064390380938821e-02 3.215771293214530341e-02 4.644802818800148475e-02 4.644802818800148475e-02 -1.033588352040312186e-01 2.741549169801982613e-02 4.644802818800136679e-02 4.644804035102078482e-02
2.588785517955407775e-02 1.750091345894204051e-02 4.913305646407440525e-02 4.913305646407440525e-02 -1.069193700946773767e-01 5.108789638542485245e-02 4.913304420160634345e-02 4.913300555692326488e-02
5.133266242693211925e-03 3.491683057412477142e-02 4.381777619099509746e-02 4.381781409676773625e-02 -9.856215196902137765e-02 1.980625366084480879e-02 4.381783822862175826e-02 4.381782616269461195e-02
4.316571946332815185e-02 1.356847363697348194e-02 4.863442798210767387e-02 4.863442798210767387e-02 -1.063115363766000548e-01 3.455107369392190764e-02 4.863444022608168216e-02 4.863442798210767387e-02
2.290716001139513069e-02 3.508101793166323173e-02 4.972725456241649383e-02 4.972729329003075516e-02 -1.078618460544578384e-01 3.964434224596997958e-02 4.972730557455558309e-02 4.972730557455558309e-02
3.471232324069530029e-02 1.747769414518933473e-02 4.559995863719615294e-02 4.559995863719615294e-02 -1.019612671047005065e-01 1.958018486016743775e-02 4.559990835256561709e-02 4.559994650551777579e-02
3.066656494200437066e-02 3.364673718476508119e-02 4.919281670073943208e-02 4.919280443605417164e-02 -1.072594989601619031e-01 2.996816148881186262e-02 4.919276578303398428e-02 4.919276578303398428e-02
2.257838813000367928e-02 1.770683244666366313e-02 4.473041227491124372e-02 4.473041227491124372e-02 -1.005548231975680190e-01 2.558235272359177248e-02 4.473042437449022829e-02 4.473041227491124372e-02
1.876318526527573707e-02 3.076506754128764676e-02 5.061699209040509267e-02 5.061701672556617737e-02 -1.087324115545747344e-01 5.386889092236408355e-02 5.061701672556617737e-02 5.061700440798545808e-02
3.358477261183877988e-02 1.271019318292732070e-02 4.491274087179432384e-02 4.491272876548779713e-02 -1.007545178196052466e-01 2.092820155401893881e-02 4.491274087179432384e-02 4.491274087179432384e-02
2.441502967628465109e-02 2.710111662388902873e-02 4.616096291006934610e-02 4.616096291006934610e-02 -1.029694999870225391e-01 2.379362203230653630e-02 4.616096291006934610e-02 4.616096291006934610e-02
4.069198369760031880e-02 3.277963760114099845e-02 5.012519504435054146e-02 5.012519504435054146e-02 -1.083666569547206693e-01 2.649135587282534440e-02 5.012519504435052758e-02 5.012519504435052758e-02
2.167714858883309018e-02 1.980535381091023950e-02 4.554062749351091288e-02 4.554062749351091288e-02 -1.019336883501397312e-01 2.980811706887728785e-02 4.554067776771341530e-02 4.554067776771341530e-02
1.939918900172562383e-02 3.903841412864114679e-02 4.587013636922711302e-02 4.587013636922711302e-02 -1.023219948036635102e-01 1.521882960150915294e-02 4.587013636922711302e-02 4.587013636922711302e-02
3.727772665485886566e-02 1.729864425246953330e-02 4.580751197287043219e-02 4.580749983352507687e-02 -1.022621495265951530e-01 1.861402915749917064e-02 4.580751197287043219e-02 4.580751197287043219e-02
1.675047395545832887e-03 3.318465295276509103e-02 4.541346810983348109e-02 4.541346810983348109e-02 -1.012618923030238760e-01 3.603265632835133542e-02 4.541346810983348109e-02 4.541346810983348109e-02
3.116107193553994265e-02 3.675071309666030905e-02 4.546702609607964490e-02 4.546701396931083355e-02 -1.014160930313031256e-01 3.285514505701268850e-03 4.546701396931083355e-02 4.546702609607964490e-02
6.654977488580171401e-03 2.334167874714054500e-02 4.251180649048800358e-02 4.251185623330888674e-02 -9.607706872854514246e-02 2.040511984563809014e-02 4.251185623330888674e-02 4.251180649048800358e-02
2.304696985777582655e-02 4.347740202114826202e-02 5.050491433008993947e-02 5.050491433008993947e-02 -1.087670777107845321e-01 3.579694323291032071e-02 5.050492664350394317e-02 5.050492664350394317e-02
1.651646670029388586e-02 4.404841874211673503e-02 4.822164262322650718e-02 4.822169336951652452e-02 -1.058038897713769050e-01 2.810829271557234096e-02 4.822165485189908868e-02 4.822165485189908868e-02
1.896196581675583387e-02 2.575001673535523561e-02 4.417480651256008167e-02 4.417480651256008167e-02 -9.953730444307881675e-02 1.737963110067446137e-02 4.417475647824099794e-02 4.417476855732555691e-02
-1.341782826586281931e-02 3.470819006559874159e-02 4.254291873912432326e-02 4.254293075810156033e-02 -9.493298334669987570e-02 2.970980089266447507e-02 4.254294277707914435e-02 4.254293075810156033e-02
2.938798513340006024e-02 3.565879303315055981e-02 4.644235161136901768e-02 4.644235161136901768e-02 -1.032408347732703680e-01 1.229979838143875799e-02 4.644238988135793167e-02 4.644238988135793167e-02
1.296925961778482884e-02 4.334971082556710043e-02 4.687201831259760892e-02 4.687201831259760892e-02 -1.038127418314102463e-01 2.393838296379931924e-02 4.687197998286936340e-02 4.687197998286936340e-02
3.974402759542468300e-02 8.315198967373888667e-03 4.786036863000338315e-02 4.786036863000338315e-02 -1.051476522334019170e-01 3.856707324832280709e-02 4.786036863000338315e-02 4.786036863000338315e-02
-5.290906824675778788e-03 3.589510130011412670e-02 4.385689797730155798e-02 4.385691004466885784e-02 -9.816849526522813951e-02 2.977173413153523518e-02 4.385694795585600575e-02 4.385694795585600575e-02
2.207026448097068258e-02 2.940240001329953723e-02 4.337641801335619801e-02 4.337645585799318471e-02 -9.777724144276331297e-02 5.202478437284686723e-03 4.337645585799318471e-02 4.337640596369299328e-02
3.395339973666298972e-02 2.844781257311966571e-02 4.848744284171334351e-02 4.848744284171334351e-02 -1.063352550462937501e-01 2.759470574199294340e-02 4.848749363488950165e-02 4.848740428706149047e-02
3.794761918030026965e-02 2.198845561441103991e-02 4.777654688950933731e-02 4.777654688950933731e-02 -1.053070791647833376e-01 2.575908867906470320e-02 4.777654688950933731e-02 4.777654688950933731e-02
1.863025930966786745e-02 2.750155920968496565e-02 4.737803805502897869e-02 4.737803805502897869e-02 -1.047206651868793498e-01 3.708888162243589859e-02 4.737799965489631476e-02 4.737803805502897869e-02
3.802396141175432703e-02 2.279650037039263055e-02 4.803558269918159485e-02 4.803558269918159485e-02 -1.056740355419709954e-01 2.647621560334830620e-02 4.803558269918159485e-02 4.803558269918159485e-02
1.851762924993440029e-02 2.215343223915326384e-02 4.500559044492259686e-02 4.500559044492259686e-02 -1.010356539715994706e-01 2.704985822858783917e-02 4.500559044492259686e-02 4.500560255465493181e-02
8.978642014097506369e-03 2.047037526281006437e-02 4.315632091274046456e-02 4.315632091274046456e-02 -9.745986124200134437e-02 2.558560053993296293e-02 4.315632091274046456e-02 4.315632091274046456e-02
3.676583032954378050e-02 6.746879565808587380e-03 4.744915273768289532e-02 4.744916493774087307e-02 -1.045254327635609382e-01 4.056819021101343292e-02 4.744915273768289532e-02 4.744916493774087307e-02
1.833548514358633238e-02 1.283589555314749997e-02 4.349650369933798222e-02 4.349650369933798222e-02 -9.819277408908906601e-02 2.624133440127968120e-02 4.349655361468553194e-02 4.349650369933797528e-02
4.634467665757348309e-02 2.976482575050193313e-02 4.850725096906224193e-02 4.850725096906224193e-02 -1.061281202473221830e-01 1.443840952587869056e-02 4.850725096906223499e-02 4.850725096906223499e-02
4.226631115533536348e-02 7.757188773537941964e-03 4.488418214401718870e-02 4.488418214401718870e-02 -1.004458415033286367e-01 1.729174912326316912e-02 4.488418214401708461e-02 4.488419424926871903e-02
1.243924590515278067e-02 3.303873647573787181e-02 4.586997741202130524e-02 4.586998955367384972e-02 -1.023645842658176125e-01 2.810116750656057108e-02 4.586998955367374564e-02 4.587002774412237555e-02
1.448465851412838144e-02 1.134423713338653279e-02 4.303979232791336346e-02 4.303979232791336346e-02 -9.720911287719978533e-02 2.839054686159877411e-02 4.303984216321186246e-02 4.303979232791336346e-02
