# pops for 16 qbits with connectivity 5 in chunks 4
2.000000029802322388e-01 2.000000029802322388e-01 2.000000029802322388e-01 2.000000029802322388e-01 3.999999463558197021e-01 1.999999880790710449e-01 1.999999880790710449e-01 1.999999880790710449e-01 1.999999880790710449e-01 1.999999880790710449e-01 1.999999880790710449e-01 1.999999880790710449e-01 1.999999880790710449e-01 1.999999880790710449e-01 1.999999880790710449e-01 1.999999880790710449e-01
2.000000029802322388e-01 2.109804600477218628e-01 1.999999880790710449e-01 1.999999880790710449e-01 3.594677448272705078e-01 2.121968120336532593e-01 2.000000327825546265e-01 2.000000178813934326e-01 2.173551023006439209e-01 2.000000029802322388e-01 2.000000029802322388e-01 2.000000029802322388e-01 2.000000029802322388e-01 2.000000029802322388e-01 2.000000029802322388e-01 2.000000029802322388e-01
2.000000178813934326e-01 2.135587334632873535e-01 2.000000029802322388e-01 2.000000029802322388e-01 3.434325158596038818e-01 2.166186869144439697e-01 1.999999880790710449e-01 1.999999880790710449e-01 2.263901382684707642e-01 2.000000029802322388e-01 2.000000029802322388e-01 2.000000029802322388e-01 2.000000029802322388e-01 2.000000029802322388e-01 2.000000029802322388e-01 2.000000029802322388e-01
1.999999880790710449e-01 2.368686348199844360e-01 1.999999880790710449e-01 1.999999880790710449e-01 3.456922471523284912e-01 2.070670276880264282e-01 2.000000178813934326e-01 2.000000178813934326e-01 2.103721052408218384e-01 2.000000029802322388e-01 2.000000029802322388e-01 2.000000029802322388e-01 2.000000029802322388e-01 2.000000029802322388e-01 2.000000029802322388e-01 2.000000029802322388e-01
1.999999880790710449e-01 2.191409766674041748e-01 1.999999880790710449e-01 1.999999880790710449e-01 3.509922623634338379e-01 2.313949018716812134e-01 1.999999880790710449e-01 1.999999880790710449e-01 1.984717994928359985e-01 2.000000029802322388e-01 2.000000029802322388e-01 2.000000029802322388e-01 2.000000029802322388e-01 2.000000029802322388e-01 2.000000029802322388e-01 2.000000029802322388e-01
2.174029499292373657e-01 2.269555777311325073e-01 2.000000029802322388e-01 2.000000029802322388e-01 3.242492675781250000e-01 2.329204231500625610e-01 2.000000029802322388e-01 2.000000029802322388e-01 1.988555192947387695e-01 1.999121010303497314e-01 1.999999880790710449e-01 1.999999880790710449e-01 1.997384130954742432e-01 1.999657750129699707e-01 1.999999880790710449e-01 1.999999880790710449e-01
2.140327543020248413e-01 2.270769029855728149e-01 1.999999880790710449e-01 1.999999880790710449e-01 3.237259685993194580e-01 2.251351922750473022e-01 2.000000178813934326e-01 2.000000178813934326e-01 2.070427238941192627e-01 2.011656314134597778e-01 2.000000029802322388e-01 2.000000029802322388e-01 2.008696347475051880e-01 2.009511590003967285e-01 2.000000029802322388e-01 2.000000178813934326e-01
2.128270715475082397e-01 2.234803140163421631e-01 1.999999880790710449e-01 1.999999880790710449e-01 3.184596896171569824e-01 2.290222048759460449e-01 1.999999880790710449e-01 1.999999880790710449e-01 2.120185792446136475e-01 2.017785161733627319e-01 1.999999880790710449e-01 1.999999880790710449e-01 2.010517418384552002e-01 2.013618052005767822e-01 1.999999880790710449e-01 1.999999880790710449e-01
2.136953771114349365e-01 2.332294285297393799e-01 2.000000029802322388e-01 2.000000029802322388e-01 3.182499110698699951e-01 2.186145186424255371e-01 1.999999880790710449e-01 1.999999880790710449e-01 2.105293124914169312e-01 2.025111913681030273e-01 1.999999880790710449e-01 1.999999880790710449e-01 2.025764435529708862e-01 2.005936801433563232e-01 1.999999880790710449e-01 1.999999880790710449e-01
2.101755440235137939e-01 2.278110384941101074e-01 2.000000178813934326e-01 2.000000029802322388e-01 3.215506970882415771e-01 2.242519557476043701e-01 1.999999880790710449e-01 1.999999880790710449e-01 2.120775729417800903e-01 2.020323276519775391e-01 1.999999880790710449e-01 1.999999880790710449e-01 2.017539292573928833e-01 2.003467828035354614e-01 1.999999880790710449e-01 1.999999880790710449e-01
2.099527716636657715e-01 2.230832576751708984e-01 1.999999880790710449e-01 1.999999880790710449e-01 3.268608152866363525e-01 2.285271286964416504e-01 2.000000029802322388e-01 2.000000029802322388e-01 2.072200924158096313e-01 2.005791366100311279e-01 1.999999731779098511e-01 1.999999880790710449e-01 2.018688172101974487e-01 2.019078433513641357e-01 2.000000029802322388e-01 2.000000029802322388e-01
2.112015932798385620e-01 2.208163291215896606e-01 1.999999880790710449e-01 1.999999880790710449e-01 3.291764259338378906e-01 2.230035066604614258e-01 1.999999880790710449e-01 2.000000029802322388e-01 2.126950472593307495e-01 2.009181082248687744e-01 1.999999880790710449e-01 1.999999880790710449e-01 2.006851285696029663e-01 2.015037387609481812e-01 1.999999731779098511e-01 1.999999731779098511e-01
2.109904587268829346e-01 2.188111394643783569e-01 2.000000029802322388e-01 2.000000029802322388e-01 3.295617699623107910e-01 2.285577207803726196e-01 1.999999731779098511e-01 1.999999731779098511e-01 2.087606638669967651e-01 2.010090202093124390e-01 1.999999880790710449e-01 1.999999880790710449e-01 2.012485861778259277e-01 2.010604888200759888e-01 1.999999731779098511e-01 1.999999880790710449e-01
2.092522382736206055e-01 2.279775589704513550e-01 2.000000029802322388e-01 2.000000029802322388e-01 3.189258873462677002e-01 2.317653745412826538e-01 1.999999880790710449e-01 1.999999880790710449e-01 2.093440145254135132e-01 2.007216662168502808e-01 2.000000029802322388e-01 2.000000029802322388e-01 1.997406333684921265e-01 2.022725045680999756e-01 2.000000029802322388e-01 2.000000029802322388e-01
2.054345309734344482e-01 2.306493669748306274e-01 1.999999880790710449e-01 2.000000029802322388e-01 3.204198777675628662e-01 2.314172685146331787e-01 1.999999731779098511e-01 1.999999731779098511e-01 2.090859562158584595e-01 2.009407132863998413e-01 1.999999880790710449e-01 1.999999880790710449e-01 2.002101391553878784e-01 2.018419355154037476e-01 1.999999731779098511e-01 1.999999731779098511e-01
2.060162574052810669e-01 2.283796221017837524e-01 1.999999582767486572e-01 2.000000029802322388e-01 3.238445818424224854e-01 2.276860624551773071e-01 1.999999880790710449e-01 1.999999880790710449e-01 2.116622477769851685e-01 2.017080038785934448e-01 2.000000029802322388e-01 2.000000029802322388e-01 1.992806345224380493e-01 2.014223784208297729e-01 2.000000029802322388e-01 1.999999880790710449e-01
2.108192294836044312e-01 2.241059243679046631e-01 1.999999731779098511e-01 2.000000029802322388e-01 3.208945691585540771e-01 2.301068007946014404e-01 2.000000029802322388e-01 2.000000029802322388e-01 2.108042687177658081e-01 2.010422945022583008e-01 2.000000029802322388e-01 2.000000029802322388e-01 2.012243121862411499e-01 2.010024189949035645e-01 2.000000029802322388e-01 2.000000029802322388e-01
2.092354148626327515e-01 2.247705757617950439e-01 1.999999731779098511e-01 1.999999880790710449e-01 3.274962902069091797e-01 2.244241684675216675e-01 1.999999731779098511e-01 1.999999880790710449e-01 2.110647410154342651e-01 2.020646631717681885e-01 1.999999880790710449e-01 1.999999880790710449e-01 2.000997662544250488e-01 2.008441537618637085e-01 1.999999880790710449e-01 1.999999880790710449e-01
2.082166224718093872e-01 2.298188805580139160e-01 1.999999731779098511e-01 1.999999731779098511e-01 3.254778683185577393e-01 2.219182699918746948e-01 1.999999582767486572e-01 1.999999880790710449e-01 2.105407714843750000e-01 2.009116113185882568e-01 1.999999880790710449e-01 1.999999731779098511e-01 2.021938562393188477e-01 2.009218782186508179e-01 1.999999582767486572e-01 1.999999880790710449e-01
2.136982977390289307e-01 2.260886281728744507e-01 1.999999731779098511e-01 1.999999731779098511e-01 3.222405910491943359e-01 2.234040647745132446e-01 1.999999582767486572e-01 1.999999582767486572e-01 2.112903147935867310e-01 1.999158412218093872e-01 1.999999880790710449e-01 1.999999880790710449e-01 2.016528248786926270e-01 2.017091512680053711e-01 1.999999731779098511e-01 1.999999731779098511e-01
2.132938504219055176e-01 2.265577912330627441e-01 1.999999582767486572e-01 1.999999731779098511e-01 3.229747712612152100e-01 2.245499342679977417e-01 1.999999731779098511e-01 1.999999731779098511e-01 2.089411020278930664e-01 2.025083452463150024e-01 1.999999731779098511e-01 1.999999731779098511e-01 2.018074691295623779e-01 1.993664354085922241e-01 1.999999731779098511e-01 1.999999880790710449e-01
2.058351188898086548e-01 2.266899049282073975e-01 1.999999731779098511e-01 1.999999731779098511e-01 3.266617357730865479e-01 2.281895875930786133e-01 1.999999433755874634e-01 1.999999433755874634e-01 2.074113786220550537e-01 2.017956674098968506e-01 1.999999731779098511e-01 1.999999731779098511e-01 2.023558318614959717e-01 2.010605186223983765e-01 1.999999731779098511e-01 1.999999582767486572e-01
2.084578722715377808e-01 2.264349460601806641e-01 1.999999433755874634e-01 1.999999731779098511e-01 3.206718564033508301e-01 2.318117022514343262e-01 1.999999731779098511e-01 1.999999880790710449e-01 2.095742821693420410e-01 2.012949287891387939e-01 1.999999582767486572e-01 1.999999582767486572e-01 2.010329514741897583e-01 2.007212340831756592e-01 1.999999582767486572e-01 1.999999582767486572e-01
2.088188529014587402e-01 2.259359061717987061e-01 1.999999433755874634e-01 1.999999731779098511e-01 3.186720013618469238e-01 2.289074957370758057e-01 1.999999582767486572e-01 1.999999582767486572e-01 2.149773538112640381e-01 2.007113397121429443e-01 1.999999880790710449e-01 1.999999880790710449e-01 2.015219777822494507e-01 2.004548013210296631e-01 1.999999731779098511e-01 1.999999880790710449e-01
2.044078558683395386e-01 2.267717421054840088e-01 1.999999880790710449e-01 1.999999731779098511e-01 3.252431154251098633e-01 2.259114980697631836e-01 1.999999731779098511e-01 1.999999731779098511e-01 2.143061310052871704e-01 2.006535232067108154e-01 1.999999880790710449e-01 1.999999880790710449e-01 2.014537453651428223e-01 2.012519985437393188e-01 1.999999731779098511e-01 1.999999731779098511e-01
2.042947858572006226e-01 2.324323356151580811e-01 1.999999731779098511e-01 1.999999731779098511e-01 3.216184377670288086e-01 2.231674194335937500e-01 1.999999880790710449e-01 1.999999880790710449e-01 2.150143235921859741e-01 2.012100070714950562e-01 1.999999731779098511e-01 1.999999731779098511e-01 2.009458392858505249e-01 2.013164907693862915e-01 1.999999731779098511e-01 1.999999731779098511e-01
2.049819976091384888e-01 2.290713638067245483e-01 1.999999582767486572e-01 1.999999731779098511e-01 3.199086189270019531e-01 2.314537018537521362e-01 1.999999582767486572e-01 1.999999582767486572e-01 2.117988020181655884e-01 1.999208629131317139e-01 1.999999880790710449e-01 1.999999880790710449e-01 2.013379931449890137e-01 2.015262395143508911e-01 1.999999731779098511e-01 1.999999731779098511e-01
2.143543362617492676e-01 2.270895391702651978e-01 1.999999582767486572e-01 1.999999582767486572e-01 3.175808191299438477e-01 2.263909429311752319e-01 1.999999284744262695e-01 1.999999433755874634e-01 2.111376672983169556e-01 2.005417495965957642e-01 1.999999731779098511e-01 1.999999731779098511e-01 2.014287412166595459e-01 2.014757245779037476e-01 1.999999582767486572e-01 1.999999582767486572e-01
2.130175530910491943e-01 2.235227227210998535e-01 1.999999731779098511e-01 1.999999731779098511e-01 3.249230980873107910e-01 2.249669283628463745e-01 1.999999433755874634e-01 1.999999433755874634e-01 2.087862640619277954e-01 2.001476138830184937e-01 1.999999433755874634e-01 1.999999880790710449e-01 2.025965154170989990e-01 2.020388245582580566e-01 1.999999582767486572e-01 1.999999731779098511e-01
2.129677981138229370e-01 2.277191877365112305e-01 1.999999433755874634e-01 1.999999582767486572e-01 3.171445131301879883e-01 2.272489219903945923e-01 1.999999284744262695e-01 1.999999433755874634e-01 2.100864052772521973e-01 1.999617666006088257e-01 1.999999433755874634e-01 1.999999433755874634e-01 2.016753107309341431e-01 2.031956464052200317e-01 1.999999433755874634e-01 1.999999433755874634e-01
2.144404053688049316e-01 2.233861833810806274e-01 1.999999433755874634e-01 1.999999433755874634e-01 3.207278847694396973e-01 2.311737537384033203e-01 1.999999433755874634e-01 1.999999433755874634e-01 2.069112360477447510e-01 2.002203464508056641e-01 1.999999433755874634e-01 1.999999433755874634e-01 2.010020315647125244e-01 2.021377384662628174e-01 1.999999433755874634e-01 1.999999880790710449e-01
2.109381705522537231e-01 2.221247106790542603e-01 1.999999433755874634e-01 1.999999433755874634e-01 3.219663500785827637e-01 2.346990108489990234e-01 1.999999433755874634e-01 1.999999433755874634e-01 2.078318148851394653e-01 2.011744379997253418e-01 1.999999433755874634e-01 1.999999582767486572e-01 2.003146857023239136e-01 2.009503692388534546e-01 1.999999582767486572e-01 1.999999582767486572e-01
2.102220207452774048e-01 2.266917675733566284e-01 1.999999433755874634e-01 1.999999433755874634e-01 3.230477273464202881e-01 2.260211706161499023e-01 1.999999433755874634e-01 1.999999433755874634e-01 2.108611762523651123e-01 2.005568295717239380e-01 1.999999433755874634e-01 1.999999433755874634e-01 2.025584727525711060e-01 2.000403255224227905e-01 1.999999582767486572e-01 1.999999433755874634e-01
2.100200206041336060e-01 2.298197001218795776e-01 1.999999582767486572e-01 1.999999582767486572e-01 3.230994939804077148e-01 2.292679995298385620e-01 1.999999731779098511e-01 1.999999731779098511e-01 2.044346779584884644e-01 2.009281665086746216e-01 1.999999433755874634e-01 1.999999433755874634e-01 2.010094672441482544e-01 2.014200240373611450e-01 1.999999582767486572e-01 1.999999433755874634e-01
2.096164673566818237e-01 2.291819304227828979e-01 1.999999582767486572e-01 1.999999582767486572e-01 3.241930902004241943e-01 2.292156815528869629e-01 1.999999582767486572e-01 1.999999582767486572e-01 2.035230398178100586e-01 2.026592940092086792e-01 1.999999433755874634e-01 1.999999433755874634e-01 2.016060650348663330e-01 2.000038176774978638e-01 1.999999433755874634e-01 1.999999433755874634e-01
2.096838355064392090e-01 2.298030406236648560e-01 1.999999284744262695e-01 1.999999284744262695e-01 3.215967416763305664e-01 2.289374023675918579e-01 1.999999582767486572e-01 1.999999582767486572e-01 2.057765573263168335e-01 2.013247311115264893e-01 1.999999582767486572e-01 1.999999582767486572e-01 2.020120024681091309e-01 2.008651047945022583e-01 1.999999433755874634e-01 1.999999433755874634e-01
2.105895578861236572e-01 2.292389571666717529e-01 1.999999284744262695e-01 1.999999433755874634e-01 3.221160173416137695e-01 2.279890179634094238e-01 1.999999284744262695e-01 1.999999284744262695e-01 2.067697793245315552e-01 2.015263587236404419e-01 1.999999433755874634e-01 1.999999582767486572e-01 2.021472901105880737e-01 1.996224671602249146e-01 1.999999284744262695e-01 1.999999433755874634e-01
2.096744626760482788e-01 2.316166609525680542e-01 1.999999433755874634e-01 1.999999433755874634e-01 3.254204094409942627e-01 2.217703461647033691e-01 1.999999433755874634e-01 1.999999433755874634e-01 2.073062956333160400e-01 2.020553350448608398e-01 1.999999433755874634e-01 1.999999433755874634e-01 2.022227942943572998e-01 1.999330818653106689e-01 1.999999135732650757e-01 1.999999433755874634e-01
2.119914442300796509e-01 2.313942462205886841e-01 1.999999433755874634e-01 1.999999433755874634e-01 3.234642744064331055e-01 2.216319590806961060e-01 1.999999135732650757e-01 1.999999135732650757e-01 2.071779966354370117e-01 2.016946226358413696e-01 1.999999433755874634e-01 1.999999433755874634e-01 2.007907032966613770e-01 2.018541693687438965e-01 1.999999135732650757e-01 1.999999135732650757e-01
2.065895795822143555e-01 2.273480743169784546e-01 1.999999433755874634e-01 1.999999582767486572e-01 3.311105668544769287e-01 2.234337031841278076e-01 1.999999135732650757e-01 1.999999135732650757e-01 2.070611268281936646e-01 2.028474807739257812e-01 1.999999284744262695e-01 1.999999284744262695e-01 2.002431154251098633e-01 2.013657391071319580e-01 1.999999284744262695e-01 1.999999284744262695e-01
2.063527405261993408e-01 2.274386137723922729e-01 1.999999433755874634e-01 1.999999433755874634e-01 3.266650736331939697e-01 2.250555604696273804e-01 1.999999284744262695e-01 1.999999433755874634e-01 2.097942829132080078e-01 2.017897963523864746e-01 1.999999433755874634e-01 1.999999433755874634e-01 2.008745074272155762e-01 2.020288854837417603e-01 1.999999284744262695e-01 1.999999284744262695e-01
2.059468328952789307e-01 2.252911329269409180e-01 1.999999284744262695e-01 1.999999284744262695e-01 3.280368745326995850e-01 2.283282577991485596e-01 1.999999284744262695e-01 1.999999284744262695e-01 2.072972655296325684e-01 2.016869783401489258e-01 1.999999284744262695e-01 1.999999284744262695e-01 2.013267278671264648e-01 2.020853459835052490e-01 1.999999433755874634e-01 1.999999284744262695e-01
2.074120044708251953e-01 2.312612831592559814e-01 1.999999135732650757e-01 1.999999135732650757e-01 3.309531807899475098e-01 2.153545767068862915e-01 1.999999433755874634e-01 1.999999433755874634e-01 2.113844752311706543e-01 2.016120105981826782e-01 1.999999433755874634e-01 1.999999433755874634e-01 2.001399397850036621e-01 2.018819302320480347e-01 1.999999433755874634e-01 1.999999135732650757e-01
2.080878466367721558e-01 2.262635976076126099e-01 1.999999135732650757e-01 1.999999433755874634e-01 3.263634741306304932e-01 2.289192974567413330e-01 1.999999433755874634e-01 1.999999433755874634e-01 2.074070870876312256e-01 2.018055170774459839e-01 1.999999433755874634e-01 1.999999284744262695e-01 2.003982216119766235e-01 2.007542848587036133e-01 1.999999284744262695e-01 1.999999135732650757e-01
2.063823640346527100e-01 2.320048660039901733e-01 1.999999284744262695e-01 1.999999433755874634e-01 3.205262720584869385e-01 2.224085181951522827e-01 1.999999135732650757e-01 1.999999135732650757e-01 2.140137851238250732e-01 2.029011398553848267e-01 1.999999284744262695e-01 1.999999433755874634e-01 2.000130265951156616e-01 2.017493396997451782e-01 1.999999433755874634e-01 1.999999135732650757e-01
2.065503448247909546e-01 2.271324247121810913e-01 1.999999284744262695e-01 1.999999433755874634e-01 3.291892409324645996e-01 2.250144779682159424e-01 1.999999284744262695e-01 1.999999284744262695e-01 2.076173573732376099e-01 2.011918723583221436e-01 1.999999284744262695e-01 1.999999433755874634e-01 2.013421356678009033e-01 2.019614726305007935e-01 1.999999433755874634e-01 1.999999284744262695e-01
2.067622244358062744e-01 2.297113388776779175e-01 1.999999284744262695e-01 1.999999284744262695e-01 3.235743939876556396e-01 2.226960659027099609e-01 1.999999284744262695e-01 1.999999135732650757e-01 2.129716873168945312e-01 2.011878937482833862e-01 1.999999135732650757e-01 1.999999433755874634e-01 2.009334713220596313e-01 2.021622508764266968e-01 1.999999135732650757e-01 1.999999135732650757e-01
2.080379575490951538e-01 2.226193696260452271e-01 1.999999135732650757e-01 1.999999284744262695e-01 3.260589241981506348e-01 2.281781882047653198e-01 1.999999135732650757e-01 1.999999135732650757e-01 2.120969593524932861e-01 2.016580551862716675e-01 1.999999284744262695e-01 1.999999284744262695e-01 1.998483091592788696e-01 2.015015035867691040e-01 1.999999284744262695e-01 1.999999284744262695e-01
2.062554210424423218e-01 2.331317216157913208e-01 1.999999284744262695e-01 1.999999433755874634e-01 3.262975513935089111e-01 2.171742767095565796e-01 1.999999135732650757e-01 1.999998986721038818e-01 2.123498916625976562e-01 2.025586664676666260e-01 1.999998986721038818e-01 1.999999284744262695e-01 2.009763270616531372e-01 2.012553960084915161e-01 1.999998986721038818e-01 1.999998986721038818e-01
2.066226005554199219e-01 2.221924066543579102e-01 1.999998986721038818e-01 1.999999135732650757e-01 3.274613916873931885e-01 2.299296110868453979e-01 1.999999284744262695e-01 1.999999284744262695e-01 2.093700170516967773e-01 2.017579823732376099e-01 1.999999135732650757e-01 1.999999135732650757e-01 2.006164193153381348e-01 2.020487934350967407e-01 1.999999135732650757e-01 1.999999135732650757e-01
2.117455154657363892e-01 2.233910262584686279e-01 1.999999135732650757e-01 1.999999135732650757e-01 3.248308002948760986e-01 2.262386381626129150e-01 1.999999135732650757e-01 1.999999135732650757e-01 2.096082121133804321e-01 2.022314071655273438e-01 1.999999284744262695e-01 1.999999284744262695e-01 2.010266184806823730e-01 2.009269446134567261e-01 1.999999284744262695e-01 1.999998986721038818e-01
2.105931192636489868e-01 2.226579785346984863e-01 1.999998986721038818e-01 1.999999135732650757e-01 3.251650035381317139e-01 2.277899235486984253e-01 1.999999135732650757e-01 1.999999135732650757e-01 2.095648199319839478e-01 2.011414021253585815e-01 1.999999135732650757e-01 1.999999433755874634e-01 2.014111280441284180e-01 2.016758471727371216e-01 1.999999284744262695e-01 1.999998986721038818e-01
2.077209055423736572e-01 2.263896763324737549e-01 1.999999135732650757e-01 1.999999135732650757e-01 3.232437968254089355e-01 2.288516014814376831e-01 1.999998986721038818e-01 1.999998986721038818e-01 2.099741846323013306e-01 2.021687179803848267e-01 1.999998986721038818e-01 1.999999135732650757e-01 2.007769644260406494e-01 2.008733302354812622e-01 1.999999135732650757e-01 1.999999135732650757e-01
2.031028568744659424e-01 2.281304597854614258e-01 1.999998986721038818e-01 1.999999135732650757e-01 3.201998770236968994e-01 2.347728163003921509e-01 1.999998986721038818e-01 1.999998986721038818e-01 2.101301848888397217e-01 2.021655887365341187e-01 1.999999135732650757e-01 1.999999433755874634e-01 2.012321352958679199e-01 2.002652585506439209e-01 1.999999135732650757e-01 1.999999135732650757e-01
2.030902802944183350e-01 2.286696285009384155e-01 1.999998986721038818e-01 1.999998986721038818e-01 3.182590305805206299e-01 2.361869961023330688e-01 1.999998986721038818e-01 1.999998986721038818e-01 2.099451273679733276e-01 2.022568881511688232e-01 1.999999135732650757e-01 1.999999284744262695e-01 2.012043446302413940e-01 2.003868669271469116e-01 1.999999135732650757e-01 1.999999135732650757e-01
2.074767649173736572e-01 2.206654101610183716e-01 1.999999135732650757e-01 1.999999135732650757e-01 3.228347301483154297e-01 2.352290451526641846e-01 1.999998986721038818e-01 1.999998986721038818e-01 2.107225805521011353e-01 2.029411941766738892e-01 1.999999135732650757e-01 1.999999433755874634e-01 2.003289461135864258e-01 1.998004466295242310e-01 1.999999135732650757e-01 1.999999135732650757e-01
2.072886824607849121e-01 2.275349944829940796e-01 1.999998986721038818e-01 1.999998986721038818e-01 3.192740976810455322e-01 2.272978425025939941e-01 1.999998986721038818e-01 1.999998986721038818e-01 2.153448611497879028e-01 2.017058879137039185e-01 1.999999135732650757e-01 1.999999135732650757e-01 2.010887563228607178e-01 2.004640549421310425e-01 1.999999135732650757e-01 1.999999135732650757e-01
2.075884938240051270e-01 2.229845970869064331e-01 1.999999135732650757e-01 1.999999135732650757e-01 3.267947435379028320e-01 2.306133955717086792e-01 1.999999284744262695e-01 1.999999135732650757e-01 2.090590000152587891e-01 2.025907337665557861e-01 1.999998688697814941e-01 1.999998837709426880e-01 1.999052464962005615e-01 2.004628628492355347e-01 1.999998837709426880e-01 1.999998837709426880e-01
2.120454758405685425e-01 2.237999439239501953e-01 1.999998986721038818e-01 1.999998986721038818e-01 3.175761401653289795e-01 2.345597296953201294e-01 1.999998986721038818e-01 1.999998986721038818e-01 2.083834260702133179e-01 2.022041231393814087e-01 1.999998986721038818e-01 1.999998986721038818e-01 2.008115351200103760e-01 2.006187289953231812e-01 1.999998986721038818e-01 1.999998986721038818e-01
2.114302963018417358e-01 2.300857007503509521e-01 1.999998986721038818e-01 1.999998986721038818e-01 3.174052834510803223e-01 2.268434166908264160e-01 1.999998837709426880e-01 1.999998986721038818e-01 2.099847793579101562e-01 2.006026953458786011e-01 1.999998986721038818e-01 1.999998986721038818e-01 2.014115750789642334e-01 2.022352814674377441e-01 1.999998986721038818e-01 1.999998986721038818e-01
2.124068439006805420e-01 2.278216779232025146e-01 1.999998986721038818e-01 1.999998986721038818e-01 3.180464506149291992e-01 2.325536608695983887e-01 1.999998986721038818e-01 1.999998986721038818e-01 2.058974057435989380e-01 2.012018114328384399e-01 1.999998986721038818e-01 1.999998986721038818e-01 2.009009718894958496e-01 2.011702358722686768e-01 1.999998986721038818e-01 1.999998986721038818e-01
2.119588553905487061e-01 2.311972230672836304e-01 1.999998986721038818e-01 1.999998986721038818e-01 3.110340237617492676e-01 2.305979728698730469e-01 1.999999135732650757e-01 1.999999135732650757e-01 2.114899903535842896e-01 2.006357014179229736e-01 1.999998986721038818e-01 1.999999135732650757e-01 2.020440548658370972e-01 2.010412514209747314e-01 1.999999135732650757e-01 1.999998986721038818e-01
2.042742669582366943e-01 2.334644198417663574e-01 1.999998986721038818e-01 1.999998986721038818e-01 3.222509920597076416e-01 2.247983515262603760e-01 1.999998986721038818e-01 1.999998986721038818e-01 2.107202857732772827e-01 2.016880363225936890e-01 1.999998986721038818e-01 1.999998986721038818e-01 2.012357711791992188e-01 2.015668749809265137e-01 1.999998986721038818e-01 1.999998837709426880e-01
2.082582712173461914e-01 2.294473350048065186e-01 1.999998986721038818e-01 1.999998986721038818e-01 3.166054189205169678e-01 2.304769903421401978e-01 1.999998837709426880e-01 1.999998837709426880e-01 2.115799635648727417e-01 2.015018016099929810e-01 1.999998986721038818e-01 1.999998986721038818e-01 2.007884085178375244e-01 2.013407945632934570e-01 1.999998837709426880e-01 1.999998986721038818e-01
2.073788940906524658e-01 2.264171689748764038e-01 1.999998986721038818e-01 1.999998986721038818e-01 3.157440721988677979e-01 2.336847037076950073e-01 1.999998837709426880e-01 1.999998837709426880e-01 2.122637480497360229e-01 2.023581266403198242e-01 1.999998837709426880e-01 1.999998986721038818e-01 2.011649608612060547e-01 2.009872943162918091e-01 1.999998986721038818e-01 1.999998986721038818e-01
2.055251300334930420e-01 2.265872955322265625e-01 1.999998986721038818e-01 1.999998986721038818e-01 3.201392292976379395e-01 2.309731841087341309e-01 1.999998837709426880e-01 1.999998837709426880e-01 2.121316343545913696e-01 2.010392397642135620e-01 1.999998837709426880e-01 1.999998986721038818e-01 2.013074308633804321e-01 2.022957652807235718e-01 1.999998986721038818e-01 1.999999135732650757e-01
2.098704427480697632e-01 2.259662449359893799e-01 1.999998837709426880e-01 1.999998986721038818e-01 3.176901340484619141e-01 2.296980172395706177e-01 1.999998837709426880e-01 1.999998837709426880e-01 2.131594270467758179e-01 2.010684907436370850e-01 1.999998837709426880e-01 1.999998986721038818e-01 2.006073147058486938e-01 2.019388675689697266e-01 1.999998986721038818e-01 1.999998986721038818e-01
2.079634815454483032e-01 2.263119071722030640e-01 1.999998688697814941e-01 1.999998837709426880e-01 3.210645318031311035e-01 2.278849035501480103e-01 1.999998688697814941e-01 1.999998986721038818e-01 2.128417640924453735e-01 2.006829380989074707e-01 1.999998837709426880e-01 1.999998837709426880e-01 2.022660821676254272e-01 2.009833008050918579e-01 1.999998837709426880e-01 1.999998986721038818e-01
2.084613889455795288e-01 2.272955477237701416e-01 1.999998688697814941e-01 1.999998837709426880e-01 3.194033503532409668e-01 2.292448133230209351e-01 1.999998837709426880e-01 1.999998837709426880e-01 2.121593356132507324e-01 2.006871998310089111e-01 1.999998837709426880e-01 1.999998986721038818e-01 2.012962102890014648e-01 2.014509588479995728e-01 1.999998986721038818e-01 1.999998986721038818e-01
2.071050107479095459e-01 2.237082719802856445e-01 1.999998688697814941e-01 1.999998837709426880e-01 3.229172825813293457e-01 2.307265698909759521e-01 1.999998837709426880e-01 1.999998837709426880e-01 2.107508778572082520e-01 2.016064375638961792e-01 1.999998539686203003e-01 1.999998688697814941e-01 2.020309716463088989e-01 2.011533677577972412e-01 1.999998688697814941e-01 1.999998688697814941e-01
2.081351429224014282e-01 2.271983325481414795e-01 1.999998986721038818e-01 1.999998986721038818e-01 3.267848491668701172e-01 2.279429733753204346e-01 1.999998539686203003e-01 1.999998539686203003e-01 2.061768919229507446e-01 2.005213648080825806e-01 1.999998539686203003e-01 1.999998837709426880e-01 2.022623419761657715e-01 2.009769380092620850e-01 1.999998837709426880e-01 1.999998837709426880e-01
2.079270035028457642e-01 2.253232747316360474e-01 1.999998837709426880e-01 1.999998688697814941e-01 3.261469602584838867e-01 2.305397838354110718e-01 1.999998688697814941e-01 1.999998688697814941e-01 2.060930430889129639e-01 2.011700868606567383e-01 1.999998539686203003e-01 1.999998837709426880e-01 2.019243389368057251e-01 2.008743435144424438e-01 1.999998688697814941e-01 1.999998688697814941e-01
2.114454209804534912e-01 2.257950007915496826e-01 1.999998688697814941e-01 1.999998837709426880e-01 3.230437338352203369e-01 2.296528369188308716e-01 1.999998688697814941e-01 1.999998688697814941e-01 2.061437517404556274e-01 2.003629952669143677e-01 1.999998688697814941e-01 1.999998688697814941e-01 2.008176594972610474e-01 2.027373611927032471e-01 1.999998688697814941e-01 1.999998688697814941e-01
2.081301212310791016e-01 2.294291406869888306e-01 1.999998539686203003e-01 1.999998986721038818e-01 3.291335999965667725e-01 2.232441306114196777e-01 1.999998688697814941e-01 1.999998539686203003e-01 2.065875381231307983e-01 2.021630257368087769e-01 1.999998688697814941e-01 1.999998837709426880e-01 2.001087814569473267e-01 2.012024819850921631e-01 1.999998837709426880e-01 1.999998688697814941e-01
2.075676769018173218e-01 2.281434834003448486e-01 1.999998688697814941e-01 1.999998688697814941e-01 3.249338865280151367e-01 2.241360694169998169e-01 1.999998539686203003e-01 1.999998539686203003e-01 2.111810147762298584e-01 2.025624662637710571e-01 1.999998688697814941e-01 1.999998986721038818e-01 2.008705586194992065e-01 2.006036490201950073e-01 1.999998688697814941e-01 1.999998688697814941e-01
2.070542871952056885e-01 2.310669869184494019e-01 1.999998539686203003e-01 1.999998539686203003e-01 3.228943943977355957e-01 2.237653285264968872e-01 1.999998688697814941e-01 1.999998837709426880e-01 2.107052505016326904e-01 2.007254511117935181e-01 1.999998688697814941e-01 1.999998688697814941e-01 2.018061876296997070e-01 2.019807249307632446e-01 1.999998688697814941e-01 1.999998688697814941e-01
2.080264538526535034e-01 2.289560735225677490e-01 1.999998539686203003e-01 1.999998837709426880e-01 3.210964202880859375e-01 2.275757044553756714e-01 1.999998539686203003e-01 1.999998539686203003e-01 2.108038514852523804e-01 2.012953162193298340e-01 1.999998688697814941e-01 1.999998986721038818e-01 2.014668285846710205e-01 2.007780522108078003e-01 1.999998688697814941e-01 1.999998688697814941e-01
2.027978748083114624e-01 2.316433340311050415e-01 1.999998539686203003e-01 1.999998688697814941e-01 3.225171566009521484e-01 2.286962419748306274e-01 1.999998539686203003e-01 1.999998539686203003e-01 2.111916840076446533e-01 2.016763985157012939e-01 1.999998539686203003e-01 1.999998688697814941e-01 2.000747174024581909e-01 2.014012485742568970e-01 1.999998539686203003e-01 1.999998539686203003e-01
2.087908089160919189e-01 2.295807003974914551e-01 1.999998688697814941e-01 1.999998688697814941e-01 3.245367407798767090e-01 2.227463871240615845e-01 1.999998390674591064e-01 1.999998390674591064e-01 2.110228389501571655e-01 2.013901323080062866e-01 1.999998539686203003e-01 1.999998539686203003e-01 2.009121924638748169e-01 2.010188698768615723e-01 1.999998539686203003e-01 1.999998539686203003e-01
2.064342647790908813e-01 2.300099730491638184e-01 1.999998539686203003e-01 1.999998539686203003e-01 3.243376314640045166e-01 2.248727679252624512e-01 1.999998539686203003e-01 1.999998390674591064e-01 2.123053222894668579e-01 1.997283995151519775e-01 1.999998688697814941e-01 1.999998837709426880e-01 2.013680487871170044e-01 2.009422779083251953e-01 1.999998688697814941e-01 1.999998688697814941e-01
2.052032351493835449e-01 2.240828126668930054e-01 1.999998390674591064e-01 1.999998539686203003e-01 3.240508139133453369e-01 2.327944934368133545e-01 1.999998539686203003e-01 1.999998539686203003e-01 2.105976045131683350e-01 2.011591345071792603e-01 1.999998539686203003e-01 1.999998539686203003e-01 2.005476802587509155e-01 2.015629410743713379e-01 1.999998539686203003e-01 1.999998539686203003e-01
2.048631459474563599e-01 2.305787801742553711e-01 1.999998390674591064e-01 1.999998539686203003e-01 3.228978514671325684e-01 2.239266633987426758e-01 1.999998390674591064e-01 1.999998539686203003e-01 2.141223847866058350e-01 1.999947279691696167e-01 1.999998539686203003e-01 1.999998539686203003e-01 2.005861550569534302e-01 2.030288875102996826e-01 1.999998539686203003e-01 1.999998390674591064e-01
2.083760946989059448e-01 2.257552444934844971e-01 1.999998539686203003e-01 1.999998539686203003e-01 3.198227584362030029e-01 2.283123433589935303e-01 1.999998390674591064e-01 1.999998539686203003e-01 2.134907692670822144e-01 2.007142752408981323e-01 1.999998539686203003e-01 1.999998539686203003e-01 2.010862529277801514e-01 2.024408131837844849e-01 1.999998539686203003e-01 1.999998539686203003e-01
2.085802257061004639e-01 2.265407443046569824e-01 1.999998390674591064e-01 1.999998688697814941e-01 3.180620074272155762e-01 2.297874689102172852e-01 1.999998390674591064e-01 1.999998390674591064e-01 2.129908502101898193e-01 2.018392533063888550e-01 1.999998539686203003e-01 1.999998539686203003e-01 2.012006044387817383e-01 2.009974122047424316e-01 1.999998539686203003e-01 1.999998539686203003e-01
2.067157775163650513e-01 2.248034924268722534e-01 1.999998241662979126e-01 1.999998539686203003e-01 3.225054442882537842e-01 2.289458066225051880e-01 1.999998539686203003e-01 1.999998390674591064e-01 2.137203365564346313e-01 2.020950615406036377e-01 1.999998390674591064e-01 1.999998539686203003e-01 2.015186250209808350e-01 1.996940076351165771e-01 1.999998539686203003e-01 1.999998539686203003e-01
2.067130804061889648e-01 2.273649126291275024e-01 1.999998241662979126e-01 1.999998539686203003e-01 3.221803307533264160e-01 2.267121970653533936e-01 1.999998390674591064e-01 1.999998390674591064e-01 2.126419097185134888e-01 1.991360038518905640e-01 1.999998539686203003e-01 1.999998241662979126e-01 2.027647942304611206e-01 2.024853378534317017e-01 1.999998539686203003e-01 1.999998539686203003e-01
2.078548967838287354e-01 2.262751311063766479e-01 1.999998241662979126e-01 1.999998539686203003e-01 3.235584497451782227e-01 2.252819389104843140e-01 1.999998539686203003e-01 1.999998390674591064e-01 2.135677039623260498e-01 2.003744691610336304e-01 1.999998241662979126e-01 1.999998539686203003e-01 2.018356621265411377e-01 2.012502551078796387e-01 1.999998539686203003e-01 1.999998539686203003e-01
2.071755826473236084e-01 2.276397794485092163e-01 1.999998241662979126e-01 1.999998539686203003e-01 3.285209834575653076e-01 2.171262651681900024e-01 1.999998390674591064e-01 1.999998241662979126e-01 2.153961807489395142e-01 2.014558613300323486e-01 1.999998390674591064e-01 1.999998539686203003e-01 2.010533958673477173e-01 2.016303837299346924e-01 1.999998241662979126e-01 1.999998390674591064e-01
2.067570388317108154e-01 2.318760305643081665e-01 1.999998092651367188e-01 1.999998092651367188e-01 3.259466886520385742e-01 2.232240587472915649e-01 1.999998241662979126e-01 1.999998241662979126e-01 2.076363861560821533e-01 2.019996941089630127e-01 1.999998241662979126e-01 1.999998390674591064e-01 2.006272077560424805e-01 2.019313126802444458e-01 1.999998390674591064e-01 1.999998390674591064e-01
2.067849189043045044e-01 2.265510559082031250e-01 1.999998241662979126e-01 1.999998539686203003e-01 3.253077268600463867e-01 2.280052751302719116e-01 1.999998390674591064e-01 1.999998241662979126e-01 2.088191807270050049e-01 2.012611478567123413e-01 1.999998241662979126e-01 1.999998539686203003e-01 2.016872316598892212e-01 2.015819251537322998e-01 1.999998390674591064e-01 1.999998390674591064e-01
2.077281028032302856e-01 2.262700200080871582e-01 1.999998390674591064e-01 1.999998390674591064e-01 3.242824673652648926e-01 2.248427569866180420e-01 1.999998241662979126e-01 1.999998241662979126e-01 2.132879197597503662e-01 2.001444697380065918e-01 1.999998241662979126e-01 1.999998390674591064e-01 2.016722112894058228e-01 2.017704099416732788e-01 1.999998241662979126e-01 1.999998241662979126e-01
2.088371217250823975e-01 2.259402871131896973e-01 1.999998241662979126e-01 1.999998390674591064e-01 3.245371282100677490e-01 2.250510752201080322e-01 1.999998092651367188e-01 1.999998092651367188e-01 2.131546586751937866e-01 1.998939514160156250e-01 1.999998241662979126e-01 1.999998241662979126e-01 2.018498033285140991e-01 2.007343471050262451e-01 1.999998539686203003e-01 1.999998241662979126e-01
2.082259804010391235e-01 2.303837239742279053e-01 1.999998241662979126e-01 1.999998241662979126e-01 3.263794183731079102e-01 2.202777564525604248e-01 1.999998390674591064e-01 1.999998092651367188e-01 2.116422951221466064e-01 2.007804960012435913e-01 1.999998241662979126e-01 1.999998539686203003e-01 2.018879055976867676e-01 2.004208117723464966e-01 1.999998390674591064e-01 1.999998390674591064e-01
2.084076404571533203e-01 2.280660718679428101e-01 1.999998241662979126e-01 1.999998241662979126e-01 3.181256055831909180e-01 2.306675165891647339e-01 1.999998241662979126e-01 1.999998241662979126e-01 2.112446576356887817e-01 2.007291167974472046e-01 1.999998390674591064e-01 1.999998241662979126e-01 2.013997137546539307e-01 2.013579905033111572e-01 1.999998390674591064e-01 1.999998241662979126e-01
2.081364840269088745e-01 2.291882634162902832e-01 1.999998241662979126e-01 1.999998241662979126e-01 3.195658326148986816e-01 2.283762842416763306e-01 1.999998539686203003e-01 1.999998390674591064e-01 2.107530534267425537e-01 2.024189531803131104e-01 1.999998241662979126e-01 1.999998241662979126e-01 1.999566704034805298e-01 2.016028165817260742e-01 1.999998241662979126e-01 1.999998241662979126e-01
2.072894126176834106e-01 2.306127548217773438e-01 1.999998241662979126e-01 1.999998241662979126e-01 3.256435394287109375e-01 2.223066687583923340e-01 1.999998241662979126e-01 1.999998241662979126e-01 2.093204557895660400e-01 2.015454918146133423e-01 1.999998241662979126e-01 1.999998241662979126e-01 2.010881155729293823e-01 2.021918892860412598e-01 1.999998241662979126e-01 1.999998241662979126e-01
2.090227752923965454e-01 2.267772406339645386e-01 1.999998092651367188e-01 1.999998241662979126e-01 3.213265538215637207e-01 2.287258058786392212e-01 1.999997943639755249e-01 1.999998241662979126e-01 2.103559821844100952e-01 2.016093879938125610e-01 1.999997943639755249e-01 1.999998092651367188e-01 2.010718286037445068e-01 2.011087685823440552e-01 1.999998241662979126e-01 1.999998092651367188e-01
2.120371460914611816e-01 2.305791378021240234e-01 1.999998092651367188e-01 1.999998092651367188e-01 3.257924914360046387e-01 2.174435853958129883e-01 1.999998241662979126e-01 1.999998241662979126e-01 2.099375724792480469e-01 2.007317841053009033e-01 1.999998241662979126e-01 1.999998390674591064e-01 2.018241733312606812e-01 2.016523927450180054e-01 1.999998390674591064e-01 1.999998390674591064e-01
2.120711803436279297e-01 2.356220632791519165e-01 1.999997943639755249e-01 1.999997943639755249e-01 3.189213573932647705e-01 2.199959754943847656e-01 1.999998092651367188e-01 1.999998092651367188e-01 2.092134356498718262e-01 2.015929818153381348e-01 1.999998241662979126e-01 1.999998390674591064e-01 2.011219263076782227e-01 2.014594078063964844e-01 1.999998241662979126e-01 1.999998241662979126e-01
2.122386097908020020e-01 2.288455218076705933e-01 1.999997943639755249e-01 1.999998092651367188e-01 3.213513791561126709e-01 2.263858318328857422e-01 1.999998092651367188e-01 1.999998092651367188e-01 2.071700543165206909e-01 2.006598412990570068e-01 1.999997943639755249e-01 1.999998241662979126e-01 2.009183019399642944e-01 2.024286985397338867e-01 1.999998241662979126e-01 1.999998241662979126e-01
2.101818770170211792e-01 2.303998172283172607e-01 1.999997943639755249e-01 1.999998241662979126e-01 3.217850327491760254e-01 2.264546453952789307e-01 1.999998092651367188e-01 1.999998092651367188e-01 2.076425850391387939e-01 2.011038661003112793e-01 1.999998092651367188e-01 1.999998092651367188e-01 2.018954902887344360e-01 2.005349844694137573e-01 1.999998092651367188e-01 1.999998092651367188e-01
