# ex_work for 12 qbits with connectivity c5 and unitary DM 22447839297664
-8.680106917424235125e-02 1.348041174442052847e-01 1.348041174442052847e-01 1.348041174442052847e-01 -8.680111343724494777e-02 1.348041324481576153e-01 1.348041324481576153e-01 1.348041324481576153e-01 -8.680106917424235125e-02 1.348041324481576431e-01 1.348041324481576431e-01 1.348041324481576431e-01
-5.914701952435699045e-02 5.559172183278172225e-02 6.791245541257497076e-02 7.212569823126827040e-02 -7.926742686511503710e-02 5.132279172442701792e-02 4.976977612303271764e-02 7.212569823126839530e-02 -7.926747426190526580e-02 4.594670980023753820e-02 6.791244275960407750e-02 4.976977612303271764e-02
-4.945235548118860625e-02 -1.014647552696560685e-02 4.684885442362668462e-02 5.494996371302326293e-02 -5.558861800146763094e-02 4.102825341635933654e-02 4.060069596206954123e-02 4.017669008856302598e-02 -4.249456523098348731e-02 -8.417822141601916108e-03 2.626365614743023449e-02 2.593777400279806064e-02
-2.693264384889956786e-02 1.176542207581817746e-02 2.895302069340366033e-02 2.912441747214179408e-02 -3.788966746345866221e-02 2.127430027904155668e-02 7.999978658051219021e-03 2.846525148174809672e-02 -2.484865290749677103e-02 5.453812856464350552e-04 -1.154193250776007300e-04 -4.816916412929124133e-03
-2.216582257084819679e-02 2.136440729920798323e-02 1.490449750470369122e-02 1.444600170730298179e-02 -3.251984892591080339e-02 7.141840319567142707e-03 1.013574620329719261e-02 2.610427370920501838e-02 -2.043052972462362435e-02 2.306683029863879401e-04 -3.572169967781601858e-03 5.605019588853420165e-03
-2.586756110762064229e-02 1.751008961809947737e-02 2.247780547911967450e-02 2.233068738481497253e-03 -3.000144873433215759e-02 1.039526751649090877e-02 8.282708822241571442e-03 2.758556136115463894e-02 -1.409174152012801669e-02 3.309638953203661998e-03 -3.048911222915599243e-03 1.042084414647365467e-03
-2.499762984734383436e-02 1.173086351072824031e-02 2.155422011886232517e-02 1.562520427175078698e-03 -2.874481314696083686e-02 8.590464000278488083e-03 6.003997081432703962e-03 2.141569520232449592e-02 -8.846954167801979532e-03 5.837298268284738488e-03 1.278253688402611853e-03 2.788901800769256556e-04
-2.481543839486357456e-02 1.320873171068535912e-02 2.058981490163575706e-02 4.074253556262573232e-03 -2.519747721201707341e-02 5.896229926711442186e-03 7.726773201153299027e-03 1.746592464868567535e-02 -1.128179780398757930e-02 6.409966547294891279e-03 4.979680107029938298e-04 -7.249256590324814351e-04
-2.095636443884431321e-02 1.170842088922970439e-02 1.336162557126395999e-02 1.760453013019885448e-03 -1.968507359983047433e-02 6.983628151711355689e-03 7.528954218349205064e-03 1.360945008955503910e-02 -1.083338118579678377e-02 4.541702976190392302e-03 2.848610098054528156e-03 -1.895094724691877633e-03
-1.993070180815643966e-02 1.040470596957584516e-02 1.134474105968575307e-02 2.980315230105463637e-03 -1.896527611723120704e-02 9.301264455453988819e-03 5.931778137898173313e-03 1.305260816526902616e-02 -1.171853296240953426e-02 3.561486929543135165e-03 2.902151839588644651e-03 -6.288506067115499486e-04
-1.800579218603485729e-02 9.178166551658298658e-03 8.558215535323657891e-03 3.921926785861143579e-03 -1.718083068342821096e-02 9.625067251965477300e-03 3.786112153891064286e-03 1.140855298424783663e-02 -1.108673955686821991e-02 3.721216422256521262e-03 2.063139877592313782e-03 6.267039009804075160e-04
-1.333343841342912381e-02 7.864334108303495247e-03 -1.984259810240271947e-03 2.665261617657726546e-03 -8.750592291854318236e-03 8.965591377680905832e-03 -4.415580818185570731e-04 1.001498708062698376e-02 -9.723481184251168974e-03 3.602364158570032365e-03 2.981884898211358340e-03 1.572100255553376741e-03
-9.486555116571423335e-03 7.803861362674578347e-03 2.887946061092103774e-03 1.935311337808879283e-03 -1.090766123856656139e-02 5.940292770879595195e-03 -3.991063303397477812e-04 2.966282989644854120e-03 -8.625100113642463623e-03 3.151265138208319237e-03 4.549467605147721611e-03 2.603630351464096115e-03
-9.937905387956025294e-03 6.388231460332324634e-03 5.903295299684845759e-03 -3.873068409103676735e-04 -9.760181817006687716e-03 5.221728735557106676e-03 2.454179305680377187e-03 4.981388965038286917e-03 -8.325908067107593707e-03 2.267674591598568649e-03 5.423758724463401473e-03 -1.836452672053488734e-03
-1.026512367266609396e-02 6.616666809655734165e-03 4.822711950581361380e-03 1.748941965963159454e-03 -1.062786089822912589e-02 3.912683583279744082e-03 2.636844629469669264e-03 3.611562598060315266e-03 -6.559132166897733984e-03 2.128558414754828151e-03 5.657103664106002093e-03 -1.441408479527526119e-03
-8.853663130169359130e-03 6.961739719050971317e-03 4.427149064933774518e-03 -2.548715091499875176e-04 -1.087045900776451891e-02 3.959707230556486039e-03 2.318412206079087119e-03 4.417416584872985511e-03 -5.390548173147432370e-03 2.376409917168093109e-03 4.594804040821083568e-03 -1.681285411083368328e-03
-1.159709010651437631e-02 6.173235998279589208e-03 3.558175929690404315e-03 1.982218205895741429e-03 -1.064671876277001848e-02 3.254120806717188813e-03 2.664456514216023437e-03 4.885784038983339780e-03 -5.080179425747053702e-03 8.282305603723443422e-04 5.982778147780983859e-03 2.563080243452018660e-04
-1.183253975546696458e-02 4.341453790303901640e-03 3.949111554992914414e-03 3.211182881291264283e-03 -1.084577831875633940e-02 4.244265324020381376e-03 3.479331400477765103e-03 2.957174205180747740e-03 -6.432705248810388458e-03 2.194321779409905918e-03 5.557141297777455288e-03 1.530609132914302443e-03
-9.842898700215516744e-03 4.322431276856503711e-03 3.216402832891499843e-03 2.753054102544333706e-03 -1.037270350093372207e-02 3.640049471295293826e-03 2.353412390873918340e-03 4.107189437674775567e-03 -7.175809348406379275e-03 2.795375868453249969e-03 4.601735369360150131e-03 1.604663382322558691e-03
-9.948226833548217546e-03 3.771354969049509672e-03 2.386881733246852978e-03 3.448036182243545151e-03 -1.042913144374869525e-02 4.708874807007202429e-03 2.533929716954474391e-03 4.699161116672484484e-03 -7.779789294685193410e-03 3.016687857253373857e-03 4.697308520572786132e-03 1.025051348335672937e-03
-9.303932531768987352e-03 3.878556068704990499e-03 2.322949698972608893e-03 4.427663108309367636e-03 -1.110525177306232250e-02 4.557757306679299965e-03 1.833296806320521737e-03 4.322048156257021420e-03 -7.697284957633237883e-03 3.133762169740041473e-03 4.310580865364331896e-03 1.449411549643406369e-03
-9.729165745468091459e-03 3.612584303206501420e-03 1.272864466952728724e-03 4.767106384399899185e-03 -1.015684331023239406e-02 3.559938011284049554e-03 4.120492624677156261e-03 3.258966277737518607e-03 -7.446114540594793961e-03 3.152745439743612817e-03 4.131995400615466434e-03 1.456913157709249524e-03
-1.028331223082993781e-02 3.825696397627361550e-03 2.355466005359173678e-03 3.790146504989580847e-03 -1.085546518253138228e-02 4.146793817791756369e-03 4.148209856436785130e-03 3.110764876817695510e-03 -8.423591530159970850e-03 3.716313161941724955e-03 4.296693634750521976e-03 2.469980271472947946e-03
-1.019589537618588101e-02 2.366262562717215325e-03 4.105211731618550568e-03 4.294247419088573041e-03 -1.157700784538025565e-02 3.443405225605754207e-03 3.534730280256017428e-03 3.151836516622437846e-03 -8.043427271723373531e-03 5.031364809018788568e-03 5.399046836582748615e-03 9.061148739479909803e-04
-9.748734115499178149e-03 2.056113012946825941e-03 3.740817441754963352e-03 3.853156969307550399e-03 -1.126130165571257932e-02 4.191816695992112152e-03 2.651892568464214381e-03 4.072315570356152895e-03 -8.631607815921109664e-03 5.438667939954048083e-03 4.781927495923771719e-03 1.220255453613672833e-03
-1.071377548720713231e-02 2.107987856879809264e-03 3.541925243149822346e-03 4.719720213188750672e-03 -1.191174389159034737e-02 3.710642488978259466e-03 3.832645011749496750e-03 2.694042074738813020e-03 -8.778098436222242160e-03 5.553473869532365124e-03 6.251806528288945085e-03 1.678804433354947299e-03
-9.103973151889167489e-03 1.653433227412564417e-03 2.858637850867262742e-03 5.011693758921009594e-03 -1.208284298064679456e-02 3.968847255265598763e-03 2.408166984594061442e-03 1.595781484568293369e-03 -8.648979993989556678e-03 5.774194646132848469e-03 6.975777279431038917e-03 2.091320135272441930e-03
-1.065121182476698111e-02 1.596907534061100522e-03 4.194537035299120316e-03 4.397074847349208108e-03 -1.363670923891322634e-02 3.458991678487969169e-03 3.505127693395327076e-03 2.099487489511399439e-03 -9.243780715539912096e-03 6.263649704676964823e-03 8.321688055788471761e-03 2.877812239865562734e-03
-9.780340716718727984e-03 1.605372528365347660e-03 5.170169508954896090e-03 2.931035941244487103e-03 -1.384632672133166709e-02 3.612324189732692755e-03 3.364811102970452147e-03 3.632016379536349461e-03 -8.567464173818817308e-03 5.555387096360421550e-03 6.202408368961272525e-03 3.008425476695586985e-03
-9.929657823265073888e-03 7.625804859474259690e-04 5.368121394141290789e-03 2.528864564001959744e-03 -1.261678046413570314e-02 2.803445487444121420e-03 4.058747064203695881e-03 3.897857457261969406e-03 -8.375513264765641064e-03 4.707610108935518685e-03 6.156363385903672499e-03 3.286348785281598562e-03
-9.121346494561446278e-03 7.640916314251535368e-04 5.741700896748748797e-03 3.784649246466935575e-03 -1.148929836788880471e-02 2.636967245036553591e-03 3.828173614338650950e-03 3.214458491393578938e-03 -8.013075996173768187e-03 3.040660257922270498e-03 4.991039672067272559e-03 2.857197859645177647e-03
-9.840889425789331110e-03 1.488692306385660993e-03 5.333250172409949481e-03 2.707092874924130026e-03 -1.031099103916804580e-02 2.888836616438114190e-03 5.076012034760757179e-03 3.675317416640548878e-03 -9.219829654593343637e-03 2.609740264065696976e-03 3.551020552627353385e-03 4.334342561262287223e-03
-9.766469079200918238e-03 1.551332576259714961e-03 5.861098581348918139e-03 2.846912413969964698e-03 -9.229971195977005466e-03 2.549280543498772585e-03 5.463777271459678911e-03 2.599254626103985125e-03 -9.295863074053683020e-03 1.964522605345466258e-03 3.365844060639151900e-03 4.243083510288525768e-03
-1.063471638018546363e-02 1.793015575651180820e-03 5.656495758506457396e-03 2.672856122064414496e-03 -8.566432158036556624e-03 3.593995672515038452e-03 5.767643780917762995e-03 2.282380481051537666e-03 -1.044611034929579692e-02 1.503210048349137027e-03 5.017206584522096273e-03 3.755880156860504689e-03
-1.008675769303654830e-02 1.491170695236277181e-03 5.120492521037887240e-03 2.756530925901223405e-03 -9.659039722495477848e-03 3.619793530469599292e-03 6.614621854053445368e-03 3.538765059804270616e-03 -1.079177148818185640e-02 1.718009876267511185e-03 4.744571939593251672e-03 3.460947804511923902e-03
-1.167303666826758138e-02 -2.085976658377579579e-04 4.884858160921716659e-03 4.773971158378374768e-03 -9.049770024444386135e-03 2.571954761154004836e-03 5.672358370690491064e-03 3.426054635654499081e-03 -9.539836606179840153e-03 1.560006350159790986e-03 5.655834082163331902e-03 4.488211072406556208e-03
-1.164030266379202823e-02 6.850451241943919783e-04 4.004834609360796716e-03 6.501961116263933055e-03 -9.173370024027290709e-03 2.853972912226570950e-03 5.002027191325161479e-03 2.767177616042931949e-03 -9.795545613628097240e-03 2.284512015278280204e-03 5.805223324255823561e-03 3.290688013749460284e-03
-1.105477458910915194e-02 1.204641867969466051e-03 4.421285041058886818e-03 5.129976614722862524e-03 -1.119522438056448112e-02 2.974359443690789608e-03 4.677990844155532728e-03 4.375330953192179025e-03 -9.409965965723706902e-03 3.512922616503677889e-03 4.655513872354436963e-03 3.383048086268455965e-03
-1.000408510951808320e-02 2.512602700966768202e-03 3.218553434953204829e-03 4.517897505181931762e-03 -1.165505855777660901e-02 4.740230887416505522e-03 3.104641499005598559e-03 3.474994903827824996e-03 -9.120623485060135732e-03 4.009257045846994182e-03 3.039194779023882565e-03 4.664083288783869505e-03
-1.103932606989485067e-02 1.560623241267764579e-03 4.260294996184295184e-03 4.094003472732601900e-03 -9.160450071136722050e-03 5.079657801965458026e-03 2.450349833246451975e-03 3.742256785138906808e-03 -8.381340620005364034e-03 4.445273121203343822e-03 1.584331686292443685e-03 3.557734202815959236e-03
-1.196026036435142263e-02 6.781357275250918856e-04 4.783892071021125271e-03 5.833822147841991913e-03 -9.936413988774364311e-03 5.257639979399580249e-03 2.395645256736655439e-03 5.050073952275086452e-03 -9.463997192463415031e-03 3.403831633416602980e-03 3.190938481577108420e-03 3.450974153054703342e-03
-1.124263171752917442e-02 1.901523647931446792e-03 4.627193299103471089e-03 6.240075340497691983e-03 -9.539086265542893670e-03 4.620164281582603977e-03 2.769106168465370037e-03 4.510489146960110218e-03 -1.048424604403406721e-02 3.808435540793980983e-03 2.261723109294565791e-03 3.149951476869618239e-03
-1.264449952866475435e-02 3.193209028272222909e-03 5.644700736051826151e-03 4.952300496565883656e-03 -8.693914761544400960e-03 4.221453008347461622e-03 4.502854016040038800e-03 3.334108158543253302e-03 -9.928672584348997507e-03 3.693878188898098817e-03 1.661959167419218642e-03 2.713305834393041262e-03
-1.201611338214933489e-02 4.820937848772117659e-03 5.824403360815035534e-03 4.833470819720592920e-03 -8.968889622624100569e-03 2.515678248143507403e-03 3.918020152062452396e-03 2.560543975391920638e-03 -9.836137693679658858e-03 3.114751377222011678e-03 2.571356610031720353e-03 3.214845289261821989e-03
-1.214268367970166781e-02 5.763823482453828140e-03 5.194967880910072305e-03 2.690401640906195987e-03 -9.420339487000542120e-03 2.321504539107078699e-03 3.805125324797414572e-03 3.389386201410427273e-03 -9.373767462679826606e-03 2.499094985888989252e-03 4.361819726332227289e-03 3.482431869119609856e-03
-1.216957253955933821e-02 5.415101884975866316e-03 4.976921981721343577e-03 3.596265002314815405e-03 -1.014370549130755479e-02 1.179268017739595843e-03 3.287652591920783504e-03 3.340209979810921433e-03 -8.274466493730949640e-03 3.650663729566078295e-03 5.124127343166033806e-03 2.565058881460013755e-03
-1.170549977823037713e-02 4.121516987574239815e-03 3.832457742765318053e-03 4.684246864320512280e-03 -9.948724371375733053e-03 1.690114534958920851e-03 3.831510719340360492e-03 3.605215770717597537e-03 -8.088080373715240273e-03 3.469817971619673213e-03 3.342114373263833666e-03 3.519620509056333758e-03
-1.084938655285533522e-02 5.040506850540247760e-03 1.437641595832941065e-03 3.748536420092351325e-03 -9.545006457768704863e-03 3.087734572670691215e-03 2.940328673586128580e-03 2.429384882600113364e-03 -9.436040442483025620e-03 3.423661029282265567e-03 4.409085709544209933e-03 5.691108700864624427e-03
-1.088540062731624576e-02 5.715790051317881475e-03 2.343441434244844003e-03 2.347372652844497126e-03 -8.881215159923487243e-03 2.830357865846619587e-03 3.219852869738002148e-03 2.878417417232740846e-03 -8.561557970575150653e-03 3.351712325565817108e-03 2.706448517727639159e-03 5.078260107805176483e-03
-1.159866968878129484e-02 4.981823304160398064e-03 3.227143252538708287e-03 2.509701181738377418e-03 -8.958131152588512391e-03 3.140522903022775671e-03 3.925978557703441695e-03 2.490739844340207620e-03 -9.327482600966047546e-03 4.035515936199911800e-03 2.936980567818818933e-03 5.007434212164116848e-03
-1.173797480252591029e-02 4.940839462378780918e-03 1.665547840917632047e-03 2.098757788847838320e-03 -9.070350806295238502e-03 3.991653981751488653e-03 4.806977293994523642e-03 5.154329272809696737e-03 -9.243668505685431053e-03 2.998270153827773364e-03 3.312845759132537239e-03 3.509606629085686939e-03
-1.135339298229536692e-02 4.922087479847042646e-03 1.891522036057818055e-03 1.557192866300551254e-03 -9.420425113382197360e-03 2.196877800756562044e-03 4.655250700997637207e-03 5.531806673904251202e-03 -8.973547399720326403e-03 3.593323896837489085e-03 3.494185921827730381e-03 4.294584842835978689e-03
-1.118093171147751912e-02 5.188616155173802688e-03 2.664770800783351420e-03 2.339038900002769674e-03 -9.320027861088502411e-03 2.119610390282879436e-03 4.281953258017287024e-03 5.728815550996077706e-03 -9.329747289190757492e-03 4.162175096167270924e-03 2.308628627589161264e-03 3.423254819197339878e-03
-9.689184419169384957e-03 5.682306310449306702e-03 3.504213551820226612e-03 2.614895073465417670e-03 -1.019738641784927353e-02 9.198942413032807274e-04 4.982172567260062697e-03 6.036090776337931472e-03 -8.776210537451884647e-03 2.366067426771979645e-03 1.355798080547739991e-03 3.461018815314482761e-03
-9.714200830373000486e-03 5.244236726746939747e-03 2.915800371964705207e-03 2.666196174738913894e-03 -9.375110785132418148e-03 1.801754818357043835e-03 3.077996872410713059e-03 4.851176765673996007e-03 -8.918782268273202363e-03 3.198275684621082471e-03 3.305086177363435618e-03 3.011472785026214887e-03
-9.758398687896569293e-03 3.166137267069969296e-03 1.874713618541179287e-03 2.334219700696071268e-03 -9.225712113262247299e-03 3.262199718184845276e-03 3.720235282484530247e-03 4.401898013085115899e-03 -8.806807585528693069e-03 2.920182436266349334e-03 3.863171328689207241e-03 4.263360080886582047e-03
-8.968905930491887640e-03 3.177320254717785463e-03 2.236382890823989961e-03 2.533852926854954831e-03 -9.937687124946376765e-03 2.332064849879932501e-03 2.233755509361316609e-03 3.912804240631370493e-03 -7.303199452278506983e-03 3.238614849652760811e-03 4.665230972667161469e-03 3.688952736405893846e-03
-8.678108600065622541e-03 3.395266912204953150e-03 3.123805272276520238e-03 2.778833650157800945e-03 -9.723955119911871503e-03 1.966750505087331517e-03 2.049250558028190786e-03 4.597878774995636797e-03 -7.862221852824676296e-03 2.503917833819702989e-03 4.140728722308587711e-03 3.515739015302833149e-03
-9.143738083134228881e-03 4.361278490641874034e-03 3.142224360572589033e-03 3.298847959412295420e-03 -1.019528526987574166e-02 2.846698391007728736e-03 3.555550383556655824e-03 4.709614515673254953e-03 -1.003335695102256300e-02 4.254903644661951409e-03 2.260174509024790411e-03 3.197400834471367855e-03
-9.694500815745943009e-03 4.204082453965796856e-03 2.737157136609137675e-03 3.364822287497884392e-03 -9.845828200287716145e-03 3.038489170984736906e-03 4.351201554248183660e-03 3.759352312178021807e-03 -9.729511377524561674e-03 5.061343595855548327e-03 2.027948954372217876e-03 2.969760170468206065e-03
-9.985279750604071636e-03 4.000753164813925650e-03 4.055741889496487611e-03 3.010577444960705826e-03 -1.081319423559263387e-02 3.497123838621210654e-03 3.969883526839345159e-03 3.426954336981465586e-03 -8.854040006634580559e-03 4.069156038076768289e-03 2.871086664617720358e-03 3.042546589747250740e-03
-1.051289452114515313e-02 3.507096458611501551e-03 5.172855083754303480e-03 2.756983260299175620e-03 -1.058993231447725482e-02 3.784874091156637498e-03 4.060431602548248906e-03 3.869312854625955259e-03 -9.627490540376607009e-03 2.349859325133383907e-03 3.091802331538527800e-03 4.617196592103081469e-03
-9.460181129173459921e-03 2.588033189759137657e-03 4.252390966025901622e-03 4.198385514000876374e-03 -1.142092927358537985e-02 4.157540465359838705e-03 4.203713519061182471e-03 3.503364319578541712e-03 -1.005671583177748622e-02 2.593648884414067636e-03 3.353374508651117431e-03 4.602451739562671111e-03
-1.017154195327023627e-02 2.974633713656726561e-03 4.334518281493273881e-03 4.039751228709475249e-03 -1.098168880702156229e-02 4.941674349567986603e-03 4.094695046295239102e-03 3.546036934747033489e-03 -9.827952998637210294e-03 2.467221765700348523e-03 2.969978684770769022e-03 4.128853910644350762e-03
-1.054826717877148205e-02 3.547240515528470289e-03 3.335241058162346540e-03 2.953135784358026407e-03 -1.198816798303434066e-02 5.471359527459709014e-03 3.402818851423064592e-03 3.700832542069539249e-03 -8.377716011625804815e-03 2.479075021962852832e-03 3.885274736556789711e-03 4.691540955677899784e-03
-1.010803917769623889e-02 2.610979607543447226e-03 2.853810413956979399e-03 3.602465212752438938e-03 -1.101696207045720077e-02 6.597612166466044169e-03 2.735629236732615120e-03 2.832706748364793251e-03 -9.012333091177177763e-03 2.954224841670706741e-03 3.146194376981898983e-03 5.241891147366653861e-03
-1.025737150069049725e-02 3.531689615926573815e-03 3.322152489866063603e-03 3.409752992490110764e-03 -1.041700200964276561e-02 4.974508252931750078e-03 2.693148874157909062e-03 3.645840487591246910e-03 -8.915728388952820840e-03 2.549688762281448941e-03 3.245661746946825518e-03 4.510393058207520095e-03
-1.001423168558873873e-02 2.869263757664117145e-03 4.881692331585317339e-03 3.781841496412219686e-03 -1.037405438742584722e-02 3.997299427980862720e-03 2.099937922594413697e-03 3.101869554693543422e-03 -7.921795371330505112e-03 2.339853697192662355e-03 2.792159972636814626e-03 4.569012643579774442e-03
-1.119530536559242007e-02 3.998409908360638088e-03 3.735893318208347805e-03 4.944943930726131837e-03 -1.061076905149191396e-02 3.563803050591808023e-03 3.390717527764570884e-03 3.512229901376387551e-03 -8.471852169196445251e-03 2.021321691569272303e-03 3.444441368421272132e-03 4.087980597784779749e-03
-1.112445637168927096e-02 3.521785325928171537e-03 5.470368599676648375e-03 5.690972853434628394e-03 -1.020788993388964221e-02 3.955645427469278545e-03 2.454973649480330679e-03 2.311565907734682793e-03 -8.883395159245230377e-03 2.346413826833884230e-03 3.631345400634780791e-03 3.274502518192921614e-03
-1.021512096471705738e-02 3.795068902617233959e-03 4.146580174108407783e-03 3.598423010398771587e-03 -1.001892401827432846e-02 4.214917578609696930e-03 3.392342016128758499e-03 2.941392743151500979e-03 -9.704442851871834114e-03 2.070989194846541755e-03 3.946082598649643808e-03 4.168486199831464636e-03
-8.740565165446833804e-03 5.753621128572746629e-03 3.170416783122113717e-03 2.828669710338240720e-03 -1.072012351209809811e-02 4.387939454492610636e-03 3.189046311295915329e-03 3.532310699139751611e-03 -1.091746556457511355e-02 2.591609035155973111e-03 2.656444024090335622e-03 4.721665065030650026e-03
-9.240956862365893795e-03 4.165985575114544183e-03 3.697874906474993024e-03 3.070059835434334975e-03 -1.099070719177646510e-02 5.084684675965941980e-03 2.678243223475595524e-03 2.292881965883159130e-03 -9.607934661776978968e-03 4.080369412863910951e-03 2.903495046332694486e-03 4.209414261166954246e-03
-9.164787533095866690e-03 4.637833689949995633e-03 3.735999546492680800e-03 2.654214090082796483e-03 -1.039470150820110197e-02 4.486171506809146468e-03 2.942549530471295829e-03 2.436773737846118122e-03 -1.052579386867877852e-02 4.338073578636165474e-03 3.450969763686541868e-03 3.774984935639943452e-03
-9.866865857353617625e-03 3.833059257184249797e-03 4.466203835244647938e-03 3.117131484637901406e-03 -9.494538953341586512e-03 4.575279439579686691e-03 2.282423019403300585e-03 1.828972696483733857e-03 -1.074854838424127261e-02 5.157877000434352155e-03 3.481587517268297603e-03 3.763632553497148550e-03
-9.918078434191315157e-03 4.176232184642779573e-03 4.762322213055680993e-03 4.073329656004313036e-03 -9.543660733812724811e-03 4.787993772175246424e-03 2.361373906067272370e-03 1.655887272075185499e-03 -1.131874347486020241e-02 5.026290058959346184e-03 3.517967342013537165e-03 2.940540972944478190e-03
-9.545544587738897038e-03 3.103885724683660974e-03 5.805604913343839595e-03 4.731483469895328246e-03 -1.023860701627367538e-02 3.452538960041965851e-03 2.349933847141349487e-03 1.867683484403491684e-03 -1.002274015999581915e-02 3.748797585329861730e-03 3.666966316656075295e-03 3.431955371990609311e-03
-9.938008292601090837e-03 3.721081458062700398e-03 5.341607446364534696e-03 5.029086295603331196e-03 -1.010425846395250106e-02 4.515302331707668829e-03 2.811012916074950158e-03 2.070515212310581211e-03 -1.102519393696649828e-02 2.702125534577723767e-03 3.997701783559876043e-03 3.434252926065666910e-03
-1.016797912558347651e-02 3.733843672355318700e-03 5.514187252911499290e-03 4.067235499597032788e-03 -1.017828922714518643e-02 3.689996296289608808e-03 3.841747063320376677e-03 2.445133737954342541e-03 -1.102640498538177798e-02 2.783832814084463876e-03 4.809571259830038893e-03 3.080475888908515859e-03
-1.003784957178346406e-02 3.211506882432523576e-03 5.493886140154767041e-03 3.800030046378145929e-03 -9.900992902075272939e-03 4.598639088073619430e-03 4.330276056682080994e-03 3.011555753486004888e-03 -1.141154224637158654e-02 4.230545031897442639e-03 3.140261333143362383e-03 2.133317345798344412e-03
-9.116148837611354541e-03 2.586990637506249129e-03 5.442081364655601376e-03 3.657334929518415729e-03 -9.414975754665218244e-03 3.285341055889132948e-03 3.950488420640783753e-03 3.933776151177744741e-03 -1.108520059928232333e-02 4.212816827852474376e-03 2.721188860482351424e-03 2.145611659071241118e-03
-9.592191528205966725e-03 2.719137444218863893e-03 4.163570730031658507e-03 4.009404389689576881e-03 -9.162523968831742804e-03 3.453608163238601828e-03 3.914402891953746091e-03 3.407509089527102283e-03 -1.051014069867368603e-02 3.515168443501810302e-03 3.656263646607650110e-03 2.650774700304409787e-03
-1.071284576359963527e-02 2.957987174285324483e-03 4.368226742772080180e-03 3.803891189002238556e-03 -8.135456964832126631e-03 2.307024783111006130e-03 3.760159300050356420e-03 3.647252166451489877e-03 -9.576898428199573376e-03 4.291481715628446894e-03 2.647839435120301690e-03 2.764099777717264617e-03
-1.017786773313059633e-02 3.818095345559378937e-03 3.597463954235880380e-03 3.947294121397311971e-03 -7.102017373252000020e-03 2.350618458253898001e-03 3.111270831697165746e-03 2.952028001295426644e-03 -1.049258137624521289e-02 4.837250728109029202e-03 2.343707474706970342e-03 2.867898558484442521e-03
-9.931381819199985167e-03 3.417294831539048096e-03 3.464190999465880088e-03 3.926882045694222306e-03 -7.927081894634244175e-03 2.343176228108056949e-03 3.006393904486992681e-03 3.583488817490713702e-03 -1.042078128729511180e-02 4.134320201183728886e-03 2.807418885389677699e-03 3.687664896037871724e-03
-9.646132607161525888e-03 3.604183535024855101e-03 3.952795100443965912e-03 3.977620766403679523e-03 -7.162994921440934623e-03 3.042490447316754942e-03 2.909961921963969116e-03 3.345427497845148996e-03 -1.171984292835386368e-02 4.033339599313471614e-03 2.248634170004579214e-03 3.591641097968693071e-03
-8.857515464771696656e-03 3.163446896187142605e-03 4.482061414742959451e-03 2.431618018821583588e-03 -8.130659525005220004e-03 2.899573263254540470e-03 2.085589487261011593e-03 4.287938630897124292e-03 -1.076571651872398373e-02 4.293746624484508570e-03 3.530780329414713245e-03 2.613203374472267571e-03
-8.015084520038970664e-03 4.042017040758136628e-03 3.039236929591915010e-03 3.323814657048777821e-03 -7.882452408741103325e-03 3.367281741066746777e-03 2.168586983414743860e-03 4.173694129161179510e-03 -1.164652024865576833e-02 2.978091598768198636e-03 3.071123264346155898e-03 3.401492333250162592e-03
-7.674475329870524172e-03 5.079070468807248863e-03 2.712002881611230883e-03 3.064672197679179071e-03 -7.833947252379154860e-03 3.680214024836871069e-03 1.266778786207018630e-03 4.055842946637486755e-03 -1.256510929197577828e-02 3.202496030310406951e-03 3.381421841841029084e-03 3.804273602234902515e-03
-8.143744887448735661e-03 4.670225092846778947e-03 3.964036976484210106e-03 3.681297574903515026e-03 -9.012306479119993122e-03 4.155187125675860634e-03 2.294571725479135991e-03 4.541921327667503352e-03 -1.286987677688719925e-02 3.871267910653907601e-03 2.840963977289739321e-03 2.452906610228908560e-03
-8.279254988793543352e-03 3.938843603984707765e-03 3.147614451450747412e-03 4.240887454439698154e-03 -9.886736586998229673e-03 4.439431808292117893e-03 2.560416286474139370e-03 5.251769429950295734e-03 -1.283807091681412813e-02 3.918088258506726568e-03 2.994464884696603369e-03 3.104891607042654673e-03
-8.052282148790121732e-03 3.664894155606536474e-03 4.137197258229873692e-03 3.312843696873893871e-03 -9.297406480586438079e-03 4.951055402599763636e-03 2.532801781295300047e-03 5.238991056419416148e-03 -1.384773867212783609e-02 5.323913504349281518e-03 3.084798737420582637e-03 1.667194960011994910e-03
-8.014838063436365359e-03 2.648114508067938005e-03 4.235733392359918199e-03 2.549369874228982289e-03 -9.388821763995306574e-03 5.709102839864820672e-03 2.060271489492574316e-03 4.230030304338119017e-03 -1.217487990293184170e-02 5.425146340749764824e-03 2.563894178863639333e-03 2.552609100080987722e-03
-8.796764410942113990e-03 2.992856070168280376e-03 3.463923613131584828e-03 2.126792776317952809e-03 -9.199937914682947485e-03 4.339204122041984309e-03 2.379627631827047757e-03 4.982931413255930683e-03 -1.100124280902992253e-02 7.009858384809755996e-03 1.487553013518711506e-03 2.521305614546758694e-03
-9.782283122173803316e-03 3.618100626713391648e-03 3.961614036432144215e-03 2.413242806956659384e-03 -7.787356215471811886e-03 3.648269249331489474e-03 3.080770727998669196e-03 4.284514935819789400e-03 -1.096782099385650716e-02 6.675018800113713575e-03 1.869314400591758508e-03 1.219790386808272805e-03
-9.579073718851882982e-03 3.048420228806406149e-03 2.989655457650342886e-03 3.024600206283164713e-03 -7.953154841477417733e-03 4.032873084985893510e-03 3.430701194699560704e-03 4.234832980226347146e-03 -1.075535050653776345e-02 5.537229788178253849e-03 1.980723737098158323e-03 2.141670020967667305e-03
-9.142483289526655982e-03 1.790849004238302591e-03 3.721087305082171424e-03 2.730124730259375111e-03 -7.931047870191524837e-03 4.005922012508314131e-03 3.445240757730913626e-03 4.495669944918160958e-03 -1.130973841577502526e-02 6.543380698081783901e-03 1.816223365663565455e-03 2.043153425521683237e-03
-9.167520540278532165e-03 1.667451242383853139e-03 4.058725630544044935e-03 3.712933137976207575e-03 -8.065503757407553251e-03 4.258836467971036273e-03 2.844604165336405734e-03 3.342557532603944795e-03 -1.007308206096785286e-02 6.234580879730414367e-03 1.754969352984634898e-03 1.454319272314497915e-03
-8.243706634820671675e-03 3.359812687344073366e-03 3.109922170911241096e-03 4.007001283808950785e-03 -1.048558050585185475e-02 4.555417036616566523e-03 2.979242628125629202e-03 2.613209653862429496e-03 -1.005724346867720685e-02 5.338083601060299166e-03 3.234539067585791381e-03 1.787395915248206867e-03
-9.171051825179311542e-03 4.328361975978590667e-03 3.568027652102039992e-03 3.451841548499766203e-03 -9.955071738396865585e-03 4.621036406000699447e-03 2.464838772665208302e-03 2.549310512961715583e-03 -9.576862115536896244e-03 4.408086677464740852e-03 2.813198233024154921e-03 2.650889417672361130e-03
-9.674872738909556097e-03 3.770818835317064216e-03 3.145688903151094493e-03 4.942286254080860246e-03 -1.102713686754651715e-02 3.777157640001840757e-03 1.926019189977583746e-03 2.649070486711803136e-03 -9.899524308479465753e-03 5.166540190580669149e-03 2.585451005466201605e-03 5.128022446011301985e-03
