# pops for 12 qbits with connectivity c5 and unitary DM 22627721560320
4.000000357627868652e-01 2.000000327825546265e-01 2.000000327825546265e-01 2.000000327825546265e-01 4.000000953674316406e-01 2.000000178813934326e-01 2.000000178813934326e-01 2.000000178813934326e-01 4.000000357627868652e-01 2.000000178813934326e-01 2.000000178813934326e-01 2.000000178813934326e-01
3.368194401264190674e-01 1.999999880790710449e-01 2.538969516754150391e-01 1.999999880790710449e-01 3.722684979438781738e-01 2.246182411909103394e-01 2.370152175426483154e-01 2.239605337381362915e-01 3.420455455780029297e-01 2.093757092952728271e-01 2.000000178813934326e-01 2.000000029802322388e-01
2.987327873706817627e-01 2.011540681123733521e-01 2.539243400096893311e-01 2.029493004083633423e-01 3.373837172985076904e-01 2.174845486879348755e-01 2.422347217798233032e-01 2.814286351203918457e-01 3.194347023963928223e-01 2.294617891311645508e-01 2.127811014652252197e-01 2.030302882194519043e-01
2.921512126922607422e-01 2.323591262102127075e-01 2.616402208805084229e-01 2.092200368642807007e-01 2.931326329708099365e-01 2.165407687425613403e-01 2.605476081371307373e-01 2.776056528091430664e-01 2.999874353408813477e-01 2.200011461973190308e-01 2.296500355005264282e-01 2.071639299392700195e-01
2.814269363880157471e-01 2.353527396917343140e-01 2.476720064878463745e-01 2.280228585004806519e-01 2.749334275722503662e-01 2.271100282669067383e-01 2.496208399534225464e-01 2.566524446010589600e-01 2.858376801013946533e-01 2.363013178110122681e-01 2.480042874813079834e-01 2.290652841329574585e-01
2.797961831092834473e-01 2.411966621875762939e-01 2.437504231929779053e-01 2.316838353872299194e-01 2.799983024597167969e-01 2.336855977773666382e-01 2.489721179008483887e-01 2.571398913860321045e-01 2.716174125671386719e-01 2.397293150424957275e-01 2.386494278907775879e-01 2.337806522846221924e-01
2.712934315204620361e-01 2.449429333209991455e-01 2.439862191677093506e-01 2.276737689971923828e-01 2.760827839374542236e-01 2.353884130716323853e-01 2.505470812320709229e-01 2.575982213020324707e-01 2.748388051986694336e-01 2.384181767702102661e-01 2.359152734279632568e-01 2.433147281408309937e-01
2.705244421958923340e-01 2.441160827875137329e-01 2.427009791135787964e-01 2.350033074617385864e-01 2.719266712665557861e-01 2.376121580600738525e-01 2.491468191146850586e-01 2.546103000640869141e-01 2.686499059200286865e-01 2.402654290199279785e-01 2.394275665283203125e-01 2.460161000490188599e-01
2.690123915672302246e-01 2.438896000385284424e-01 2.424582690000534058e-01 2.416467517614364624e-01 2.675251662731170654e-01 2.412946671247482300e-01 2.470302432775497437e-01 2.497746497392654419e-01 2.604405581951141357e-01 2.468395978212356567e-01 2.414749413728713989e-01 2.486129254102706909e-01
2.660742700099945068e-01 2.433730959892272949e-01 2.416362166404724121e-01 2.440908104181289673e-01 2.613361179828643799e-01 2.438501417636871338e-01 2.495857179164886475e-01 2.507931590080261230e-01 2.587405741214752197e-01 2.480290830135345459e-01 2.435575723648071289e-01 2.489330023527145386e-01
2.658044695854187012e-01 2.456071674823760986e-01 2.442088127136230469e-01 2.453911155462265015e-01 2.590291202068328857e-01 2.467068433761596680e-01 2.473799288272857666e-01 2.493235021829605103e-01 2.556182146072387695e-01 2.461917847394943237e-01 2.463003396987915039e-01 2.484383434057235718e-01
2.658348381519317627e-01 2.444599121809005737e-01 2.431316971778869629e-01 2.449744492769241333e-01 2.576903104782104492e-01 2.451844215393066406e-01 2.477848678827285767e-01 2.498629242181777954e-01 2.571523189544677734e-01 2.467725276947021484e-01 2.482056319713592529e-01 2.489456981420516968e-01
2.616581618785858154e-01 2.447056919336318970e-01 2.427187412977218628e-01 2.434225976467132568e-01 2.590421736240386963e-01 2.458619326353073120e-01 2.473323345184326172e-01 2.512665092945098877e-01 2.615357935428619385e-01 2.471426129341125488e-01 2.480355352163314819e-01 2.472774982452392578e-01
2.601376175880432129e-01 2.459006309509277344e-01 2.428801357746124268e-01 2.421398460865020752e-01 2.583382129669189453e-01 2.462403029203414917e-01 2.470417171716690063e-01 2.501502931118011475e-01 2.607824504375457764e-01 2.492551207542419434e-01 2.487280070781707764e-01 2.484052032232284546e-01
2.601836323738098145e-01 2.446036785840988159e-01 2.447324842214584351e-01 2.446988970041275024e-01 2.595676779747009277e-01 2.457704842090606689e-01 2.475004792213439941e-01 2.491927444934844971e-01 2.612743675708770752e-01 2.456814348697662354e-01 2.486930191516876221e-01 2.481006532907485962e-01
2.584619820117950439e-01 2.466819137334823608e-01 2.462680339813232422e-01 2.450066059827804565e-01 2.597657442092895508e-01 2.473033666610717773e-01 2.469457685947418213e-01 2.483572214841842651e-01 2.589417695999145508e-01 2.461707890033721924e-01 2.478456646203994751e-01 2.482506632804870605e-01
2.573726773262023926e-01 2.448784112930297852e-01 2.466488480567932129e-01 2.448455244302749634e-01 2.585800886154174805e-01 2.475506216287612915e-01 2.479488849639892578e-01 2.495896220207214355e-01 2.591518759727478027e-01 2.473833411931991577e-01 2.473955750465393066e-01 2.486540824174880981e-01
2.581992745399475098e-01 2.456489205360412598e-01 2.451173365116119385e-01 2.461926192045211792e-01 2.579118311405181885e-01 2.470017373561859131e-01 2.500603497028350830e-01 2.486490756273269653e-01 2.600045204162597656e-01 2.453858703374862671e-01 2.464869022369384766e-01 2.493411153554916382e-01
2.562673091888427734e-01 2.449103295803070068e-01 2.447892427444458008e-01 2.466056793928146362e-01 2.582020163536071777e-01 2.466832995414733887e-01 2.500956356525421143e-01 2.483015954494476318e-01 2.608748078346252441e-01 2.455880045890808105e-01 2.462825030088424683e-01 2.513989508152008057e-01
2.567445337772369385e-01 2.450620234012603760e-01 2.447149157524108887e-01 2.459491938352584839e-01 2.587162256240844727e-01 2.469048202037811279e-01 2.503121793270111084e-01 2.488468438386917114e-01 2.610733211040496826e-01 2.456928789615631104e-01 2.453172206878662109e-01 2.506651878356933594e-01
2.584311366081237793e-01 2.444302737712860107e-01 2.444077730178833008e-01 2.462592422962188721e-01 2.580416202545166016e-01 2.465245872735977173e-01 2.486874759197235107e-01 2.497216761112213135e-01 2.606327831745147705e-01 2.468833029270172119e-01 2.454909384250640869e-01 2.504885494709014893e-01
2.578780651092529297e-01 2.438318282365798950e-01 2.457298934459686279e-01 2.468041330575942993e-01 2.571577727794647217e-01 2.467188537120819092e-01 2.488022446632385254e-01 2.493079602718353271e-01 2.595688998699188232e-01 2.466497123241424561e-01 2.467742711305618286e-01 2.507756352424621582e-01
2.576954066753387451e-01 2.435100227594375610e-01 2.459998875856399536e-01 2.472605407238006592e-01 2.573359012603759766e-01 2.470066398382186890e-01 2.484270632266998291e-01 2.484117746353149414e-01 2.595261633396148682e-01 2.466214746236801147e-01 2.475351095199584961e-01 2.506693303585052490e-01
2.582990527153015137e-01 2.449161559343338013e-01 2.455500811338424683e-01 2.471085190773010254e-01 2.574747502803802490e-01 2.467862963676452637e-01 2.493649125099182129e-01 2.473166137933731079e-01 2.596007585525512695e-01 2.460102736949920654e-01 2.474287897348403931e-01 2.501431107521057129e-01
2.593834996223449707e-01 2.449917495250701904e-01 2.457940280437469482e-01 2.473496645689010620e-01 2.568028867244720459e-01 2.470082342624664307e-01 2.497192919254302979e-01 2.478409409523010254e-01 2.591598629951477051e-01 2.448423951864242554e-01 2.476706206798553467e-01 2.494360357522964478e-01
2.597427666187286377e-01 2.434182912111282349e-01 2.467053979635238647e-01 2.476675361394882202e-01 2.572265565395355225e-01 2.463404685258865356e-01 2.505511939525604248e-01 2.479048073291778564e-01 2.577395439147949219e-01 2.450284957885742188e-01 2.478203028440475464e-01 2.498538643121719360e-01
2.596334815025329590e-01 2.436116188764572144e-01 2.468465566635131836e-01 2.470058947801589966e-01 2.581404149532318115e-01 2.463865727186203003e-01 2.496054768562316895e-01 2.457148730754852295e-01 2.590197920799255371e-01 2.471422106027603149e-01 2.478503882884979248e-01 2.490419745445251465e-01
2.595296800136566162e-01 2.440334856510162354e-01 2.471205592155456543e-01 2.475845962762832642e-01 2.582845985889434814e-01 2.458342313766479492e-01 2.491431385278701782e-01 2.466846853494644165e-01 2.593963146209716797e-01 2.466247528791427612e-01 2.466211169958114624e-01 2.491419315338134766e-01
2.612797915935516357e-01 2.441775798797607422e-01 2.477026730775833130e-01 2.465290129184722900e-01 2.576756179332733154e-01 2.462899386882781982e-01 2.482956498861312866e-01 2.472833395004272461e-01 2.587872445583343506e-01 2.476906925439834595e-01 2.466303706169128418e-01 2.476571947336196899e-01
2.611076831817626953e-01 2.437824308872222900e-01 2.473006248474121094e-01 2.469157576560974121e-01 2.581228315830230713e-01 2.463525533676147461e-01 2.478568255901336670e-01 2.480535507202148438e-01 2.590370476245880127e-01 2.480150163173675537e-01 2.464976608753204346e-01 2.469570785760879517e-01
2.589040100574493408e-01 2.439819276332855225e-01 2.472737431526184082e-01 2.480251193046569824e-01 2.578410506248474121e-01 2.468946874141693115e-01 2.479666024446487427e-01 2.479483932256698608e-01 2.599308788776397705e-01 2.474298477172851562e-01 2.462935596704483032e-01 2.475093007087707520e-01
2.596857249736785889e-01 2.452311068773269653e-01 2.466252148151397705e-01 2.469314038753509521e-01 2.586530745029449463e-01 2.463945746421813965e-01 2.494074404239654541e-01 2.474679350852966309e-01 2.594688832759857178e-01 2.466228455305099487e-01 2.461401522159576416e-01 2.473705708980560303e-01
2.594821155071258545e-01 2.468469142913818359e-01 2.462828308343887329e-01 2.467923462390899658e-01 2.585945427417755127e-01 2.462070435285568237e-01 2.486485540866851807e-01 2.468146085739135742e-01 2.600252628326416016e-01 2.469773739576339722e-01 2.462671101093292236e-01 2.470602691173553467e-01
2.587368190288543701e-01 2.464198023080825806e-01 2.473306953907012939e-01 2.466853559017181396e-01 2.583937644958496094e-01 2.460158169269561768e-01 2.484951466321945190e-01 2.481878697872161865e-01 2.606678605079650879e-01 2.464547455310821533e-01 2.458488345146179199e-01 2.467623054981231689e-01
2.584071457386016846e-01 2.463678270578384399e-01 2.483116835355758667e-01 2.467414438724517822e-01 2.594307065010070801e-01 2.453568279743194580e-01 2.480260282754898071e-01 2.476198673248291016e-01 2.599174976348876953e-01 2.468271106481552124e-01 2.459179461002349854e-01 2.470747977495193481e-01
2.581859230995178223e-01 2.463651746511459351e-01 2.489495426416397095e-01 2.467813640832901001e-01 2.593334019184112549e-01 2.446583062410354614e-01 2.465772330760955811e-01 2.476813197135925293e-01 2.606884837150573730e-01 2.476256042718887329e-01 2.457588464021682739e-01 2.473936080932617188e-01
2.596537768840789795e-01 2.462446987628936768e-01 2.490847855806350708e-01 2.477985918521881104e-01 2.598465085029602051e-01 2.445838451385498047e-01 2.459771931171417236e-01 2.463527023792266846e-01 2.592786252498626709e-01 2.475082576274871826e-01 2.463409751653671265e-01 2.473288923501968384e-01
2.593411207199096680e-01 2.459577769041061401e-01 2.483092993497848511e-01 2.476495653390884399e-01 2.600798010826110840e-01 2.459505498409271240e-01 2.467647343873977661e-01 2.457978278398513794e-01 2.599129080772399902e-01 2.468768954277038574e-01 2.464779466390609741e-01 2.468804419040679932e-01
2.592256963253021240e-01 2.462266534566879272e-01 2.476060241460800171e-01 2.472788691520690918e-01 2.602757513523101807e-01 2.464713007211685181e-01 2.466456890106201172e-01 2.457114756107330322e-01 2.592836320400238037e-01 2.474292367696762085e-01 2.472363412380218506e-01 2.466081529855728149e-01
2.591693699359893799e-01 2.471680641174316406e-01 2.470791190862655640e-01 2.479474991559982300e-01 2.588985264301300049e-01 2.468100041151046753e-01 2.476084381341934204e-01 2.453070580959320068e-01 2.592863738536834717e-01 2.465896755456924438e-01 2.474635392427444458e-01 2.466711550951004028e-01
2.593337893486022949e-01 2.464182972908020020e-01 2.466017156839370728e-01 2.486105859279632568e-01 2.594278454780578613e-01 2.468306720256805420e-01 2.476508915424346924e-01 2.454697489738464355e-01 2.588110268115997314e-01 2.462392300367355347e-01 2.476415038108825684e-01 2.469634264707565308e-01
2.588521242141723633e-01 2.461755722761154175e-01 2.471756488084793091e-01 2.472474128007888794e-01 2.597338259220123291e-01 2.462320625782012939e-01 2.468635141849517822e-01 2.450714856386184692e-01 2.597674131393432617e-01 2.472057640552520752e-01 2.482910007238388062e-01 2.473828792572021484e-01
2.596162259578704834e-01 2.464392036199569702e-01 2.473640292882919312e-01 2.467611432075500488e-01 2.594689130783081055e-01 2.463421374559402466e-01 2.470845133066177368e-01 2.457026243209838867e-01 2.596484720706939697e-01 2.473259866237640381e-01 2.473819851875305176e-01 2.468634545803070068e-01
2.593532204627990723e-01 2.469168007373809814e-01 2.463214099407196045e-01 2.469761818647384644e-01 2.585589885711669922e-01 2.460512965917587280e-01 2.477798610925674438e-01 2.456209659576416016e-01 2.599523365497589111e-01 2.475766092538833618e-01 2.479589432477951050e-01 2.469320893287658691e-01
2.590533494949340820e-01 2.468559294939041138e-01 2.458801716566085815e-01 2.468808144330978394e-01 2.587970197200775146e-01 2.454296052455902100e-01 2.482830286026000977e-01 2.459779530763626099e-01 2.603707015514373779e-01 2.477792054414749146e-01 2.481040656566619873e-01 2.465868294239044189e-01
2.583473026752471924e-01 2.468528449535369873e-01 2.455198019742965698e-01 2.475892454385757446e-01 2.579674422740936279e-01 2.455343008041381836e-01 2.477056682109832764e-01 2.462226748466491699e-01 2.606000006198883057e-01 2.477110028266906738e-01 2.488320022821426392e-01 2.471163570880889893e-01
2.596936225891113281e-01 2.468955814838409424e-01 2.452593892812728882e-01 2.466853111982345581e-01 2.575500011444091797e-01 2.467487007379531860e-01 2.461076378822326660e-01 2.475012540817260742e-01 2.603019773960113525e-01 2.475098967552185059e-01 2.494166940450668335e-01 2.463284730911254883e-01
2.598159313201904297e-01 2.463621348142623901e-01 2.459150403738021851e-01 2.467949092388153076e-01 2.570933997631072998e-01 2.466571182012557983e-01 2.458274513483047485e-01 2.474522590637207031e-01 2.598564326763153076e-01 2.478821277618408203e-01 2.501207292079925537e-01 2.462209761142730713e-01
2.595542967319488525e-01 2.464300841093063354e-01 2.456168830394744873e-01 2.478811144828796387e-01 2.566935420036315918e-01 2.462754398584365845e-01 2.464574724435806274e-01 2.467298507690429688e-01 2.600778341293334961e-01 2.486544102430343628e-01 2.485238462686538696e-01 2.471037209033966064e-01
2.592190802097320557e-01 2.460814714431762695e-01 2.448418587446212769e-01 2.488284558057785034e-01 2.576498985290527344e-01 2.470747679471969604e-01 2.467683255672454834e-01 2.475058287382125854e-01 2.592574059963226318e-01 2.468085438013076782e-01 2.497709691524505615e-01 2.461917996406555176e-01
2.590965628623962402e-01 2.463526725769042969e-01 2.459242939949035645e-01 2.491234987974166870e-01 2.584976255893707275e-01 2.460813224315643311e-01 2.468445301055908203e-01 2.475083619356155396e-01 2.590325772762298584e-01 2.470043748617172241e-01 2.488342523574829102e-01 2.456983625888824463e-01
2.589787542819976807e-01 2.463065087795257568e-01 2.470275610685348511e-01 2.491571903228759766e-01 2.590469121932983398e-01 2.454842627048492432e-01 2.468100488185882568e-01 2.469962835311889648e-01 2.601206600666046143e-01 2.466159462928771973e-01 2.478267699480056763e-01 2.456274628639221191e-01
2.596803605556488037e-01 2.467963993549346924e-01 2.467552721500396729e-01 2.480125427246093750e-01 2.590897679328918457e-01 2.458844184875488281e-01 2.467861324548721313e-01 2.470536082983016968e-01 2.597268223762512207e-01 2.467847466468811035e-01 2.474403530359268188e-01 2.459879070520401001e-01
2.602261900901794434e-01 2.460673302412033081e-01 2.470429986715316772e-01 2.481268197298049927e-01 2.589113712310791016e-01 2.465041577816009521e-01 2.473119050264358521e-01 2.469389885663986206e-01 2.595297098159790039e-01 2.458547353744506836e-01 2.472263127565383911e-01 2.462578564882278442e-01
2.605463564395904541e-01 2.450991123914718628e-01 2.460042983293533325e-01 2.476018965244293213e-01 2.593019604682922363e-01 2.465801537036895752e-01 2.468256056308746338e-01 2.475815862417221069e-01 2.599568963050842285e-01 2.469206601381301880e-01 2.470725029706954956e-01 2.465073317289352417e-01
2.595452368259429932e-01 2.459927797317504883e-01 2.460085451602935791e-01 2.473704665899276733e-01 2.582069635391235352e-01 2.475079447031021118e-01 2.479426115751266479e-01 2.478811144828796387e-01 2.593043744564056396e-01 2.466876208782196045e-01 2.468462884426116943e-01 2.467044144868850708e-01
2.593760788440704346e-01 2.463211566209793091e-01 2.462071776390075684e-01 2.472519427537918091e-01 2.561154961585998535e-01 2.476777881383895874e-01 2.482498288154602051e-01 2.475444078445434570e-01 2.612918019294738770e-01 2.466217726469039917e-01 2.464576959609985352e-01 2.468830794095993042e-01
2.599530518054962158e-01 2.460240572690963745e-01 2.462999075651168823e-01 2.470392435789108276e-01 2.571741342544555664e-01 2.475581020116806030e-01 2.492333948612213135e-01 2.473321855068206787e-01 2.600283622741699219e-01 2.456825822591781616e-01 2.467074692249298096e-01 2.469657361507415771e-01
2.596800625324249268e-01 2.477384954690933228e-01 2.452086210250854492e-01 2.472006529569625854e-01 2.581874728202819824e-01 2.476749271154403687e-01 2.478717565536499023e-01 2.472523301839828491e-01 2.599937319755554199e-01 2.465215176343917847e-01 2.456119060516357422e-01 2.470567077398300171e-01
2.592180371284484863e-01 2.470790296792984009e-01 2.463191598653793335e-01 2.463208585977554321e-01 2.583004236221313477e-01 2.485985308885574341e-01 2.467173933982849121e-01 2.471706867218017578e-01 2.603909671306610107e-01 2.465623021125793457e-01 2.466925829648971558e-01 2.466282546520233154e-01
2.603143155574798584e-01 2.470674514770507812e-01 2.462888360023498535e-01 2.457073181867599487e-01 2.595078349113464355e-01 2.481908798217773438e-01 2.460403591394424438e-01 2.470166236162185669e-01 2.597786188125610352e-01 2.461211681365966797e-01 2.478493601083755493e-01 2.461153417825698853e-01
2.609243094921112061e-01 2.467375546693801880e-01 2.456711828708648682e-01 2.469903081655502319e-01 2.586170732975006104e-01 2.473157197237014771e-01 2.459359616041183472e-01 2.479164451360702515e-01 2.599121630191802979e-01 2.461688816547393799e-01 2.479809224605560303e-01 2.458275109529495239e-01
2.604767382144927979e-01 2.479610294103622437e-01 2.458606958389282227e-01 2.457311004400253296e-01 2.589387595653533936e-01 2.478926777839660645e-01 2.470657825469970703e-01 2.471708804368972778e-01 2.599272727966308594e-01 2.465776801109313965e-01 2.471336424350738525e-01 2.452617734670639038e-01
2.612489163875579834e-01 2.469824999570846558e-01 2.463374882936477661e-01 2.464597076177597046e-01 2.568287253379821777e-01 2.473328113555908203e-01 2.464202493429183960e-01 2.480042278766632080e-01 2.604289352893829346e-01 2.476778328418731689e-01 2.462398409843444824e-01 2.460367977619171143e-01
2.601382434368133545e-01 2.473486363887786865e-01 2.463221698999404907e-01 2.457728087902069092e-01 2.580008506774902344e-01 2.467447668313980103e-01 2.464750856161117554e-01 2.486464232206344604e-01 2.595775723457336426e-01 2.480914443731307983e-01 2.464866787195205688e-01 2.463932931423187256e-01
2.594793736934661865e-01 2.485315054655075073e-01 2.467498034238815308e-01 2.459624558687210083e-01 2.592835128307342529e-01 2.469482868909835815e-01 2.465028166770935059e-01 2.474345713853836060e-01 2.591137886047363281e-01 2.471827268600463867e-01 2.466189414262771606e-01 2.461901605129241943e-01
2.592373788356781006e-01 2.484680563211441040e-01 2.470127195119857788e-01 2.458575516939163208e-01 2.588210999965667725e-01 2.474369853734970093e-01 2.465539127588272095e-01 2.481867372989654541e-01 2.585525512695312500e-01 2.478282004594802856e-01 2.465408146381378174e-01 2.455019205808639526e-01
2.585884332656860352e-01 2.487907558679580688e-01 2.474855184555053711e-01 2.457430511713027954e-01 2.594026029109954834e-01 2.479872405529022217e-01 2.468630075454711914e-01 2.473610639572143555e-01 2.587463855743408203e-01 2.473857104778289795e-01 2.459290325641632080e-01 2.457150518894195557e-01
2.583232820034027100e-01 2.478353232145309448e-01 2.462484538555145264e-01 2.454707324504852295e-01 2.591502964496612549e-01 2.472999542951583862e-01 2.475821375846862793e-01 2.493136972188949585e-01 2.587547600269317627e-01 2.478948086500167847e-01 2.461695373058319092e-01 2.459549307823181152e-01
2.574288249015808105e-01 2.480642944574356079e-01 2.458857744932174683e-01 2.459310740232467651e-01 2.598089873790740967e-01 2.474282681941986084e-01 2.476674616336822510e-01 2.484375834465026855e-01 2.590851783752441406e-01 2.479001730680465698e-01 2.457348406314849854e-01 2.466253042221069336e-01
2.576489150524139404e-01 2.480151653289794922e-01 2.465162873268127441e-01 2.460230588912963867e-01 2.583079338073730469e-01 2.474178820848464966e-01 2.480953037738800049e-01 2.480493485927581787e-01 2.603440582752227783e-01 2.465972304344177246e-01 2.454331666231155396e-01 2.475494891405105591e-01
2.583824396133422852e-01 2.490088641643524170e-01 2.453123331069946289e-01 2.467148900032043457e-01 2.595532238483428955e-01 2.469304352998733521e-01 2.471573799848556519e-01 2.479095757007598877e-01 2.609943747520446777e-01 2.460035085678100586e-01 2.449213862419128418e-01 2.471093982458114624e-01
2.591372728347778320e-01 2.493382394313812256e-01 2.454892396926879883e-01 2.465407401323318481e-01 2.599560022354125977e-01 2.453399002552032471e-01 2.458228319883346558e-01 2.470411658287048340e-01 2.618981003761291504e-01 2.469840496778488159e-01 2.464765906333923340e-01 2.459735572338104248e-01
2.585119307041168213e-01 2.487791627645492554e-01 2.452830672264099121e-01 2.463389635086059570e-01 2.595122754573822021e-01 2.461102455854415894e-01 2.466499358415603638e-01 2.471023052930831909e-01 2.607546448707580566e-01 2.477440983057022095e-01 2.471690326929092407e-01 2.460419237613677979e-01
2.581699490547180176e-01 2.476859241724014282e-01 2.451014369726181030e-01 2.454461753368377686e-01 2.599183022975921631e-01 2.472055256366729736e-01 2.465211749076843262e-01 2.480873465538024902e-01 2.612048983573913574e-01 2.468699216842651367e-01 2.470734417438507080e-01 2.467136383056640625e-01
2.585091292858123779e-01 2.489572316408157349e-01 2.448390573263168335e-01 2.460798621177673340e-01 2.602592408657073975e-01 2.467096447944641113e-01 2.459218651056289673e-01 2.477109730243682861e-01 2.602370679378509521e-01 2.463911771774291992e-01 2.471463531255722046e-01 2.472361177206039429e-01
2.597398161888122559e-01 2.477854192256927490e-01 2.460718005895614624e-01 2.456324100494384766e-01 2.608796656131744385e-01 2.459521442651748657e-01 2.461995184421539307e-01 2.492159456014633179e-01 2.599369883537292480e-01 2.456364333629608154e-01 2.464669197797775269e-01 2.464804798364639282e-01
2.592165470123291016e-01 2.477831989526748657e-01 2.459023445844650269e-01 2.460996806621551514e-01 2.600468099117279053e-01 2.460668832063674927e-01 2.459887117147445679e-01 2.495235353708267212e-01 2.600932121276855469e-01 2.458457946777343750e-01 2.470449060201644897e-01 2.463859468698501587e-01
2.594070732593536377e-01 2.464107424020767212e-01 2.458052784204483032e-01 2.465577721595764160e-01 2.600477933883666992e-01 2.454992532730102539e-01 2.461953163146972656e-01 2.488000094890594482e-01 2.607291638851165771e-01 2.454912215471267700e-01 2.471314668655395508e-01 2.479224205017089844e-01
2.585902512073516846e-01 2.457989901304244995e-01 2.457061856985092163e-01 2.468516528606414795e-01 2.596456706523895264e-01 2.446026653051376343e-01 2.470009922981262207e-01 2.488075643777847290e-01 2.603684067726135254e-01 2.463995963335037231e-01 2.478340566158294678e-01 2.483914345502853394e-01
2.582744061946868896e-01 2.465187758207321167e-01 2.449010610580444336e-01 2.468802630901336670e-01 2.607043981552124023e-01 2.450420260429382324e-01 2.462294846773147583e-01 2.467273175716400146e-01 2.600095570087432861e-01 2.468437552452087402e-01 2.493283450603485107e-01 2.485380619764328003e-01
2.582285106182098389e-01 2.467123270034790039e-01 2.456059306859970093e-01 2.476270347833633423e-01 2.607681155204772949e-01 2.457757294178009033e-01 2.466832697391510010e-01 2.465546429157257080e-01 2.600843310356140137e-01 2.460003495216369629e-01 2.481736689805984497e-01 2.477834671735763550e-01
2.587007582187652588e-01 2.458925992250442505e-01 2.462539672851562500e-01 2.463997900485992432e-01 2.599603533744812012e-01 2.457972019910812378e-01 2.467008680105209351e-01 2.472921013832092285e-01 2.602371871471405029e-01 2.466337978839874268e-01 2.477341741323471069e-01 2.483946382999420166e-01
2.588856518268585205e-01 2.458342909812927246e-01 2.469908595085144043e-01 2.457509040832519531e-01 2.590646445751190186e-01 2.466251701116561890e-01 2.471506148576736450e-01 2.476861774921417236e-01 2.603828608989715576e-01 2.462697774171829224e-01 2.482384443283081055e-01 2.471179962158203125e-01
2.589722573757171631e-01 2.460072934627532959e-01 2.469434142112731934e-01 2.463043481111526489e-01 2.586925625801086426e-01 2.468762993812561035e-01 2.471776455640792847e-01 2.473002225160598755e-01 2.600061893463134766e-01 2.463174611330032349e-01 2.480300068855285645e-01 2.473696321249008179e-01
2.583672404289245605e-01 2.466446459293365479e-01 2.475367635488510132e-01 2.449468225240707397e-01 2.591827511787414551e-01 2.477129697799682617e-01 2.464531660079956055e-01 2.475302368402481079e-01 2.599817812442779541e-01 2.455383092164993286e-01 2.479421794414520264e-01 2.481604814529418945e-01
2.582874000072479248e-01 2.463198304176330566e-01 2.485030740499496460e-01 2.471826225519180298e-01 2.583840787410736084e-01 2.475964874029159546e-01 2.471620142459869385e-01 2.461729347705841064e-01 2.596200108528137207e-01 2.458366155624389648e-01 2.477115839719772339e-01 2.472206354141235352e-01
2.586543262004852295e-01 2.465336024761199951e-01 2.481027245521545410e-01 2.462479323148727417e-01 2.579866051673889160e-01 2.472680956125259399e-01 2.470779865980148315e-01 2.472222298383712769e-01 2.599057555198669434e-01 2.455842494964599609e-01 2.478030174970626831e-01 2.476106882095336914e-01
2.580824792385101318e-01 2.465326488018035889e-01 2.470383793115615845e-01 2.464135885238647461e-01 2.579084634780883789e-01 2.479065805673599243e-01 2.475048154592514038e-01 2.476173639297485352e-01 2.594149410724639893e-01 2.464812695980072021e-01 2.471190243959426880e-01 2.479776591062545776e-01
2.580311000347137451e-01 2.454962134361267090e-01 2.464351952075958252e-01 2.474214434623718262e-01 2.586179077625274658e-01 2.471025139093399048e-01 2.483373880386352539e-01 2.468521595001220703e-01 2.595315873622894287e-01 2.478155642747879028e-01 2.476569414138793945e-01 2.466990947723388672e-01
2.580176591873168945e-01 2.459636926651000977e-01 2.467848658561706543e-01 2.475660890340805054e-01 2.578101456165313721e-01 2.457600235939025879e-01 2.483279705047607422e-01 2.479097992181777954e-01 2.587937116622924805e-01 2.464479058980941772e-01 2.488934099674224854e-01 2.477218955755233765e-01
2.581313550472259521e-01 2.453084886074066162e-01 2.460906356573104858e-01 2.472906261682510376e-01 2.583258152008056641e-01 2.463719099760055542e-01 2.491617649793624878e-01 2.466426640748977661e-01 2.596645653247833252e-01 2.468644231557846069e-01 2.481842637062072754e-01 2.479605972766876221e-01
2.575845420360565186e-01 2.458029240369796753e-01 2.464677840471267700e-01 2.485701739788055420e-01 2.574206292629241943e-01 2.456551194190979004e-01 2.482928931713104248e-01 2.468151748180389404e-01 2.602059841156005859e-01 2.468673139810562134e-01 2.476316541433334351e-01 2.486828565597534180e-01
2.576218843460083008e-01 2.461930513381958008e-01 2.465005367994308472e-01 2.484358698129653931e-01 2.565221488475799561e-01 2.461067736148834229e-01 2.489521503448486328e-01 2.476229667663574219e-01 2.607689499855041504e-01 2.470923066139221191e-01 2.462268620729446411e-01 2.479535192251205444e-01
2.586769461631774902e-01 2.468966841697692871e-01 2.453602552413940430e-01 2.482865899801254272e-01 2.571409046649932861e-01 2.468776404857635498e-01 2.497529834508895874e-01 2.464477121829986572e-01 2.582393586635589600e-01 2.468957006931304932e-01 2.477415502071380615e-01 2.476806640625000000e-01
2.580002844333648682e-01 2.467343211174011230e-01 2.470609545707702637e-01 2.498770952224731445e-01 2.561590969562530518e-01 2.465940266847610474e-01 2.490779310464859009e-01 2.474496513605117798e-01 2.583815753459930420e-01 2.475595921277999878e-01 2.460520416498184204e-01 2.470504343509674072e-01
2.581914663314819336e-01 2.467254847288131714e-01 2.474165111780166626e-01 2.495971918106079102e-01 2.562402784824371338e-01 2.464372217655181885e-01 2.496382594108581543e-01 2.472227513790130615e-01 2.582163214683532715e-01 2.475425302982330322e-01 2.453289628028869629e-01 2.474400252103805542e-01
2.588246464729309082e-01 2.467189282178878784e-01 2.473675757646560669e-01 2.474621832370758057e-01 2.568256855010986328e-01 2.471409887075424194e-01 2.496607005596160889e-01 2.464378774166107178e-01 2.591327130794525146e-01 2.473904192447662354e-01 2.462724447250366211e-01 2.467627227306365967e-01
2.586990296840667725e-01 2.466732114553451538e-01 2.472628504037857056e-01 2.474458813667297363e-01 2.576686739921569824e-01 2.469666451215744019e-01 2.499854862689971924e-01 2.473556548357009888e-01 2.586072683334350586e-01 2.480577230453491211e-01 2.448741942644119263e-01 2.464001774787902832e-01
2.587598264217376709e-01 2.478821575641632080e-01 2.467958331108093262e-01 2.469550669193267822e-01 2.569839358329772949e-01 2.477314770221710205e-01 2.486650943756103516e-01 2.478115409612655640e-01 2.589097917079925537e-01 2.470776140689849854e-01 2.458313107490539551e-01 2.465931773185729980e-01
2.579117119312286377e-01 2.482398599386215210e-01 2.480054646730422974e-01 2.465005367994308472e-01 2.574789524078369141e-01 2.475967109203338623e-01 2.473723292350769043e-01 2.473770827054977417e-01 2.594273388385772705e-01 2.477612793445587158e-01 2.461305707693099976e-01 2.461950480937957764e-01
