# pops for 12 qbits with connectivity c5 and unitary DM 22881434059008
4.000000357627868652e-01 2.000000327825546265e-01 2.000000327825546265e-01 2.000000327825546265e-01 4.000000953674316406e-01 2.000000178813934326e-01 2.000000178813934326e-01 2.000000178813934326e-01 4.000000357627868652e-01 2.000000178813934326e-01 2.000000178813934326e-01 2.000000178813934326e-01
3.317345380783081055e-01 2.233865857124328613e-01 2.202025800943374634e-01 2.740254700183868408e-01 3.617199361324310303e-01 2.000000029802322388e-01 2.325201183557510376e-01 2.000000029802322388e-01 3.289472162723541260e-01 2.000000029802322388e-01 2.274636328220367432e-01 2.000000029802322388e-01
3.094650804996490479e-01 2.255407571792602539e-01 2.289875447750091553e-01 2.498762458562850952e-01 3.500257432460784912e-01 2.006417512893676758e-01 2.610607743263244629e-01 2.100755125284194946e-01 3.129557371139526367e-01 2.119195610284805298e-01 2.340283691883087158e-01 2.054229527711868286e-01
3.173677027225494385e-01 2.218697220087051392e-01 2.274136990308761597e-01 2.532138824462890625e-01 3.224399983882904053e-01 2.071435302495956421e-01 2.457376271486282349e-01 2.260348498821258545e-01 2.747606933116912842e-01 2.223147749900817871e-01 2.184024006128311157e-01 2.633010745048522949e-01
3.172732591629028320e-01 2.419352084398269653e-01 2.221495658159255981e-01 2.494371086359024048e-01 3.218528330326080322e-01 2.129403352737426758e-01 2.363876104354858398e-01 2.294053882360458374e-01 2.678219974040985107e-01 2.284418940544128418e-01 2.144991755485534668e-01 2.578555345535278320e-01
2.992403507232666016e-01 2.517022192478179932e-01 2.331321090459823608e-01 2.480327486991882324e-01 3.064909577369689941e-01 2.193762958049774170e-01 2.433867901563644409e-01 2.230992615222930908e-01 2.638826668262481689e-01 2.374452054500579834e-01 2.183086425065994263e-01 2.559025883674621582e-01
2.839484810829162598e-01 2.431449890136718750e-01 2.438748627901077271e-01 2.433586269617080688e-01 2.920297682285308838e-01 2.371073812246322632e-01 2.441263496875762939e-01 2.269087731838226318e-01 2.589125335216522217e-01 2.401780486106872559e-01 2.365101277828216553e-01 2.498998492956161499e-01
2.751920521259307861e-01 2.395034134387969971e-01 2.437860071659088135e-01 2.523214519023895264e-01 2.762127816677093506e-01 2.413068264722824097e-01 2.523249387741088867e-01 2.366102039813995361e-01 2.602934241294860840e-01 2.380403578281402588e-01 2.412448525428771973e-01 2.431635558605194092e-01
2.701301276683807373e-01 2.412718534469604492e-01 2.475705593824386597e-01 2.471988648176193237e-01 2.706155776977539062e-01 2.379320710897445679e-01 2.555627822875976562e-01 2.407352179288864136e-01 2.583329081535339355e-01 2.446351051330566406e-01 2.427179813385009766e-01 2.432967573404312134e-01
2.665401399135589600e-01 2.410436868667602539e-01 2.492830157279968262e-01 2.445889413356781006e-01 2.671589255332946777e-01 2.395476847887039185e-01 2.475415617227554321e-01 2.419576644897460938e-01 2.623277306556701660e-01 2.425178289413452148e-01 2.482402920722961426e-01 2.492522746324539185e-01
2.620644271373748779e-01 2.428291440010070801e-01 2.470233589410781860e-01 2.440592646598815918e-01 2.676120400428771973e-01 2.425712496042251587e-01 2.492322325706481934e-01 2.439394295215606689e-01 2.608780860900878906e-01 2.433465272188186646e-01 2.475461810827255249e-01 2.488977164030075073e-01
2.639883160591125488e-01 2.425293177366256714e-01 2.489595115184783936e-01 2.440467476844787598e-01 2.681196331977844238e-01 2.411327660083770752e-01 2.488038688898086548e-01 2.434665560722351074e-01 2.616867721080780029e-01 2.425454407930374146e-01 2.466582953929901123e-01 2.480625659227371216e-01
2.637734711170196533e-01 2.444836497306823730e-01 2.477225661277770996e-01 2.430704981088638306e-01 2.651720643043518066e-01 2.424515932798385620e-01 2.465781122446060181e-01 2.428746223449707031e-01 2.639168798923492432e-01 2.438704222440719604e-01 2.461400777101516724e-01 2.499457746744155884e-01
2.592320144176483154e-01 2.449894249439239502e-01 2.498458623886108398e-01 2.435221821069717407e-01 2.627974450588226318e-01 2.475869059562683105e-01 2.506477236747741699e-01 2.425142526626586914e-01 2.595607638359069824e-01 2.432732731103897095e-01 2.489864975214004517e-01 2.470432817935943604e-01
2.590774893760681152e-01 2.458876371383666992e-01 2.482145428657531738e-01 2.439355850219726562e-01 2.617810964584350586e-01 2.468565553426742554e-01 2.507061362266540527e-01 2.414314299821853638e-01 2.615090310573577881e-01 2.443979978561401367e-01 2.480463236570358276e-01 2.481556981801986694e-01
2.591370642185211182e-01 2.446686178445816040e-01 2.480502277612686157e-01 2.442486137151718140e-01 2.609371840953826904e-01 2.474554181098937988e-01 2.489452362060546875e-01 2.438284009695053101e-01 2.605599164962768555e-01 2.456371486186981201e-01 2.488307803869247437e-01 2.477009594440460205e-01
2.588749229907989502e-01 2.450425177812576294e-01 2.480201721191406250e-01 2.442902326583862305e-01 2.612649202346801758e-01 2.463445216417312622e-01 2.489775121212005615e-01 2.443628162145614624e-01 2.591970860958099365e-01 2.463418394327163696e-01 2.485168874263763428e-01 2.487660795450210571e-01
2.587025761604309082e-01 2.455885708332061768e-01 2.479898333549499512e-01 2.455627769231796265e-01 2.602343261241912842e-01 2.465713024139404297e-01 2.483770698308944702e-01 2.458191215991973877e-01 2.600736618041992188e-01 2.468180954456329346e-01 2.472145259380340576e-01 2.470476180315017700e-01
2.590619027614593506e-01 2.469575405120849609e-01 2.482207268476486206e-01 2.438065111637115479e-01 2.633947134017944336e-01 2.460528016090393066e-01 2.473516166210174561e-01 2.467248886823654175e-01 2.601149380207061768e-01 2.461866587400436401e-01 2.459660768508911133e-01 2.461611479520797729e-01
2.580114006996154785e-01 2.480561584234237671e-01 2.480192333459854126e-01 2.432535141706466675e-01 2.623556256294250488e-01 2.465215623378753662e-01 2.479064762592315674e-01 2.452728748321533203e-01 2.605289816856384277e-01 2.459286451339721680e-01 2.461223453283309937e-01 2.480226159095764160e-01
2.592064738273620605e-01 2.501812875270843506e-01 2.486313730478286743e-01 2.438888251781463623e-01 2.609594464302062988e-01 2.446229457855224609e-01 2.479983270168304443e-01 2.455546259880065918e-01 2.593921720981597900e-01 2.461483776569366455e-01 2.462316006422042847e-01 2.471839785575866699e-01
2.594028115272521973e-01 2.491073608398437500e-01 2.474475353956222534e-01 2.439679503440856934e-01 2.610205411911010742e-01 2.456699758768081665e-01 2.479098290205001831e-01 2.442321181297302246e-01 2.594456076622009277e-01 2.466171383857727051e-01 2.457903027534484863e-01 2.493882477283477783e-01
2.603312432765960693e-01 2.486454099416732788e-01 2.481643855571746826e-01 2.452228516340255737e-01 2.617445290088653564e-01 2.453639507293701172e-01 2.467193305492401123e-01 2.436724007129669189e-01 2.590673863887786865e-01 2.469839155673980713e-01 2.462892383337020874e-01 2.477947026491165161e-01
2.588309943675994873e-01 2.479247003793716431e-01 2.480821609497070312e-01 2.458112090826034546e-01 2.609595358371734619e-01 2.464411258697509766e-01 2.478357851505279541e-01 2.446756064891815186e-01 2.595698237419128418e-01 2.466699182987213135e-01 2.456082403659820557e-01 2.475901246070861816e-01
2.577545046806335449e-01 2.491337060928344727e-01 2.486781626939773560e-01 2.462590038776397705e-01 2.619065940380096436e-01 2.460707277059555054e-01 2.467518746852874756e-01 2.453182190656661987e-01 2.587015628814697266e-01 2.473928034305572510e-01 2.465596348047256470e-01 2.454724311828613281e-01
2.595868706703186035e-01 2.466587126255035400e-01 2.493420988321304321e-01 2.468608170747756958e-01 2.620754539966583252e-01 2.449571341276168823e-01 2.469277083873748779e-01 2.470878809690475464e-01 2.585135102272033691e-01 2.459581643342971802e-01 2.456650882959365845e-01 2.463658004999160767e-01
2.592357397079467773e-01 2.464495897293090820e-01 2.494596689939498901e-01 2.482734769582748413e-01 2.607212662696838379e-01 2.466910034418106079e-01 2.476143389940261841e-01 2.470480352640151978e-01 2.573705613613128662e-01 2.443158775568008423e-01 2.454352229833602905e-01 2.473844289779663086e-01
2.597863674163818359e-01 2.476132065057754517e-01 2.491919994354248047e-01 2.481503784656524658e-01 2.600040435791015625e-01 2.475050985813140869e-01 2.464974969625473022e-01 2.474823594093322754e-01 2.583031356334686279e-01 2.452698647975921631e-01 2.434621453285217285e-01 2.467331588268280029e-01
2.609134912490844727e-01 2.470151185989379883e-01 2.474961131811141968e-01 2.479579001665115356e-01 2.614626586437225342e-01 2.474067509174346924e-01 2.456611394882202148e-01 2.478482723236083984e-01 2.574132680892944336e-01 2.456003874540328979e-01 2.444731593132019043e-01 2.467509657144546509e-01
2.599742114543914795e-01 2.471502274274826050e-01 2.479049116373062134e-01 2.475062608718872070e-01 2.608356475830078125e-01 2.483038455247879028e-01 2.460847347974777222e-01 2.487283796072006226e-01 2.589203715324401855e-01 2.455074340105056763e-01 2.429941147565841675e-01 2.460890412330627441e-01
2.601139843463897705e-01 2.478351891040802002e-01 2.475712299346923828e-01 2.469320446252822876e-01 2.611742019653320312e-01 2.484838217496871948e-01 2.460330277681350708e-01 2.482790350914001465e-01 2.590688169002532959e-01 2.451351284980773926e-01 2.427173554897308350e-01 2.466552257537841797e-01
2.586020529270172119e-01 2.473269402980804443e-01 2.471212595701217651e-01 2.476074099540710449e-01 2.613277137279510498e-01 2.489135712385177612e-01 2.460754513740539551e-01 2.482942789793014526e-01 2.584136426448822021e-01 2.455857098102569580e-01 2.430347502231597900e-01 2.476962953805923462e-01
2.584997415542602539e-01 2.478629946708679199e-01 2.484547346830368042e-01 2.479092478752136230e-01 2.603713870048522949e-01 2.476715445518493652e-01 2.453303635120391846e-01 2.472449690103530884e-01 2.592785060405731201e-01 2.458970546722412109e-01 2.445340156555175781e-01 2.469445019960403442e-01
2.580046057701110840e-01 2.471177577972412109e-01 2.489911615848541260e-01 2.481576949357986450e-01 2.607516050338745117e-01 2.475248873233795166e-01 2.444248497486114502e-01 2.468234449625015259e-01 2.599839270114898682e-01 2.461748421192169189e-01 2.453083246946334839e-01 2.467358559370040894e-01
2.577960193157196045e-01 2.463693469762802124e-01 2.476589828729629517e-01 2.466379255056381226e-01 2.597885429859161377e-01 2.475989758968353271e-01 2.458540350198745728e-01 2.482462227344512939e-01 2.600785195827484131e-01 2.467050403356552124e-01 2.457350939512252808e-01 2.475302368402481079e-01
2.577486932277679443e-01 2.461867481470108032e-01 2.473197430372238159e-01 2.462333887815475464e-01 2.595397233963012695e-01 2.484665066003799438e-01 2.462778091430664062e-01 2.475220561027526855e-01 2.596251070499420166e-01 2.466301769018173218e-01 2.459646612405776978e-01 2.484842687845230103e-01
2.581374645233154297e-01 2.477409690618515015e-01 2.472308874130249023e-01 2.459037899971008301e-01 2.593050301074981689e-01 2.469022274017333984e-01 2.452878952026367188e-01 2.473909258842468262e-01 2.610298395156860352e-01 2.457936853170394897e-01 2.465012967586517334e-01 2.487749010324478149e-01
2.589161098003387451e-01 2.493350505828857422e-01 2.473351657390594482e-01 2.459846585988998413e-01 2.591309845447540283e-01 2.461700737476348877e-01 2.449293881654739380e-01 2.476738393306732178e-01 2.609024643898010254e-01 2.457337528467178345e-01 2.469295263290405273e-01 2.469578087329864502e-01
2.594886720180511475e-01 2.480893582105636597e-01 2.465041577816009521e-01 2.466117143630981445e-01 2.588617503643035889e-01 2.470579445362091064e-01 2.460543662309646606e-01 2.458143085241317749e-01 2.612658441066741943e-01 2.461049556732177734e-01 2.465000599622726440e-01 2.476457208395004272e-01
2.594993710517883301e-01 2.465740144252777100e-01 2.464500516653060913e-01 2.475309967994689941e-01 2.584688961505889893e-01 2.467090636491775513e-01 2.464466840028762817e-01 2.457223832607269287e-01 2.611438632011413574e-01 2.466876357793807983e-01 2.471067309379577637e-01 2.476590722799301147e-01
2.590423822402954102e-01 2.460923045873641968e-01 2.464984655380249023e-01 2.483309358358383179e-01 2.583615183830261230e-01 2.474407702684402466e-01 2.475412786006927490e-01 2.458644509315490723e-01 2.608558237552642822e-01 2.471099197864532471e-01 2.471447587013244629e-01 2.457161098718643188e-01
2.588013410568237305e-01 2.463555634021759033e-01 2.462893128395080566e-01 2.479260563850402832e-01 2.580543160438537598e-01 2.477214783430099487e-01 2.471733242273330688e-01 2.461443841457366943e-01 2.611891329288482666e-01 2.470616400241851807e-01 2.472977787256240845e-01 2.459844797849655151e-01
2.593554258346557617e-01 2.470431029796600342e-01 2.462008595466613770e-01 2.468157112598419189e-01 2.587586939334869385e-01 2.472758740186691284e-01 2.477211952209472656e-01 2.467000633478164673e-01 2.603372037410736084e-01 2.470399737358093262e-01 2.471496462821960449e-01 2.456008791923522949e-01
2.590349912643432617e-01 2.473215907812118530e-01 2.461311966180801392e-01 2.478335797786712646e-01 2.594204545021057129e-01 2.469430267810821533e-01 2.473565936088562012e-01 2.462113797664642334e-01 2.599035203456878662e-01 2.477147728204727173e-01 2.474102824926376343e-01 2.447172850370407104e-01
2.576147317886352539e-01 2.461954206228256226e-01 2.464701235294342041e-01 2.466139197349548340e-01 2.600010633468627930e-01 2.476992160081863403e-01 2.476017475128173828e-01 2.471446692943572998e-01 2.606441378593444824e-01 2.474375963211059570e-01 2.477106750011444092e-01 2.448653131723403931e-01
2.584973275661468506e-01 2.468929290771484375e-01 2.464323788881301880e-01 2.465819120407104492e-01 2.593402862548828125e-01 2.478111535310745239e-01 2.476374804973602295e-01 2.474934607744216919e-01 2.603103518486022949e-01 2.464408427476882935e-01 2.474316358566284180e-01 2.451288402080535889e-01
2.591412067413330078e-01 2.461658418178558350e-01 2.460211962461471558e-01 2.458305209875106812e-01 2.591041624546051025e-01 2.470525354146957397e-01 2.479567527770996094e-01 2.482933402061462402e-01 2.598426043987274170e-01 2.479128092527389526e-01 2.478580921888351440e-01 2.448194473981857300e-01
2.601811587810516357e-01 2.458022385835647583e-01 2.472028881311416626e-01 2.460538595914840698e-01 2.581225633621215820e-01 2.458395063877105713e-01 2.478229403495788574e-01 2.476960271596908569e-01 2.593920230865478516e-01 2.484495043754577637e-01 2.481126189231872559e-01 2.453232407569885254e-01
2.595669329166412354e-01 2.460673749446868896e-01 2.470227926969528198e-01 2.464966475963592529e-01 2.576214373111724854e-01 2.458892613649368286e-01 2.471045255661010742e-01 2.484406083822250366e-01 2.596597671508789062e-01 2.488587945699691772e-01 2.471369206905364990e-01 2.461334466934204102e-01
2.609534263610839844e-01 2.455671131610870361e-01 2.476520240306854248e-01 2.475188374519348145e-01 2.577355802059173584e-01 2.457832694053649902e-01 2.479537427425384521e-01 2.481975108385086060e-01 2.594899237155914307e-01 2.474556565284729004e-01 2.465635985136032104e-01 2.451278269290924072e-01
2.607164084911346436e-01 2.459244579076766968e-01 2.486464679241180420e-01 2.474569082260131836e-01 2.571623921394348145e-01 2.452207356691360474e-01 2.482208758592605591e-01 2.482684403657913208e-01 2.596337795257568359e-01 2.466909736394882202e-01 2.465708255767822266e-01 2.454862147569656372e-01
2.606538832187652588e-01 2.461708039045333862e-01 2.477758377790451050e-01 2.474064379930496216e-01 2.577277719974517822e-01 2.444353550672531128e-01 2.479422986507415771e-01 2.486852407455444336e-01 2.590331435203552246e-01 2.469217032194137573e-01 2.471758872270584106e-01 2.460699975490570068e-01
2.607866227626800537e-01 2.472067475318908691e-01 2.483698427677154541e-01 2.479020357131958008e-01 2.578696012496948242e-01 2.441465407609939575e-01 2.479591369628906250e-01 2.478053420782089233e-01 2.594828605651855469e-01 2.473604828119277954e-01 2.456365972757339478e-01 2.454725056886672974e-01
2.615252137184143066e-01 2.474023699760437012e-01 2.482129484415054321e-01 2.468574047088623047e-01 2.578530907630920410e-01 2.444204986095428467e-01 2.478380799293518066e-01 2.476509809494018555e-01 2.591123282909393311e-01 2.465022951364517212e-01 2.458280026912689209e-01 2.467951327562332153e-01
2.610104382038116455e-01 2.469079494476318359e-01 2.471588999032974243e-01 2.462656944990158081e-01 2.585072517395019531e-01 2.440242618322372437e-01 2.480034977197647095e-01 2.485716491937637329e-01 2.593216001987457275e-01 2.473835647106170654e-01 2.465155571699142456e-01 2.463279217481613159e-01
2.612203955650329590e-01 2.464070320129394531e-01 2.471078932285308838e-01 2.460659742355346680e-01 2.574619054794311523e-01 2.449106127023696899e-01 2.475451529026031494e-01 2.476685345172882080e-01 2.606778144836425781e-01 2.472575753927230835e-01 2.465208321809768677e-01 2.471545934677124023e-01
2.610606253147125244e-01 2.461653053760528564e-01 2.473289817571640015e-01 2.463772147893905640e-01 2.568348944187164307e-01 2.455606460571289062e-01 2.475804537534713745e-01 2.478544116020202637e-01 2.601025402545928955e-01 2.478066980838775635e-01 2.465061545372009277e-01 2.468203157186508179e-01
2.601660490036010742e-01 2.455987632274627686e-01 2.468367069959640503e-01 2.450201213359832764e-01 2.582938671112060547e-01 2.459510266780853271e-01 2.480156570672988892e-01 2.481721043586730957e-01 2.590875625610351562e-01 2.480688095092773438e-01 2.474771887063980103e-01 2.473104298114776611e-01
2.593958973884582520e-01 2.458685487508773804e-01 2.466952502727508545e-01 2.463777959346771240e-01 2.578094899654388428e-01 2.464450597763061523e-01 2.476640194654464722e-01 2.474402487277984619e-01 2.584872245788574219e-01 2.483287602663040161e-01 2.477175742387771606e-01 2.477683573961257935e-01
2.591983973979949951e-01 2.470197826623916626e-01 2.469702512025833130e-01 2.469998151063919067e-01 2.571834027767181396e-01 2.456405609846115112e-01 2.473919987678527832e-01 2.482421100139617920e-01 2.583826482295989990e-01 2.480865567922592163e-01 2.479190975427627563e-01 2.469634562730789185e-01
2.590981721878051758e-01 2.473788857460021973e-01 2.460534572601318359e-01 2.474927902221679688e-01 2.569611966609954834e-01 2.448305189609527588e-01 2.479155957698822021e-01 2.479375302791595459e-01 2.582828998565673828e-01 2.478673309087753296e-01 2.485461682081222534e-01 2.476336210966110229e-01
2.593485713005065918e-01 2.464204579591751099e-01 2.461874186992645264e-01 2.483733892440795898e-01 2.576490938663482666e-01 2.455790936946868896e-01 2.479356974363327026e-01 2.480268329381942749e-01 2.581099867820739746e-01 2.472893893718719482e-01 2.478811740875244141e-01 2.471969276666641235e-01
2.599495053291320801e-01 2.467928379774093628e-01 2.456539422273635864e-01 2.465577423572540283e-01 2.582232356071472168e-01 2.463742196559906006e-01 2.494691312313079834e-01 2.482011318206787109e-01 2.565090954303741455e-01 2.468951940536499023e-01 2.473288476467132568e-01 2.480431646108627319e-01
2.586223185062408447e-01 2.475560903549194336e-01 2.462396025657653809e-01 2.458489239215850830e-01 2.578902542591094971e-01 2.460416406393051147e-01 2.491107136011123657e-01 2.486078292131423950e-01 2.575453519821166992e-01 2.458788603544235229e-01 2.479781955480575562e-01 2.486782670021057129e-01
2.580330371856689453e-01 2.475349903106689453e-01 2.464715689420700073e-01 2.469022721052169800e-01 2.585432231426239014e-01 2.467533349990844727e-01 2.490056455135345459e-01 2.495328336954116821e-01 2.575027346611022949e-01 2.450745701789855957e-01 2.468041479587554932e-01 2.478396743535995483e-01
2.595043778419494629e-01 2.468850761651992798e-01 2.470850348472595215e-01 2.478029727935791016e-01 2.593297660350799561e-01 2.464975863695144653e-01 2.498078048229217529e-01 2.487590014934539795e-01 2.576062083244323730e-01 2.437635660171508789e-01 2.465257346630096436e-01 2.464307844638824463e-01
2.601187825202941895e-01 2.461467534303665161e-01 2.456606328487396240e-01 2.469388842582702637e-01 2.602283358573913574e-01 2.469727098941802979e-01 2.506084144115447998e-01 2.480523288249969482e-01 2.577338218688964844e-01 2.444357424974441528e-01 2.468606680631637573e-01 2.462408840656280518e-01
2.598173320293426514e-01 2.456580549478530884e-01 2.465456128120422363e-01 2.476707696914672852e-01 2.598009407520294189e-01 2.467206418514251709e-01 2.502877712249755859e-01 2.474234700202941895e-01 2.582622170448303223e-01 2.448213994503021240e-01 2.468858212232589722e-01 2.461039125919342041e-01
2.591581046581268311e-01 2.455913126468658447e-01 2.463367432355880737e-01 2.483690083026885986e-01 2.602334022521972656e-01 2.469421029090881348e-01 2.503356933593750000e-01 2.469519823789596558e-01 2.577496767044067383e-01 2.450739145278930664e-01 2.469088882207870483e-01 2.463470101356506348e-01
2.584054768085479736e-01 2.458730936050415039e-01 2.463418543338775635e-01 2.476598471403121948e-01 2.596215009689331055e-01 2.473099678754806519e-01 2.506662607192993164e-01 2.470114976167678833e-01 2.581689953804016113e-01 2.454021126031875610e-01 2.467605769634246826e-01 2.467766106128692627e-01
2.584031820297241211e-01 2.463187873363494873e-01 2.458249628543853760e-01 2.479907721281051636e-01 2.600470781326293945e-01 2.480975836515426636e-01 2.491021007299423218e-01 2.470251768827438354e-01 2.588632404804229736e-01 2.459185868501663208e-01 2.456270903348922729e-01 2.467793673276901245e-01
2.586383223533630371e-01 2.460649162530899048e-01 2.469020336866378784e-01 2.490135580301284790e-01 2.582772374153137207e-01 2.477563619613647461e-01 2.476472109556198120e-01 2.477598488330841064e-01 2.593208849430084229e-01 2.462560236454010010e-01 2.457216829061508179e-01 2.466397285461425781e-01
2.586550712585449219e-01 2.471018284559249878e-01 2.468349039554595947e-01 2.471492886543273926e-01 2.578974366188049316e-01 2.480867356061935425e-01 2.481441497802734375e-01 2.473867237567901611e-01 2.598325610160827637e-01 2.461839467287063599e-01 2.452603429555892944e-01 2.474647760391235352e-01
2.587425410747528076e-01 2.461820244789123535e-01 2.467806637287139893e-01 2.482204735279083252e-01 2.577044367790222168e-01 2.481283843517303467e-01 2.481392472982406616e-01 2.473388612270355225e-01 2.586391270160675049e-01 2.454575002193450928e-01 2.465065121650695801e-01 2.481579482555389404e-01
2.581852376461029053e-01 2.456693500280380249e-01 2.479285001754760742e-01 2.481545954942703247e-01 2.581376135349273682e-01 2.470876872539520264e-01 2.482764869928359985e-01 2.469194084405899048e-01 2.576153874397277832e-01 2.469835579395294189e-01 2.471962720155715942e-01 2.478435784578323364e-01
2.579525411128997803e-01 2.452528178691864014e-01 2.470322996377944946e-01 2.487070858478546143e-01 2.587549984455108643e-01 2.472964972257614136e-01 2.490554600954055786e-01 2.465876787900924683e-01 2.571939229965209961e-01 2.471143454313278198e-01 2.467610090970993042e-01 2.482889443635940552e-01
2.582970261573791504e-01 2.455065846443176270e-01 2.460685968399047852e-01 2.477912902832031250e-01 2.592535912990570068e-01 2.461946606636047363e-01 2.495619505643844604e-01 2.467990815639495850e-01 2.579020857810974121e-01 2.470015883445739746e-01 2.473026812076568604e-01 2.483184933662414551e-01
2.592570483684539795e-01 2.449603974819183350e-01 2.450269907712936401e-01 2.477650642395019531e-01 2.589804828166961670e-01 2.465058863162994385e-01 2.492000907659530640e-01 2.454945594072341919e-01 2.585566937923431396e-01 2.476776689291000366e-01 2.483948916196823120e-01 2.481777966022491455e-01
2.596311867237091064e-01 2.452717274427413940e-01 2.455988079309463501e-01 2.474480569362640381e-01 2.585960030555725098e-01 2.470319867134094238e-01 2.491103112697601318e-01 2.445636987686157227e-01 2.589210867881774902e-01 2.481264472007751465e-01 2.487221956253051758e-01 2.469759732484817505e-01
2.599722146987915039e-01 2.451694309711456299e-01 2.462999671697616577e-01 2.469503730535507202e-01 2.584269940853118896e-01 2.473421245813369751e-01 2.493514269590377808e-01 2.452005445957183838e-01 2.584721446037292480e-01 2.472533434629440308e-01 2.478282153606414795e-01 2.477308064699172974e-01
2.611507475376129150e-01 2.455317229032516479e-01 2.453013509511947632e-01 2.463799118995666504e-01 2.581841051578521729e-01 2.472554147243499756e-01 2.488287985324859619e-01 2.452634721994400024e-01 2.584599256515502930e-01 2.479065209627151489e-01 2.480485588312149048e-01 2.476869523525238037e-01
2.614845931529998779e-01 2.468418926000595093e-01 2.449724972248077393e-01 2.453932315111160278e-01 2.584496140480041504e-01 2.467057406902313232e-01 2.497128844261169434e-01 2.467265874147415161e-01 2.585331797599792480e-01 2.477187514305114746e-01 2.466606497764587402e-01 2.467978298664093018e-01
2.617196738719940186e-01 2.459142208099365234e-01 2.449787706136703491e-01 2.454203665256500244e-01 2.592642605304718018e-01 2.455812096595764160e-01 2.501639425754547119e-01 2.475950568914413452e-01 2.587003707885742188e-01 2.477397173643112183e-01 2.467465549707412720e-01 2.461732774972915649e-01
2.612939476966857910e-01 2.459301650524139404e-01 2.455696165561676025e-01 2.453625798225402832e-01 2.590791583061218262e-01 2.462966442108154297e-01 2.499113082885742188e-01 2.472191452980041504e-01 2.582338154315948486e-01 2.475825846195220947e-01 2.466419786214828491e-01 2.468764930963516235e-01
2.600249350070953369e-01 2.471312731504440308e-01 2.454169541597366333e-01 2.465824633836746216e-01 2.591643333435058594e-01 2.467108666896820068e-01 2.491571605205535889e-01 2.468540072441101074e-01 2.588811516761779785e-01 2.470357865095138550e-01 2.466636002063751221e-01 2.463748753070831299e-01
2.588038146495819092e-01 2.466743588447570801e-01 2.449264526367187500e-01 2.461230158805847168e-01 2.584733068943023682e-01 2.467550188302993774e-01 2.485063970088958740e-01 2.472665011882781982e-01 2.599452435970306396e-01 2.477737069129943848e-01 2.474713772535324097e-01 2.472780793905258179e-01
2.589156627655029297e-01 2.469595372676849365e-01 2.443784922361373901e-01 2.472040057182312012e-01 2.585261166095733643e-01 2.475466579198837280e-01 2.474253475666046143e-01 2.477265447378158569e-01 2.594185769557952881e-01 2.464277148246765137e-01 2.482144534587860107e-01 2.472541332244873047e-01
2.591425776481628418e-01 2.470075339078903198e-01 2.445494532585144043e-01 2.466606944799423218e-01 2.593686878681182861e-01 2.477397173643112183e-01 2.474686503410339355e-01 2.480006963014602661e-01 2.590531706809997559e-01 2.467067241668701172e-01 2.475154697895050049e-01 2.467838674783706665e-01
2.586743235588073730e-01 2.470592409372329712e-01 2.446839064359664917e-01 2.468112558126449585e-01 2.599378824234008789e-01 2.470407187938690186e-01 2.470948547124862671e-01 2.474793791770935059e-01 2.598921358585357666e-01 2.477509379386901855e-01 2.472683340311050415e-01 2.463042438030242920e-01
2.579517662525177002e-01 2.482518553733825684e-01 2.450136095285415649e-01 2.469733208417892456e-01 2.592276632785797119e-01 2.465528845787048340e-01 2.467775344848632812e-01 2.467863112688064575e-01 2.597099542617797852e-01 2.486047744750976562e-01 2.467950433492660522e-01 2.473525553941726685e-01
2.589515447616577148e-01 2.483008652925491333e-01 2.455029636621475220e-01 2.471551150083541870e-01 2.586324214935302734e-01 2.466097027063369751e-01 2.471770942211151123e-01 2.480422407388687134e-01 2.583463490009307861e-01 2.485612183809280396e-01 2.465030997991561890e-01 2.462145388126373291e-01
2.578837871551513672e-01 2.495548129081726074e-01 2.454006075859069824e-01 2.468495070934295654e-01 2.574689090251922607e-01 2.472209632396697998e-01 2.475011646747589111e-01 2.478187680244445801e-01 2.590009868144989014e-01 2.475115060806274414e-01 2.465223073959350586e-01 2.472638040781021118e-01
2.582168579101562500e-01 2.499507516622543335e-01 2.457048892974853516e-01 2.478078752756118774e-01 2.568305134773254395e-01 2.463832646608352661e-01 2.475006878376007080e-01 2.471028566360473633e-01 2.593210935592651367e-01 2.468165755271911621e-01 2.465798854827880859e-01 2.477818429470062256e-01
2.580283582210540771e-01 2.498159110546112061e-01 2.459129542112350464e-01 2.460308372974395752e-01 2.562336325645446777e-01 2.466437667608261108e-01 2.475337088108062744e-01 2.476802021265029907e-01 2.585566937923431396e-01 2.487443387508392334e-01 2.470507472753524780e-01 2.477658689022064209e-01
2.589439451694488525e-01 2.492952942848205566e-01 2.460919469594955444e-01 2.456248253583908081e-01 2.572232782840728760e-01 2.469174116849899292e-01 2.476017475128173828e-01 2.477719187736511230e-01 2.572895884513854980e-01 2.484260648488998413e-01 2.468593865633010864e-01 2.479515671730041504e-01
2.594241797924041748e-01 2.486898601055145264e-01 2.469193488359451294e-01 2.456751465797424316e-01 2.573100626468658447e-01 2.477801591157913208e-01 2.479491084814071655e-01 2.470344156026840210e-01 2.573185265064239502e-01 2.479629814624786377e-01 2.458948045969009399e-01 2.480384409427642822e-01
2.589100301265716553e-01 2.494154870510101318e-01 2.476512193679809570e-01 2.463285624980926514e-01 2.566606998443603516e-01 2.467438280582427979e-01 2.468494772911071777e-01 2.466132640838623047e-01 2.583897411823272705e-01 2.481010556221008301e-01 2.456174641847610474e-01 2.487162500619888306e-01
2.593922615051269531e-01 2.490472942590713501e-01 2.461579889059066772e-01 2.468981593847274780e-01 2.579846084117889404e-01 2.473312467336654663e-01 2.461947947740554810e-01 2.478872537612915039e-01 2.579377293586730957e-01 2.473892420530319214e-01 2.456600517034530640e-01 2.481163442134857178e-01
2.595501244068145752e-01 2.496028542518615723e-01 2.456981986761093140e-01 2.453550100326538086e-01 2.581459581851959229e-01 2.469861209392547607e-01 2.470209896564483643e-01 2.481770217418670654e-01 2.576347887516021729e-01 2.482995390892028809e-01 2.462649494409561157e-01 2.472613304853439331e-01
2.596780359745025635e-01 2.486565709114074707e-01 2.461634129285812378e-01 2.458214610815048218e-01 2.584674358367919922e-01 2.474295943975448608e-01 2.462533563375473022e-01 2.477682828903198242e-01 2.568337023258209229e-01 2.493330538272857666e-01 2.461560517549514771e-01 2.474358379840850830e-01
2.591060996055603027e-01 2.482816725969314575e-01 2.465414553880691528e-01 2.460143566131591797e-01 2.587768733501434326e-01 2.473021894693374634e-01 2.458795160055160522e-01 2.465410530567169189e-01 2.575910985469818115e-01 2.490827590227127075e-01 2.466002702713012695e-01 2.482795268297195435e-01
