# pops for 12 qbits with connectivity c5 and unitary DM 22617996479552
4.000000357627868652e-01 2.000000327825546265e-01 2.000000327825546265e-01 2.000000327825546265e-01 4.000000953674316406e-01 2.000000178813934326e-01 2.000000178813934326e-01 2.000000178813934326e-01 4.000000357627868652e-01 2.000000178813934326e-01 2.000000178813934326e-01 2.000000178813934326e-01
3.289471864700317383e-01 2.202026098966598511e-01 2.246182411909103394e-01 2.233037650585174561e-01 3.396292626857757568e-01 2.093757241964340210e-01 2.239605486392974854e-01 2.233866155147552490e-01 3.420455157756805420e-01 2.145312428474426270e-01 2.274636030197143555e-01 2.225357443094253540e-01
3.030346035957336426e-01 2.282622605562210083e-01 2.600537240505218506e-01 2.230440676212310791e-01 3.151802718639373779e-01 2.062980532646179199e-01 2.192381918430328369e-01 2.188653796911239624e-01 2.940671741962432861e-01 2.351264655590057373e-01 2.659190893173217773e-01 2.309106737375259399e-01
2.940607964992523193e-01 2.375831753015518188e-01 2.521612346172332764e-01 2.325995564460754395e-01 3.010431230068206787e-01 2.111819982528686523e-01 2.227029204368591309e-01 2.315740734338760376e-01 2.875432074069976807e-01 2.410687208175659180e-01 2.576597332954406738e-01 2.308213263750076294e-01
2.777235507965087891e-01 2.416164577007293701e-01 2.380732297897338867e-01 2.411523014307022095e-01 2.811347246170043945e-01 2.264879345893859863e-01 2.375272959470748901e-01 2.568197846412658691e-01 2.781726419925689697e-01 2.422757297754287720e-01 2.483706623315811157e-01 2.306455820798873901e-01
2.792524695396423340e-01 2.436013519763946533e-01 2.430023550987243652e-01 2.456594705581665039e-01 2.756309211254119873e-01 2.294221222400665283e-01 2.365390658378601074e-01 2.625818848609924316e-01 2.723628282546997070e-01 2.364147156476974487e-01 2.477223873138427734e-01 2.278102636337280273e-01
2.691449522972106934e-01 2.452515363693237305e-01 2.533288300037384033e-01 2.472749054431915283e-01 2.684443593025207520e-01 2.363896965980529785e-01 2.411273121833801270e-01 2.533605992794036865e-01 2.662275433540344238e-01 2.392844408750534058e-01 2.445217519998550415e-01 2.356439679861068726e-01
2.643521726131439209e-01 2.444468885660171509e-01 2.539580762386322021e-01 2.458519637584686279e-01 2.679090499877929688e-01 2.390040159225463867e-01 2.377901375293731689e-01 2.558183372020721436e-01 2.617804706096649170e-01 2.422674894332885742e-01 2.468241006135940552e-01 2.399970889091491699e-01
2.646211087703704834e-01 2.421936392784118652e-01 2.478545606136322021e-01 2.423459589481353760e-01 2.678403854370117188e-01 2.446172237396240234e-01 2.429826557636260986e-01 2.555463016033172607e-01 2.610496878623962402e-01 2.406495809555053711e-01 2.441949546337127686e-01 2.461036741733551025e-01
2.612214088439941406e-01 2.439981549978256226e-01 2.443729043006896973e-01 2.442817986011505127e-01 2.661400139331817627e-01 2.450318932533264160e-01 2.425598055124282837e-01 2.574330568313598633e-01 2.608974575996398926e-01 2.420874983072280884e-01 2.441959381103515625e-01 2.477797865867614746e-01
2.637232542037963867e-01 2.431825399398803711e-01 2.407371550798416138e-01 2.447219789028167725e-01 2.631801664829254150e-01 2.450425922870635986e-01 2.437650561332702637e-01 2.585562467575073242e-01 2.625133097171783447e-01 2.428323775529861450e-01 2.443346530199050903e-01 2.474103569984436035e-01
2.633941769599914551e-01 2.452920228242874146e-01 2.406869083642959595e-01 2.461844980716705322e-01 2.622047066688537598e-01 2.462422400712966919e-01 2.440705001354217529e-01 2.537772953510284424e-01 2.637202143669128418e-01 2.436218112707138062e-01 2.435688525438308716e-01 2.472364157438278198e-01
2.641016542911529541e-01 2.432410120964050293e-01 2.413119524717330933e-01 2.462928593158721924e-01 2.627160549163818359e-01 2.493149787187576294e-01 2.451276183128356934e-01 2.526076436042785645e-01 2.616413533687591553e-01 2.426669150590896606e-01 2.449859231710433960e-01 2.459916621446609497e-01
2.617468833923339844e-01 2.441874444484710693e-01 2.429791986942291260e-01 2.460682988166809082e-01 2.625430822372436523e-01 2.486808300018310547e-01 2.459749579429626465e-01 2.545127868652343750e-01 2.606264352798461914e-01 2.425276339054107666e-01 2.453780770301818848e-01 2.447740584611892700e-01
2.606994807720184326e-01 2.439947575330734253e-01 2.465498596429824829e-01 2.480865269899368286e-01 2.577917873859405518e-01 2.474396824836730957e-01 2.466754317283630371e-01 2.527234852313995361e-01 2.599915564060211182e-01 2.426547259092330933e-01 2.483479976654052734e-01 2.450443059206008911e-01
2.596653699874877930e-01 2.447651326656341553e-01 2.454628497362136841e-01 2.486637383699417114e-01 2.590845823287963867e-01 2.477316409349441528e-01 2.460893690586090088e-01 2.502021789550781250e-01 2.594408988952636719e-01 2.456857860088348389e-01 2.467000186443328857e-01 2.465079575777053833e-01
2.598296701908111572e-01 2.440451681613922119e-01 2.459608316421508789e-01 2.465096563100814819e-01 2.575204074382781982e-01 2.478638291358947754e-01 2.452155202627182007e-01 2.511040568351745605e-01 2.617301344871520996e-01 2.462705969810485840e-01 2.470251768827438354e-01 2.469244301319122314e-01
2.593402862548828125e-01 2.442218661308288574e-01 2.460334748029708862e-01 2.458806931972503662e-01 2.583363056182861328e-01 2.461232244968414307e-01 2.457049041986465454e-01 2.512349486351013184e-01 2.606382369995117188e-01 2.471226900815963745e-01 2.476541548967361450e-01 2.477086931467056274e-01
2.599787116050720215e-01 2.448760718107223511e-01 2.468892186880111694e-01 2.456280887126922607e-01 2.586692869663238525e-01 2.468552291393280029e-01 2.471795231103897095e-01 2.503424584865570068e-01 2.590126693248748779e-01 2.456847578287124634e-01 2.483831644058227539e-01 2.465002685785293579e-01
2.601571679115295410e-01 2.446886450052261353e-01 2.458635270595550537e-01 2.469769716262817383e-01 2.585320472717285156e-01 2.459315508604049683e-01 2.485026419162750244e-01 2.497083544731140137e-01 2.594215869903564453e-01 2.454727441072463989e-01 2.481971383094787598e-01 2.465469539165496826e-01
2.601895630359649658e-01 2.443019747734069824e-01 2.470418214797973633e-01 2.465128004550933838e-01 2.580295503139495850e-01 2.462165355682373047e-01 2.493376284837722778e-01 2.498061209917068481e-01 2.594885528087615967e-01 2.445120513439178467e-01 2.477939128875732422e-01 2.467689216136932373e-01
2.603335082530975342e-01 2.438637763261795044e-01 2.473495006561279297e-01 2.464760541915893555e-01 2.575624287128448486e-01 2.474155575037002563e-01 2.483678013086318970e-01 2.498216032981872559e-01 2.599665224552154541e-01 2.454375773668289185e-01 2.466391324996948242e-01 2.467658668756484985e-01
2.607366442680358887e-01 2.443915903568267822e-01 2.467744797468185425e-01 2.456766366958618164e-01 2.586062550544738770e-01 2.475197166204452515e-01 2.470678091049194336e-01 2.498893439769744873e-01 2.600788474082946777e-01 2.457986027002334595e-01 2.467829287052154541e-01 2.466764301061630249e-01
2.602446079254150391e-01 2.456422150135040283e-01 2.471920549869537354e-01 2.459549009799957275e-01 2.585349380970001221e-01 2.478436082601547241e-01 2.472289502620697021e-01 2.491216808557510376e-01 2.599687278270721436e-01 2.463183999061584473e-01 2.459169030189514160e-01 2.460323125123977661e-01
2.604322135448455811e-01 2.451313883066177368e-01 2.487683743238449097e-01 2.472090870141983032e-01 2.588184475898742676e-01 2.475136667490005493e-01 2.462824136018753052e-01 2.486263960599899292e-01 2.598778009414672852e-01 2.458496838808059692e-01 2.464320510625839233e-01 2.450577020645141602e-01
2.615112066268920898e-01 2.471607774496078491e-01 2.480132430791854858e-01 2.468164861202239990e-01 2.584631741046905518e-01 2.469477206468582153e-01 2.469481527805328369e-01 2.475555241107940674e-01 2.587328553199768066e-01 2.467448264360427856e-01 2.472664862871170044e-01 2.438387423753738403e-01
2.602861523628234863e-01 2.470691651105880737e-01 2.484217882156372070e-01 2.462839931249618530e-01 2.588316500186920166e-01 2.479857653379440308e-01 2.467266023159027100e-01 2.462752759456634521e-01 2.592898607254028320e-01 2.470995932817459106e-01 2.476243376731872559e-01 2.441050112247467041e-01
2.587992250919342041e-01 2.471600621938705444e-01 2.484163939952850342e-01 2.455870807170867920e-01 2.598855197429656982e-01 2.478031814098358154e-01 2.478565722703933716e-01 2.459058910608291626e-01 2.590193152427673340e-01 2.463336586952209473e-01 2.483047544956207275e-01 2.449275404214859009e-01
2.604252099990844727e-01 2.474089115858078003e-01 2.486636191606521606e-01 2.449329048395156860e-01 2.586992681026458740e-01 2.489765733480453491e-01 2.471695989370346069e-01 2.465138584375381470e-01 2.590896189212799072e-01 2.455979436635971069e-01 2.472591102123260498e-01 2.452625036239624023e-01
2.598095536231994629e-01 2.472747415304183960e-01 2.478148490190505981e-01 2.448984384536743164e-01 2.593183815479278564e-01 2.498435080051422119e-01 2.484755069017410278e-01 2.469525933265686035e-01 2.582192420959472656e-01 2.453278452157974243e-01 2.464757114648818970e-01 2.455887645483016968e-01
2.594881951808929443e-01 2.467471659183502197e-01 2.483704090118408203e-01 2.454448938369750977e-01 2.597084045410156250e-01 2.476887553930282593e-01 2.488244175910949707e-01 2.472005635499954224e-01 2.583045363426208496e-01 2.447538375854492188e-01 2.465279102325439453e-01 2.469399571418762207e-01
2.590625882148742676e-01 2.468036264181137085e-01 2.476278692483901978e-01 2.455599159002304077e-01 2.603376805782318115e-01 2.468070685863494873e-01 2.479002922773361206e-01 2.464888840913772583e-01 2.601843476295471191e-01 2.464603930711746216e-01 2.456465661525726318e-01 2.471197992563247681e-01
2.597293853759765625e-01 2.469400912523269653e-01 2.481856793165206909e-01 2.453615069389343262e-01 2.611889243125915527e-01 2.451473176479339600e-01 2.486838698387145996e-01 2.469239681959152222e-01 2.591154873371124268e-01 2.458944320678710938e-01 2.456454187631607056e-01 2.471828758716583252e-01
2.593620717525482178e-01 2.467578053474426270e-01 2.470455169677734375e-01 2.451040148735046387e-01 2.594487369060516357e-01 2.456840872764587402e-01 2.485295981168746948e-01 2.477030456066131592e-01 2.591469287872314453e-01 2.470663934946060181e-01 2.464362978935241699e-01 2.477144747972488403e-01
2.592030167579650879e-01 2.472443282604217529e-01 2.468756437301635742e-01 2.455319166183471680e-01 2.592177093029022217e-01 2.459992617368698120e-01 2.493188381195068359e-01 2.469086498022079468e-01 2.586866617202758789e-01 2.473525106906890869e-01 2.458655834197998047e-01 2.477948516607284546e-01
2.592806816101074219e-01 2.478819489479064941e-01 2.469010055065155029e-01 2.459108829498291016e-01 2.588434815406799316e-01 2.463175505399703979e-01 2.492886781692504883e-01 2.458988428115844727e-01 2.590110003948211670e-01 2.479442656040191650e-01 2.459653466939926147e-01 2.467552572488784790e-01
2.598462402820587158e-01 2.473186552524566650e-01 2.471340447664260864e-01 2.450551539659500122e-01 2.591352164745330811e-01 2.468232214450836182e-01 2.487807571887969971e-01 2.466575652360916138e-01 2.583099603652954102e-01 2.471420615911483765e-01 2.472890317440032959e-01 2.465069741010665894e-01
2.593857049942016602e-01 2.477481663227081299e-01 2.481661140918731689e-01 2.461524307727813721e-01 2.595396637916564941e-01 2.465943545103073120e-01 2.474033534526824951e-01 2.473981678485870361e-01 2.579532265663146973e-01 2.460372447967529297e-01 2.469109892845153809e-01 2.467093765735626221e-01
2.589999139308929443e-01 2.486531287431716919e-01 2.475719749927520752e-01 2.461249679327011108e-01 2.606396079063415527e-01 2.466575354337692261e-01 2.471593022346496582e-01 2.468158155679702759e-01 2.589026987552642822e-01 2.458515465259552002e-01 2.462407946586608887e-01 2.463815063238143921e-01
2.589104473590850830e-01 2.470152974128723145e-01 2.468523979187011719e-01 2.455305904150009155e-01 2.602900862693786621e-01 2.485684901475906372e-01 2.463916838169097900e-01 2.470636069774627686e-01 2.584789395332336426e-01 2.473310530185699463e-01 2.463173270225524902e-01 2.472488731145858765e-01
2.598414421081542969e-01 2.465815097093582153e-01 2.461716830730438232e-01 2.473421394824981689e-01 2.594919502735137939e-01 2.479888498783111572e-01 2.461937963962554932e-01 2.455689758062362671e-01 2.589201033115386963e-01 2.490550726652145386e-01 2.456258684396743774e-01 2.472173422574996948e-01
2.593856751918792725e-01 2.468495219945907593e-01 2.464070171117782593e-01 2.477397173643112183e-01 2.604908943176269531e-01 2.486852854490280151e-01 2.463294714689254761e-01 2.447677254676818848e-01 2.581009864807128906e-01 2.478067874908447266e-01 2.466654330492019653e-01 2.467702627182006836e-01
2.593129873275756836e-01 2.459707856178283691e-01 2.458223402500152588e-01 2.478308677673339844e-01 2.594324648380279541e-01 2.496698349714279175e-01 2.468641549348831177e-01 2.452465593814849854e-01 2.578994631767272949e-01 2.481439858675003052e-01 2.468484640121459961e-01 2.469567954540252686e-01
2.592511177062988281e-01 2.447865009307861328e-01 2.459777295589447021e-01 2.479874193668365479e-01 2.600180804729461670e-01 2.488296478986740112e-01 2.467537671327590942e-01 2.463846802711486816e-01 2.580025792121887207e-01 2.483959048986434937e-01 2.469999194145202637e-01 2.466113865375518799e-01
2.583913207054138184e-01 2.464435249567031860e-01 2.464424073696136475e-01 2.481934726238250732e-01 2.601475715637207031e-01 2.472860962152481079e-01 2.464341968297958374e-01 2.456151396036148071e-01 2.574628889560699463e-01 2.484860420227050781e-01 2.475498020648956299e-01 2.475461363792419434e-01
2.584423422813415527e-01 2.460249662399291992e-01 2.473524808883666992e-01 2.483809292316436768e-01 2.596146464347839355e-01 2.474483102560043335e-01 2.461875230073928833e-01 2.466575205326080322e-01 2.573599219322204590e-01 2.478636652231216431e-01 2.475912272930145264e-01 2.470751106739044189e-01
2.585905790328979492e-01 2.461345791816711426e-01 2.468007206916809082e-01 2.479544430971145630e-01 2.603309750556945801e-01 2.473673522472381592e-01 2.460807859897613525e-01 2.463833093643188477e-01 2.577122747898101807e-01 2.484930157661437988e-01 2.474265545606613159e-01 2.467239797115325928e-01
2.590936124324798584e-01 2.466315627098083496e-01 2.461869865655899048e-01 2.473147809505462646e-01 2.595760226249694824e-01 2.481085956096649170e-01 2.465241104364395142e-01 2.459363639354705811e-01 2.582958340644836426e-01 2.468114346265792847e-01 2.476630359888076782e-01 2.478561699390411377e-01
2.590017020702362061e-01 2.472705990076065063e-01 2.459584921598434448e-01 2.465510368347167969e-01 2.599946260452270508e-01 2.477930635213851929e-01 2.468213587999343872e-01 2.456508725881576538e-01 2.585351467132568359e-01 2.469368427991867065e-01 2.478902637958526611e-01 2.475945651531219482e-01
2.593774795532226562e-01 2.471389919519424438e-01 2.458495199680328369e-01 2.472922801971435547e-01 2.601048946380615234e-01 2.477505505084991455e-01 2.466109246015548706e-01 2.459237575531005859e-01 2.584857940673828125e-01 2.469833791255950928e-01 2.479608952999114990e-01 2.465200275182723999e-01
2.583982944488525391e-01 2.471644729375839233e-01 2.465458214282989502e-01 2.493505030870437622e-01 2.601688206195831299e-01 2.475001513957977295e-01 2.469465136528015137e-01 2.465418726205825806e-01 2.576265633106231689e-01 2.480289936065673828e-01 2.468066513538360596e-01 2.449196875095367432e-01
2.590610384941101074e-01 2.469747662544250488e-01 2.466326206922531128e-01 2.484371513128280640e-01 2.602072954177856445e-01 2.473212629556655884e-01 2.473760396242141724e-01 2.470619380474090576e-01 2.588725984096527100e-01 2.462244182825088501e-01 2.468103915452957153e-01 2.450188994407653809e-01
2.596437931060791016e-01 2.473300099372863770e-01 2.472670525312423706e-01 2.488147020339965820e-01 2.596222758293151855e-01 2.475049644708633423e-01 2.472770512104034424e-01 2.462359219789505005e-01 2.591631114482879639e-01 2.456067204475402832e-01 2.468891590833663940e-01 2.446436136960983276e-01
2.598256170749664307e-01 2.468456625938415527e-01 2.467614412307739258e-01 2.476814687252044678e-01 2.598666846752166748e-01 2.488993555307388306e-01 2.466807365417480469e-01 2.463042736053466797e-01 2.589511871337890625e-01 2.465533465147018433e-01 2.462449967861175537e-01 2.453835308551788330e-01
2.594953179359436035e-01 2.454958707094192505e-01 2.471294403076171875e-01 2.483481168746948242e-01 2.594945728778839111e-01 2.498846650123596191e-01 2.465871274471282959e-01 2.462637871503829956e-01 2.594092190265655518e-01 2.472814321517944336e-01 2.452508360147476196e-01 2.453577965497970581e-01
2.597979903221130371e-01 2.457475066184997559e-01 2.468208670616149902e-01 2.495482861995697021e-01 2.602547109127044678e-01 2.486126869916915894e-01 2.448187917470932007e-01 2.460329234600067139e-01 2.591128051280975342e-01 2.476347982883453369e-01 2.455416619777679443e-01 2.460752129554748535e-01
2.588943243026733398e-01 2.464186698198318481e-01 2.470907270908355713e-01 2.487584799528121948e-01 2.592300772666931152e-01 2.483197301626205444e-01 2.469804286956787109e-01 2.455647587776184082e-01 2.588427960872650146e-01 2.487806826829910278e-01 2.457133382558822632e-01 2.454042136669158936e-01
2.587153911590576172e-01 2.463874965906143188e-01 2.471523582935333252e-01 2.494082301855087280e-01 2.601170539855957031e-01 2.475703805685043335e-01 2.467281520366668701e-01 2.457865923643112183e-01 2.590348124504089355e-01 2.481178492307662964e-01 2.452244162559509277e-01 2.457555681467056274e-01
2.586352825164794922e-01 2.467529177665710449e-01 2.472283542156219482e-01 2.477687150239944458e-01 2.585942149162292480e-01 2.492490410804748535e-01 2.465138882398605347e-01 2.460048794746398926e-01 2.598208487033843994e-01 2.468737512826919556e-01 2.457124143838882446e-01 2.468437999486923218e-01
2.596285939216613770e-01 2.472962290048599243e-01 2.462162971496582031e-01 2.467248886823654175e-01 2.587606608867645264e-01 2.474205493927001953e-01 2.461294531822204590e-01 2.464801669120788574e-01 2.595024406909942627e-01 2.477949708700180054e-01 2.469082027673721313e-01 2.471357136964797974e-01
2.590380609035491943e-01 2.472540289163589478e-01 2.461682856082916260e-01 2.463759928941726685e-01 2.598604261875152588e-01 2.467055171728134155e-01 2.457278221845626831e-01 2.467005252838134766e-01 2.591599524021148682e-01 2.478515803813934326e-01 2.473263591527938843e-01 2.478296011686325073e-01
2.589184343814849854e-01 2.480553984642028809e-01 2.461332529783248901e-01 2.463193833827972412e-01 2.597927153110504150e-01 2.460068613290786743e-01 2.466136962175369263e-01 2.465652972459793091e-01 2.585630714893341064e-01 2.476977109909057617e-01 2.490597963333129883e-01 2.462724149227142334e-01
2.593490481376647949e-01 2.488976567983627319e-01 2.472956329584121704e-01 2.462193220853805542e-01 2.594712972640991211e-01 2.469265460968017578e-01 2.466045320034027100e-01 2.465565949678421021e-01 2.582007646560668945e-01 2.468130439519882202e-01 2.479398548603057861e-01 2.457237094640731812e-01
2.587521374225616455e-01 2.494109123945236206e-01 2.467505335807800293e-01 2.464354783296585083e-01 2.595513164997100830e-01 2.471754699945449829e-01 2.466022074222564697e-01 2.469802200794219971e-01 2.597683072090148926e-01 2.465388029813766479e-01 2.464559972286224365e-01 2.455765902996063232e-01
2.591877877712249756e-01 2.495871782302856445e-01 2.466267943382263184e-01 2.446938157081604004e-01 2.604926526546478271e-01 2.470059096813201904e-01 2.477011233568191528e-01 2.464161217212677002e-01 2.590572535991668701e-01 2.478553801774978638e-01 2.459397464990615845e-01 2.454342693090438843e-01
2.587187588214874268e-01 2.498989701271057129e-01 2.464884370565414429e-01 2.441887855529785156e-01 2.598823010921478271e-01 2.460666596889495850e-01 2.478029280900955200e-01 2.466956675052642822e-01 2.589562535285949707e-01 2.482032328844070435e-01 2.464452534914016724e-01 2.466506063938140869e-01
2.588290870189666748e-01 2.485103309154510498e-01 2.467859387397766113e-01 2.448086142539978027e-01 2.608409821987152100e-01 2.463863044977188110e-01 2.475791275501251221e-01 2.463260740041732788e-01 2.597838938236236572e-01 2.479689866304397583e-01 2.460860759019851685e-01 2.460924535989761353e-01
2.578861415386199951e-01 2.473394125699996948e-01 2.461688220500946045e-01 2.452099174261093140e-01 2.605659067630767822e-01 2.473332285881042480e-01 2.471029162406921387e-01 2.483891993761062622e-01 2.602780461311340332e-01 2.471333146095275879e-01 2.464510202407836914e-01 2.461399286985397339e-01
2.575893998146057129e-01 2.476181089878082275e-01 2.465367317199707031e-01 2.460243254899978638e-01 2.589627504348754883e-01 2.482460439205169678e-01 2.474425137042999268e-01 2.475319057703018188e-01 2.594212591648101807e-01 2.473656982183456421e-01 2.466612011194229126e-01 2.465978711843490601e-01
2.575493156909942627e-01 2.476722151041030884e-01 2.462497353553771973e-01 2.454141527414321899e-01 2.592010796070098877e-01 2.477199882268905640e-01 2.484275549650192261e-01 2.474439740180969238e-01 2.597759366035461426e-01 2.475155889987945557e-01 2.464972883462905884e-01 2.465309202671051025e-01
2.583726644515991211e-01 2.483414560556411743e-01 2.455647736787796021e-01 2.460957616567611694e-01 2.594093978404998779e-01 2.474419474601745605e-01 2.480809092521667480e-01 2.476874887943267822e-01 2.595157921314239502e-01 2.464248389005661011e-01 2.467063665390014648e-01 2.463564127683639526e-01
2.590180635452270508e-01 2.481714487075805664e-01 2.460496127605438232e-01 2.460888177156448364e-01 2.579865455627441406e-01 2.464475631713867188e-01 2.485973685979843140e-01 2.472192943096160889e-01 2.598051428794860840e-01 2.480265498161315918e-01 2.465992271900177002e-01 2.459881901741027832e-01
2.585139870643615723e-01 2.479671686887741089e-01 2.471834272146224976e-01 2.455085217952728271e-01 2.588257789611816406e-01 2.459656745195388794e-01 2.488424330949783325e-01 2.463308274745941162e-01 2.586027383804321289e-01 2.477084696292877197e-01 2.482876628637313843e-01 2.462610006332397461e-01
2.587550282478332520e-01 2.481143027544021606e-01 2.476970702409744263e-01 2.447292357683181763e-01 2.583810985088348389e-01 2.460221350193023682e-01 2.482124716043472290e-01 2.471854090690612793e-01 2.578426897525787354e-01 2.467457503080368042e-01 2.493134289979934692e-01 2.469991147518157959e-01
2.586838901042938232e-01 2.482171058654785156e-01 2.459607273340225220e-01 2.446092218160629272e-01 2.594780921936035156e-01 2.465586364269256592e-01 2.481719702482223511e-01 2.470799535512924194e-01 2.584161460399627686e-01 2.481113523244857788e-01 2.480937391519546509e-01 2.466168105602264404e-01
2.575919032096862793e-01 2.484049797058105469e-01 2.456781566143035889e-01 2.449519485235214233e-01 2.596402168273925781e-01 2.470390796661376953e-01 2.476313561201095581e-01 2.470601946115493774e-01 2.591272592544555664e-01 2.477841675281524658e-01 2.482867240905761719e-01 2.468016147613525391e-01
2.574105262756347656e-01 2.483328133821487427e-01 2.463586330413818359e-01 2.448895573616027832e-01 2.584184408187866211e-01 2.466425895690917969e-01 2.480934411287307739e-01 2.477004081010818481e-01 2.575933337211608887e-01 2.487097531557083130e-01 2.478481680154800415e-01 2.479998618364334106e-01
2.584937214851379395e-01 2.464411258697509766e-01 2.464779764413833618e-01 2.446757555007934570e-01 2.594744265079498291e-01 2.477541565895080566e-01 2.477904558181762695e-01 2.466179132461547852e-01 2.580581307411193848e-01 2.483393996953964233e-01 2.485176175832748413e-01 2.473569065332412720e-01
2.590885758399963379e-01 2.473244220018386841e-01 2.471324652433395386e-01 2.457081079483032227e-01 2.589894831180572510e-01 2.470924556255340576e-01 2.477952241897583008e-01 2.462151050567626953e-01 2.576331794261932373e-01 2.484013587236404419e-01 2.483130544424057007e-01 2.463040798902511597e-01
2.588425874710083008e-01 2.468200027942657471e-01 2.479672580957412720e-01 2.454967945814132690e-01 2.583346366882324219e-01 2.472358345985412598e-01 2.481325566768646240e-01 2.465395778417587280e-01 2.574678957462310791e-01 2.484849542379379272e-01 2.479976415634155273e-01 2.466778010129928589e-01
2.592156529426574707e-01 2.467267215251922607e-01 2.472042888402938843e-01 2.463174164295196533e-01 2.578587532043457031e-01 2.474319189786911011e-01 2.485484778881072998e-01 2.474177479743957520e-01 2.577579617500305176e-01 2.472682893276214600e-01 2.476498633623123169e-01 2.466003745794296265e-01
2.587754428386688232e-01 2.455018013715744019e-01 2.477368414402008057e-01 2.464510500431060791e-01 2.588608264923095703e-01 2.469923794269561768e-01 2.480716854333877563e-01 2.477870136499404907e-01 2.587933242321014404e-01 2.470886111259460449e-01 2.479970604181289673e-01 2.459414154291152954e-01
2.589536309242248535e-01 2.454504519701004028e-01 2.481712996959686279e-01 2.464381456375122070e-01 2.590012252330780029e-01 2.475512325763702393e-01 2.483990788459777832e-01 2.466296106576919556e-01 2.582986950874328613e-01 2.474841326475143433e-01 2.483041584491729736e-01 2.453157752752304077e-01
2.589744627475738525e-01 2.450345605611801147e-01 2.461722791194915771e-01 2.463777363300323486e-01 2.602104842662811279e-01 2.465113550424575806e-01 2.493358701467514038e-01 2.468849271535873413e-01 2.585452198982238770e-01 2.472683638334274292e-01 2.477321624755859375e-01 2.469499558210372925e-01
2.585601806640625000e-01 2.460710555315017700e-01 2.464421540498733521e-01 2.462023943662643433e-01 2.597753703594207764e-01 2.470264583826065063e-01 2.483352273702621460e-01 2.475533485412597656e-01 2.577249705791473389e-01 2.478478550910949707e-01 2.467239797115325928e-01 2.477343827486038208e-01
2.577032148838043213e-01 2.464564442634582520e-01 2.467656135559082031e-01 2.465976476669311523e-01 2.583288252353668213e-01 2.465344667434692383e-01 2.486641705036163330e-01 2.465056777000427246e-01 2.586497664451599121e-01 2.478540539741516113e-01 2.477376908063888550e-01 2.481998056173324585e-01
2.581154108047485352e-01 2.468169778585433960e-01 2.459796071052551270e-01 2.476662695407867432e-01 2.577731311321258545e-01 2.474638968706130981e-01 2.497343420982360840e-01 2.459405958652496338e-01 2.584742307662963867e-01 2.459756433963775635e-01 2.481869608163833618e-01 2.478702962398529053e-01
2.580550611019134521e-01 2.478761970996856689e-01 2.453082650899887085e-01 2.476193755865097046e-01 2.583487629890441895e-01 2.483642697334289551e-01 2.496495991945266724e-01 2.470076531171798706e-01 2.581388652324676514e-01 2.457735538482666016e-01 2.467579096555709839e-01 2.470977604389190674e-01
2.582269012928009033e-01 2.479829043149948120e-01 2.449457496404647827e-01 2.472128570079803467e-01 2.589149177074432373e-01 2.490120530128479004e-01 2.484263479709625244e-01 2.466757744550704956e-01 2.590768337249755859e-01 2.447896003723144531e-01 2.468111813068389893e-01 2.479221224784851074e-01
2.577169835567474365e-01 2.479517608880996704e-01 2.454591691493988037e-01 2.480712831020355225e-01 2.590298056602478027e-01 2.484148889780044556e-01 2.485184967517852783e-01 2.468332350254058838e-01 2.590533196926116943e-01 2.444645911455154419e-01 2.464276999235153198e-01 2.480559647083282471e-01
2.576861083507537842e-01 2.473698258399963379e-01 2.454453259706497192e-01 2.464368641376495361e-01 2.596470415592193604e-01 2.477438449859619141e-01 2.475480437278747559e-01 2.466569840908050537e-01 2.592742741107940674e-01 2.447874397039413452e-01 2.476572692394256592e-01 2.497441321611404419e-01
2.585448324680328369e-01 2.470852583646774292e-01 2.449817657470703125e-01 2.462728023529052734e-01 2.594579756259918213e-01 2.463895231485366821e-01 2.477589845657348633e-01 2.474588155746459961e-01 2.592614293098449707e-01 2.443387657403945923e-01 2.493089884519577026e-01 2.491380423307418823e-01
2.586477100849151611e-01 2.477040737867355347e-01 2.449488043785095215e-01 2.461414784193038940e-01 2.599322199821472168e-01 2.469234317541122437e-01 2.473283410072326660e-01 2.462960779666900635e-01 2.601568698883056641e-01 2.451585829257965088e-01 2.477767914533615112e-01 2.489828020334243774e-01
2.581266164779663086e-01 2.480654120445251465e-01 2.443150132894515991e-01 2.458205968141555786e-01 2.606528401374816895e-01 2.465332448482513428e-01 2.478782534599304199e-01 2.470272481441497803e-01 2.599977254867553711e-01 2.462723702192306519e-01 2.459906190633773804e-01 2.493171840906143188e-01
2.569758594036102295e-01 2.483080476522445679e-01 2.439734190702438354e-01 2.452981173992156982e-01 2.589221298694610596e-01 2.475865483283996582e-01 2.471047341823577881e-01 2.480069845914840698e-01 2.602570354938507080e-01 2.488556504249572754e-01 2.472236156463623047e-01 2.474848031997680664e-01
2.570449113845825195e-01 2.469815909862518311e-01 2.455211579799652100e-01 2.453400939702987671e-01 2.598196566104888916e-01 2.479464560747146606e-01 2.484636306762695312e-01 2.464527785778045654e-01 2.589836120605468750e-01 2.492157965898513794e-01 2.469073832035064697e-01 2.473199367523193359e-01
2.578795254230499268e-01 2.465068697929382324e-01 2.457672059535980225e-01 2.452589273452758789e-01 2.598704695701599121e-01 2.472447454929351807e-01 2.490732520818710327e-01 2.462370395660400391e-01 2.582996189594268799e-01 2.487324178218841553e-01 2.476834058761596680e-01 2.474434673786163330e-01
2.572990059852600098e-01 2.456826567649841309e-01 2.455331385135650635e-01 2.465847134590148926e-01 2.597805261611938477e-01 2.476852834224700928e-01 2.481028139591217041e-01 2.464253157377243042e-01 2.587139308452606201e-01 2.487103641033172607e-01 2.474179863929748535e-01 2.480612099170684814e-01
2.573915123939514160e-01 2.473472207784652710e-01 2.457296997308731079e-01 2.459852546453475952e-01 2.587785422801971436e-01 2.472280263900756836e-01 2.472591549158096313e-01 2.472261637449264526e-01 2.593561708927154541e-01 2.485096603631973267e-01 2.475861907005310059e-01 2.475993037223815918e-01
2.580451071262359619e-01 2.465376406908035278e-01 2.454722523689270020e-01 2.464859187602996826e-01 2.589359879493713379e-01 2.473266571760177612e-01 2.488895505666732788e-01 2.470627427101135254e-01 2.598934769630432129e-01 2.478620260953903198e-01 2.462647557258605957e-01 2.472208142280578613e-01
2.584759593009948730e-01 2.463978081941604614e-01 2.460822612047195435e-01 2.454302608966827393e-01 2.592955231666564941e-01 2.458226084709167480e-01 2.472705245018005371e-01 2.478986829519271851e-01 2.599106431007385254e-01 2.468040287494659424e-01 2.475577890872955322e-01 2.490508407354354858e-01
