# pops for 12 qbits with connectivity c5 and unitary DM 23075874456000
4.000000357627868652e-01 2.000000327825546265e-01 2.000000327825546265e-01 2.000000327825546265e-01 4.000000953674316406e-01 2.000000178813934326e-01 2.000000178813934326e-01 2.000000178813934326e-01 4.000000357627868652e-01 2.000000178813934326e-01 2.000000178813934326e-01 2.000000178813934326e-01
3.420455157756805420e-01 2.000000029802322388e-01 2.000000029802322388e-01 2.093757241964340210e-01 3.555775582790374756e-01 2.646841406822204590e-01 2.000000178813934326e-01 2.000000029802322388e-01 3.417257666587829590e-01 2.246182411909103394e-01 2.239605337381362915e-01 2.380126118659973145e-01
2.961592078208923340e-01 2.429230660200119019e-01 2.080300450325012207e-01 2.119630426168441772e-01 3.209550082683563232e-01 2.531816661357879639e-01 2.301664352416992188e-01 2.375857681035995483e-01 3.171516656875610352e-01 2.305283248424530029e-01 2.133094966411590576e-01 2.380462437868118286e-01
2.881080210208892822e-01 2.554482221603393555e-01 2.292605489492416382e-01 2.276405096054077148e-01 2.901958525180816650e-01 2.479125857353210449e-01 2.214511781930923462e-01 2.520949244499206543e-01 2.816016376018524170e-01 2.319874912500381470e-01 2.308893054723739624e-01 2.434096634387969971e-01
2.795483469963073730e-01 2.553995549678802490e-01 2.448470890522003174e-01 2.363150268793106079e-01 2.771713733673095703e-01 2.453991770744323730e-01 2.293417304754257202e-01 2.491507828235626221e-01 2.746481597423553467e-01 2.382412254810333252e-01 2.328963875770568848e-01 2.370410859584808350e-01
2.737305760383605957e-01 2.553505599498748779e-01 2.426483780145645142e-01 2.412266731262207031e-01 2.701250612735748291e-01 2.442024052143096924e-01 2.303912192583084106e-01 2.476345896720886230e-01 2.668675184249877930e-01 2.518886327743530273e-01 2.358635663986206055e-01 2.400706857442855835e-01
2.707181870937347412e-01 2.537838220596313477e-01 2.449492812156677246e-01 2.465138733386993408e-01 2.644668519496917725e-01 2.444144487380981445e-01 2.353152930736541748e-01 2.476219981908798218e-01 2.702242136001586914e-01 2.462570816278457642e-01 2.404344677925109863e-01 2.353002578020095825e-01
2.663179636001586914e-01 2.517801225185394287e-01 2.438852488994598389e-01 2.444725036621093750e-01 2.595642805099487305e-01 2.417177259922027588e-01 2.385057061910629272e-01 2.525261044502258301e-01 2.647076845169067383e-01 2.485309094190597534e-01 2.528572976589202881e-01 2.351342588663101196e-01
2.645985484123229980e-01 2.526305615901947021e-01 2.447643280029296875e-01 2.453282624483108521e-01 2.599685192108154297e-01 2.438399642705917358e-01 2.384658455848693848e-01 2.534062564373016357e-01 2.643556892871856689e-01 2.471766620874404907e-01 2.501509785652160645e-01 2.353141009807586670e-01
2.627279758453369141e-01 2.525588870048522949e-01 2.454770207405090332e-01 2.445565909147262573e-01 2.569018304347991943e-01 2.446686476469039917e-01 2.416731268167495728e-01 2.528412640094757080e-01 2.649969458580017090e-01 2.473047226667404175e-01 2.488686442375183105e-01 2.374241054058074951e-01
2.598423361778259277e-01 2.506623864173889160e-01 2.459174096584320068e-01 2.474087178707122803e-01 2.609120011329650879e-01 2.439742684364318848e-01 2.411132901906967163e-01 2.572986483573913574e-01 2.605730593204498291e-01 2.466127872467041016e-01 2.474468946456909180e-01 2.382378578186035156e-01
2.569589018821716309e-01 2.506532967090606689e-01 2.472512274980545044e-01 2.457251548767089844e-01 2.591102719306945801e-01 2.440770715475082397e-01 2.425601333379745483e-01 2.560867071151733398e-01 2.576733231544494629e-01 2.492931336164474487e-01 2.477802634239196777e-01 2.428303062915802002e-01
2.599148452281951904e-01 2.505472004413604736e-01 2.459817230701446533e-01 2.447791397571563721e-01 2.590133249759674072e-01 2.440011948347091675e-01 2.438018471002578735e-01 2.541737258434295654e-01 2.569937109947204590e-01 2.488068044185638428e-01 2.491986006498336792e-01 2.427875548601150513e-01
2.587948441505432129e-01 2.519625723361968994e-01 2.458326518535614014e-01 2.444810122251510620e-01 2.579527199268341064e-01 2.435191720724105835e-01 2.462805509567260742e-01 2.531863451004028320e-01 2.558857798576354980e-01 2.491439729928970337e-01 2.490401864051818848e-01 2.439198046922683716e-01
2.587874829769134521e-01 2.517513036727905273e-01 2.471041083335876465e-01 2.443134188652038574e-01 2.572813928127288818e-01 2.450843453407287598e-01 2.458480149507522583e-01 2.526351511478424072e-01 2.550649344921112061e-01 2.488040477037429810e-01 2.483660876750946045e-01 2.449592649936676025e-01
2.589519619941711426e-01 2.529762089252471924e-01 2.478927373886108398e-01 2.442109435796737671e-01 2.565402984619140625e-01 2.447029650211334229e-01 2.467423975467681885e-01 2.519891560077667236e-01 2.541828155517578125e-01 2.489980012178421021e-01 2.472190111875534058e-01 2.455930262804031372e-01
2.591148912906646729e-01 2.475160062313079834e-01 2.509043514728546143e-01 2.437754273414611816e-01 2.575467526912689209e-01 2.475215047597885132e-01 2.461135238409042358e-01 2.516192495822906494e-01 2.549124956130981445e-01 2.483693212270736694e-01 2.461117506027221680e-01 2.464942634105682373e-01
2.599508166313171387e-01 2.466189712285995483e-01 2.501564621925354004e-01 2.447313964366912842e-01 2.580536603927612305e-01 2.469265311956405640e-01 2.462433427572250366e-01 2.511972784996032715e-01 2.567771673202514648e-01 2.480666637420654297e-01 2.467065155506134033e-01 2.445707172155380249e-01
2.598324120044708252e-01 2.463677078485488892e-01 2.492978572845458984e-01 2.471781224012374878e-01 2.584978640079498291e-01 2.466089427471160889e-01 2.452081143856048584e-01 2.491865456104278564e-01 2.562459111213684082e-01 2.485193610191345215e-01 2.473636418581008911e-01 2.456929683685302734e-01
2.591124773025512695e-01 2.459453344345092773e-01 2.482662498950958252e-01 2.469038814306259155e-01 2.588111162185668945e-01 2.466263920068740845e-01 2.451668977737426758e-01 2.486514747142791748e-01 2.582350075244903564e-01 2.479422688484191895e-01 2.482561469078063965e-01 2.460822612047195435e-01
2.581376731395721436e-01 2.456526905298233032e-01 2.480427920818328857e-01 2.458743005990982056e-01 2.607671916484832764e-01 2.469559758901596069e-01 2.458826750516891479e-01 2.486997246742248535e-01 2.574082612991333008e-01 2.479951977729797363e-01 2.471578568220138550e-01 2.474250942468643188e-01
2.582574188709259033e-01 2.453631013631820679e-01 2.489115595817565918e-01 2.471307218074798584e-01 2.611655592918395996e-01 2.474868595600128174e-01 2.476551234722137451e-01 2.469170689582824707e-01 2.561620473861694336e-01 2.477330416440963745e-01 2.469293326139450073e-01 2.462875396013259888e-01
2.595606446266174316e-01 2.456669360399246216e-01 2.486871033906936646e-01 2.476924508810043335e-01 2.601351439952850342e-01 2.468446642160415649e-01 2.452810406684875488e-01 2.460825145244598389e-01 2.581156492233276367e-01 2.474088519811630249e-01 2.479919493198394775e-01 2.465323656797409058e-01
2.584923505783081055e-01 2.460596263408660889e-01 2.483865469694137573e-01 2.479898035526275635e-01 2.605344951152801514e-01 2.468624413013458252e-01 2.459388375282287598e-01 2.465118169784545898e-01 2.583839595317840576e-01 2.480165809392929077e-01 2.468949556350708008e-01 2.459278255701065063e-01
2.591276466846466064e-01 2.466024011373519897e-01 2.483969777822494507e-01 2.486353814601898193e-01 2.590966522693634033e-01 2.463471144437789917e-01 2.464100867509841919e-01 2.463367581367492676e-01 2.588969767093658447e-01 2.463569939136505127e-01 2.475748956203460693e-01 2.462173551321029663e-01
2.605062127113342285e-01 2.466133832931518555e-01 2.469480782747268677e-01 2.490779906511306763e-01 2.593116164207458496e-01 2.485939562320709229e-01 2.442335486412048340e-01 2.477084100246429443e-01 2.595491409301757812e-01 2.450574934482574463e-01 2.472878396511077881e-01 2.451115846633911133e-01
2.593328952789306641e-01 2.458914667367935181e-01 2.459901720285415649e-01 2.497262656688690186e-01 2.592603862285614014e-01 2.479660958051681519e-01 2.453626245260238647e-01 2.478275895118713379e-01 2.601883709430694580e-01 2.447671294212341309e-01 2.474127262830734253e-01 2.462735027074813843e-01
2.585943341255187988e-01 2.446101009845733643e-01 2.459839880466461182e-01 2.488847076892852783e-01 2.600645124912261963e-01 2.471194863319396973e-01 2.458460777997970581e-01 2.477057427167892456e-01 2.605645060539245605e-01 2.453594058752059937e-01 2.485488206148147583e-01 2.467175871133804321e-01
2.586632370948791504e-01 2.459059655666351318e-01 2.469998002052307129e-01 2.490309178829193115e-01 2.592179477214813232e-01 2.473068386316299438e-01 2.455008774995803833e-01 2.472743391990661621e-01 2.610774636268615723e-01 2.452344596385955811e-01 2.466685324907302856e-01 2.471188306808471680e-01
2.587607502937316895e-01 2.464373856782913208e-01 2.458988428115844727e-01 2.497257143259048462e-01 2.590843439102172852e-01 2.469773888587951660e-01 2.462039291858673096e-01 2.478171885013580322e-01 2.611893415451049805e-01 2.449092268943786621e-01 2.468450367450714111e-01 2.461499422788619995e-01
2.606016695499420166e-01 2.454685568809509277e-01 2.467081695795059204e-01 2.494197189807891846e-01 2.583153843879699707e-01 2.482628673315048218e-01 2.472445070743560791e-01 2.470512390136718750e-01 2.599340975284576416e-01 2.451610416173934937e-01 2.467526942491531372e-01 2.450791299343109131e-01
2.597457170486450195e-01 2.460365146398544312e-01 2.470151782035827637e-01 2.478782236576080322e-01 2.580566406250000000e-01 2.495216876268386841e-01 2.469592392444610596e-01 2.479228377342224121e-01 2.594616413116455078e-01 2.449484467506408691e-01 2.463524043560028076e-01 2.461005300283432007e-01
2.600786089897155762e-01 2.468179613351821899e-01 2.473714798688888550e-01 2.467173337936401367e-01 2.594645321369171143e-01 2.476611435413360596e-01 2.469051778316497803e-01 2.474401593208312988e-01 2.583729922771453857e-01 2.451522648334503174e-01 2.471940219402313232e-01 2.468233257532119751e-01
2.597956955432891846e-01 2.455933839082717896e-01 2.470869868993759155e-01 2.459833920001983643e-01 2.587715387344360352e-01 2.469892650842666626e-01 2.479940950870513916e-01 2.483919113874435425e-01 2.605049312114715576e-01 2.456063479185104370e-01 2.460380196571350098e-01 2.472435235977172852e-01
2.596990764141082764e-01 2.457072734832763672e-01 2.473119348287582397e-01 2.451532036066055298e-01 2.593321502208709717e-01 2.466311156749725342e-01 2.469870597124099731e-01 2.487580627202987671e-01 2.604478895664215088e-01 2.470285296440124512e-01 2.458715438842773438e-01 2.470711022615432739e-01
2.594725787639617920e-01 2.450293600559234619e-01 2.461784780025482178e-01 2.457476854324340820e-01 2.583225369453430176e-01 2.470321357250213623e-01 2.476286888122558594e-01 2.475602626800537109e-01 2.598727047443389893e-01 2.475433051586151123e-01 2.471681386232376099e-01 2.484430521726608276e-01
2.597579956054687500e-01 2.458430975675582886e-01 2.464413791894912720e-01 2.463042140007019043e-01 2.577567696571350098e-01 2.472547441720962524e-01 2.470148652791976929e-01 2.477491348981857300e-01 2.595083415508270264e-01 2.462440431118011475e-01 2.480623275041580200e-01 2.480619996786117554e-01
2.586120367050170898e-01 2.457681298255920410e-01 2.464394718408584595e-01 2.483364343643188477e-01 2.584564685821533203e-01 2.459108233451843262e-01 2.476733028888702393e-01 2.474345564842224121e-01 2.592285275459289551e-01 2.470048516988754272e-01 2.477586716413497925e-01 2.473756074905395508e-01
2.581161856651306152e-01 2.454737573862075806e-01 2.460529506206512451e-01 2.475577741861343384e-01 2.586417794227600098e-01 2.468907088041305542e-01 2.476417273283004761e-01 2.478388398885726929e-01 2.595738172531127930e-01 2.462868392467498779e-01 2.480850964784622192e-01 2.478394210338592529e-01
2.588425278663635254e-01 2.455839961767196655e-01 2.467983514070510864e-01 2.472793608903884888e-01 2.589291036128997803e-01 2.469380199909210205e-01 2.474655359983444214e-01 2.471594065427780151e-01 2.585984766483306885e-01 2.461677491664886475e-01 2.486124038696289062e-01 2.476238757371902466e-01
2.591552138328552246e-01 2.462619394063949585e-01 2.469769418239593506e-01 2.475000619888305664e-01 2.589576244354248047e-01 2.451595366001129150e-01 2.474672943353652954e-01 2.484173923730850220e-01 2.584505975246429443e-01 2.460011541843414307e-01 2.495343536138534546e-01 2.461166828870773315e-01
2.585061490535736084e-01 2.464598417282104492e-01 2.478570193052291870e-01 2.467342019081115723e-01 2.580109238624572754e-01 2.452689111232757568e-01 2.475815117359161377e-01 2.488711327314376831e-01 2.584788501262664795e-01 2.474682480096817017e-01 2.478363066911697388e-01 2.469257265329360962e-01
2.588376104831695557e-01 2.472387254238128662e-01 2.477901726961135864e-01 2.465652525424957275e-01 2.578102946281433105e-01 2.462960034608840942e-01 2.480179220438003540e-01 2.502647042274475098e-01 2.581079602241516113e-01 2.468865215778350830e-01 2.459973245859146118e-01 2.461862117052078247e-01
2.599022090435028076e-01 2.463522404432296753e-01 2.476702779531478882e-01 2.466932386159896851e-01 2.585563361644744873e-01 2.465392947196960449e-01 2.469886094331741333e-01 2.486953884363174438e-01 2.579499185085296631e-01 2.482777088880538940e-01 2.469032406806945801e-01 2.454702556133270264e-01
2.595467567443847656e-01 2.473869770765304565e-01 2.485507577657699585e-01 2.459194213151931763e-01 2.590987086296081543e-01 2.469906508922576904e-01 2.465075701475143433e-01 2.473372071981430054e-01 2.586424946784973145e-01 2.480588108301162720e-01 2.465330660343170166e-01 2.454262673854827881e-01
2.603062987327575684e-01 2.473888993263244629e-01 2.490341812372207642e-01 2.455207407474517822e-01 2.592839002609252930e-01 2.474232614040374756e-01 2.464226484298706055e-01 2.470612674951553345e-01 2.583773136138916016e-01 2.476105690002441406e-01 2.461804151535034180e-01 2.453890889883041382e-01
2.598818540573120117e-01 2.457273304462432861e-01 2.490455657243728638e-01 2.459277361631393433e-01 2.596148252487182617e-01 2.470723837614059448e-01 2.471207529306411743e-01 2.467477321624755859e-01 2.597732245922088623e-01 2.471650242805480957e-01 2.464346438646316528e-01 2.454874366521835327e-01
2.589027881622314453e-01 2.463162839412689209e-01 2.485457658767700195e-01 2.451996058225631714e-01 2.594525516033172607e-01 2.470022588968276978e-01 2.472004890441894531e-01 2.467478364706039429e-01 2.596338987350463867e-01 2.480553388595581055e-01 2.469940334558486938e-01 2.459477037191390991e-01
2.589025199413299561e-01 2.464022785425186157e-01 2.482014298439025879e-01 2.464276403188705444e-01 2.584483921527862549e-01 2.472266107797622681e-01 2.473876625299453735e-01 2.468682825565338135e-01 2.591777443885803223e-01 2.481000125408172607e-01 2.470749616622924805e-01 2.457809746265411377e-01
2.591629326343536377e-01 2.464153021574020386e-01 2.477409243583679199e-01 2.457240521907806396e-01 2.589345574378967285e-01 2.472887784242630005e-01 2.471184581518173218e-01 2.470806539058685303e-01 2.587333321571350098e-01 2.478700429201126099e-01 2.480105608701705933e-01 2.459189593791961670e-01
2.581906616687774658e-01 2.454675883054733276e-01 2.481789290904998779e-01 2.465714812278747559e-01 2.588676214218139648e-01 2.476488947868347168e-01 2.467049360275268555e-01 2.476189881563186646e-01 2.591530084609985352e-01 2.472074180841445923e-01 2.481005638837814331e-01 2.462884038686752319e-01
2.582894861698150635e-01 2.462068647146224976e-01 2.475738227367401123e-01 2.470952570438385010e-01 2.591484785079956055e-01 2.480747550725936890e-01 2.467112988233566284e-01 2.470589578151702881e-01 2.590388357639312744e-01 2.470061928033828735e-01 2.476791888475418091e-01 2.461153566837310791e-01
2.575578987598419189e-01 2.460288256406784058e-01 2.485955059528350830e-01 2.460324466228485107e-01 2.586529254913330078e-01 2.478009760379791260e-01 2.469047605991363525e-01 2.465754002332687378e-01 2.600240707397460938e-01 2.472617477178573608e-01 2.477687597274780273e-01 2.467951029539108276e-01
2.590123116970062256e-01 2.459127604961395264e-01 2.485746592283248901e-01 2.445553541183471680e-01 2.592868804931640625e-01 2.479170560836791992e-01 2.472045719623565674e-01 2.465853244066238403e-01 2.597469687461853027e-01 2.474283427000045776e-01 2.476635575294494629e-01 2.461106181144714355e-01
2.582100033760070801e-01 2.463906258344650269e-01 2.477772235870361328e-01 2.457610815763473511e-01 2.599309384822845459e-01 2.473290115594863892e-01 2.464482784271240234e-01 2.468120455741882324e-01 2.586212754249572754e-01 2.479362785816192627e-01 2.485780864953994751e-01 2.462034523487091064e-01
2.580672204494476318e-01 2.477113008499145508e-01 2.481817752122879028e-01 2.461060732603073120e-01 2.602248489856719971e-01 2.461787462234497070e-01 2.473288774490356445e-01 2.463890463113784790e-01 2.578187286853790283e-01 2.482623010873794556e-01 2.480816543102264404e-01 2.456477582454681396e-01
2.592705488204956055e-01 2.478102147579193115e-01 2.473956942558288574e-01 2.460177987813949585e-01 2.602468132972717285e-01 2.453531175851821899e-01 2.468896657228469849e-01 2.464434802532196045e-01 2.584599256515502930e-01 2.476221919059753418e-01 2.487111240625381470e-01 2.457776963710784912e-01
2.594580054283142090e-01 2.477041184902191162e-01 2.468770593404769897e-01 2.458116859197616577e-01 2.601498663425445557e-01 2.458129376173019409e-01 2.475924640893936157e-01 2.474242001771926880e-01 2.583031654357910156e-01 2.475440800189971924e-01 2.485072463750839233e-01 2.448134571313858032e-01
2.592248320579528809e-01 2.475015223026275635e-01 2.474238127470016479e-01 2.465083301067352295e-01 2.598627209663391113e-01 2.460907697677612305e-01 2.475045919418334961e-01 2.466833293437957764e-01 2.584542930126190186e-01 2.474372088909149170e-01 2.479158043861389160e-01 2.453910112380981445e-01
2.596377134323120117e-01 2.466715872287750244e-01 2.479625791311264038e-01 2.465827018022537231e-01 2.603029906749725342e-01 2.455509901046752930e-01 2.466375231742858887e-01 2.458061724901199341e-01 2.581300735473632812e-01 2.477896213531494141e-01 2.483668923377990723e-01 2.465593367815017700e-01
2.592099308967590332e-01 2.465885281562805176e-01 2.466540485620498657e-01 2.467053085565567017e-01 2.598816752433776855e-01 2.457619309425354004e-01 2.475696355104446411e-01 2.460505366325378418e-01 2.582873404026031494e-01 2.474442422389984131e-01 2.482569962739944458e-01 2.475880086421966553e-01
2.598099708557128906e-01 2.472955733537673950e-01 2.464389204978942871e-01 2.471458464860916138e-01 2.589609324932098389e-01 2.458181381225585938e-01 2.474497705698013306e-01 2.462114244699478149e-01 2.580302953720092773e-01 2.475783824920654297e-01 2.482968717813491821e-01 2.469619661569595337e-01
2.592397630214691162e-01 2.480984032154083252e-01 2.475732415914535522e-01 2.468277662992477417e-01 2.578281760215759277e-01 2.464768439531326294e-01 2.461832463741302490e-01 2.465465366840362549e-01 2.583976387977600098e-01 2.471939772367477417e-01 2.479680925607681274e-01 2.476643174886703491e-01
2.587235867977142334e-01 2.475940287113189697e-01 2.480644285678863525e-01 2.457289993762969971e-01 2.584679424762725830e-01 2.471298277378082275e-01 2.483000904321670532e-01 2.475217431783676147e-01 2.563402950763702393e-01 2.476312816143035889e-01 2.475440204143524170e-01 2.469517886638641357e-01
2.585816681385040283e-01 2.483515888452529907e-01 2.478062510490417480e-01 2.448753267526626587e-01 2.593911886215209961e-01 2.478661537170410156e-01 2.474496066570281982e-01 2.469986081123352051e-01 2.566880285739898682e-01 2.473977357149124146e-01 2.478819042444229126e-01 2.467100322246551514e-01
2.603089213371276855e-01 2.476297318935394287e-01 2.466972321271896362e-01 2.457026988267898560e-01 2.593819200992584229e-01 2.475726753473281860e-01 2.466102391481399536e-01 2.472197264432907104e-01 2.566791772842407227e-01 2.467417418956756592e-01 2.481934726238250732e-01 2.472605407238006592e-01
2.596874535083770752e-01 2.473397701978683472e-01 2.469837963581085205e-01 2.457339316606521606e-01 2.604117095470428467e-01 2.468872815370559692e-01 2.467336207628250122e-01 2.479085475206375122e-01 2.570770680904388428e-01 2.469340711832046509e-01 2.476850301027297974e-01 2.466157823801040649e-01
2.602469921112060547e-01 2.452590465545654297e-01 2.470391243696212769e-01 2.462512999773025513e-01 2.605252563953399658e-01 2.481360584497451782e-01 2.460473775863647461e-01 2.474565654993057251e-01 2.568607032299041748e-01 2.486715614795684814e-01 2.477383911609649658e-01 2.457655966281890869e-01
2.608646154403686523e-01 2.448742091655731201e-01 2.465800493955612183e-01 2.475961446762084961e-01 2.603133320808410645e-01 2.474961280822753906e-01 2.464008480310440063e-01 2.467085123062133789e-01 2.573007345199584961e-01 2.480729669332504272e-01 2.472056746482849121e-01 2.465847283601760864e-01
2.622002661228179932e-01 2.453034222126007080e-01 2.463572919368743896e-01 2.475591897964477539e-01 2.601392269134521484e-01 2.472999542951583862e-01 2.471565902233123779e-01 2.465761601924896240e-01 2.577389776706695557e-01 2.470658719539642334e-01 2.467096596956253052e-01 2.458913028240203857e-01
2.615077197551727295e-01 2.459938526153564453e-01 2.472330927848815918e-01 2.474240660667419434e-01 2.599757909774780273e-01 2.485458701848983765e-01 2.463489919900894165e-01 2.467417120933532715e-01 2.572745084762573242e-01 2.470920532941818237e-01 2.480727583169937134e-01 2.437875866889953613e-01
2.615020275115966797e-01 2.464451193809509277e-01 2.473292350769042969e-01 2.463543415069580078e-01 2.599067389965057373e-01 2.471337765455245972e-01 2.467906624078750610e-01 2.463651299476623535e-01 2.572203576564788818e-01 2.473813593387603760e-01 2.487538307905197144e-01 2.448152601718902588e-01
2.613021135330200195e-01 2.462908923625946045e-01 2.478272318840026855e-01 2.471614778041839600e-01 2.594343721866607666e-01 2.481455951929092407e-01 2.469192743301391602e-01 2.459139972925186157e-01 2.571471631526947021e-01 2.474668025970458984e-01 2.481077015399932861e-01 2.442812472581863403e-01
2.606586217880249023e-01 2.458203881978988647e-01 2.471400946378707886e-01 2.466862797737121582e-01 2.598598301410675049e-01 2.492664754390716553e-01 2.465299367904663086e-01 2.464485019445419312e-01 2.579432427883148193e-01 2.472149431705474854e-01 2.477091848850250244e-01 2.447203099727630615e-01
2.610398530960083008e-01 2.455450892448425293e-01 2.475486844778060913e-01 2.464353442192077637e-01 2.580730915069580078e-01 2.480555772781372070e-01 2.469509243965148926e-01 2.485100477933883667e-01 2.588725686073303223e-01 2.470221817493438721e-01 2.476270347833633423e-01 2.443172484636306763e-01
2.611865401268005371e-01 2.458275258541107178e-01 2.484497278928756714e-01 2.460981607437133789e-01 2.582909762859344482e-01 2.481800317764282227e-01 2.466059029102325439e-01 2.479565292596817017e-01 2.585955262184143066e-01 2.469024956226348877e-01 2.478737980127334595e-01 2.440304905176162720e-01
2.606976032257080078e-01 2.451481670141220093e-01 2.482287585735321045e-01 2.456190586090087891e-01 2.585215866565704346e-01 2.468123733997344971e-01 2.464627772569656372e-01 2.482605278491973877e-01 2.594386935234069824e-01 2.480954378843307495e-01 2.469391971826553345e-01 2.457735240459442139e-01
2.595936059951782227e-01 2.450871765613555908e-01 2.491311579942703247e-01 2.458768635988235474e-01 2.598010003566741943e-01 2.460078746080398560e-01 2.464150190353393555e-01 2.485098540782928467e-01 2.599957585334777832e-01 2.470635026693344116e-01 2.465794086456298828e-01 2.459364533424377441e-01
2.593579888343811035e-01 2.458353191614151001e-01 2.484772801399230957e-01 2.460585981607437134e-01 2.602984905242919922e-01 2.465450167655944824e-01 2.467747777700424194e-01 2.470428347587585449e-01 2.602240741252899170e-01 2.461788356304168701e-01 2.466067820787429810e-01 2.465976327657699585e-01
2.593406438827514648e-01 2.459888160228729248e-01 2.482587695121765137e-01 2.460478693246841431e-01 2.606035172939300537e-01 2.478529214859008789e-01 2.471099793910980225e-01 2.465950697660446167e-01 2.593951225280761719e-01 2.471787333488464355e-01 2.457925677299499512e-01 2.458335310220718384e-01
2.604987621307373047e-01 2.454534024000167847e-01 2.469732463359832764e-01 2.461335062980651855e-01 2.602615654468536377e-01 2.467103749513626099e-01 2.474018931388854980e-01 2.469309419393539429e-01 2.596836686134338379e-01 2.454400956630706787e-01 2.478124946355819702e-01 2.466975152492523193e-01
2.606176137924194336e-01 2.467091083526611328e-01 2.472170889377593994e-01 2.469366341829299927e-01 2.604385018348693848e-01 2.460348159074783325e-01 2.478449046611785889e-01 2.461520284414291382e-01 2.600457072257995605e-01 2.442162781953811646e-01 2.468702495098114014e-01 2.469146251678466797e-01
2.599107921123504639e-01 2.471167147159576416e-01 2.471211701631546021e-01 2.472957670688629150e-01 2.596973478794097900e-01 2.464756369590759277e-01 2.463922351598739624e-01 2.461264282464981079e-01 2.594597041606903076e-01 2.456049919128417969e-01 2.479492723941802979e-01 2.468474358320236206e-01
2.594659030437469482e-01 2.469438910484313965e-01 2.467122524976730347e-01 2.468808442354202271e-01 2.600234448909759521e-01 2.470093369483947754e-01 2.481573075056076050e-01 2.453131079673767090e-01 2.594314515590667725e-01 2.466316968202590942e-01 2.470257133245468140e-01 2.464024871587753296e-01
2.595201730728149414e-01 2.474385797977447510e-01 2.468006312847137451e-01 2.472215443849563599e-01 2.596180438995361328e-01 2.479347586631774902e-01 2.468368709087371826e-01 2.459428757429122925e-01 2.592911422252655029e-01 2.455269396305084229e-01 2.469416260719299316e-01 2.469241619110107422e-01
2.601578533649444580e-01 2.473343014717102051e-01 2.473784983158111572e-01 2.476205527782440186e-01 2.588408589363098145e-01 2.476074397563934326e-01 2.472644150257110596e-01 2.458366900682449341e-01 2.585708498954772949e-01 2.450885176658630371e-01 2.475419193506240845e-01 2.467554807662963867e-01
2.593623697757720947e-01 2.480289041996002197e-01 2.476593106985092163e-01 2.468112111091613770e-01 2.594583034515380859e-01 2.473685592412948608e-01 2.464245855808258057e-01 2.455121725797653198e-01 2.595095932483673096e-01 2.461063861846923828e-01 2.466468065977096558e-01 2.471091300249099731e-01
2.593734562397003174e-01 2.475168853998184204e-01 2.474305331707000732e-01 2.473783940076828003e-01 2.584961950778961182e-01 2.474856078624725342e-01 2.459691613912582397e-01 2.459572553634643555e-01 2.605403661727905273e-01 2.465254068374633789e-01 2.467286586761474609e-01 2.465954124927520752e-01
2.590530514717102051e-01 2.477932572364807129e-01 2.478775680065155029e-01 2.474759668111801147e-01 2.598845362663269043e-01 2.471052557229995728e-01 2.468067109584808350e-01 2.468306571245193481e-01 2.600033283233642578e-01 2.450703233480453491e-01 2.462946772575378418e-01 2.458018809556961060e-01
2.595530748367309570e-01 2.488275021314620972e-01 2.477302104234695435e-01 2.476028203964233398e-01 2.593813240528106689e-01 2.477616220712661743e-01 2.457929849624633789e-01 2.467069327831268311e-01 2.602882683277130127e-01 2.451427876949310303e-01 2.449760138988494873e-01 2.462336719036102295e-01
2.597973048686981201e-01 2.481018751859664917e-01 2.494602203369140625e-01 2.467470169067382812e-01 2.590116858482360840e-01 2.471887320280075073e-01 2.453022748231887817e-01 2.463234961032867432e-01 2.603437900543212891e-01 2.461156547069549561e-01 2.449456453323364258e-01 2.466595768928527832e-01
2.596845924854278564e-01 2.468152195215225220e-01 2.485742419958114624e-01 2.464287579059600830e-01 2.606155574321746826e-01 2.466717511415481567e-01 2.455248534679412842e-01 2.471159398555755615e-01 2.610097825527191162e-01 2.472532540559768677e-01 2.442488819360733032e-01 2.460543811321258545e-01
2.582724392414093018e-01 2.460075616836547852e-01 2.469513416290283203e-01 2.470701634883880615e-01 2.608468234539031982e-01 2.466139793395996094e-01 2.455952912569046021e-01 2.470571249723434448e-01 2.611919045448303223e-01 2.465991228818893433e-01 2.462374120950698853e-01 2.475539743900299072e-01
2.583483457565307617e-01 2.461714297533035278e-01 2.478667348623275757e-01 2.464405596256256104e-01 2.598248422145843506e-01 2.479797154664993286e-01 2.453191280364990234e-01 2.462540715932846069e-01 2.607060372829437256e-01 2.470554858446121216e-01 2.463795840740203857e-01 2.476512342691421509e-01
2.575917541980743408e-01 2.460135966539382935e-01 2.473427206277847290e-01 2.455188333988189697e-01 2.601257264614105225e-01 2.483599632978439331e-01 2.458525896072387695e-01 2.473426908254623413e-01 2.607551217079162598e-01 2.481209486722946167e-01 2.455140650272369385e-01 2.474590539932250977e-01
2.578909397125244141e-01 2.467453479766845703e-01 2.469408363103866577e-01 2.450032234191894531e-01 2.587485313415527344e-01 2.483529597520828247e-01 2.472222149372100830e-01 2.471335530281066895e-01 2.603147327899932861e-01 2.491410821676254272e-01 2.459620237350463867e-01 2.465416043996810913e-01
2.584525942802429199e-01 2.473693788051605225e-01 2.471064329147338867e-01 2.456892877817153931e-01 2.586902379989624023e-01 2.477331757545471191e-01 2.468146383762359619e-01 2.474021017551422119e-01 2.598706185817718506e-01 2.498630881309509277e-01 2.451901137828826904e-01 2.458153069019317627e-01
2.575293481349945068e-01 2.463011145591735840e-01 2.476467788219451904e-01 2.460110634565353394e-01 2.580308020114898682e-01 2.472967952489852905e-01 2.482079565525054932e-01 2.482214719057083130e-01 2.601396143436431885e-01 2.488601952791213989e-01 2.456214129924774170e-01 2.461304962635040283e-01
2.577131092548370361e-01 2.463082820177078247e-01 2.488494962453842163e-01 2.463524192571640015e-01 2.591234147548675537e-01 2.471803575754165649e-01 2.479758560657501221e-01 2.480295002460479736e-01 2.592850625514984131e-01 2.483281940221786499e-01 2.457106113433837891e-01 2.451406419277191162e-01
2.585709989070892334e-01 2.455790638923645020e-01 2.478616237640380859e-01 2.455782592296600342e-01 2.606340348720550537e-01 2.466515153646469116e-01 2.483331561088562012e-01 2.478021681308746338e-01 2.603149414062500000e-01 2.470931559801101685e-01 2.461840957403182983e-01 2.453938573598861694e-01
2.571558952331542969e-01 2.461621910333633423e-01 2.479524612426757812e-01 2.455108761787414551e-01 2.608903050422668457e-01 2.469953298568725586e-01 2.472083419561386108e-01 2.477213740348815918e-01 2.602068483829498291e-01 2.468968331813812256e-01 2.466349303722381592e-01 2.466615438461303711e-01
