# pops for 12 qbits with connectivity c5 and unitary DM 22791393280064
4.000000357627868652e-01 2.000000327825546265e-01 2.000000327825546265e-01 2.000000327825546265e-01 4.000000953674316406e-01 2.000000178813934326e-01 2.000000178813934326e-01 2.000000178813934326e-01 4.000000357627868652e-01 2.000000178813934326e-01 2.000000178813934326e-01 2.000000178813934326e-01
3.558904230594635010e-01 2.000000029802322388e-01 2.245565205812454224e-01 2.567815780639648438e-01 3.308004438877105713e-01 2.112641185522079468e-01 1.999999880790710449e-01 1.999999880790710449e-01 3.511797785758972168e-01 2.612382471561431885e-01 1.999999880790710449e-01 2.082889080047607422e-01
3.260469138622283936e-01 2.078743726015090942e-01 2.307673394680023193e-01 2.654283940792083740e-01 3.115173876285552979e-01 2.156895250082015991e-01 2.229105532169342041e-01 2.129784226417541504e-01 3.239139318466186523e-01 2.526151537895202637e-01 2.183209359645843506e-01 2.119371443986892700e-01
2.986450195312500000e-01 2.265950739383697510e-01 2.168307602405548096e-01 2.773455679416656494e-01 2.873976230621337891e-01 2.114147096872329712e-01 2.332046031951904297e-01 2.520746886730194092e-01 3.003023266792297363e-01 2.487278431653976440e-01 2.276072800159454346e-01 2.198544591665267944e-01
2.802288234233856201e-01 2.262378782033920288e-01 2.371969968080520630e-01 2.632536292076110840e-01 2.887357771396636963e-01 2.244902700185775757e-01 2.428013235330581665e-01 2.609919011592864990e-01 2.970140874385833740e-01 2.401475459337234497e-01 2.166476398706436157e-01 2.222540080547332764e-01
2.693636715412139893e-01 2.399714738130569458e-01 2.399436831474304199e-01 2.607672810554504395e-01 2.737632989883422852e-01 2.279586046934127808e-01 2.479222863912582397e-01 2.551390826702117920e-01 2.840123772621154785e-01 2.327221482992172241e-01 2.314697504043579102e-01 2.369660735130310059e-01
2.663066089153289795e-01 2.372880578041076660e-01 2.367434352636337280e-01 2.586533725261688232e-01 2.738955020904541016e-01 2.359164953231811523e-01 2.431667000055313110e-01 2.619947195053100586e-01 2.759896814823150635e-01 2.394594252109527588e-01 2.353202700614929199e-01 2.352655529975891113e-01
2.629316747188568115e-01 2.369753867387771606e-01 2.402529865503311157e-01 2.596004009246826172e-01 2.666606903076171875e-01 2.378995418548583984e-01 2.410490363836288452e-01 2.655799090862274170e-01 2.744622230529785156e-01 2.382306605577468872e-01 2.359146773815155029e-01 2.404425442218780518e-01
2.595812082290649414e-01 2.393926084041595459e-01 2.399540543556213379e-01 2.570919096469879150e-01 2.654079198837280273e-01 2.425337582826614380e-01 2.423931211233139038e-01 2.627933621406555176e-01 2.694906294345855713e-01 2.413545697927474976e-01 2.404600977897644043e-01 2.395465373992919922e-01
2.578729391098022461e-01 2.393179833889007568e-01 2.414707094430923462e-01 2.578361630439758301e-01 2.634939849376678467e-01 2.394574284553527832e-01 2.434891760349273682e-01 2.636462152004241943e-01 2.660250365734100342e-01 2.414506375789642334e-01 2.417044043540954590e-01 2.442350983619689941e-01
2.576773762702941895e-01 2.430075258016586304e-01 2.393068969249725342e-01 2.573390305042266846e-01 2.624089419841766357e-01 2.389069050550460815e-01 2.449316382408142090e-01 2.595352828502655029e-01 2.613038718700408936e-01 2.430327981710433960e-01 2.434820681810379028e-01 2.490673065185546875e-01
2.575781047344207764e-01 2.449055761098861694e-01 2.436482906341552734e-01 2.553014755249023438e-01 2.639489173889160156e-01 2.401459217071533203e-01 2.398697137832641602e-01 2.566063404083251953e-01 2.627921104431152344e-01 2.436515837907791138e-01 2.436617910861968994e-01 2.478898316621780396e-01
2.590374350547790527e-01 2.446160167455673218e-01 2.444155365228652954e-01 2.541908025741577148e-01 2.640714049339294434e-01 2.419758588075637817e-01 2.411474585533142090e-01 2.540062665939331055e-01 2.604756355285644531e-01 2.438363581895828247e-01 2.442471534013748169e-01 2.479796856641769409e-01
2.569389045238494873e-01 2.452717721462249756e-01 2.438563406467437744e-01 2.532910108566284180e-01 2.640619874000549316e-01 2.432182878255844116e-01 2.401490956544876099e-01 2.541531622409820557e-01 2.601256072521209717e-01 2.468441128730773926e-01 2.446077913045883179e-01 2.474815100431442261e-01
2.572387456893920898e-01 2.472903430461883545e-01 2.443562299013137817e-01 2.516638040542602539e-01 2.611060738563537598e-01 2.420919835567474365e-01 2.433693557977676392e-01 2.553266584873199463e-01 2.607441246509552002e-01 2.462970465421676636e-01 2.449266165494918823e-01 2.455885857343673706e-01
2.581043541431427002e-01 2.473669499158859253e-01 2.440569698810577393e-01 2.507985234260559082e-01 2.607116699218750000e-01 2.420198917388916016e-01 2.451640963554382324e-01 2.544565200805664062e-01 2.599754631519317627e-01 2.470005750656127930e-01 2.453875988721847534e-01 2.449568659067153931e-01
2.570106983184814453e-01 2.470612972974777222e-01 2.450034320354461670e-01 2.509417235851287842e-01 2.609727084636688232e-01 2.424473166465759277e-01 2.451159358024597168e-01 2.551655471324920654e-01 2.594278752803802490e-01 2.464781105518341064e-01 2.455317229032516479e-01 2.448430657386779785e-01
2.581883072853088379e-01 2.460522800683975220e-01 2.492379248142242432e-01 2.487568110227584839e-01 2.592099905014038086e-01 2.422561645507812500e-01 2.459399998188018799e-01 2.511553466320037842e-01 2.604980468750000000e-01 2.484386861324310303e-01 2.459079027175903320e-01 2.443579435348510742e-01
2.581901848316192627e-01 2.461208999156951904e-01 2.488947212696075439e-01 2.469064742326736450e-01 2.592124938964843750e-01 2.432962507009506226e-01 2.477281540632247925e-01 2.502324879169464111e-01 2.594383955001831055e-01 2.475046962499618530e-01 2.459256500005722046e-01 2.465490549802780151e-01
2.570207715034484863e-01 2.459712326526641846e-01 2.473184615373611450e-01 2.484427541494369507e-01 2.595774233341217041e-01 2.434122413396835327e-01 2.469827681779861450e-01 2.501564621925354004e-01 2.593301534652709961e-01 2.480810731649398804e-01 2.464143037796020508e-01 2.472916990518569946e-01
2.565133273601531982e-01 2.469438612461090088e-01 2.466769367456436157e-01 2.496282011270523071e-01 2.580342292785644531e-01 2.448271363973617554e-01 2.466657906770706177e-01 2.495415657758712769e-01 2.607958018779754639e-01 2.466213107109069824e-01 2.460976094007492065e-01 2.476535588502883911e-01
2.574093639850616455e-01 2.471641302108764648e-01 2.472565025091171265e-01 2.494415789842605591e-01 2.584550082683563232e-01 2.444759905338287354e-01 2.467615306377410889e-01 2.487278431653976440e-01 2.591821849346160889e-01 2.471982687711715698e-01 2.457760423421859741e-01 2.481508105993270874e-01
2.575858831405639648e-01 2.474872618913650513e-01 2.468142956495285034e-01 2.488512247800827026e-01 2.585532963275909424e-01 2.460985332727432251e-01 2.459272444248199463e-01 2.496292591094970703e-01 2.595168352127075195e-01 2.473395764827728271e-01 2.453236579895019531e-01 2.468722164630889893e-01
2.574292421340942383e-01 2.468670159578323364e-01 2.462351620197296143e-01 2.478027790784835815e-01 2.594375908374786377e-01 2.462939918041229248e-01 2.473593801259994507e-01 2.484281361103057861e-01 2.605166435241699219e-01 2.471166104078292847e-01 2.455255538225173950e-01 2.469871342182159424e-01
2.565819323062896729e-01 2.466721981763839722e-01 2.467312663793563843e-01 2.481082677841186523e-01 2.587476372718811035e-01 2.465711385011672974e-01 2.472438365221023560e-01 2.486768662929534912e-01 2.611242830753326416e-01 2.456533312797546387e-01 2.461829334497451782e-01 2.477055639028549194e-01
2.571399807929992676e-01 2.477422505617141724e-01 2.473162114620208740e-01 2.479759305715560913e-01 2.586348056793212891e-01 2.481277287006378174e-01 2.472345083951950073e-01 2.475431561470031738e-01 2.597588896751403809e-01 2.455749213695526123e-01 2.455287128686904907e-01 2.474220693111419678e-01
2.570537328720092773e-01 2.473719120025634766e-01 2.478920668363571167e-01 2.491369843482971191e-01 2.589045763015747070e-01 2.491700500249862671e-01 2.468261867761611938e-01 2.471548616886138916e-01 2.591910958290100098e-01 2.448568940162658691e-01 2.460792213678359985e-01 2.463616132736206055e-01
2.582985758781433105e-01 2.462645918130874634e-01 2.477872073650360107e-01 2.479908019304275513e-01 2.592670619487762451e-01 2.507138848304748535e-01 2.471062541007995605e-01 2.473446577787399292e-01 2.575485408306121826e-01 2.455366104841232300e-01 2.463169693946838379e-01 2.458238899707794189e-01
2.581805884838104248e-01 2.469829320907592773e-01 2.471881210803985596e-01 2.485545128583908081e-01 2.586699426174163818e-01 2.504732608795166016e-01 2.475791424512863159e-01 2.469071745872497559e-01 2.562828958034515381e-01 2.452434748411178589e-01 2.469822615385055542e-01 2.469548135995864868e-01
2.579217553138732910e-01 2.466706484556198120e-01 2.483168244361877441e-01 2.475444078445434570e-01 2.582524418830871582e-01 2.507721185684204102e-01 2.479204237461090088e-01 2.477538883686065674e-01 2.557835876941680908e-01 2.445547580718994141e-01 2.468848973512649536e-01 2.476233094930648804e-01
2.573666870594024658e-01 2.454504817724227905e-01 2.479049414396286011e-01 2.494011223316192627e-01 2.581818997859954834e-01 2.503549456596374512e-01 2.467222660779953003e-01 2.471878826618194580e-01 2.567079067230224609e-01 2.450701147317886353e-01 2.475759238004684448e-01 2.480748742818832397e-01
2.568686306476593018e-01 2.469100952148437500e-01 2.480291277170181274e-01 2.485916316509246826e-01 2.584460079669952393e-01 2.492222338914871216e-01 2.474237531423568726e-01 2.478242218494415283e-01 2.563298046588897705e-01 2.452412545680999756e-01 2.471283674240112305e-01 2.479838877916336060e-01
2.566407024860382080e-01 2.459838390350341797e-01 2.474305182695388794e-01 2.483708560466766357e-01 2.590910494327545166e-01 2.464711666107177734e-01 2.475980669260025024e-01 2.494114488363265991e-01 2.575556635856628418e-01 2.459691315889358521e-01 2.475546598434448242e-01 2.479218691587448120e-01
2.572756707668304443e-01 2.458849549293518066e-01 2.482929825782775879e-01 2.478074729442596436e-01 2.588526606559753418e-01 2.463949918746948242e-01 2.479772865772247314e-01 2.481028586626052856e-01 2.564767897129058838e-01 2.456714063882827759e-01 2.490796744823455811e-01 2.481821775436401367e-01
2.589102983474731445e-01 2.459824383258819580e-01 2.470390796661376953e-01 2.483277320861816406e-01 2.580595016479492188e-01 2.466301769018173218e-01 2.477940768003463745e-01 2.476222217082977295e-01 2.597724795341491699e-01 2.448185086250305176e-01 2.472210973501205444e-01 2.478213906288146973e-01
2.585397958755493164e-01 2.473383694887161255e-01 2.478538453578948975e-01 2.477247267961502075e-01 2.579721212387084961e-01 2.452743202447891235e-01 2.473221123218536377e-01 2.474978715181350708e-01 2.600150704383850098e-01 2.459948062896728516e-01 2.478725463151931763e-01 2.465932816267013550e-01
2.575280368328094482e-01 2.477676719427108765e-01 2.475505471229553223e-01 2.477583438158035278e-01 2.597309648990631104e-01 2.464077919721603394e-01 2.473111003637313843e-01 2.481616735458374023e-01 2.592604160308837891e-01 2.452049404382705688e-01 2.474601566791534424e-01 2.458572238683700562e-01
2.572186887264251709e-01 2.490255385637283325e-01 2.471167147159576416e-01 2.481406629085540771e-01 2.591628730297088623e-01 2.472285330295562744e-01 2.466193139553070068e-01 2.483521103858947754e-01 2.583119869232177734e-01 2.454544454813003540e-01 2.466991990804672241e-01 2.466686815023422241e-01
2.576276957988739014e-01 2.485203295946121216e-01 2.478040456771850586e-01 2.478761374950408936e-01 2.582859694957733154e-01 2.476607710123062134e-01 2.464802414178848267e-01 2.481030523777008057e-01 2.593308091163635254e-01 2.460891008377075195e-01 2.462541162967681885e-01 2.459664940834045410e-01
2.576695978641510010e-01 2.476356178522109985e-01 2.476274222135543823e-01 2.480950653553009033e-01 2.599906921386718750e-01 2.484429627656936646e-01 2.466387003660202026e-01 2.483180016279220581e-01 2.585886716842651367e-01 2.454456984996795654e-01 2.467959076166152954e-01 2.447504401206970215e-01
2.574234604835510254e-01 2.473821789026260376e-01 2.472235858440399170e-01 2.484801560640335083e-01 2.597596943378448486e-01 2.485350519418716431e-01 2.469353675842285156e-01 2.469363808631896973e-01 2.584314048290252686e-01 2.462601810693740845e-01 2.464116811752319336e-01 2.462195903062820435e-01
2.591754198074340820e-01 2.463058680295944214e-01 2.472372204065322876e-01 2.487507462501525879e-01 2.593805491924285889e-01 2.494497597217559814e-01 2.467453926801681519e-01 2.466399073600769043e-01 2.579020857810974121e-01 2.465052902698516846e-01 2.465182542800903320e-01 2.453882694244384766e-01
2.589072287082672119e-01 2.473072409629821777e-01 2.477934211492538452e-01 2.474812865257263184e-01 2.597445547580718994e-01 2.482359409332275391e-01 2.458747774362564087e-01 2.462961822748184204e-01 2.588854730129241943e-01 2.473666965961456299e-01 2.460414916276931763e-01 2.460644543170928955e-01
2.590291500091552734e-01 2.478488683700561523e-01 2.482669800519943237e-01 2.469471991062164307e-01 2.598030269145965576e-01 2.482598274946212769e-01 2.454376965761184692e-01 2.463436871767044067e-01 2.585646808147430420e-01 2.467190623283386230e-01 2.466773986816406250e-01 2.461010664701461792e-01
2.593548595905303955e-01 2.475741654634475708e-01 2.473930120468139648e-01 2.472832649946212769e-01 2.601652741432189941e-01 2.467266172170639038e-01 2.449042797088623047e-01 2.469794154167175293e-01 2.590775787830352783e-01 2.469034790992736816e-01 2.475226670503616333e-01 2.461139559745788574e-01
2.594779729843139648e-01 2.468048334121704102e-01 2.471132725477218628e-01 2.471310794353485107e-01 2.600730955600738525e-01 2.484440356492996216e-01 2.453591227531433105e-01 2.463756650686264038e-01 2.600532472133636475e-01 2.464776933193206787e-01 2.475985884666442871e-01 2.450899332761764526e-01
2.595872879028320312e-01 2.463955879211425781e-01 2.465016692876815796e-01 2.471877187490463257e-01 2.604500651359558105e-01 2.476145029067993164e-01 2.447104156017303467e-01 2.468950152397155762e-01 2.597111463546752930e-01 2.466556876897811890e-01 2.483180463314056396e-01 2.459714561700820923e-01
2.596642076969146729e-01 2.457819581031799316e-01 2.477795183658599854e-01 2.468381077051162720e-01 2.597878873348236084e-01 2.476380318403244019e-01 2.437586337327957153e-01 2.474115788936614990e-01 2.601369023323059082e-01 2.469896227121353149e-01 2.481297105550765991e-01 2.460823357105255127e-01
2.581712305545806885e-01 2.468043714761734009e-01 2.471846342086791992e-01 2.461237907409667969e-01 2.611576914787292480e-01 2.469032108783721924e-01 2.430156171321868896e-01 2.476129829883575439e-01 2.604524195194244385e-01 2.471049278974533081e-01 2.482090443372726440e-01 2.472586184740066528e-01
2.586549222469329834e-01 2.464901357889175415e-01 2.460260093212127686e-01 2.469316571950912476e-01 2.596429884433746338e-01 2.476362586021423340e-01 2.444438487291336060e-01 2.478360831737518311e-01 2.591348886489868164e-01 2.479234188795089722e-01 2.488633692264556885e-01 2.464148700237274170e-01
2.578021883964538574e-01 2.472027391195297241e-01 2.458649575710296631e-01 2.469992786645889282e-01 2.592236697673797607e-01 2.482420653104782104e-01 2.455872744321823120e-01 2.480154335498809814e-01 2.576412856578826904e-01 2.476902753114700317e-01 2.496328204870223999e-01 2.460964024066925049e-01
2.596994936466217041e-01 2.468152642250061035e-01 2.462618798017501831e-01 2.464516013860702515e-01 2.588450908660888672e-01 2.484158426523208618e-01 2.444560080766677856e-01 2.471049576997756958e-01 2.575221955776214600e-01 2.479601204395294189e-01 2.502488195896148682e-01 2.462171167135238647e-01
2.595376372337341309e-01 2.476330548524856567e-01 2.461237609386444092e-01 2.463974207639694214e-01 2.583204507827758789e-01 2.477701008319854736e-01 2.446463108062744141e-01 2.472146153450012207e-01 2.586047351360321045e-01 2.480479478836059570e-01 2.494537234306335449e-01 2.462485879659652710e-01
2.602965235710144043e-01 2.483261674642562866e-01 2.454102188348770142e-01 2.474789619445800781e-01 2.582817375659942627e-01 2.482817322015762329e-01 2.459507435560226440e-01 2.457023411989212036e-01 2.577310502529144287e-01 2.482281923294067383e-01 2.480029910802841187e-01 2.463077157735824585e-01
2.594719231128692627e-01 2.475755214691162109e-01 2.453397214412689209e-01 2.466640323400497437e-01 2.596348524093627930e-01 2.488330006599426270e-01 2.454429119825363159e-01 2.459171563386917114e-01 2.580009400844573975e-01 2.476420700550079346e-01 2.480605542659759521e-01 2.474156618118286133e-01
2.591238021850585938e-01 2.479428648948669434e-01 2.449040412902832031e-01 2.465334981679916382e-01 2.602280676364898682e-01 2.489327043294906616e-01 2.456611692905426025e-01 2.454727292060852051e-01 2.589125037193298340e-01 2.474920898675918579e-01 2.479415088891983032e-01 2.468532472848892212e-01
2.597321271896362305e-01 2.470096945762634277e-01 2.464246153831481934e-01 2.475700229406356812e-01 2.601776421070098877e-01 2.477767318487167358e-01 2.455640286207199097e-01 2.461207658052444458e-01 2.585983872413635254e-01 2.476783394813537598e-01 2.472440451383590698e-01 2.461018860340118408e-01
2.574203312397003174e-01 2.471147924661636353e-01 2.466642111539840698e-01 2.483705431222915649e-01 2.606990635395050049e-01 2.487664967775344849e-01 2.459597438573837280e-01 2.468046247959136963e-01 2.587464749813079834e-01 2.478482127189636230e-01 2.460164427757263184e-01 2.455873340368270874e-01
2.576628923416137695e-01 2.458075284957885742e-01 2.467932552099227905e-01 2.486057877540588379e-01 2.603925764560699463e-01 2.484462857246398926e-01 2.472335696220397949e-01 2.467089891433715820e-01 2.598514854907989502e-01 2.472852319478988647e-01 2.455381304025650024e-01 2.456725090742111206e-01
2.572409212589263916e-01 2.460549771785736084e-01 2.472430765628814697e-01 2.485373169183731079e-01 2.604337036609649658e-01 2.476512491703033447e-01 2.471207380294799805e-01 2.468423694372177124e-01 2.584688663482666016e-01 2.479891180992126465e-01 2.465393990278244019e-01 2.458764165639877319e-01
2.583516538143157959e-01 2.453894019126892090e-01 2.475825995206832886e-01 2.483356595039367676e-01 2.599574923515319824e-01 2.464502900838851929e-01 2.461058497428894043e-01 2.474120557308197021e-01 2.593113780021667480e-01 2.480939775705337524e-01 2.462966591119766235e-01 2.467111200094223022e-01
2.583977878093719482e-01 2.448018491268157959e-01 2.469044476747512817e-01 2.479126304388046265e-01 2.582396566867828369e-01 2.469793111085891724e-01 2.471614927053451538e-01 2.485540509223937988e-01 2.604539692401885986e-01 2.476929128170013428e-01 2.463421970605850220e-01 2.465577423572540283e-01
2.589550316333770752e-01 2.453142851591110229e-01 2.472360432147979736e-01 2.482276558876037598e-01 2.587696909904479980e-01 2.475216090679168701e-01 2.466083914041519165e-01 2.482183128595352173e-01 2.596623301506042480e-01 2.463938444852828979e-01 2.463063299655914307e-01 2.467844933271408081e-01
2.590102851390838623e-01 2.462553232908248901e-01 2.472757697105407715e-01 2.482299357652664185e-01 2.588716149330139160e-01 2.465409040451049805e-01 2.465928196907043457e-01 2.473919987678527832e-01 2.592680752277374268e-01 2.469677031040191650e-01 2.466585934162139893e-01 2.469350844621658325e-01
2.584205865859985352e-01 2.461383640766143799e-01 2.476053684949874878e-01 2.475538253784179688e-01 2.577168345451354980e-01 2.468419820070266724e-01 2.478414177894592285e-01 2.464898824691772461e-01 2.599343061447143555e-01 2.470081299543380737e-01 2.471645623445510864e-01 2.472827583551406860e-01
2.591720521450042725e-01 2.472013086080551147e-01 2.466507852077484131e-01 2.485068291425704956e-01 2.570566833019256592e-01 2.468805760145187378e-01 2.477806210517883301e-01 2.451841533184051514e-01 2.600710988044738770e-01 2.472240477800369263e-01 2.467231750488281250e-01 2.475466579198837280e-01
2.589378058910369873e-01 2.465498000383377075e-01 2.457372397184371948e-01 2.487062513828277588e-01 2.573752999305725098e-01 2.479348927736282349e-01 2.467611134052276611e-01 2.451824694871902466e-01 2.615354061126708984e-01 2.476597577333450317e-01 2.468239516019821167e-01 2.467940300703048706e-01
2.588281333446502686e-01 2.461221218109130859e-01 2.454804331064224243e-01 2.488565146923065186e-01 2.582744657993316650e-01 2.479516416788101196e-01 2.462614625692367554e-01 2.462517470121383667e-01 2.613337934017181396e-01 2.469398230314254761e-01 2.466092109680175781e-01 2.470885515213012695e-01
2.578712701797485352e-01 2.458839565515518188e-01 2.467668652534484863e-01 2.492176592350006104e-01 2.589714229106903076e-01 2.466135621070861816e-01 2.466857731342315674e-01 2.465416193008422852e-01 2.615379691123962402e-01 2.471369802951812744e-01 2.452837079763412476e-01 2.474871128797531128e-01
2.594118118286132812e-01 2.464597076177597046e-01 2.469623982906341553e-01 2.487772107124328613e-01 2.601550817489624023e-01 2.472865879535675049e-01 2.456302791833877563e-01 2.458610832691192627e-01 2.615036666393280029e-01 2.460344582796096802e-01 2.462508678436279297e-01 2.456646710634231567e-01
2.589798271656036377e-01 2.462159097194671631e-01 2.468000203371047974e-01 2.491354644298553467e-01 2.595682144165039062e-01 2.470130324363708496e-01 2.449808269739151001e-01 2.467485666275024414e-01 2.627145051956176758e-01 2.464254796504974365e-01 2.459333240985870361e-01 2.454827278852462769e-01
2.581654787063598633e-01 2.460862845182418823e-01 2.464782446622848511e-01 2.490453720092773438e-01 2.602997422218322754e-01 2.464497834444046021e-01 2.454106956720352173e-01 2.482365220785140991e-01 2.614462077617645264e-01 2.463315576314926147e-01 2.456174045801162720e-01 2.464304268360137939e-01
2.580563127994537354e-01 2.466588020324707031e-01 2.472811639308929443e-01 2.490868121385574341e-01 2.604680359363555908e-01 2.468665540218353271e-01 2.452393323183059692e-01 2.477812021970748901e-01 2.602589130401611328e-01 2.455671876668930054e-01 2.467456012964248657e-01 2.459877878427505493e-01
2.576715946197509766e-01 2.462137788534164429e-01 2.473523467779159546e-01 2.485701888799667358e-01 2.609608769416809082e-01 2.473737895488739014e-01 2.457660734653472900e-01 2.480233758687973022e-01 2.596843540668487549e-01 2.449899315834045410e-01 2.471397370100021362e-01 2.462516278028488159e-01
2.585301995277404785e-01 2.460870146751403809e-01 2.472902983427047729e-01 2.468737661838531494e-01 2.609785199165344238e-01 2.476594001054763794e-01 2.463771104812622070e-01 2.488435804843902588e-01 2.596449255943298340e-01 2.455367743968963623e-01 2.473679035902023315e-01 2.448081374168395996e-01
2.577426731586456299e-01 2.472166866064071655e-01 2.465002983808517456e-01 2.468754649162292480e-01 2.603656053543090820e-01 2.482468485832214355e-01 2.465298771858215332e-01 2.482387125492095947e-01 2.597460746765136719e-01 2.458100020885467529e-01 2.478699386119842529e-01 2.448554635047912598e-01
2.575430572032928467e-01 2.481094002723693848e-01 2.464973628520965576e-01 2.471097707748413086e-01 2.604312598705291748e-01 2.481003701686859131e-01 2.468661814928054810e-01 2.474370002746582031e-01 2.596226334571838379e-01 2.464750260114669800e-01 2.471266239881515503e-01 2.446789294481277466e-01
2.576536834239959717e-01 2.483576536178588867e-01 2.458154559135437012e-01 2.475870549678802490e-01 2.606208622455596924e-01 2.488091886043548584e-01 2.455044239759445190e-01 2.475490570068359375e-01 2.595658600330352783e-01 2.457123398780822754e-01 2.474482506513595581e-01 2.453738003969192505e-01
2.581075429916381836e-01 2.480019629001617432e-01 2.467647790908813477e-01 2.468199878931045532e-01 2.610027492046356201e-01 2.479498088359832764e-01 2.449403107166290283e-01 2.472711950540542603e-01 2.593127489089965820e-01 2.458528876304626465e-01 2.472095042467117310e-01 2.467641234397888184e-01
2.588560283184051514e-01 2.474702447652816772e-01 2.467351555824279785e-01 2.462298721075057983e-01 2.604268789291381836e-01 2.478238642215728760e-01 2.452215850353240967e-01 2.475512325763702393e-01 2.596225440502166748e-01 2.462448924779891968e-01 2.460467815399169922e-01 2.477685213088989258e-01
2.589197158813476562e-01 2.471074908971786499e-01 2.467190325260162354e-01 2.478232234716415405e-01 2.595969140529632568e-01 2.466923594474792480e-01 2.447758018970489502e-01 2.484799921512603760e-01 2.596434950828552246e-01 2.466666400432586670e-01 2.459270060062408447e-01 2.476457953453063965e-01
2.597238421440124512e-01 2.479895949363708496e-01 2.473874241113662720e-01 2.469135075807571411e-01 2.594924867153167725e-01 2.476879507303237915e-01 2.449717074632644653e-01 2.482561022043228149e-01 2.601128518581390381e-01 2.464983463287353516e-01 2.454511523246765137e-01 2.455124706029891968e-01
2.584409713745117188e-01 2.485658824443817139e-01 2.472974956035614014e-01 2.471284270286560059e-01 2.586477100849151611e-01 2.480463981628417969e-01 2.470442801713943481e-01 2.479438185691833496e-01 2.590287923812866211e-01 2.475892305374145508e-01 2.447749227285385132e-01 2.454895377159118652e-01
2.569813430309295654e-01 2.478566169738769531e-01 2.474822849035263062e-01 2.467127591371536255e-01 2.585559785366058350e-01 2.489780783653259277e-01 2.474976181983947754e-01 2.486523836851119995e-01 2.593764960765838623e-01 2.471114546060562134e-01 2.444423288106918335e-01 2.463500052690505981e-01
2.579162120819091797e-01 2.473000884056091309e-01 2.479765266180038452e-01 2.474658489227294922e-01 2.586581408977508545e-01 2.476273328065872192e-01 2.477717995643615723e-01 2.483151257038116455e-01 2.589565217494964600e-01 2.473877668380737305e-01 2.444859743118286133e-01 2.461359798908233643e-01
2.581882178783416748e-01 2.465448379516601562e-01 2.473648637533187866e-01 2.475470006465911865e-01 2.593595385551452637e-01 2.464496642351150513e-01 2.477640956640243530e-01 2.471081465482711792e-01 2.597516477108001709e-01 2.465028911828994751e-01 2.456195056438446045e-01 2.477968931198120117e-01
2.575571537017822266e-01 2.477708160877227783e-01 2.477667629718780518e-01 2.477167099714279175e-01 2.591173946857452393e-01 2.462206780910491943e-01 2.467388510704040527e-01 2.480348795652389526e-01 2.602067589759826660e-01 2.457480877637863159e-01 2.457877397537231445e-01 2.473315596580505371e-01
2.570898830890655518e-01 2.462258636951446533e-01 2.476961314678192139e-01 2.478165626525878906e-01 2.593845129013061523e-01 2.468405216932296753e-01 2.461251467466354370e-01 2.483083903789520264e-01 2.598681747913360596e-01 2.470964938402175903e-01 2.456817328929901123e-01 2.478638887405395508e-01
2.571603953838348389e-01 2.451974004507064819e-01 2.458912283182144165e-01 2.478476315736770630e-01 2.596533000469207764e-01 2.465078234672546387e-01 2.468537986278533936e-01 2.485023438930511475e-01 2.598407566547393799e-01 2.467939406633377075e-01 2.458478361368179321e-01 2.499008178710937500e-01
2.586650550365447998e-01 2.450929880142211914e-01 2.454942613840103149e-01 2.477501034736633301e-01 2.593739628791809082e-01 2.469279915094375610e-01 2.473271638154983521e-01 2.477835416793823242e-01 2.581420242786407471e-01 2.468751370906829834e-01 2.453732490539550781e-01 2.511917352676391602e-01
2.592228055000305176e-01 2.458197474479675293e-01 2.465607523918151855e-01 2.467072457075119019e-01 2.594859898090362549e-01 2.466404587030410767e-01 2.472181320190429688e-01 2.478688955307006836e-01 2.583340704441070557e-01 2.477809935808181763e-01 2.453567534685134888e-01 2.490013539791107178e-01
2.600883841514587402e-01 2.458607405424118042e-01 2.462610602378845215e-01 2.472481876611709595e-01 2.598932683467864990e-01 2.456293851137161255e-01 2.466130405664443970e-01 2.482356727123260498e-01 2.579909265041351318e-01 2.479468286037445068e-01 2.451237589120864868e-01 2.491058856248855591e-01
2.600549459457397461e-01 2.451516836881637573e-01 2.469136267900466919e-01 2.461625486612319946e-01 2.588695883750915527e-01 2.460707873106002808e-01 2.466422170400619507e-01 2.478507608175277710e-01 2.586430311203002930e-01 2.482892274856567383e-01 2.469963878393173218e-01 2.483522891998291016e-01
2.609565258026123047e-01 2.462580054998397827e-01 2.473358958959579468e-01 2.463170588016510010e-01 2.591643035411834717e-01 2.458795756101608276e-01 2.455095648765563965e-01 2.476100921630859375e-01 2.580122351646423340e-01 2.480475306510925293e-01 2.475730776786804199e-01 2.473331242799758911e-01
2.603025436401367188e-01 2.468488216400146484e-01 2.470369189977645874e-01 2.466596364974975586e-01 2.602013051509857178e-01 2.456638962030410767e-01 2.450814545154571533e-01 2.475339174270629883e-01 2.580559849739074707e-01 2.473949342966079712e-01 2.464975267648696899e-01 2.487201541662216187e-01
2.605397403240203857e-01 2.466810494661331177e-01 2.463872730731964111e-01 2.464841306209564209e-01 2.605994343757629395e-01 2.463395297527313232e-01 2.452309429645538330e-01 2.467816472053527832e-01 2.587729394435882568e-01 2.479139119386672974e-01 2.463327050209045410e-01 2.479337006807327271e-01
2.603659629821777344e-01 2.451222687959671021e-01 2.466968744993209839e-01 2.473750412464141846e-01 2.605073153972625732e-01 2.462812364101409912e-01 2.454952746629714966e-01 2.467380166053771973e-01 2.587644755840301514e-01 2.484151721000671387e-01 2.464993149042129517e-01 2.477361261844635010e-01
2.603935003280639648e-01 2.453620731830596924e-01 2.471309304237365723e-01 2.482509464025497437e-01 2.607761621475219727e-01 2.458751797676086426e-01 2.457753866910934448e-01 2.464701533317565918e-01 2.582710385322570801e-01 2.470226734876632690e-01 2.464437037706375122e-01 2.482251226902008057e-01
2.591552734375000000e-01 2.459343522787094116e-01 2.475664913654327393e-01 2.469858676195144653e-01 2.607347965240478516e-01 2.465825080871582031e-01 2.459419816732406616e-01 2.473923563957214355e-01 2.597450315952301025e-01 2.466203719377517700e-01 2.457572370767593384e-01 2.475806921720504761e-01
2.586964964866638184e-01 2.458796203136444092e-01 2.477066665887832642e-01 2.468627244234085083e-01 2.615642547607421875e-01 2.470139265060424805e-01 2.463115155696868896e-01 2.468815445899963379e-01 2.588086128234863281e-01 2.463861256837844849e-01 2.458926886320114136e-01 2.479926943778991699e-01
2.587292790412902832e-01 2.462963014841079712e-01 2.467098683118820190e-01 2.473594099283218384e-01 2.605137228965759277e-01 2.472773641347885132e-01 2.453828305006027222e-01 2.464167475700378418e-01 2.591114044189453125e-01 2.473510801792144775e-01 2.462237328290939331e-01 2.486251592636108398e-01
