# ex_work for 16 qbits with connectivity 5 in chunks 4
3.516373505723891651e-02 3.516373505723891651e-02 3.516373505723891651e-02 3.516373505723891651e-02 -1.245112338684901676e-01 3.516374571164630064e-02 3.516374571164630064e-02 3.516374571164630064e-02 3.516374571164630064e-02 3.516374571164630064e-02 3.516374571164630064e-02 3.516374571164630064e-02 3.516374571164630064e-02 3.516374571164630064e-02 3.516374571164630064e-02 3.516374571164630064e-02
2.245835746015642162e-02 3.037013376324084607e-03 2.245836763672486719e-02 2.245834728358822585e-02 -1.066960725780784769e-01 2.658503995738375862e-03 2.245836763672486372e-02 2.245836763672486372e-02 1.103550673219384944e-02 2.245835746015641815e-02 2.245835746015641815e-02 2.245835746015641815e-02 2.245835746015641815e-02 2.245835746015641815e-02 2.245835746015641815e-02 2.245835746015641815e-02
6.428171422813167175e-03 -6.606973888889916893e-03 1.865443852627122340e-02 1.865443852627122340e-02 -9.215707561480970811e-02 -1.234837476759009615e-02 1.865442849162912003e-02 1.865442849162912003e-02 9.433309484401188397e-03 1.766536452202766005e-02 1.865442849162912003e-02 1.865442849162912003e-02 1.808920577301560348e-02 1.809395186094669636e-02 1.865442849162912003e-02 1.865442849162912003e-02
8.474568160202098147e-03 -1.269099757590892242e-03 1.920719854737786697e-02 1.920720860261570032e-02 -9.501045019327461483e-02 -1.280411959567801655e-02 1.920721865785370019e-02 1.920721865785370019e-02 1.054400610730096832e-02 1.732607970611310666e-02 1.920720860261570379e-02 1.920720860261570379e-02 1.839074749856017127e-02 1.919174409187214200e-02 1.920721865785370366e-02 1.920721865785370366e-02
-5.461114078858071534e-03 -1.350838315384918741e-03 1.810408664351731423e-02 1.810408664351731423e-02 -8.899871705805005584e-02 -1.310356096989611849e-02 1.810409665766287562e-02 1.810409665766287562e-02 1.018858944056132837e-02 1.617080933608835286e-02 1.810408664351731423e-02 1.810408664351731423e-02 1.743540942458318352e-02 1.727212895195669520e-02 1.810408664351731423e-02 1.810408664351731423e-02
-3.011336950030523742e-03 -6.604593747378035944e-03 1.740622777062789811e-02 1.740622777062789811e-02 -8.420908715579715487e-02 -1.587956945581085050e-02 1.740623775879658608e-02 1.740623775879658608e-02 8.057137521801085653e-03 1.473170467900002806e-02 1.740622777062789811e-02 1.740622777062789811e-02 1.636130153007660237e-02 1.435282774414098177e-02 1.740622777062789811e-02 1.740622777062789811e-02
9.834694163239805081e-03 -8.209377727204481001e-03 1.824792410906889151e-02 1.824792410906889151e-02 -8.976704838623178473e-02 -1.480417051031070186e-02 1.824794414807290668e-02 1.824794414807290668e-02 7.075078286054934350e-03 1.620190437243709466e-02 1.824793412857081756e-02 1.824793412857081756e-02 1.638946103132152970e-02 1.720706116237141065e-02 1.824793412857081756e-02 1.824793412857081756e-02
1.097903085808417563e-02 -1.191197178741046879e-02 1.819758050344396152e-02 1.819758050344396152e-02 -8.940980738015420759e-02 -1.292893771151085690e-02 1.819757048581729583e-02 1.819757048581729583e-02 7.227569313874549276e-03 1.582391783099773921e-02 1.819758050344396152e-02 1.819758050344396152e-02 1.724328408130283707e-02 1.637364348345030085e-02 1.819758050344396152e-02 1.819758050344396152e-02
1.039245602011846896e-02 -1.397158119762004387e-02 1.763168398495926908e-02 1.763168398495926908e-02 -8.525976378752513074e-02 -1.864051917780269740e-02 1.763168398495926908e-02 1.763169398151867226e-02 5.736258837080991484e-03 1.681091608883086494e-02 1.763168398495926908e-02 1.763168398495926908e-02 1.651112411413250755e-02 1.542092797417857555e-02 1.763168398495926908e-02 1.763168398495926908e-02
1.145944290223001490e-02 -1.652114100389084905e-02 1.800364114691244133e-02 1.800364114691244133e-02 -8.811219716240456523e-02 -9.526416515407157282e-03 1.800363113650706171e-02 1.800363113650706171e-02 4.751593320872569970e-03 1.683276829384220893e-02 1.800364114691253153e-02 1.800364114691253153e-02 1.676524851398545832e-02 1.553376788638008432e-02 1.800364114691253153e-02 1.800364114691253153e-02
6.893353029241790046e-03 -1.282004729977936561e-02 1.762854297252122032e-02 1.762854297252122032e-02 -8.568995190988661081e-02 -1.415981566720336468e-02 1.762855296896353313e-02 1.762854297252122032e-02 5.068707852670306310e-03 1.652399132123816977e-02 1.762855296896353313e-02 1.762855296896353313e-02 1.609265774799402762e-02 1.469496516164520844e-02 1.762855296896353313e-02 1.762855296896353313e-02
9.290385330421672624e-03 -1.087752094457870855e-02 1.818970792911365694e-02 1.818972796378166140e-02 -8.953050411949385612e-02 -1.037589855121290143e-02 1.818971794644744927e-02 1.818971794644744927e-02 4.510516076625041386e-03 1.654463705457491496e-02 1.818971794644753601e-02 1.818971794644753601e-02 1.760266578811862243e-02 1.597768828829796914e-02 1.818971794644753601e-02 1.818971794644753601e-02
9.938162917063654567e-03 -1.262560907197198511e-02 1.816511374323419303e-02 1.816511374323419303e-02 -8.915764354635306865e-02 -1.340310733615496935e-02 1.816511374323419303e-02 1.816511374323419303e-02 8.953624054163580176e-03 1.627114328823409811e-02 1.816511374323419303e-02 1.816511374323419303e-02 1.599796454264892226e-02 1.709075700912750240e-02 1.816511374323428324e-02 1.816511374323428324e-02
9.224484552525162584e-03 -7.985811212714325966e-03 1.806965298210229040e-02 1.806965298210229040e-02 -8.863429699045767551e-02 -1.594344860336879138e-02 1.806965298210229040e-02 1.806965298210229040e-02 5.490789935685891007e-03 1.625075751175178440e-02 1.806965298210229040e-02 1.806965298210229040e-02 1.723587707292871529e-02 1.622744228646900988e-02 1.806965298210229040e-02 1.806965298210229040e-02
8.699247775587913567e-03 -1.532204522816643828e-02 1.775303015555848227e-02 1.775303015555848227e-02 -8.609131702654304608e-02 -1.754341911985357258e-02 1.775304015663447740e-02 1.775302015448265019e-02 9.745097907317260694e-03 1.536040357380191214e-02 1.775302015448265019e-02 1.775302015448265019e-02 1.751038761257946857e-02 1.612865455941797296e-02 1.775302015448265019e-02 1.775302015448265019e-02
7.690582344352502736e-03 -1.138242673460870824e-02 1.796132596888814353e-02 1.796132596888814353e-02 -8.769670884724278803e-02 -1.737783828921369428e-02 1.796133597771844281e-02 1.796133597771844281e-02 9.792590047050551277e-03 1.743319009555949553e-02 1.796133597771834914e-02 1.796132596888814353e-02 1.745532234050132733e-02 1.489462078758194662e-02 1.796132596888814353e-02 1.796132596888814353e-02
7.354997750152272168e-03 -1.043020920452547226e-02 1.818372451285896890e-02 1.818370447863778758e-02 -8.955413961682753832e-02 -9.114406366724591910e-03 1.818372451285896890e-02 1.818372451285896890e-02 3.750467512357786356e-03 1.763449443900634572e-02 1.818373452996984926e-02 1.818373452996984926e-02 1.617452071949202624e-02 1.720107699208316479e-02 1.818373452996984926e-02 1.818373452996984926e-02
8.503207376539895224e-03 -4.666096453753000237e-03 1.808821549017386801e-02 1.808821549017386801e-02 -8.862069809816858212e-02 -1.938875172678402106e-02 1.808822550372848545e-02 1.808822550372848545e-02 6.908535625328828152e-03 1.639749935363028419e-02 1.808822550372848545e-02 1.808822550372848545e-02 1.739657098284619341e-02 1.564768504706795169e-02 1.808822550372848545e-02 1.808822550372848545e-02
1.273776861841207156e-02 -1.511661222098579886e-02 1.821470229331361920e-02 1.821470229331361920e-02 -8.939777260782182100e-02 -1.134267336985522907e-02 1.821469227504958835e-02 1.821470229331361920e-02 7.372344161492722266e-03 1.641512960625797490e-02 1.821469227504959182e-02 1.821469227504959182e-02 1.666847986347954128e-02 1.637635256929803260e-02 1.821469227504959182e-02 1.821469227504959182e-02
7.167773900228903254e-03 -1.313155586718632410e-02 1.756924145077642940e-02 1.756924145077642940e-02 -8.503274091689982939e-02 -1.723156653499938185e-02 1.756925144501162925e-02 1.756925144501162925e-02 6.917938570421312827e-03 1.502756771712309390e-02 1.756925144501162925e-02 1.756925144501162925e-02 1.490332886148272411e-02 1.744424085642066330e-02 1.756923145654156609e-02 1.756925144501162925e-02
7.676816266505592269e-03 -7.707584539888246919e-03 1.796843177063051425e-02 1.796844177972535539e-02 -8.804342895371246314e-02 -1.594634981234585233e-02 1.796845178882027633e-02 1.796843177063042404e-02 6.199241545203737491e-03 1.680723557037517440e-02 1.796845178882027633e-02 1.796845178882027633e-02 1.473868928557768576e-02 1.688563346530553774e-02 1.796843177063051425e-02 1.796844177972535886e-02
1.496070594013414363e-02 -1.322669137578149842e-02 1.832737764231071043e-02 1.832737764231071043e-02 -9.006653450925858340e-02 -1.266194515715515084e-02 1.832737764231071043e-02 1.832737764231071043e-02 6.323388417387901250e-03 1.737409363119867337e-02 1.832737764231088737e-02 1.832736761985078941e-02 1.707232732236918515e-02 1.528052535612699561e-02 1.832738766477106512e-02 1.832737764231088737e-02
2.993090962054086035e-03 -8.988753654893769790e-03 1.808716620606840367e-02 1.808716620606840367e-02 -8.911177704617101458e-02 -8.257398049245115793e-03 1.808716620606840367e-02 1.808716620606840367e-02 6.599652999323316928e-03 1.646162837659378292e-02 1.808717621958380248e-02 1.808717621958380248e-02 1.703193542162148577e-02 1.499141768906397075e-02 1.808717621958380248e-02 1.808717621958380248e-02
5.993886877355978152e-03 -5.430453492566330621e-03 1.827942982569827346e-02 1.827942982569827346e-02 -9.019035716514349488e-02 -1.219137329078865024e-02 1.827943984637279626e-02 1.827943984637279626e-02 5.928890554748044404e-03 1.605687367157251910e-02 1.827941980502382699e-02 1.827942982569827346e-02 1.684975694790342288e-02 1.703730543209863030e-02 1.827941980502382699e-02 1.827943984637279626e-02
5.082510935801819868e-03 -8.680874876384884684e-03 1.821251739015007295e-02 1.821250737196739716e-02 -8.985814133049326025e-02 -8.905381673216316435e-03 1.821252740833290834e-02 1.821252740833290834e-02 6.960025600500035874e-03 1.661577231549768788e-02 1.821250737196739716e-02 1.821250737196739716e-02 1.614261407750919308e-02 1.584611612821503271e-02 1.821250737196739716e-02 1.821250737196739716e-02
9.167538685290240602e-03 -1.108929202304358846e-02 1.823665770013641052e-02 1.823665770013641052e-02 -8.982139116852672078e-02 -1.027031593097457729e-02 1.823666771921818308e-02 1.823666771921818308e-02 6.250697530136756046e-03 1.624052939823565286e-02 1.823663766197335459e-02 1.823664768105480102e-02 1.574923345162345875e-02 1.745051885314465381e-02 1.823664768105480102e-02 1.823664768105480102e-02
8.305469152213902292e-03 -1.187700902217880480e-02 1.791132005873985814e-02 1.791132005873985814e-02 -8.764386360330965464e-02 -1.324820609404647222e-02 1.791133006570837585e-02 1.791134007267723011e-02 5.305368890013140853e-03 1.680734090491125751e-02 1.791134007267723011e-02 1.791134007267723011e-02 1.573447048728173273e-02 1.659058869257783522e-02 1.791134007267723011e-02 1.791134007267723011e-02
7.446197479953955804e-03 -1.671221868708040389e-02 1.759617470328708050e-02 1.759616470804973784e-02 -8.506316482124830214e-02 -1.563347342739148174e-02 1.759618469852441275e-02 1.759618469852441275e-02 7.715224942993541453e-03 1.615060331327053747e-02 1.759617470328708050e-02 1.759618469852441275e-02 1.480306203064461409e-02 1.782178485588827715e-02 1.759616470804973784e-02 1.759616470804973784e-02
9.025075057435319112e-03 -1.365429455412191934e-02 1.836198563415056273e-02 1.836198563415056273e-02 -9.037702958260938890e-02 -1.057754513446129002e-02 1.836197561040164503e-02 1.836199565789956370e-02 1.073362240268338312e-02 1.589570537685107421e-02 1.836197561040164503e-02 1.836197561040164503e-02 1.847718341775196269e-02 1.581595687395361341e-02 1.836197561040164503e-02 1.836198563415047946e-02
8.214815872004826297e-03 -1.728113380571020749e-02 1.787631132890985658e-02 1.787630132324516744e-02 -8.717879667698197332e-02 -1.132567537235968334e-02 1.787631132890985658e-02 1.787631132890985658e-02 8.231854333704831383e-03 1.525307901753101235e-02 1.787631132890986005e-02 1.787629131758063789e-02 1.591403696473236290e-02 1.792603649142350888e-02 1.787629131758063789e-02 1.787631132890986005e-02
1.510083336415889155e-02 -1.419885758601473896e-02 1.810015284705910124e-02 1.810015284705910124e-02 -8.831596064441581129e-02 -1.805336341823901569e-02 1.810016286105796748e-02 1.810016286105796748e-02 9.235317340353576751e-03 1.632766682668487096e-02 1.810015284705910124e-02 1.810015284705910124e-02 1.532109978854142782e-02 1.729582330300074786e-02 1.810015284705910124e-02 1.810015284705910124e-02
1.428292554778055889e-02 -1.666106187147710360e-02 1.770280451111465314e-02 1.770281451032095638e-02 -8.592562486779604936e-02 -1.215202823634097852e-02 1.770281451032095638e-02 1.770281451032095638e-02 2.317439525167530742e-05 1.459901933202641978e-02 1.770280451111465314e-02 1.770280451111465314e-02 1.640469522119426815e-02 1.718811112533690649e-02 1.770281451032095638e-02 1.770280451111465314e-02
1.537877435005501753e-02 -1.038890972646538090e-02 1.770417790043990469e-02 1.770416790118269773e-02 -8.600427518634030932e-02 -1.660064030799974361e-02 1.770422112611043375e-02 1.770418789969727125e-02 -1.755209123494999579e-03 1.515594918093994201e-02 1.770417790043990469e-02 1.770416790118269773e-02 1.590028484313144724e-02 1.603459969983554723e-02 1.770416790118269773e-02 1.770416790118269773e-02
1.515411401138718264e-02 -1.545253255213322255e-02 1.791409386172962415e-02 1.791408385465822692e-02 -8.746751949169682960e-02 -1.124638707134940387e-02 1.791410386880127464e-02 1.791410386880127464e-02 1.060418229910249080e-03 1.645742498201712214e-02 1.791409386172962415e-02 1.791409386172962415e-02 1.518774009037696104e-02 1.650545750553080934e-02 1.791409386172962415e-02 1.791409386172962415e-02
1.508292755583223212e-02 -1.244574761896353847e-02 1.775588845853318110e-02 1.775588845853318110e-02 -8.614225580286628825e-02 -1.882049708311003822e-02 1.775589845971543151e-02 1.775588845853318110e-02 3.237839564944244332e-03 1.577182193052831249e-02 1.775588845853318110e-02 1.775588845853318110e-02 1.576398677135924797e-02 1.605599617989512951e-02 1.775588845853318110e-02 1.775588845853318110e-02
8.911014730373345225e-03 -7.250034902065408300e-03 1.790647736739743590e-02 1.790647736739743590e-02 -8.766047939109840315e-02 -1.559852001467454397e-02 1.790647736739743590e-02 1.790647736739743590e-02 2.639346009780477956e-03 1.675064300470003459e-02 1.790647736739743590e-02 1.790645735382219092e-02 1.683034928895269650e-02 1.524301488031021452e-02 1.790647736739743590e-02 1.790647736739743590e-02
9.994161782724782228e-03 -5.760005820246424935e-03 1.808459483296141410e-02 1.808459483296141410e-02 -8.886057258708476847e-02 -1.517409585089072623e-02 1.808459483296141410e-02 1.808459483296141410e-02 3.291538450483165196e-03 1.689497067910552056e-02 1.808459483296141410e-02 1.808459483296141410e-02 1.544621337503348374e-02 1.607664299056814350e-02 1.808459483296141410e-02 1.808459483296141410e-02
1.612007178687327805e-02 -1.566380881050806473e-02 1.806500739554036880e-02 1.806499738285047285e-02 -8.835331105567817422e-02 -1.171895456259012397e-02 1.806499738285047285e-02 1.806500739554036880e-02 2.094612091733345349e-03 1.657722389970262000e-02 1.806504067094511640e-02 1.806500739554036880e-02 1.703633597060198387e-02 1.599011290089061982e-02 1.806504067094511640e-02 1.806500739554036880e-02
9.594466189863176675e-03 -1.267020487170789945e-02 1.796058460780855168e-02 1.796054133778758610e-02 -8.804715747352163946e-02 -9.701007811275870474e-03 1.796055134658855468e-02 1.796055134658855468e-02 1.528536023543334427e-03 1.626431342309523492e-02 1.796055134658855468e-02 1.796055134658855468e-02 1.684910584987333107e-02 1.667502820551761480e-02 1.796058460780864188e-02 1.796058460780864188e-02
6.905102174731451298e-03 -7.902020876229124899e-03 1.799202179449965744e-02 1.799197851903939355e-02 -8.840044496878056435e-02 -1.131672909561508289e-02 1.799198852901064821e-02 1.799203180447150538e-02 1.694215664230115789e-03 1.612970618571417727e-02 1.799202179449956723e-02 1.799202179449956723e-02 1.613993357028104328e-02 1.746980786913144776e-02 1.799198852901073148e-02 1.799202179449956723e-02
5.711860065332011530e-03 -1.053616294434611342e-02 1.802528518779840036e-02 1.802525191779248345e-02 -8.853904226094537477e-02 -1.013776128180392082e-02 1.802528518779840036e-02 1.802528518779840036e-02 3.572739871981491042e-03 1.787221898497368816e-02 1.802528518779840036e-02 1.802524190658280623e-02 1.579027293524822365e-02 1.745633124437119890e-02 1.802524190658280623e-02 1.802524190658280623e-02
3.909093927725744086e-03 -1.242684503177793852e-02 1.758396765968952766e-02 1.758393444960025184e-02 -8.538568485576761291e-02 -1.299813857406269257e-02 1.758396765968952766e-02 1.758396765968952766e-02 2.967972500551483653e-03 1.874457644190036590e-02 1.758393444960025184e-02 1.758393444960025184e-02 1.385758244778581040e-02 1.741723287221426386e-02 1.758393444960025184e-02 1.758393444960025184e-02
5.960695656870725577e-03 -1.067055052376007958e-02 1.805386078304478670e-02 1.805385077076981579e-02 -8.866550585396286432e-02 -1.181722707610294298e-02 1.805389405693589439e-02 1.805389405693589439e-02 7.035437898954860492e-03 1.831585568736247491e-02 1.805389405693589092e-02 1.805389405693589092e-02 1.518654512330049403e-02 1.622235715336475814e-02 1.805389405693589092e-02 1.805389405693589092e-02
8.371438963325013652e-03 -1.538022371952868679e-02 1.791483322673466383e-02 1.791478996462934903e-02 -8.757547094627468609e-02 -1.149137078549614110e-02 1.791479997172690936e-02 1.791479997172690936e-02 8.233300498383711724e-03 1.625425602323680996e-02 1.791478996462934903e-02 1.791477995753195177e-02 1.466747158005227494e-02 1.700628945301812731e-02 1.791478996462934903e-02 1.791478996462934903e-02
9.997482339472278656e-03 -1.406082306792031528e-02 1.803768524669559919e-02 1.803765197500567519e-02 -8.836324374405166160e-02 -1.265520236247792522e-02 1.803765197500567866e-02 1.803765197500567866e-02 8.571530231754595497e-03 1.607776607746718572e-02 1.803765197500567519e-02 1.803765197500567519e-02 1.573666826654206499e-02 1.624719705500899530e-02 1.803765197500567519e-02 1.803768524669559919e-02
1.051435287147915211e-02 -1.302866980949680259e-02 1.836799486524222716e-02 1.836799486524222716e-02 -9.024928235964821410e-02 -1.424162247849223260e-02 1.836802818179997243e-02 1.836802818179997243e-02 1.373780318508823449e-02 1.625506963906254640e-02 1.836802818179997243e-02 1.836799486524222369e-02 1.583743633440728299e-02 1.675120604863057291e-02 1.836799486524222369e-02 1.836802818179997243e-02
7.977417513999459850e-03 -1.693941726424274749e-02 1.798868033684685244e-02 1.798868033684685244e-02 -8.779399092618549172e-02 -1.315141672788065243e-02 1.798868033684685244e-02 1.798869034669424438e-02 1.135674232184212540e-02 1.826574945013394180e-02 1.798869034669424438e-02 1.798864707181165035e-02 1.549254915129060634e-02 1.600406561949241011e-02 1.798864707181165035e-02 1.798869034669424438e-02
1.076502690287436947e-02 -1.384344368796841702e-02 1.796796459900578541e-02 1.796796459900578541e-02 -8.743571778775334480e-02 -1.934676064578106855e-02 1.796799786123250489e-02 1.796799786123250489e-02 1.373473144093221091e-02 1.787327041259069785e-02 1.796799786123250489e-02 1.796799786123250489e-02 1.536661308369591250e-02 1.403444259639362313e-02 1.796795458992891600e-02 1.796799786123250489e-02
1.034865072129363683e-02 -8.237379642834288807e-03 1.838975480859620162e-02 1.838975480859620162e-02 -9.069923828420992096e-02 -1.277601288281917692e-02 1.838974478381440875e-02 1.838974478381440875e-02 7.485485562437086543e-03 1.736958753125910845e-02 1.838971146430657885e-02 1.838974478381440875e-02 1.662746932236577532e-02 1.536513827478382804e-02 1.838974478381440875e-02 1.838971146430657885e-02
9.535630034642151795e-03 -1.213698962555187846e-02 1.792714582849898319e-02 1.792714582849898319e-02 -8.756690869367494967e-02 -1.593723966438132661e-02 1.792714582849898319e-02 1.792714582849898319e-02 8.054494529064220101e-03 1.737453272203115517e-02 1.792714582849897972e-02 1.792710256426348348e-02 1.684414105078584772e-02 1.414839485900685340e-02 1.792710256426348348e-02 1.792710256426348348e-02
5.673161089529211651e-03 -1.041026340999068843e-02 1.795541538900390088e-02 1.795541538900390088e-02 -8.798360989630304996e-02 -1.339183499750463448e-02 1.795538212848568280e-02 1.795538212848568280e-02 7.050331988975740670e-03 1.790234366488349660e-02 1.795541538900381068e-02 1.795541538900381068e-02 1.582961955085287337e-02 1.578132247407103977e-02 1.795541538900381068e-02 1.795541538900381068e-02
-9.360616880090858686e-04 -9.228261831861204675e-03 1.790937465753026162e-02 1.790933139637061050e-02 -8.792724097328107058e-02 -8.580557817140321494e-03 1.790940791179611302e-02 1.790940791179611302e-02 7.510439297987666490e-03 1.710565868561450889e-02 1.790936465063585128e-02 1.790933139637061050e-02 1.642962412948166875e-02 1.531528263838878405e-02 1.790933139637061050e-02 1.790933139637061050e-02
-6.423561005205349981e-04 -8.646951782331286501e-03 1.814624620868290558e-02 1.814623619296919579e-02 -8.934585762822133681e-02 -9.514011393363270078e-03 1.814623619296919579e-02 1.814623619296919579e-02 1.123289772255056836e-02 1.606411640434559501e-02 1.814623619296919579e-02 1.814623619296919579e-02 1.744926164682159345e-02 1.596294122858086736e-02 1.814623619296910906e-02 1.814623619296910906e-02
-1.885443427532349468e-03 -9.532629592356121548e-03 1.790547954676615858e-02 1.790547954676615858e-02 -8.779401412891936485e-02 -9.772255106652536286e-03 1.790552280725943995e-02 1.790552280725943995e-02 8.881415231010008141e-03 1.620701288531841214e-02 1.790551280050827268e-02 1.790551280050827268e-02 1.779555088662724063e-02 1.585478969379265288e-02 1.790551280050827268e-02 1.790551280050827268e-02
-1.115825227123124971e-03 -5.502436775372296189e-03 1.839501865043531234e-02 1.839501865043531234e-02 -9.075299880068141145e-02 -1.151859435933653975e-02 1.839502867541356959e-02 1.839502867541356959e-02 1.346483871435763709e-02 1.787529425000707398e-02 1.839502867541356959e-02 1.839501865043531581e-02 1.696659538287558638e-02 1.613247750925559526e-02 1.839501865043531581e-02 1.839501865043531581e-02
-4.353235553028487808e-04 -1.571518286680189877e-02 1.805118274466818717e-02 1.805118274466818717e-02 -8.831824191951299918e-02 -9.675033708900290449e-03 1.805119275684261698e-02 1.805119275684261698e-02 1.714287050614760749e-02 1.695635053539618423e-02 1.805119275684261698e-02 1.805114947114529536e-02 1.675208794809462595e-02 1.516955781669463918e-02 1.805119275684261698e-02 1.805119275684261698e-02
5.894915102474302185e-03 -1.851101219957585614e-02 1.823366681764767433e-02 1.823362350037835422e-02 -8.923721760196878794e-02 -1.068051712759711391e-02 1.823363351934617627e-02 1.823366681764767433e-02 1.737464569657897265e-02 1.597059741008245021e-02 1.823362350037844443e-02 1.823359020207755699e-02 1.810590229802591308e-02 1.529988987315824937e-02 1.823362350037844443e-02 1.823362350037844443e-02
4.885522124967068593e-03 -1.030562287299258487e-02 1.833575921511050935e-02 1.833575921511050935e-02 -9.028367480121880784e-02 -1.231929837144934807e-02 1.833571588017178511e-02 1.833571588017178511e-02 1.216568720749271193e-02 1.638694508432228872e-02 1.833575921511059956e-02 1.833571588017178511e-02 1.847305986806704881e-02 1.597700416035421900e-02 1.833571588017178511e-02 1.833571588017178511e-02
5.190841204056943943e-03 -7.550028931628691153e-03 1.848879873701898477e-02 1.848879873701898477e-02 -9.137357642032707672e-02 -1.011047612728475237e-02 1.848874534712229012e-02 1.848875537559123775e-02 9.247968255088655568e-03 1.706122910563296832e-02 1.848874534712229012e-02 1.848874534712229012e-02 1.719480049880035485e-02 1.686249931491641540e-02 1.848874534712229012e-02 1.848874534712229012e-02
5.792787187220062133e-03 -1.250626306293351267e-02 1.794805193638341484e-02 1.794804192804902096e-02 -8.796652592972840912e-02 -1.129651714232283825e-02 1.794800866853202975e-02 1.794804192804902096e-02 7.962892235996749113e-03 1.627255825984901677e-02 1.794805193638341484e-02 1.794804192804902096e-02 1.671004676684021209e-02 1.535969427095591582e-02 1.794804192804902096e-02 1.794805193638341484e-02
5.208832812427016332e-03 -1.460181659179649559e-02 1.812067195183317964e-02 1.812067195183317964e-02 -8.909554286438629844e-02 -6.201376148256088593e-03 1.812063866887858934e-02 1.812063866887858934e-02 7.346672319108443934e-03 1.776206482169657985e-02 1.812063866887858934e-02 1.812063866887858934e-02 1.700279414262400451e-02 1.490774377332498325e-02 1.812063866887858934e-02 1.812063866887858934e-02
1.013460380744398391e-02 -1.718044710450545784e-02 1.810832322856326809e-02 1.810832322856326809e-02 -8.877993813660736699e-02 -8.691919809720781084e-03 1.810832322856326809e-02 1.810832322856326809e-02 8.655045657624552136e-03 1.579663209344330660e-02 1.810835650984542883e-02 1.810835650984542883e-02 1.670597486651172539e-02 1.576110844833841784e-02 1.810835650984542883e-02 1.810835650984542883e-02
1.020412808023103864e-02 -1.795353690553212062e-02 1.830690726557997888e-02 1.830690726557997888e-02 -9.002347434995849884e-02 -5.039484355793808802e-03 1.830690726557997888e-02 1.830690726557997888e-02 8.519537441008449147e-03 1.639629228656857771e-02 1.830686393563495801e-02 1.830686393563495801e-02 1.564243837970332590e-02 1.694225076846856901e-02 1.830686393563495801e-02 1.830686393563495801e-02
9.753105239663006215e-03 -1.660083797657985194e-02 1.792976262870329615e-02 1.792976262870329615e-02 -8.759518938656837839e-02 -1.124606765826241528e-02 1.792976262870329615e-02 1.792976262870329615e-02 8.060344354785312776e-03 1.600558876119142354e-02 1.792976262870329615e-02 1.792976262870329615e-02 1.517900227096731156e-02 1.677438465104094667e-02 1.792979588573745398e-02 1.792979588573745398e-02
1.014058024257540394e-02 -1.221427081209235793e-02 1.840208214746420767e-02 1.840208214746420767e-02 -9.087094570392775794e-02 -5.940745395795078015e-03 1.840208214746420767e-02 1.840208214746420767e-02 4.967049379327308570e-03 1.587424723817673980e-02 1.840209217270435266e-02 1.840204882628548866e-02 1.655112551645744959e-02 1.700980794181286213e-02 1.840209217270426245e-02 1.840209217270426245e-02
9.446107261625589710e-03 -1.604502447302477361e-02 1.835712146597638303e-02 1.835712146597638303e-02 -9.028275072459683581e-02 -8.840759115001657620e-03 1.835708815090549006e-02 1.835708815090549006e-02 1.108824358354627143e-02 1.532218667705702829e-02 1.835712146597638303e-02 1.835708815090549006e-02 1.726794910698619540e-02 1.738386483951823852e-02 1.835708815090549006e-02 1.835708815090549006e-02
8.725999400522148342e-03 -1.168484079319670986e-02 1.839626046369852511e-02 1.839626046369852511e-02 -9.071125337838149838e-02 -9.733904733133879814e-03 1.839626046369852511e-02 1.839622714331079142e-02 8.129644726025822901e-03 1.582698958027171227e-02 1.839622714331079142e-02 1.839622714331079142e-02 1.703728508889439455e-02 1.800733811533179046e-02 1.839622714331079142e-02 1.839622714331079142e-02
9.391828901650512568e-03 -1.062409864025208768e-02 1.859891431053140032e-02 1.859891431053140032e-02 -9.167331436106077036e-02 -1.339294802559748594e-02 1.859888096261061788e-02 1.859888096261061788e-02 1.346406372785375824e-02 1.657707354687022044e-02 1.859888096261062135e-02 1.859888096261062135e-02 1.646287068170045401e-02 1.794824447438752787e-02 1.859888096261062135e-02 1.859888096261062135e-02
7.987504827379070943e-03 -1.754201875878330305e-02 1.785391624246993394e-02 1.785392624729915251e-02 -8.709709011770690179e-02 -9.576240930937668719e-03 1.785391624246993394e-02 1.785391624246993394e-02 6.179981266385583052e-03 1.667503794941108120e-02 1.785392624729915251e-02 1.785392624729915251e-02 1.660156020289789425e-02 1.619690479339404646e-02 1.785392624729915251e-02 1.785392624729915251e-02
7.150726204550158539e-03 -1.871815034455283355e-02 1.722752543497817201e-02 1.722752543497817201e-02 -8.197771548582508117e-02 -1.750196407500050066e-02 1.722751545346217633e-02 1.722751545346217633e-02 4.540006339351609389e-03 1.683589043353730594e-02 1.722751545346217633e-02 1.722751545346217633e-02 1.545550761059098083e-02 1.640398945416145574e-02 1.722751545346217633e-02 1.722751545346217633e-02
9.874633768279154553e-03 -1.935340039731595421e-02 1.780469572360490055e-02 1.780469572360490055e-02 -8.665009543809604198e-02 -9.385434588072394391e-03 1.780469572360490055e-02 1.780469572360490055e-02 6.247524818848842858e-03 1.639221548593991148e-02 1.780470572660177581e-02 1.780466248355634662e-02 1.702114233764442930e-02 1.477338646825641921e-02 1.780470572660177581e-02 1.780466248355634662e-02
1.034649401785175428e-02 -1.877118404426679835e-02 1.812125082031038406e-02 1.812125082031038406e-02 -8.862684725399558316e-02 -1.056530079385493981e-02 1.812124080552834568e-02 1.812124080552834568e-02 1.143671060914531155e-02 1.530845245034428287e-02 1.812124080552834568e-02 1.812125082031021059e-02 1.672774379520522436e-02 1.692213532335994086e-02 1.812125082031021059e-02 1.812125082031021059e-02
8.908488775216352046e-03 -1.965555411747276979e-02 1.797179488654696358e-02 1.797179488654696358e-02 -8.763810013516687425e-02 -1.024392830657944002e-02 1.797180489576461968e-02 1.797180489576461968e-02 9.818487015121613037e-03 1.545060475927224897e-02 1.797180489576461968e-02 1.797180489576461968e-02 1.742265982822535295e-02 1.696978620730974635e-02 1.797180489576461968e-02 1.797180489576461968e-02
5.883308622805786398e-03 -1.139064061129103911e-02 1.833599237751023375e-02 1.833600240028908021e-02 -9.034293024757063251e-02 -1.034114657997815129e-02 1.833600240028908021e-02 1.833600240028908021e-02 9.798324136801241091e-03 1.633512701096245107e-02 1.833599237751023028e-02 1.833600240028907327e-02 1.670142130017215898e-02 1.827649134789845892e-02 1.833599237751023028e-02 1.833600240028907327e-02
4.749081967591856947e-03 -1.092548251481791251e-02 1.847462704226033453e-02 1.847461701431856243e-02 -9.125363569880358405e-02 -6.763879761798038265e-03 1.847461701431856243e-02 1.847461701431856243e-02 7.557299186840818819e-03 1.782328759551122382e-02 1.847461701431856243e-02 1.847458368328583692e-02 1.705723123621136900e-02 1.817243878002831534e-02 1.847462704226033106e-02 1.847463707020226623e-02
7.015926840236802464e-03 -8.220718208089894397e-03 1.864136060974363671e-02 1.864136060974363671e-02 -9.222346606587164541e-02 -8.895569400645361377e-03 1.864140399759024389e-02 1.864140399759024389e-02 9.254506739360034151e-03 1.807181501783778135e-02 1.864140399759024389e-02 1.864140399759024389e-02 1.638964145357368549e-02 1.688326336446192844e-02 1.864140399759024389e-02 1.864140399759024389e-02
9.601461916932535479e-03 -1.571039220107467785e-02 1.830332264672676276e-02 1.830333266828891928e-02 -9.000197538187744428e-02 -8.497925329479511306e-03 1.830333266828891928e-02 1.830333266828891928e-02 8.520903600285446161e-03 1.524127700953448877e-02 1.830334268985141233e-02 1.830333266828891928e-02 1.871548765795027353e-02 1.681013876443817820e-02 1.830333266828891928e-02 1.830332264672676276e-02
1.003298853208110450e-02 -1.389343023413796945e-02 1.860195376525622044e-02 1.860195376525622044e-02 -9.184581713103052991e-02 -6.714207277491095020e-03 1.860195376525622044e-02 1.860194373257192599e-02 1.008161604882342605e-02 1.676618146952861196e-02 1.860191038423948326e-02 1.860191038423948326e-02 1.734019037084227888e-02 1.622857190792530505e-02 1.860191038423948326e-02 1.860191038423948326e-02
1.061554117921982392e-02 -1.185985066749467055e-02 1.886116961056935604e-02 1.886115956822855336e-02 -9.330818100459228881e-02 -6.035256549824227074e-03 1.886116961056935604e-02 1.886116961056935604e-02 1.070165838871118234e-02 1.740782799034469239e-02 1.886114952588808028e-02 1.886116961056935604e-02 1.606331140865967233e-02 1.729604607121443954e-02 1.886114952588808028e-02 1.886114952588808028e-02
3.874421902813563780e-03 -1.326499776467495936e-02 1.791080318894847437e-02 1.791080318894847437e-02 -8.769625571883814252e-02 -1.073427153532257802e-02 1.791080318894847437e-02 1.791080318894847437e-02 9.078217934323421986e-03 1.579029545407175869e-02 1.791080318894847437e-02 1.791080318894847437e-02 1.600880892935655636e-02 1.686018315119022434e-02 1.791080318894847437e-02 1.791080318894847437e-02
3.327068478462302629e-03 -1.089026934069232087e-02 1.776212783114120355e-02 1.776212783114120355e-02 -8.672260767109601920e-02 -1.324327354031613717e-02 1.776212783114120355e-02 1.776213783255343667e-02 7.013776345129372342e-03 1.539620076653239363e-02 1.776213783255334647e-02 1.776212783114120008e-02 1.688737571747986332e-02 1.636167535091401226e-02 1.776213783255334647e-02 1.776213783255334647e-02
1.281687443770536221e-02 -1.140917784990717540e-02 1.851337479748870612e-02 1.851336476810404308e-02 -9.125663674757167332e-02 -1.169136196798996677e-02 1.851336476810404308e-02 1.851337479748870612e-02 7.153021386611988809e-03 1.681156779692110498e-02 1.851335473871945636e-02 1.851335473871945636e-02 1.767614607161367354e-02 1.699916446391947639e-02 1.851335473871945636e-02 1.851336476810404308e-02
1.326765683288508822e-02 -1.087204753798967465e-02 1.936911826768853914e-02 1.936910820641910350e-02 -9.579461684492712736e-02 -3.174286256238274210e-03 1.936911826768853914e-02 1.936911826768853914e-02 8.779865161622791084e-03 1.767064963530206798e-02 1.936911826768853914e-02 1.936911826768853914e-02 1.730794100716627829e-02 1.945908183025347668e-02 1.936911826768853914e-02 1.936911826768853914e-02
2.929364028918528436e-03 -1.024668354671410750e-02 1.813022051064927878e-02 1.813022051064927878e-02 -8.926203811367632024e-02 -9.342606064667155139e-03 1.813022051064927878e-02 1.813022051064927878e-02 9.641429520802963227e-03 1.528784548042023787e-02 1.813022051064927878e-02 1.813022051064927878e-02 1.583270265304063257e-02 1.750326550221082897e-02 1.813021049553357675e-02 1.813021049553357675e-02
3.249249479214133280e-03 -2.161446283383848586e-04 1.874637912381876825e-02 1.874637912381876825e-02 -9.286290526906455789e-02 -1.149337749391935413e-02 1.874636908575456895e-02 1.874636908575456895e-02 1.018534598835482696e-02 1.661526306723718274e-02 1.874636908575456895e-02 1.874636908575456895e-02 1.632368825490301475e-02 1.756888093393361994e-02 1.874636908575456895e-02 1.874636908575456895e-02
1.604438697455154309e-03 -7.249438524110242595e-03 1.792479384945536158e-02 1.792479384945536158e-02 -8.784445277973107480e-02 -1.434183497855825128e-02 1.792479384945536158e-02 1.792479384945536158e-02 8.876468569615039370e-03 1.617977950803122650e-02 1.792479384945545179e-02 1.792478384198807270e-02 1.675710516107005096e-02 1.604801985292907129e-02 1.792478384198807270e-02 1.792478384198807270e-02
3.870196211371390235e-03 -9.492182691541719772e-03 1.786616723495291700e-02 1.786616723495291700e-02 -8.733391675757687378e-02 -1.524653894697434835e-02 1.786616723495291700e-02 1.786621048863236416e-02 8.331566976971068600e-03 1.747799159609620887e-02 1.786616723495292047e-02 1.786616723495292047e-02 1.643667235536454274e-02 1.540289128880828820e-02 1.786616723495292047e-02 1.786616723495292047e-02
4.086721443924429091e-03 -1.324246739198614749e-02 1.753212260990996349e-02 1.753216580580775619e-02 -8.473666553839420690e-02 -1.727978972196005103e-02 1.753212260990996349e-02 1.753212260990996349e-02 9.050550274295261072e-03 1.537813663563503130e-02 1.753213260276118360e-02 1.753213260276118360e-02 1.701306986500807084e-02 1.537018355941308784e-02 1.753213260276118360e-02 1.753212260990996349e-02
3.814007688104448322e-03 -1.383590611277013896e-02 1.753239766903959274e-02 1.753239766903959274e-02 -8.465296570829988765e-02 -1.767788520834364871e-02 1.753243087212212267e-02 1.753239766903958927e-02 1.001499220215480018e-02 1.527835816613679065e-02 1.753238767617852981e-02 1.753239766903959274e-02 1.694395838514735006e-02 1.582573620078561033e-02 1.753239766903959274e-02 1.753238767617852981e-02
5.904868730330274304e-03 -5.367888067929958880e-03 1.781460432333600852e-02 1.781460432333600852e-02 -8.638814915851207588e-02 -2.409071747329883870e-02 1.781457108194846317e-02 1.781457108194846317e-02 9.246570803241887029e-03 1.687971559951325154e-02 1.781457108194846317e-02 1.781456107858439206e-02 1.773222460584969462e-02 1.535077920339744488e-02 1.781456107858439206e-02 1.781456107858439206e-02
5.939665035707902135e-03 -1.038851047818184492e-02 1.787213761595346853e-02 1.787213761595346853e-02 -8.728858566482068648e-02 -1.581080264370954280e-02 1.787209436124858469e-02 1.787209436124858469e-02 6.990717371805387284e-03 1.713730938214177990e-02 1.787209436124858469e-02 1.787209436124858469e-02 1.711399200201484117e-02 1.590050889636298106e-02 1.787210436675435582e-02 1.787209436124858469e-02
6.148516101475189934e-03 -2.558965823091890069e-03 1.800466876396761631e-02 1.800466876396761631e-02 -8.810541742627116257e-02 -1.973517637477005537e-02 1.800462548633277940e-02 1.800463549677270778e-02 4.961958096905120033e-03 1.816896065616849937e-02 1.800466876396761631e-02 1.800462548633277940e-02 1.607763750270397446e-02 1.621816455625594428e-02 1.800462548633277940e-02 1.800462548633277940e-02
6.047531546007535279e-03 -3.530871365206157946e-03 1.825909630630246500e-02 1.825908628638875375e-02 -8.969633946923934176e-02 -1.865421545870683470e-02 1.825905298464084239e-02 1.825905298464084239e-02 8.433058672130490374e-03 1.748427639329846670e-02 1.825905298464084239e-02 1.825905298464084239e-02 1.744802745129800034e-02 1.664669205477598002e-02 1.825905298464084239e-02 1.825905298464084239e-02
5.676377001229197979e-03 -8.881072318887546849e-04 1.818758167398220119e-02 1.818753836469705343e-02 -8.937148607676148604e-02 -1.791156492449095042e-02 1.818752834744710722e-02 1.818753836469705343e-02 4.043371929782688806e-03 1.836624022476321394e-02 1.818752834744710722e-02 1.818752834744710722e-02 1.681488342021884852e-02 1.650435254511615005e-02 1.818752834744710722e-02 1.818752834744710722e-02
8.730003390220416812e-03 -1.242866605604281763e-02 1.781147591129362065e-02 1.781143266708316852e-02 -8.682506935139494564e-02 -1.479926996256443819e-02 1.781147591129361718e-02 1.781147591129361718e-02 3.563004687094815763e-03 1.758624408089600952e-02 1.781147591129362065e-02 1.781147591129362065e-02 1.692823005247631393e-02 1.617706335278267307e-02 1.781143266708316852e-02 1.781143266708316852e-02
9.251162599161123767e-03 -4.522255334464793733e-03 1.800950661341535822e-02 1.800950661341535822e-02 -8.809643196271506327e-02 -1.912319129100295209e-02 1.800949660279526840e-02 1.800949660279526840e-02 2.820441924928141376e-03 1.882923720334845133e-02 1.800949660279526840e-02 1.800946333494477317e-02 1.777090839843473158e-02 1.436190837050657296e-02 1.800946333494477317e-02 1.800946333494477317e-02
6.894351058229823692e-03 -3.790744200890126445e-04 1.838834934020866507e-02 1.838839268425003157e-02 -9.068465527460523035e-02 -1.562014470522119468e-02 1.838835936493726439e-02 1.838834934020866507e-02 3.303763985884334165e-03 1.989472389577615422e-02 1.838835936493726439e-02 1.838835936493726439e-02 1.613097094434877074e-02 1.593198530130273197e-02 1.838835936493726439e-02 1.838835936493726439e-02
1.029612509704829967e-02 -8.152853406120716753e-03 1.814434231904686959e-02 1.814438562085677817e-02 -8.913570056601294311e-02 -1.453923016777182095e-02 1.814434231904686959e-02 1.814438562085677817e-02 3.560136113818979185e-03 1.754670981994137235e-02 1.814434231904686959e-02 1.814434231904686959e-02 1.689493865879983236e-02 1.625593653823618340e-02 1.814434231904686959e-02 1.814434231904686959e-02
7.624437849664991544e-03 -8.977023716646909124e-03 1.809454572333007299e-02 1.809451244392972294e-02 -8.897201855266265169e-02 -1.173130523444936013e-02 1.809455573711684501e-02 1.809455573711684501e-02 3.656820587925733567e-03 1.793416854308147595e-02 1.809450243014354420e-02 1.809450243014354420e-02 1.624340742993610892e-02 1.622185019807261333e-02 1.809454572333007299e-02 1.809450243014354420e-02
9.327139112615708341e-03 -9.193123322779080467e-03 1.827028644101584900e-02 1.827028644101584900e-02 -9.000148770417339128e-02 -1.083731613210378066e-02 1.827028644101584900e-02 1.827024311741758111e-02 2.563583574258658342e-03 1.841511489088140663e-02 1.827027642068561331e-02 1.827027642068561331e-02 1.752077191103301387e-02 1.632069266764202276e-02 1.827027642068561678e-02 1.827028644101584900e-02
4.641752492815406396e-03 -6.771202554160968452e-03 1.798013984254405798e-02 1.798010657868530024e-02 -8.828784597685181146e-02 -1.260877850304969669e-02 1.798010657868512330e-02 1.798010657868512330e-02 3.001516718899457838e-03 1.876878238587885439e-02 1.798010657868512330e-02 1.798010657868512330e-02 1.588524364580929521e-02 1.598842874186318444e-02 1.798010657868512330e-02 1.798010657868512330e-02
