# ex_work for 16 qbits with connectivity c6 and unitary DM 23253407938880
-8.362190325114780831e-02 1.320518006672569133e-01 1.320518006672569133e-01 1.320518006672569133e-01 -8.362192382177470462e-02 1.320518152463988348e-01 1.320518152463988348e-01 1.320518152463988348e-01 -8.362188268052131446e-02 1.320518152463988348e-01 1.320518152463988348e-01 1.320518152463988348e-01 -8.362190325114783607e-02 1.320518152463988348e-01 1.320518152463988348e-01 1.320518152463988348e-01
-7.529091611081592528e-02 7.598713210030394113e-03 7.933454751069862754e-02 7.933454751069862754e-02 -6.720766285202725565e-02 7.933454751069862754e-02 7.933454751069862754e-02 4.860049141411069279e-02 -6.720766285202725565e-02 4.860050332584140570e-02 5.915830941312146679e-02 4.760766102925641924e-02 -6.068341881748753192e-02 2.734092558328639431e-03 4.760766102925641924e-02 5.915826789539226083e-02
-6.629456723259247175e-02 3.806206775963166117e-02 6.665476484540747149e-02 6.918449552294891891e-02 -4.812830651546369520e-02 1.482100706973310707e-02 6.872027588275990417e-02 4.698136125775012606e-02 -4.844985752721184952e-02 1.953134838779832516e-02 3.572258741072382310e-02 4.608959635353358786e-02 -4.996791591909015284e-02 1.355889622501985081e-02 -3.260604169113297257e-02 3.442872345516802268e-02
-4.199462952642440267e-02 1.699919979528144096e-02 1.209354443796466227e-02 2.861430535757560414e-02 -3.824876093143638606e-02 2.097861332579682020e-02 4.000685460825866013e-02 3.360757196840963995e-02 -4.127891823835754675e-02 2.888163073126599756e-02 2.056835029917767135e-02 1.692374991715295263e-02 -2.873850531332645258e-02 1.603803310141106719e-02 -2.426736079486974465e-02 1.743183171650913160e-02
-3.841187222249228816e-02 2.601449642294656819e-02 6.615186838914492024e-03 1.100703544214066618e-02 -2.458629219027437529e-02 1.683091144909812722e-02 5.000071830163252407e-02 3.365111151428343272e-02 -3.820159481739705126e-02 2.253664082700944371e-02 9.249938141745564155e-03 3.548915247060100558e-02 -2.897805192327764998e-02 1.967363410047323624e-02 -3.376299421869440043e-02 4.369363000352823913e-03
-1.607448921375186426e-02 1.501618994299436412e-02 1.047354517240365462e-02 1.521011244522049027e-02 -1.386005517479559773e-02 1.849716952471087972e-02 3.628110745164723344e-02 2.436884504345048635e-02 -3.679823379378745901e-02 1.454760124522845761e-02 -1.209087545935740374e-03 2.231449477729866362e-02 -3.117111230670055119e-02 1.725906208327674524e-02 -2.699226261879452207e-02 -5.145856365050843588e-03
-1.751427677958981508e-02 4.648001916228092223e-03 1.105526607232462308e-02 1.195782688812475035e-02 -5.587666780851143107e-03 9.207321905010978566e-03 2.759617909481577869e-02 1.854344474611854116e-02 -2.399658108902126899e-02 5.584694206159636853e-05 2.416910836755743665e-03 7.968620902742803297e-03 -2.164500216448161929e-02 1.046036031871574144e-02 -1.549802105206557999e-02 -1.205942881772134904e-03
-1.472569548666465521e-02 9.821400553111936122e-04 1.035177775889590916e-02 1.340856072659137033e-02 -3.802822163135747072e-03 5.758871928067742056e-03 1.827421387391239133e-02 1.919399529253671896e-02 -1.737987410725488902e-02 -1.778223270746773254e-04 1.859089129342530577e-03 4.262427484217330351e-03 -2.313380633713543744e-02 8.767089809179567580e-03 -1.078848928940984338e-02 2.180726133496215891e-04
-1.136129031930031841e-02 1.303126271487984808e-03 1.288703758173866294e-02 1.121074692134009163e-02 -5.443525472363239075e-03 5.050902128651156044e-03 2.017319206255338906e-02 1.464884470498887571e-02 -1.928043395178024449e-02 3.966602672738044587e-03 3.207478864840814566e-03 7.341748907204583528e-03 -2.329315802384897618e-02 6.379328279122651289e-03 -8.487254074684645253e-03 -5.556042201569318280e-03
-1.407147581259709200e-02 4.747609372191569956e-03 1.117005015378111019e-02 1.166396745463141316e-02 -3.134634393104099911e-03 7.131323589582287681e-03 1.174070526107227203e-02 1.218053035073986615e-02 -1.686939062451760230e-02 1.980012214473503805e-03 6.652240965665131428e-03 6.480563227782925283e-03 -2.631190670770884241e-02 6.422542435982371567e-03 -6.037460650203671855e-03 -2.008912493161475483e-03
-1.027417031886670128e-02 2.444613258715094047e-03 7.465570004883742214e-03 7.922065909750487453e-03 -3.898559914518265595e-03 5.568872225055935578e-03 1.217238674207158852e-02 1.048847322257968721e-02 -1.474502906071321374e-02 2.147715855684034173e-03 4.978309798273799699e-03 5.259989518807459304e-03 -2.305037702904018382e-02 6.163070017600432056e-03 -3.167667514779629826e-03 -1.286137034503824191e-03
-1.224600580437194310e-02 4.116301524949176303e-03 7.083072031240720233e-03 7.750087302569217199e-03 -3.413917774376951271e-03 5.463447819213606421e-03 1.312429884615974596e-02 8.190298440610145961e-03 -1.423613524294981524e-02 2.383454992213106510e-03 6.037498076685267161e-03 3.366805302660042052e-03 -2.237683107390834106e-02 5.499264477606760800e-03 -1.263895379660944516e-03 -1.535926889460889014e-03
-1.077098301413450046e-02 3.026796070240633622e-03 6.994089837205570703e-03 5.640553820583861684e-03 -4.844788065687192710e-03 5.480562997645839658e-03 1.133354913861208367e-02 8.470358483816185780e-03 -1.291928873508553510e-02 1.501838925884551451e-03 5.597625030033626797e-03 2.213805614430115840e-03 -2.049981635619205211e-02 5.535457597592838633e-03 -1.540244111749909531e-03 1.334826037102433433e-03
-9.993081802803721950e-03 1.738543802695950886e-03 6.512068125927888973e-03 4.893209681244397626e-03 -5.106719907100049603e-03 3.063534960846906949e-03 1.121363449744856161e-02 9.085904490572192793e-03 -1.012703445185160651e-02 3.081503458212540587e-03 3.964471554610760756e-03 4.395743895240030244e-03 -1.636404455852380480e-02 1.333604858966300818e-03 -5.056986982805667004e-03 2.274514006866648359e-03
-1.038921716843589811e-02 1.988714282931677586e-03 6.429727403763165795e-03 3.522177787724743540e-03 -4.909508889902235163e-03 2.975549699091735098e-03 1.119779872285788305e-02 9.227912061155958343e-03 -9.907642334776355433e-03 3.122812300309509882e-03 4.108175950378548796e-03 3.958722398065133395e-03 -1.563681028342346277e-02 1.026054697746478636e-03 -3.617853770554404439e-03 1.515877585913808032e-03
-1.059411364447528439e-02 3.834110064013425585e-03 6.839545771564496147e-03 4.338070033987465046e-03 -5.965141317400624206e-03 2.811048559473559080e-03 7.953970067005468325e-03 8.509049335775528342e-03 -8.136311685913917915e-03 3.071459425713726332e-03 2.884212544405163458e-03 3.060517126339308384e-03 -1.450929083919083248e-02 1.863200179534660978e-04 -3.860785329638047152e-03 3.588748001253513897e-03
-8.760449345191725912e-03 3.108650416633886807e-03 4.674242863988786224e-03 4.639921583283236790e-03 -6.044705813857893448e-03 3.016061654248704260e-03 7.405761067503516086e-03 6.780478406260595850e-03 -7.940621402652720331e-03 3.928586832294886193e-03 3.403040091707067692e-03 3.057403535767125313e-03 -1.338954159842010126e-02 9.850955381867105426e-04 -3.569551289377746826e-03 1.968462462229761227e-03
-7.521540778314040124e-03 2.720598830387678611e-03 3.233860350213015999e-03 3.805004876374909559e-03 -5.151679971747289560e-03 2.886962203208547073e-03 6.130934734780772895e-03 6.467185437288747174e-03 -8.310494156577009905e-03 4.521087500613838600e-03 2.687785258108513556e-03 3.835406476910788610e-03 -1.369487766022111155e-02 1.681850457604104707e-03 -2.580188853292303321e-03 2.249344903184642436e-03
-7.380816171084810494e-03 1.279323821725859844e-03 3.688521098336163592e-03 3.933628930968888562e-03 -5.283915090390905837e-03 3.329428458130785206e-03 5.572990570243725392e-03 5.990161150876511728e-03 -8.479358568594540582e-03 3.929265341830415897e-03 2.948409205311231483e-03 4.383742285231123810e-03 -1.303856014084503294e-02 1.609893994306178236e-03 -2.025986147840727527e-03 2.338774815531536027e-03
-6.799346717489389465e-03 1.143943355152130708e-03 3.448116270104041765e-03 2.295856640422561101e-03 -4.687464403570653151e-03 3.245991914349348560e-03 4.837355816569934713e-03 4.735867681238376849e-03 -7.804491188054119358e-03 4.423834231414697053e-03 3.340160441581136244e-03 4.128749389755973290e-03 -1.125115024425028115e-02 2.209409760594226125e-04 2.233058630423543289e-04 6.552418922672487850e-04
-6.860169767014740946e-03 1.066343910864227772e-03 4.047492160039828368e-03 2.951655775518967264e-03 -5.815555480455526088e-03 3.327981700195503396e-03 4.936229026870809708e-03 4.585227853478627061e-03 -7.827907409496624377e-03 3.780841362656633519e-03 3.273369304670262908e-03 3.676035056193155837e-03 -1.096397102972415313e-02 1.373293043586602466e-03 5.308391277716099877e-04 1.136370982748469426e-04
-6.967866518001373209e-03 1.953053718580228040e-03 3.156021572789846109e-03 3.073049410112048494e-03 -5.983548658971755627e-03 3.122294353801673139e-03 4.871327578518976596e-03 5.045606703335171576e-03 -8.004531089611605088e-03 3.531949156373076319e-03 3.546012922227218932e-03 3.850277534896333863e-03 -1.118287849889791977e-02 1.629680711709799055e-03 -2.353260049223936860e-04 8.685310922328334272e-04
-6.984830106906842785e-03 2.149609524326703824e-03 2.843434935883089928e-03 2.666931297125366401e-03 -5.767900836094026762e-03 3.199224597229971719e-03 4.591456284086557066e-03 4.766876608674052752e-03 -8.680239229861557923e-03 3.574050754790053432e-03 2.855103154847442055e-03 3.838979465978255290e-03 -1.020701864716982987e-02 1.380798600744802783e-03 7.014685944446999661e-04 1.207436285204935940e-03
-7.098652746014770358e-03 2.518601497534984652e-03 3.443243734851430485e-03 2.614960545975944517e-03 -6.149894867123303216e-03 3.246908851423801427e-03 3.723815013479687529e-03 4.966228985936595869e-03 -8.821597343283766463e-03 3.514691255654868278e-03 2.994359838195268225e-03 3.007934982696255834e-03 -9.239125737682226877e-03 1.241188259113100607e-03 1.759989767185290716e-04 1.914146261095672893e-03
-7.352121458884316486e-03 2.441098583963853454e-03 3.251030559838427158e-03 2.541901775711551473e-03 -6.071548813950938296e-03 2.733524453354534665e-03 4.026837552288967288e-03 4.662371164904565053e-03 -9.177531465800987248e-03 4.038231763226194683e-03 2.878660103923790046e-03 3.124131076716189000e-03 -9.208377462074059799e-03 1.275449942319925112e-03 4.897601698676416542e-04 2.455917589251552669e-03
-6.559218689540186574e-03 1.946224373023727012e-03 3.456478544622605936e-03 3.310793134683664204e-03 -6.068457221124866872e-03 2.452792467001184331e-03 3.405536536709606685e-03 4.084666893206028923e-03 -8.361266508277974407e-03 4.069603697370314035e-03 2.516301472599925641e-03 3.058703456763977625e-03 -9.015470429005086050e-03 1.633220858142585535e-03 4.864040754315344592e-04 1.454288931590958650e-03
-6.461969068304141556e-03 1.616579551798615630e-03 2.910601215383794207e-03 2.731046316392462571e-03 -6.160326205960819403e-03 2.810477367191851605e-03 3.514060708563382721e-03 4.035166800602253516e-03 -7.962946951842955409e-03 3.955806466217837852e-03 2.762652341336018034e-03 2.607007232511178874e-03 -8.929543316032923644e-03 2.266497489270113269e-03 4.180924443359522631e-04 1.681924776019669320e-03
-7.269565446009326228e-03 1.785410654540840660e-03 2.913607205574074606e-03 2.594271190325084242e-03 -6.169238315186629899e-03 2.845215571991608922e-03 3.479453556986317284e-03 4.139329156721735167e-03 -7.334138150118801533e-03 3.827392319702352039e-03 2.319968662044896712e-03 2.629630829607237496e-03 -8.936808579725534149e-03 2.756072514291571171e-03 7.766238449591664856e-04 1.445958321796662893e-03
-7.128893183731911491e-03 1.987381828258517630e-03 2.048806665420941243e-03 3.109598259383683245e-03 -6.391954552398763055e-03 3.143500132173863027e-03 3.271102851845505716e-03 4.280997909481921125e-03 -7.776328222930059715e-03 3.581763406973165198e-03 2.775092263939095676e-03 2.880941403726355009e-03 -8.454191833766042108e-03 2.199298144874531347e-03 8.672903485806692653e-04 1.403229611129572056e-03
-7.173674804036765662e-03 1.951924859327431108e-03 2.734959783179812583e-03 2.505245520607635255e-03 -6.215001610124069702e-03 3.182510032148538979e-03 3.493692017573824405e-03 3.833978086354100558e-03 -7.515500196772401803e-03 3.696999052573450659e-03 2.598717349316023977e-03 2.669879720581935269e-03 -8.891015567673543965e-03 2.303028261875377652e-03 8.046279122808817300e-04 1.820831172936432287e-03
-7.309288633176148388e-03 2.125342177496002388e-03 2.866342107275604654e-03 2.481476749264143172e-03 -6.004699600917298187e-03 3.071269519157646295e-03 3.203924596922994895e-03 3.589591457538949485e-03 -7.640191536823264830e-03 3.402013475155680599e-03 2.746935123686984094e-03 3.100595983992717863e-03 -8.663122776900098604e-03 2.277992137010768133e-03 7.168228272355250778e-04 1.808297327637789671e-03
-7.189431668351790178e-03 1.739677352175797659e-03 2.936564549670009610e-03 2.665855796372307903e-03 -6.188326398755235498e-03 2.970819868524086395e-03 3.310354350967598894e-03 3.768595938536639916e-03 -7.304460595044423056e-03 3.275907335558816188e-03 2.868515877406678863e-03 2.746129697472682405e-03 -8.577059559320343238e-03 2.213205468207837291e-03 8.996788098449738516e-04 1.592199319333876487e-03
-7.082125710129082152e-03 2.284282132344900122e-03 2.443041504548251232e-03 2.709867389170756737e-03 -6.379584767912616083e-03 2.835781750168510102e-03 2.967348557312371893e-03 3.550049118708701722e-03 -7.439283809214890936e-03 3.554582406618304706e-03 2.650437289659484177e-03 3.023492701564495320e-03 -8.211980073467918181e-03 1.907232659945951427e-03 1.229392047958869456e-03 1.650713955365014579e-03
-7.312007853936847157e-03 2.170839078915051939e-03 2.654422753338979337e-03 2.859431206946864545e-03 -5.975672790184001146e-03 2.827741073943738654e-03 2.297413154238995593e-03 3.816346939488284452e-03 -7.722046226432893908e-03 3.605732429503542055e-03 2.566102314984071604e-03 3.360925555855395416e-03 -8.392564922655160534e-03 1.918717236055831254e-03 1.482092575390295264e-03 1.582186965693632447e-03
-7.311277022758114544e-03 2.278285825750617308e-03 2.564450600251514528e-03 2.839063357688397741e-03 -6.252230706004518850e-03 2.838509217950447097e-03 2.763917285390249910e-03 3.623557448624543671e-03 -7.448323338892845827e-03 3.177757407115772755e-03 2.816061378052982494e-03 3.248797418946324997e-03 -8.365668256633637667e-03 2.152569644721740848e-03 1.035388376286283316e-03 1.766130089065330068e-03
-7.193486070471244963e-03 2.521686448020747651e-03 2.173794912724190658e-03 3.144105061490518743e-03 -6.057706356197723602e-03 3.002249791321381488e-03 2.610135567715133557e-03 2.940404608183138160e-03 -7.444422602354362588e-03 2.974891213309155402e-03 2.805733505141736524e-03 3.026246605566708988e-03 -8.176334024901497910e-03 2.506092594950127053e-03 9.246003389350576770e-04 1.904528343227881830e-03
-7.145258204454389868e-03 2.424909338887629596e-03 2.571874283280850201e-03 2.782205029526313520e-03 -6.062829185583833505e-03 2.791091211095907999e-03 2.475332072505951556e-03 3.283030519533566925e-03 -7.517080079726430088e-03 3.088660173998676161e-03 2.943195197724339084e-03 2.841891593007658638e-03 -7.639613222302497550e-03 2.247395094939221103e-03 8.271611383077917372e-04 1.690459497480178638e-03
-7.308437686676897728e-03 2.556790837499163527e-03 2.453996612466991575e-03 2.677695266997986556e-03 -6.279663707089391811e-03 2.661168316809971700e-03 3.287787063974765937e-03 3.392306007594582395e-03 -7.879398570526739698e-03 2.942164662976373170e-03 2.743038148670831448e-03 2.462276935879616213e-03 -7.319487148143135301e-03 2.255892337072762724e-03 1.023260441719854282e-03 1.976093563775625089e-03
-7.170718049766944442e-03 2.852872726063534602e-03 2.384091723683483006e-03 2.834475748190006406e-03 -6.374119406864193517e-03 2.429237699882437051e-03 3.482495520075833042e-03 3.227007637410464740e-03 -7.926566856075810408e-03 2.330739024168966382e-03 2.719270650109796919e-03 2.529840197667632476e-03 -7.294100475438715717e-03 2.082149882574095123e-03 1.702532527913401235e-03 1.826646693232819585e-03
-7.111468129466551324e-03 2.826035130521397255e-03 2.095565577636923724e-03 2.884019581663775558e-03 -6.522206199619717468e-03 2.390286043135594202e-03 3.430910695515572775e-03 3.252500519177374452e-03 -7.761876299267588160e-03 2.489334669577439232e-03 2.907017359303413432e-03 2.334777113181707182e-03 -7.185500596653234678e-03 2.257533693068642777e-03 1.240032044444214871e-03 2.089148912284703383e-03
-7.060254989663975085e-03 3.046082100829747633e-03 2.520711189761187798e-03 2.500767538794941482e-03 -6.689837977885788531e-03 2.466311931905103977e-03 3.449847753281536349e-03 2.951452408289480158e-03 -7.456993046683477698e-03 2.714840566982519143e-03 2.590494221488006364e-03 1.569973455166834460e-03 -7.672691298191859806e-03 2.234554393929158098e-03 1.914140514300474542e-03 2.563590273210236258e-03
-6.884354541774561492e-03 2.852237073256153402e-03 2.716558853120253688e-03 2.634718864025184602e-03 -6.513372612070789797e-03 2.116867873076039991e-03 3.623397976414962762e-03 2.774950032163118075e-03 -7.696056201529797788e-03 2.857643503786658646e-03 2.596659826003852849e-03 1.592041203004713502e-03 -7.659676909417112607e-03 1.902881836279312223e-03 1.926454028555662579e-03 2.794099046785338165e-03
-6.948298924168349808e-03 2.853587305061597388e-03 2.444194293876636361e-03 2.856745042480494327e-03 -6.465105260968385427e-03 2.148669072363726743e-03 3.416878290502039887e-03 2.910804720677688442e-03 -7.922542770592341105e-03 2.896811888647954272e-03 2.592723173860744714e-03 1.988022778702752333e-03 -7.504897361627554248e-03 1.748353748528652055e-03 2.031276871560429558e-03 2.594761280637862023e-03
-6.890965183703317946e-03 2.712528542286189986e-03 2.340042735732335375e-03 3.099341452542999850e-03 -6.646506365813049065e-03 2.247876247718214211e-03 3.176196005060195372e-03 2.647005445084531314e-03 -7.532761653698322700e-03 2.476437830689461397e-03 2.842331882910614435e-03 2.187915747622198002e-03 -7.685750270686784492e-03 1.946350770414276331e-03 1.986711353334908586e-03 2.717971932380217753e-03
-6.951721486104091123e-03 2.672643798796558567e-03 2.565937121299867191e-03 2.924520397349532948e-03 -6.399326003509341575e-03 2.161662935045418222e-03 3.046608237786590893e-03 2.389704430101228811e-03 -7.792129643012280643e-03 2.644667272577359840e-03 2.957606912975668367e-03 2.267730750303659400e-03 -7.234403078495824785e-03 1.820514839098508848e-03 1.968461618017872030e-03 2.539980703508809209e-03
-6.898180271209392901e-03 2.502412778069105104e-03 2.259800430193696814e-03 2.818227993100537541e-03 -6.636156910512698050e-03 2.191669906067126531e-03 3.099317278124490323e-03 2.469731976610962422e-03 -7.409573465672325381e-03 2.559384178582755406e-03 3.026440969178718216e-03 2.191831163046039765e-03 -7.055961517585406309e-03 2.168891030910072727e-03 2.093044894230619308e-03 2.152798840070589952e-03
-6.999347227594381222e-03 2.765497898536773205e-03 2.406377925983398808e-03 2.850895269839532221e-03 -6.977281408725426876e-03 2.419216898351350849e-03 3.162583327642193819e-03 2.256632122803762987e-03 -7.142519153453916192e-03 2.268995684157502132e-03 2.855053389380134664e-03 2.508261456105215139e-03 -7.066984965434249151e-03 1.841960431948881085e-03 2.382249315977386962e-03 2.022061840261572038e-03
-7.296951968418181889e-03 3.165688747146904077e-03 2.598948409800187938e-03 2.458678163389453608e-03 -6.826824432079006688e-03 2.034094164927912653e-03 2.922560732282213861e-03 2.357558062881409764e-03 -7.070251026451454361e-03 1.974182119779663725e-03 3.070653370630974273e-03 2.684909680770926690e-03 -7.320494482503180078e-03 2.311314368893767606e-03 2.514232983995397241e-03 2.014877027488599925e-03
-7.051511729846213737e-03 2.862450674328956713e-03 2.512415813617288173e-03 2.577722505184567095e-03 -6.560999750697430952e-03 2.077667058397256270e-03 2.653016185599119201e-03 2.292448071144827758e-03 -6.852604394886680633e-03 2.175101880745105784e-03 2.719485510183227914e-03 2.593268822636946979e-03 -7.290396238622841307e-03 2.495010121540629320e-03 2.385747142310865043e-03 1.914592768968545857e-03
-6.855541133558803492e-03 2.497530396866558255e-03 2.489368394209486284e-03 2.574381515056425179e-03 -6.761657702754007675e-03 2.056959362269948979e-03 2.882686183305140353e-03 2.085593010074691684e-03 -6.728750536257507506e-03 2.214370143473982921e-03 2.922877051666303121e-03 2.558001783649996308e-03 -7.301369692719899933e-03 2.518398708147980610e-03 2.243062651732582059e-03 2.095626697380815594e-03
-6.927943644085354270e-03 2.604402591623660237e-03 2.571083239070211159e-03 2.312919720920334366e-03 -6.869053750491058152e-03 2.135039266295066761e-03 2.823443131988863548e-03 2.229594724528187119e-03 -6.867088761617944417e-03 2.377463856597416929e-03 2.955145280242206345e-03 2.345261113418112536e-03 -7.307926179997117216e-03 2.612028222618898322e-03 2.237098472624832364e-03 2.294330751545317106e-03
-7.306247233544491994e-03 2.885721847065745183e-03 2.493737468899739559e-03 2.512449498805561024e-03 -6.886003618456044972e-03 1.908291138092986158e-03 2.897546286319699696e-03 2.408618846276636399e-03 -6.868583698842477096e-03 2.474062929807608908e-03 2.788174854011537303e-03 2.425232041731024708e-03 -7.378943648184676726e-03 2.589447691149518622e-03 2.310246708852768758e-03 2.326089388422792129e-03
-7.448927266874455846e-03 2.548480712735136638e-03 2.805406554990194732e-03 2.470206780279421335e-03 -6.778525679030690705e-03 1.995330434163911874e-03 2.735622157485807435e-03 2.721164768669629124e-03 -6.726856684386771888e-03 2.297107728534075136e-03 2.500134576261339205e-03 2.693622239540503869e-03 -7.216289402685953022e-03 2.249534685089723315e-03 2.257554532150112328e-03 2.445860733738963472e-03
-7.192701901125366296e-03 2.667531349655888340e-03 2.449424052772345047e-03 2.418691493906405081e-03 -6.913032747240712393e-03 1.940738385210542078e-03 2.934140967193462918e-03 2.863581645126382028e-03 -6.886140868868582780e-03 2.414546227583939161e-03 2.499578904800485966e-03 2.503208536712866247e-03 -7.343693594235387555e-03 2.230251112329465976e-03 2.499041451630087517e-03 2.481974982128886970e-03
-7.465724741448944747e-03 2.365963641759901304e-03 2.728434822789092135e-03 2.309935544478145669e-03 -6.863729527225238131e-03 2.193337486028545166e-03 3.055009425372530191e-03 2.605689775079063006e-03 -6.925855008445246964e-03 2.555393394353971340e-03 2.624856265511330434e-03 2.483909132783795534e-03 -7.382159344486777762e-03 2.304097357286594584e-03 2.772341067225187004e-03 2.240735682582832046e-03
-6.991232648676439822e-03 2.466070627050227608e-03 2.529626933395168979e-03 2.413019227763912519e-03 -6.820855376754950822e-03 2.155328753823299980e-03 2.857369442628238977e-03 2.342123286968212422e-03 -7.323586857260177760e-03 2.673991122431104445e-03 2.774907900160753296e-03 2.701350350824568113e-03 -7.326368706287278432e-03 2.296256558288165255e-03 2.653129424142347276e-03 2.179811267286382512e-03
-7.284284373109377840e-03 2.570474879562196623e-03 2.500704740678852313e-03 2.415424088326623142e-03 -6.643556229227720253e-03 2.305429029488656641e-03 2.746509965694136478e-03 2.511082605017206024e-03 -7.372671706623769826e-03 2.810103943681124990e-03 2.580633010514033366e-03 2.635023604678224385e-03 -7.168060312701863938e-03 2.024680641622078874e-03 2.641541562461776661e-03 2.309068528298060304e-03
-7.332065363836689532e-03 2.729404511512753106e-03 2.340065302766970029e-03 2.412057913143084587e-03 -6.511536786137862333e-03 2.307772513460518062e-03 2.854045137842156025e-03 2.251528066179184998e-03 -7.532655285166808649e-03 2.821941747218250068e-03 2.203559318338851707e-03 2.984956323334104697e-03 -6.863056152590842930e-03 1.767049272759707102e-03 2.833775973087020866e-03 2.296204058085028147e-03
-7.042550932067017169e-03 2.731524239409339073e-03 2.361987060899647158e-03 2.089649030812687318e-03 -6.548313234808689036e-03 2.641003824991985157e-03 2.785601249787010916e-03 2.325204961713495718e-03 -7.318589142507143583e-03 2.743571977706420802e-03 2.080797525223173662e-03 2.841806838516912695e-03 -6.713246421106336403e-03 1.774358863453969317e-03 2.642181783049120294e-03 2.096931023076112430e-03
-7.191081729733100544e-03 2.329647173863305925e-03 2.651515558605876521e-03 2.360656069344256071e-03 -6.741923148036125385e-03 2.887900912340245554e-03 2.692464414287904211e-03 2.377257488066889229e-03 -7.231344486845464777e-03 2.182281093711234410e-03 2.385880908311647196e-03 3.010832362169481215e-03 -6.692015701799193354e-03 1.782052043331834980e-03 2.724938928921238641e-03 1.988571545347133512e-03
-7.456216585847890918e-03 2.758759095737188961e-03 2.512945820536548365e-03 2.549785044212307152e-03 -6.590964368310833592e-03 2.771076544135604551e-03 2.431416865591301806e-03 2.493722710582287755e-03 -7.377762772533390072e-03 2.187641832203623005e-03 2.347503665154010780e-03 3.229585557477042054e-03 -6.856771437096540606e-03 1.881917855910422276e-03 2.581571056988907036e-03 2.102496007180152445e-03
-7.036887747978239592e-03 2.865327420764790176e-03 2.496108393771865296e-03 2.334975708618058747e-03 -6.714310805218229143e-03 2.833121487486546866e-03 2.284185608951570367e-03 2.453706391478033960e-03 -7.478475793113236597e-03 2.523504585510297996e-03 2.020173434105418820e-03 3.145734152577359024e-03 -7.054761147436516659e-03 1.874324077450322977e-03 2.682049806818575209e-03 2.337104510365327695e-03
-7.158367700109130941e-03 2.657355648430145215e-03 2.619909181611183684e-03 2.186514327209657018e-03 -6.503020670018027152e-03 3.034874201628514571e-03 2.222677688055477337e-03 2.443305180987531602e-03 -7.478580352894307823e-03 2.630993121849078444e-03 2.169008313065947345e-03 2.835743533082231080e-03 -7.113931566698652835e-03 1.902932864959666582e-03 2.565423385961917643e-03 2.547199145107436041e-03
-7.181971075839022230e-03 2.493883535109382276e-03 2.932482577619895201e-03 2.359690332144644478e-03 -6.453078689501366705e-03 2.994116455843482110e-03 2.084862043459285042e-03 2.356975563296926333e-03 -7.310075410915346968e-03 2.840341561545568858e-03 1.902264649740642230e-03 2.935710572868357147e-03 -7.346822706213348465e-03 2.241876349418998795e-03 2.442303617693792651e-03 2.275779354316468869e-03
-7.201729379332963941e-03 2.823582206281038520e-03 3.102567687230225069e-03 2.170432238251702138e-03 -6.531426220143671420e-03 2.944359356948244091e-03 2.288855238785773502e-03 2.469987256961533092e-03 -7.493246169386270916e-03 2.900497459381377700e-03 1.950671382091937042e-03 2.945569882100429904e-03 -7.710632668580783000e-03 2.325201123099877344e-03 2.366300943016003393e-03 2.293575095349014228e-03
-7.231742190914767707e-03 2.452319137963374345e-03 3.135197728943270486e-03 2.270673801096127764e-03 -6.719424321025213240e-03 2.811250179284885929e-03 2.525521806022104718e-03 2.853402454098010604e-03 -7.979480812050665159e-03 2.803622581576564222e-03 1.870085979286705826e-03 2.748192834492567058e-03 -7.490927118762003359e-03 2.703550515588924730e-03 2.429027407375850770e-03 2.518547842833117854e-03
-7.102773684203707305e-03 2.889281062374345326e-03 2.768571141794289037e-03 2.056503561243997347e-03 -6.251549645834785299e-03 2.452400140115413175e-03 2.460077998630240750e-03 2.781340843290635439e-03 -7.914851059916886214e-03 2.500077387601055273e-03 2.100384754370908033e-03 2.743904161197919730e-03 -7.623899154599590895e-03 2.731926176414354018e-03 2.586566543004416383e-03 2.462658970424419155e-03
-7.342203316371512592e-03 2.722308190143795346e-03 2.863457244836034067e-03 2.322391252505713859e-03 -6.477628702994537614e-03 2.478026639422939437e-03 2.828911272458787228e-03 2.578473062003024206e-03 -7.619496943006812302e-03 2.591131981210492621e-03 1.895476612426905301e-03 2.545831887525696734e-03 -7.064151611418098727e-03 2.613153641870009404e-03 2.521935391008214410e-03 2.132833399470629096e-03
-7.089124029299146909e-03 2.640390496177575860e-03 2.314216503229354904e-03 2.371077719583060319e-03 -6.545824151462082026e-03 2.536867020780406851e-03 2.743958832349794891e-03 2.789166949278653988e-03 -6.932120638514631741e-03 1.839606414949699741e-03 2.049471780204424262e-03 2.531941758260326716e-03 -7.079022130260266901e-03 2.258590050413372685e-03 2.556504953932121470e-03 2.505061595534353435e-03
-7.060407312831075595e-03 2.683820952747964679e-03 2.084278579136876648e-03 2.324189120844465887e-03 -6.785524627936400169e-03 2.806813625131588004e-03 2.986406274449721673e-03 2.797793126951803044e-03 -7.321431073305429207e-03 2.324027838308662715e-03 2.029194303732374978e-03 2.337532069691385279e-03 -6.960280677080021502e-03 2.265363360190606780e-03 2.496384995676153001e-03 2.536723938230448904e-03
-7.352847846897179150e-03 2.438216549503670859e-03 2.642361181191582326e-03 2.330056185517779144e-03 -6.789451216136377192e-03 2.949862571371803313e-03 2.839230480593707071e-03 2.819316383394693693e-03 -7.545938653818495302e-03 2.756549583516773160e-03 1.952274335438675904e-03 2.230414050096673779e-03 -7.189870212635321792e-03 2.349872307100011031e-03 2.690834515166701853e-03 2.510707885985142933e-03
-7.454481754054912909e-03 2.433135917363375266e-03 2.614186294248367105e-03 2.403108251077335292e-03 -6.812278931925997046e-03 2.902051203761398922e-03 2.647110071503945387e-03 2.647566952394560420e-03 -7.309856716863375944e-03 2.893588746578729717e-03 1.848204545347152845e-03 2.343518609817292313e-03 -7.112195270193919297e-03 2.399618933220524792e-03 2.697331292245799903e-03 2.468154596854449292e-03
-7.005277646097120108e-03 2.491215411146990768e-03 2.586941787940511168e-03 2.542777004464406247e-03 -6.994521661505387865e-03 3.094437388626823660e-03 2.720424768761432483e-03 2.384220746517171693e-03 -7.300926110295965187e-03 2.951365739763016100e-03 2.119557954221379208e-03 2.332330677347166283e-03 -7.139229050083582655e-03 2.432715933686568389e-03 2.460400622734654381e-03 1.904191801555382138e-03
-7.174550639143783062e-03 2.506739266545072488e-03 2.320127389070983284e-03 2.731526643824592343e-03 -7.104777013176357195e-03 3.263396311921468694e-03 2.963213984474489041e-03 2.436576774675574750e-03 -7.239156721672792769e-03 2.652906750183587573e-03 2.156970244528510963e-03 2.427328932874664100e-03 -7.076309258001939502e-03 2.694420821992281421e-03 2.135014828803291805e-03 1.906710821406617249e-03
-7.135128117966946237e-03 2.627754855180932086e-03 2.612271989785395349e-03 2.719043647668258415e-03 -6.944475919410176765e-03 2.965430237043308395e-03 2.339966120485793832e-03 2.721969518423111595e-03 -7.159090589778573967e-03 2.695013039874452707e-03 2.038725388344864858e-03 2.263480473476719643e-03 -7.144369068300903368e-03 2.451444472203728481e-03 2.483882734912145653e-03 2.036645881143587904e-03
-7.034036290876492618e-03 2.668353537011348628e-03 2.766633948987085208e-03 2.416728792154373712e-03 -6.889117111142684623e-03 2.959409806220777289e-03 2.658463551530424428e-03 2.349880557985874890e-03 -7.175815222197278256e-03 2.324688767073498571e-03 2.109075401595046032e-03 2.578753657814407581e-03 -7.176064884468691223e-03 2.356933640436982818e-03 2.670510340751990497e-03 1.975972100128744156e-03
-7.144090721541290767e-03 2.548137113157674868e-03 2.679854745710644453e-03 2.741927173165666174e-03 -6.936563689334810344e-03 2.870405357144934205e-03 2.603025257560512978e-03 2.546948570730251521e-03 -7.179396090252310181e-03 2.467201285864310117e-03 2.072240843151113097e-03 2.480202542404790281e-03 -7.223302213966645638e-03 2.528337834743468650e-03 2.437699212182777193e-03 2.089814801636253640e-03
-7.143718759424036967e-03 2.653461016544592273e-03 2.635686663408366368e-03 2.686299949778684151e-03 -6.813519129775630866e-03 2.647157800092575335e-03 2.299956794691362331e-03 2.951039611691087024e-03 -7.473537544890098035e-03 2.488241995396005615e-03 2.346855852522167999e-03 2.497431273015916775e-03 -7.380464101858724354e-03 2.317675498329552480e-03 2.578311125538767547e-03 2.329711727507232776e-03
-6.823673177105691809e-03 2.631077233884476785e-03 2.445072486403927509e-03 2.849948373166059836e-03 -6.784403342521452655e-03 2.437749554979885304e-03 2.153806895175532522e-03 2.775361995382326970e-03 -7.249377971190198132e-03 2.677661814123885511e-03 2.281617123650524822e-03 2.337546706750912810e-03 -7.372566209983231859e-03 2.334664972176084177e-03 2.521730897338403474e-03 2.338325980084079471e-03
-7.058097196913815270e-03 2.638119255834565739e-03 2.293779124500262227e-03 2.758362185909211950e-03 -6.743122840336339407e-03 2.414702766961718001e-03 2.389810235433941030e-03 2.813167530881596594e-03 -7.304367527400152174e-03 2.786509514087415814e-03 2.305175558343859881e-03 2.168912338431520492e-03 -7.148104275258821555e-03 2.477733187298973398e-03 2.558691175931011169e-03 2.205800579628376928e-03
-7.085520010968294514e-03 2.820787230338027678e-03 2.345919085327290935e-03 2.669141561677790958e-03 -6.961662599955700977e-03 2.451306848353498012e-03 2.656460033942817552e-03 2.599798469394293786e-03 -7.549698145111587329e-03 3.001390602292527531e-03 2.318517851083377792e-03 2.085336265476790858e-03 -7.106424719056629417e-03 2.376143850525903878e-03 2.708688074355866844e-03 2.279355857743068248e-03
-6.729233934877322520e-03 2.601077137724765002e-03 2.656447918622280389e-03 2.575716368223582731e-03 -6.842382052486245536e-03 2.434358717144113806e-03 2.447268132940693449e-03 2.336558596513400605e-03 -7.843862393832506594e-03 2.818445567814876433e-03 2.686834460319225369e-03 1.800477469415699651e-03 -7.125004468519951888e-03 2.493455120522092630e-03 3.080526092033856762e-03 2.205777404441191386e-03
-6.706881622357980730e-03 2.495261206076479586e-03 2.531857500609498504e-03 2.378724029363406267e-03 -6.826243348335475115e-03 2.527577528927629161e-03 2.436708313250239219e-03 2.340897616149105031e-03 -7.612129763708481468e-03 2.771597484544395269e-03 2.469812479342603853e-03 2.064024379665630338e-03 -6.866732683737180980e-03 2.424546418296955313e-03 2.617262991124700948e-03 2.484367565426225718e-03
-6.689217052488592372e-03 2.524829197686747750e-03 2.777955842585329554e-03 2.568423313104632733e-03 -7.103771867119784006e-03 2.676522837340619340e-03 2.646007572341747480e-03 2.329994485315314574e-03 -7.709368040595986071e-03 2.775201856662791629e-03 2.656478573951110474e-03 1.722057086055986700e-03 -6.722812345578532689e-03 2.242791300026406986e-03 2.533180088059686606e-03 2.330951491679798381e-03
-6.722749648722547988e-03 2.405076375518634766e-03 2.625796538079147330e-03 2.616578752570585756e-03 -7.421293293230916792e-03 2.443765908928461229e-03 2.812133153126974289e-03 2.434002006798076639e-03 -7.514174889474366757e-03 2.644033207633429174e-03 2.410866690378562702e-03 2.096395157035264595e-03 -6.729253657588149876e-03 2.172306110291697366e-03 2.759344838293882607e-03 2.541578257100184524e-03
-6.908788049004691706e-03 2.299272311745559697e-03 2.946461197967335278e-03 2.595333479835322966e-03 -7.442695597696359459e-03 2.681724636675375095e-03 2.562396238114801085e-03 2.467339442609544319e-03 -7.250311371441075549e-03 2.437310699952492925e-03 2.362745935188822945e-03 2.074776722054024608e-03 -6.753338926701301856e-03 2.223059455815122078e-03 2.825066520049130704e-03 2.449558435700553878e-03
-6.810867517472105059e-03 2.616695951657614736e-03 2.858198919210875114e-03 2.505168781534930413e-03 -7.372240461690990516e-03 2.601611715670025179e-03 2.270284696198489067e-03 2.657541197707361576e-03 -7.179451116677313532e-03 2.606053414362313660e-03 2.542281682753601453e-03 1.931585818446017976e-03 -6.851129061181113200e-03 2.182056085332178316e-03 2.482133623570719882e-03 2.513341696848308757e-03
-6.921296431134722066e-03 2.556313137806542381e-03 2.805783202216867011e-03 2.744109169988888635e-03 -7.536468513678658797e-03 2.767103135437125848e-03 2.440916708223872782e-03 2.503960309764434976e-03 -7.187395645911427711e-03 2.449159021765576552e-03 2.376517540389103556e-03 2.272843066048825782e-03 -7.184745632380197013e-03 2.033853930339515458e-03 3.006193816164148738e-03 2.497341329103419574e-03
-6.681811042797823619e-03 2.463092528312594252e-03 2.677577495001911851e-03 2.779725633425093878e-03 -7.493574808666168992e-03 2.626271418696199140e-03 2.485615986436330669e-03 2.322610061851530967e-03 -6.857898838562193067e-03 2.442779385549843311e-03 2.286673783953819747e-03 2.184995294343708601e-03 -6.907130704611201891e-03 1.990086599005937585e-03 2.774357640841681235e-03 2.429929406957373559e-03
-6.949963520803017873e-03 2.439625234904280009e-03 2.897417828826975156e-03 2.874479660605319242e-03 -7.332852495268734824e-03 2.664974890021605536e-03 2.325121600188263544e-03 2.287867528780435523e-03 -7.108547600183704601e-03 2.771630029151368572e-03 2.377758530646721657e-03 2.038126836393198103e-03 -7.204543977313676920e-03 2.466578545063547769e-03 2.680620120013049723e-03 2.368108112235276473e-03
-7.043065405009233879e-03 3.006329336109447425e-03 2.664659885383442121e-03 2.547005533780415890e-03 -7.519687786757981406e-03 2.396765025375406557e-03 2.351873476167774465e-03 2.261248435952255189e-03 -6.982182667335874900e-03 2.741388408515131863e-03 2.235785100463945005e-03 1.911841292788612643e-03 -7.337023124402513273e-03 2.783025550713018759e-03 2.929248131831981711e-03 2.684957254809538021e-03
-7.170538714747181318e-03 3.066581600827455144e-03 2.671259395687220883e-03 2.661261447775145790e-03 -7.506997817441495198e-03 2.386786256298481686e-03 2.668629221079356264e-03 2.145484372982472184e-03 -7.117971658572599079e-03 2.398797169854150098e-03 2.471752666676260875e-03 2.080506402958428539e-03 -7.189040870775481075e-03 2.479952500110632705e-03 2.997366135610069621e-03 2.598635598524253777e-03
-7.272247653305690708e-03 2.723734646406364857e-03 2.638920212280048035e-03 2.930327462197377959e-03 -7.196843028863312425e-03 2.550301741082917732e-03 2.622980229693685095e-03 2.202342075785735254e-03 -7.158193442352081375e-03 2.404227882556091243e-03 2.203556462049818289e-03 2.172919196582498262e-03 -6.968045812959002168e-03 2.162663967858797880e-03 3.119612987849113180e-03 2.461547757776583797e-03
-7.112980095403558835e-03 2.419073839583021045e-03 2.673495757214290960e-03 3.024816816429800551e-03 -7.200255455642919251e-03 2.652128751644549243e-03 2.568171630005236083e-03 2.149542666249440112e-03 -7.122221267763358989e-03 2.491352795470650784e-03 2.136616536797642830e-03 2.105901329762159286e-03 -6.622592394077873694e-03 2.454785398697395971e-03 2.647723881415853329e-03 2.270906789873387236e-03
-7.290904885512420296e-03 2.204290469625616849e-03 2.855117624002558724e-03 2.831099729585844112e-03 -6.992125688210179893e-03 2.499084336661292968e-03 2.478313543903922552e-03 2.173116221625137189e-03 -6.913989490822987881e-03 2.860793230927902598e-03 2.068055757627219274e-03 1.913112214517414481e-03 -6.727452729129440069e-03 2.316609991280331980e-03 2.819486256641861796e-03 2.428853205742173213e-03
-7.072917754272664038e-03 2.235771808635837223e-03 2.909937913725740496e-03 2.820693429919058672e-03 -7.101523916401296203e-03 2.546172662676204467e-03 2.325549173805539944e-03 2.203300357356822569e-03 -7.079689589009042182e-03 2.846029394301610813e-03 2.319135716147051329e-03 2.077839721221696676e-03 -7.139550522371160800e-03 2.564240520948305076e-03 2.757738466972920431e-03 2.360767288242388018e-03
-6.913340190129416141e-03 2.280531650851814422e-03 2.671372356251045140e-03 2.647542514148763185e-03 -6.736771721318308807e-03 2.450803412274212695e-03 2.665800906141081728e-03 2.121060629756266365e-03 -7.061987310497711348e-03 2.580794087515223337e-03 2.321112632498088368e-03 1.950363182166480564e-03 -7.085271962926650499e-03 2.448373126222012659e-03 2.788176949703023537e-03 2.377259286384380676e-03
-7.059514027698317838e-03 2.330627437947629596e-03 2.654831494087377640e-03 2.535023102683632828e-03 -6.974145216268659402e-03 2.837710227092438836e-03 2.647356088539967473e-03 2.241446202812236860e-03 -7.257283918147072049e-03 2.532227106628432388e-03 2.461288403000079766e-03 1.984719014321481307e-03 -6.992763187112620467e-03 2.351007901548651715e-03 2.762829321915708999e-03 2.504561530648917803e-03
-7.116940573686149352e-03 2.463739288679919325e-03 2.744162702245927718e-03 2.364775679540936926e-03 -6.809097045579336378e-03 2.583945052624058141e-03 2.585284265563776458e-03 2.376979469036381333e-03 -6.992818897713280919e-03 2.134362306239969472e-03 2.302216559930075554e-03 2.257733919547348471e-03 -6.927666495726533466e-03 2.437253814916888212e-03 2.738714265885678224e-03 2.366834594825283165e-03
-7.038282505426465309e-03 2.310473155988455179e-03 2.906880833999767391e-03 2.274451045508590202e-03 -6.839052651568553430e-03 2.739741303874409974e-03 2.531327315857957727e-03 2.307408855352668844e-03 -7.072620686645257962e-03 2.577195798335128480e-03 2.358447713991989290e-03 1.843262188207314993e-03 -6.926806843092186972e-03 2.392860479099907008e-03 2.589601875357876431e-03 2.560165715250880755e-03
-7.394121919890669740e-03 2.411544031685686901e-03 2.746386136043009289e-03 2.711016946781676182e-03 -6.855340352470869897e-03 2.583553790621466884e-03 2.457164218804676597e-03 2.560360912957593878e-03 -7.219255763704713127e-03 2.673224042509712416e-03 2.442754419187759263e-03 1.821823482186742116e-03 -6.736322887315324831e-03 2.518724498561897458e-03 2.507567148203489454e-03 2.323579531451172662e-03
