# ex_work for 16 qbits with connectivity c6 and unitary DM 22804616656448
-8.362190325114780831e-02 1.320518006672569133e-01 1.320518006672569133e-01 1.320518006672569133e-01 -8.362192382177470462e-02 1.320518152463988348e-01 1.320518152463988348e-01 1.320518152463988348e-01 -8.362188268052131446e-02 1.320518152463988348e-01 1.320518152463988348e-01 1.320518152463988348e-01 -8.362190325114783607e-02 1.320518152463988348e-01 1.320518152463988348e-01 1.320518152463988348e-01
-5.949842302075908362e-02 4.192887842250408309e-02 5.126330382555054771e-02 4.713176351346817783e-02 -7.864938755710455809e-02 4.562877139401681770e-02 6.726588030904009918e-02 6.318792535668170396e-02 -6.742190882263954244e-02 4.723849740407713715e-02 5.877291866942199045e-02 4.822993245070811286e-02 -6.742190882263954244e-02 4.822994989450139769e-02 5.877291866942199045e-02 4.723849740407713715e-02
-5.615007210478307337e-02 2.600423806718912129e-02 3.346757979831581353e-02 3.413265399775410741e-02 -6.602356371234321952e-02 3.136535850572857997e-02 6.477043083052527739e-02 3.434139700216543023e-02 -6.180381393265725609e-02 2.316678275025184364e-02 5.170744313190978741e-02 4.778653479945778326e-02 -5.434930617235738531e-02 3.736399110032079945e-02 4.993528608076148317e-02 2.578600329346881007e-02
-5.881551720939987710e-02 3.269893608292803039e-02 3.885795404040258416e-02 2.235684630031868625e-02 -4.658174232622599303e-02 1.998190423891582287e-02 4.338975284553815009e-02 3.150051558956511871e-02 -6.392319913579606883e-02 3.403326692410627713e-02 5.337561838616684817e-02 3.416441353303644596e-02 -6.015298470816946019e-02 5.980253186389820202e-02 3.542787241313769681e-02 2.367308625617384199e-02
-4.979091904221071008e-02 2.695333968695821231e-02 2.470787420611626067e-02 2.403065352223993090e-02 -4.311512886606471556e-02 2.961794471509190951e-02 2.638038132632461799e-02 3.212988369994232429e-02 -4.063723582232277309e-02 2.261399483074684469e-02 3.779507934859194229e-02 -4.815453986345881628e-03 -5.269086654438062678e-02 3.672876507697567239e-02 4.175427444026146712e-02 4.215009946478590411e-03
-4.047734072566427921e-02 8.264792774963879499e-03 1.523329951357337182e-02 2.365016336146486681e-02 -3.430504796721951105e-02 2.371194945487215683e-02 1.882011148463223066e-02 2.020607732800439385e-02 -2.992721919156125093e-02 2.127842185427807065e-02 3.421646674868760590e-02 -2.454698352114389245e-03 -4.819717941564582997e-02 2.356825451923036038e-02 2.543072292077848406e-02 1.155242563531049677e-02
-3.832941129278055054e-02 1.188150869135040297e-02 1.250088821523395906e-02 1.777499539713722071e-02 -3.749624705267152330e-02 2.035478690888765582e-02 2.502126655998641869e-02 1.948743399749583785e-02 -2.327560660754358218e-02 1.797045609690718637e-02 2.505433525364426234e-02 -7.456673510851655933e-04 -4.237097908048047951e-02 1.766207241206181958e-02 2.990009163478540496e-02 3.485224202525769466e-03
-3.622953282063554048e-02 1.821773650595822150e-02 1.807537161210389515e-02 1.212217349023882694e-02 -3.663615483580796167e-02 1.638269764560339181e-02 2.653677562217110139e-02 8.268951282055105045e-03 -1.901374102944207445e-02 1.506868257239632122e-02 2.443379182149173559e-02 7.732759046062818997e-03 -3.413268220948442039e-02 1.266743665227154474e-02 1.227842662374514088e-02 -9.643933210910905860e-04
-2.996161944251881856e-02 1.552373444862322968e-02 1.410242876355362676e-02 7.231751547013612162e-03 -3.518823253499121090e-02 1.495006542617293224e-02 1.912804863634631411e-02 1.781044225561617331e-02 -1.670391702526453567e-02 1.071135205538636254e-02 1.876047292166653849e-02 6.827170704913218535e-03 -3.571691282087674502e-02 1.407338684515422982e-02 1.088071480833972295e-02 4.844649131099110217e-03
-2.268752146672629866e-02 1.753911467096896590e-02 1.018706768784251489e-02 1.258663559760386013e-05 -2.181183663731017797e-02 -2.445817842079607736e-03 1.842543386551853679e-02 1.751713065033396952e-02 -1.449390178754463368e-02 7.015156137257780485e-03 9.038032745051721370e-03 8.946657272121233753e-03 -2.606867896231044798e-02 1.296782951402389826e-02 -4.456982151814126332e-03 1.042817767606833181e-02
-1.163130213374008459e-02 9.061160491828791630e-03 9.736500529572800905e-03 -9.566575567098301166e-04 -1.734482368599934293e-02 1.506604365752648800e-03 1.067506278095691971e-02 6.524861310524794969e-03 -1.195329932383185079e-02 1.058656282313448493e-02 5.295948628120415030e-03 7.194687410802342621e-03 -2.023722404663131150e-02 6.003925943044229746e-03 -5.283589929273896542e-03 1.063059973842682936e-02
-9.576808514172838876e-03 7.526742753796696397e-03 5.355331130148710019e-03 2.315737943346051451e-03 -1.682108296911685730e-02 3.231989757645548078e-03 8.933218618377683842e-03 5.593777026720183655e-03 -1.285031694273976177e-02 1.165063922567157774e-02 5.465200055422367136e-03 6.645776743270380947e-03 -1.838339149584746618e-02 4.764122919492399730e-03 -1.019567450038627165e-04 4.060684225237768709e-03
-1.124691866984519478e-02 7.875391362219496399e-03 8.057218791088378504e-03 1.197038088028632005e-03 -1.709250546400669160e-02 3.876293669980982858e-03 7.993286682343196323e-03 6.277294014155178868e-03 -1.331932034590224516e-02 1.169501197341559981e-02 5.385414959243444918e-03 7.299525159014853652e-03 -1.786531454478473488e-02 3.267519694108161985e-03 -2.802849025126676833e-03 7.884235829413582808e-03
-1.283581639557944756e-02 9.225434999045978995e-03 4.080179642774866937e-03 3.816629091857658401e-03 -1.922324506764111485e-02 1.094033226647362234e-03 8.803963616836324793e-03 1.018037462757099242e-02 -1.291270858788014751e-02 1.092696171238932007e-02 4.407395433293934302e-03 6.799464066913674110e-03 -1.493502679718564270e-02 2.256279634303024525e-03 1.382964854963255610e-04 6.637151051689490350e-03
-1.035348515355822945e-02 6.612934559655621325e-03 4.021856395379845052e-03 3.417289381346546792e-03 -1.409207722995187498e-02 -2.487869452539619684e-03 7.524773975023011340e-03 8.343047625822991656e-03 -1.241534087784965275e-02 7.022932467170847973e-03 3.578869374407761886e-03 5.180836573663060059e-03 -1.243559421241798024e-02 4.573394404499306169e-03 2.651822548096924260e-04 6.837684262791277577e-03
-9.762503454279779225e-03 7.957622359272976953e-03 3.190039994060133235e-03 3.109671061111164789e-03 -1.257769685634895981e-02 -3.433949393973927643e-03 5.965218756159879065e-03 6.206434317592312080e-03 -1.113554924798225258e-02 7.307228037479095162e-03 5.521043413685679246e-03 4.948036473686290987e-03 -1.214549951349422861e-02 3.206793909126671831e-03 6.533826926252553130e-04 5.826938551187373777e-03
-1.087639362490881202e-02 3.874115320314037905e-03 3.691455556408576501e-03 2.345439743831366670e-03 -1.135999477968896096e-02 1.339127562316082005e-03 3.460543593952010357e-03 2.883938839215670433e-03 -1.039930694442485308e-02 7.168147771930521821e-03 4.246303896152766461e-03 4.339398656165160788e-03 -1.040088290572740298e-02 5.206759543990977304e-03 2.103428162161483962e-03 6.271130956787047787e-03
-8.955585774654573408e-03 1.600728631732205439e-03 3.712474791277176490e-03 2.540410816399354260e-03 -1.235702973390995218e-02 1.386866879762524820e-03 3.635485709175368969e-03 3.705203209071106143e-03 -1.121131708028589268e-02 6.596780510089138468e-03 5.513159088755850007e-03 4.486220635712807013e-03 -9.421761613068820387e-03 4.324268541479086431e-03 2.359168529691612649e-03 5.823076596137405012e-03
-8.880026247125151137e-03 2.626766400828841035e-03 3.728326285557225558e-03 1.153691137112734235e-03 -1.190808663736931186e-02 7.804712071405601592e-04 3.137105209502271709e-03 3.975108902137381925e-03 -1.063560866701159305e-02 6.841478492866140924e-03 4.539306075085019695e-03 5.624476393828258848e-03 -9.808299239489174509e-03 5.153382966224044105e-03 1.942017248158803061e-03 5.373417980740254757e-03
-9.555935151779633777e-03 2.975207955467333836e-03 4.044866066082833909e-03 1.400503977728590789e-03 -1.083017834096667957e-02 3.252882858457970417e-03 2.014971770634953804e-03 3.100748313430364955e-03 -9.020389337300671953e-03 5.660067890764774838e-03 3.415899608142413182e-03 5.293460619315724404e-03 -9.224382380235858145e-03 3.893706068248986574e-03 2.328496198803515962e-03 4.325794598451527910e-03
-8.378882583809213469e-03 2.806064158751300341e-03 3.883480122603805498e-03 1.047157152288458702e-03 -9.917829430611932798e-03 2.901284123254763234e-03 1.720439039365252417e-03 2.504955681680874190e-03 -8.463463492748264996e-03 5.142637002068831467e-03 3.608745238995003483e-03 4.184537065251765255e-03 -8.449386848052175061e-03 3.091246381811962873e-03 2.911684591598340081e-03 3.939131701185013060e-03
-8.576798841905527993e-03 2.927026862230528402e-03 3.778036457291472291e-03 1.264704801777505241e-03 -1.033294908632879754e-02 3.106504314537713099e-03 1.864377796932677580e-03 2.622129365838829235e-03 -8.932715928756829182e-03 4.860924661974925370e-03 3.802053379213026114e-03 4.796560239668901972e-03 -8.554300592949376156e-03 3.531345970495394088e-03 2.656445183692570603e-03 3.892170624361151240e-03
-7.260996661601707911e-03 2.578201717770350117e-03 3.268994291318471843e-03 1.529617878360252413e-03 -9.801716749857405583e-03 4.009051824887200667e-03 2.295569042535210505e-03 1.847690012868382931e-03 -9.295324224795351378e-03 4.273895211400095991e-03 3.983494172535247124e-03 5.446472556309970257e-03 -8.717051846315994681e-03 2.991881154736064728e-03 1.960328475917883558e-03 3.422307503912399955e-03
-7.622851125666594251e-03 2.570581372269964589e-03 3.476957695974659552e-03 1.704634530134486667e-03 -9.136981766479338948e-03 3.926904869713520978e-03 1.915662745638356231e-03 1.606132533657212737e-03 -9.049693810573656086e-03 4.224242439173201726e-03 4.265296158045173321e-03 4.948191806017169028e-03 -9.285037548362296000e-03 3.234491336450842809e-03 3.092788979214228327e-03 2.641354852360204824e-03
-7.348375530873861236e-03 2.888491691853583513e-03 2.927804779133261811e-03 2.215057750686476399e-03 -8.875843300033322419e-03 3.378194493270221272e-03 3.161149186053551722e-03 1.557138388281639925e-03 -8.738360407564054258e-03 3.414413925318380335e-03 3.459663228982741163e-03 4.194157954037281040e-03 -8.915217367545146682e-03 2.918835694430038045e-03 3.158474426433513591e-03 2.900672151781076395e-03
-7.529488766868319694e-03 2.848387981884063173e-03 3.490493084458213754e-03 1.269457173294864013e-03 -8.369891449461394281e-03 4.092742791881614009e-03 2.798908768294411722e-03 1.007317163127610139e-03 -5.929107758274391494e-03 2.684738557039384119e-03 2.121123675505418027e-03 3.075030525199137516e-03 -8.340781570285990543e-03 2.519444290640059786e-03 4.030302920556808229e-03 2.089531662365765475e-03
-7.295974791244324610e-03 2.917390712107676819e-03 3.064460206891165411e-03 1.387364999533621758e-03 -8.237531312854323370e-03 3.736948001904048019e-03 2.591068856450207385e-03 1.434218557509117989e-03 -6.652134047971876123e-03 3.369222991264763691e-03 2.652346089021034338e-03 2.618802678937528963e-03 -8.613070671451087887e-03 3.157184658039578502e-03 3.420663961660231050e-03 2.351747020889147569e-03
-7.019120135477043866e-03 2.826076327485491264e-03 3.014981796730065080e-03 1.500908957747470757e-03 -8.159517941887265910e-03 3.446814206785795819e-03 1.842350852075074971e-03 1.683405681782723607e-03 -6.604330417753869961e-03 3.065054806650916418e-03 3.197112128248468486e-03 2.727269824109538904e-03 -8.265073595039506768e-03 2.535273880486471273e-03 3.133647893758673229e-03 2.875858162082601047e-03
-7.137884750168774911e-03 2.412793797249021023e-03 3.306365210357187310e-03 1.753546984637884823e-03 -8.125421815954676080e-03 3.650824426390978945e-03 1.881519437965916254e-03 1.413418621678395014e-03 -6.735785150020737362e-03 3.261810352779369489e-03 2.505954614345704858e-03 3.366624481899155048e-03 -8.388861413141249571e-03 3.057323297031115227e-03 2.909438350609448460e-03 2.714908536639881222e-03
-6.591084601987245301e-03 2.455137500986524866e-03 3.749288956444884156e-03 1.879348471172285302e-03 -7.875924126802659811e-03 3.550561480113306571e-03 1.981663625371143152e-03 6.712490134083476303e-04 -6.925258150017495062e-03 3.365338950941299499e-03 2.235812132794670441e-03 3.434042847565041585e-03 -8.412491103555465657e-03 3.119746479691090299e-03 2.422618802507822428e-03 2.734094294876315053e-03
-6.482293517185206203e-03 2.312320836726716646e-03 2.833001330537093278e-03 2.576058569838097275e-03 -8.095003351319270471e-03 3.013871520766187549e-03 2.707335275092919748e-03 1.534111532485261942e-03 -6.928891055277714220e-03 2.998827801509403469e-03 1.938952790454267008e-03 2.443243601592013075e-03 -7.265650305710598562e-03 2.886300276708123492e-03 2.133018957365026644e-03 3.029636155625567168e-03
-6.471441871025012185e-03 2.159569013874221722e-03 2.764965433053340020e-03 2.783662191460709381e-03 -8.033400417182326447e-03 2.870783863129184460e-03 2.635169110163535985e-03 1.681732693252784624e-03 -6.953748842081051637e-03 2.651905411140218632e-03 2.382837182621029039e-03 2.368939556979222753e-03 -7.232671326878505579e-03 2.060850472630914362e-03 2.844774295352663334e-03 3.107063250151230211e-03
-6.326644345260121031e-03 2.368893423265409220e-03 2.547056514163952966e-03 2.650269783251397136e-03 -7.628519586367641346e-03 2.639610393236469562e-03 3.039668633477298106e-03 1.594920779132971787e-03 -6.918376772189896613e-03 2.410070525161234645e-03 2.437555146609689336e-03 2.544211928484204233e-03 -7.050988568573713505e-03 2.023028644417765743e-03 2.656034606032839189e-03 2.542265335821820588e-03
-6.762559547576874920e-03 2.559190012572324074e-03 2.566191300417222567e-03 2.928326723924863824e-03 -7.389991266445915079e-03 2.438826565035779725e-03 2.289651124705791886e-03 2.348429727414037826e-03 -6.746671950732988088e-03 2.213896397703936543e-03 2.306955461470664923e-03 2.241777652802838181e-03 -6.825399518717851013e-03 2.354499383025697445e-03 2.280544891543030174e-03 2.694506397470774334e-03
-6.561489300774690087e-03 2.184001457824442070e-03 2.345183453329738581e-03 3.314539971645595606e-03 -7.355335153031874670e-03 2.166313011045269740e-03 2.769396603546339999e-03 2.103817367706550551e-03 -6.792614958509028862e-03 2.316288330154342781e-03 2.239079917562953725e-03 2.253249153485520004e-03 -6.868569378050011151e-03 2.650524491090811702e-03 2.216289186442523939e-03 2.505923992966062417e-03
-6.696573272904672754e-03 2.380887518306712154e-03 2.246181768323388724e-03 3.527490895580269546e-03 -7.457885225998252265e-03 2.212559928925288480e-03 2.780033153780829113e-03 2.366081622949972336e-03 -6.700383680034228441e-03 2.358194907826656819e-03 2.076866110563759665e-03 2.475584106239566047e-03 -6.916357975986482318e-03 2.293641672477493305e-03 2.231157746598588613e-03 2.332347179634340194e-03
-6.600964372058090029e-03 2.460266199625706172e-03 2.023531133968283803e-03 3.335516947602948975e-03 -7.202808401928636854e-03 2.231449733480145477e-03 2.530144894038755584e-03 2.535984566712079849e-03 -7.113355927483491076e-03 1.988430396560548954e-03 2.397974172450470336e-03 2.561596483714857417e-03 -6.608983444343619756e-03 2.333154784521827754e-03 2.502952880670863186e-03 2.106260157573068299e-03
-6.496872926939819930e-03 2.543154665037610212e-03 2.440406783302929896e-03 3.013944961904625568e-03 -7.097592074489123860e-03 2.328361459467566136e-03 2.151714036325817671e-03 2.711592702302632364e-03 -7.129659451824600300e-03 2.211923591818048315e-03 2.409551370054489883e-03 2.459375851635406916e-03 -6.975098158512244018e-03 2.194933039017260383e-03 2.325700303368834817e-03 2.404336355003325321e-03
-6.840632706589282880e-03 2.638448307011340230e-03 1.990150383851405080e-03 2.985787258086677193e-03 -7.001198536129512456e-03 2.855608456188596378e-03 1.880208434192508736e-03 2.341358830212189775e-03 -6.988598315289120712e-03 2.181188034663163102e-03 1.854623101976123631e-03 2.710617223723765876e-03 -6.676057745454797715e-03 2.586365366288380027e-03 2.706744705351649995e-03 2.254214519886323705e-03
-6.957352450629394024e-03 2.696609573842172116e-03 2.193882776120613387e-03 2.854504369837589269e-03 -7.061691233754481198e-03 2.846370965372079995e-03 1.828164930335864080e-03 2.475252717444731930e-03 -7.376391779493563818e-03 2.196532834342498908e-03 2.419432530734869687e-03 2.543880424522724365e-03 -6.676139778791009317e-03 2.175156548487635223e-03 2.917332116780208678e-03 2.464811146096422198e-03
-7.334918662863573226e-03 2.471362018869128433e-03 2.532698033971303529e-03 2.851571196397585054e-03 -6.877853661983611769e-03 2.594957976607871128e-03 1.955327151563863650e-03 2.761451030939698990e-03 -7.326519037170038835e-03 2.305197112222598117e-03 2.356934905659139462e-03 2.607170972592229644e-03 -6.885737563686608088e-03 2.401331855700922484e-03 2.718083083947553380e-03 2.445903160924101875e-03
-7.006537291764012437e-03 2.653191857577775342e-03 2.318477345515458036e-03 2.542734271405745154e-03 -7.056960534636008350e-03 2.962621845243757716e-03 1.667288124677610960e-03 2.871961895179752505e-03 -7.646708299359443808e-03 2.276777830745839969e-03 2.573783416130123042e-03 2.755429289819998073e-03 -6.775114095004803987e-03 2.479085547985284115e-03 2.614363361045847489e-03 2.358356190208168481e-03
-6.856544811293057914e-03 2.637371740142649759e-03 2.323204592732859477e-03 2.396185193901392667e-03 -7.161897152808791196e-03 3.222209924347085169e-03 1.720254990263767958e-03 2.924162834006639906e-03 -7.621329969381452317e-03 2.374196367824961320e-03 2.320220856605807128e-03 2.723788889097732927e-03 -6.839686950870526617e-03 2.485319075736842302e-03 2.903025656705874192e-03 2.040557931998619474e-03
-7.164736360248737633e-03 2.910056725752791038e-03 2.404444659421121813e-03 2.632155745344531925e-03 -7.196301923870755506e-03 3.004755854219579199e-03 1.697084205977782969e-03 2.893358232280880248e-03 -7.245527684507836567e-03 2.273427020054464773e-03 2.479265807530053271e-03 2.198968963034832799e-03 -6.689621292688775755e-03 2.485922457874810768e-03 2.680558150951712487e-03 2.203274424381426125e-03
-6.978238631603987316e-03 2.992007096756269750e-03 2.161933314257079557e-03 2.472889749194580322e-03 -6.968108192560443052e-03 2.324697156612130083e-03 1.894883887732937491e-03 2.656334616710306299e-03 -7.116675803875862835e-03 2.943027185498795113e-03 2.396596637194316377e-03 2.191075772957187633e-03 -6.740368621255632062e-03 2.263151396517352944e-03 2.735255294450364937e-03 2.280729208839191603e-03
-6.974910634857773954e-03 2.753676493304929064e-03 2.431652701656259428e-03 2.782722020598258402e-03 -7.091840515460535663e-03 2.754967419371681138e-03 1.566015146084764539e-03 2.672806445950192365e-03 -7.409465418378287371e-03 2.190516358395725848e-03 2.897741566254651360e-03 2.346830792059542356e-03 -6.983563796009071081e-03 2.516671660747521206e-03 2.842714806777246663e-03 2.288981493245753965e-03
-6.556816274388066988e-03 2.693109365288554134e-03 2.034473652244982167e-03 2.796556140447081437e-03 -7.381485176588500896e-03 2.795275866685758160e-03 1.803792998753004804e-03 2.288253665704482499e-03 -6.973822728362404424e-03 1.850045251929516342e-03 2.822305380962310956e-03 2.607836162619983113e-03 -6.971533070508903647e-03 2.658463631373059969e-03 2.628131896126357711e-03 2.427009586540538732e-03
-6.793439298686021303e-03 2.948946796504344284e-03 2.056793170093041984e-03 2.774164534752531289e-03 -7.278194256323691422e-03 2.657904073266146618e-03 1.506863634746275719e-03 2.624491005590104831e-03 -7.087748411368811029e-03 1.779735048375620087e-03 2.919776992021967405e-03 2.708970420512690856e-03 -7.210926615936689120e-03 2.538788742592125100e-03 2.917162515325488065e-03 2.516769055510624607e-03
-6.969856203355127844e-03 2.951041819863900895e-03 2.272355128467964339e-03 2.918095679652956635e-03 -7.254653474217761210e-03 2.298636413576085440e-03 1.468291302979192990e-03 2.635997760742064561e-03 -7.106255934179293507e-03 2.097347234043790698e-03 2.642574965606810621e-03 2.566545119486018673e-03 -6.795276739151989015e-03 2.459863861743618804e-03 2.766147892640105979e-03 2.598127556989615877e-03
-6.624252646153726623e-03 2.699586633702225156e-03 1.880809133326242621e-03 2.915827432631948671e-03 -7.336107493613019080e-03 2.550422650598508333e-03 1.741668981003760466e-03 2.847158294598918418e-03 -6.989967508789943912e-03 1.711946097503914879e-03 2.942161578140101760e-03 2.398721660162208245e-03 -6.644425978387190519e-03 2.355099653567561437e-03 2.504706345959444892e-03 2.539254253167165087e-03
-6.751101557559569498e-03 2.760896496745929209e-03 2.294024015233986791e-03 2.876901875919304821e-03 -7.493418746477136134e-03 2.211802629608325670e-03 1.800024077275515959e-03 3.335187291585299616e-03 -6.961074547902759875e-03 1.852616004962037363e-03 2.565027627143581096e-03 2.632076228227292220e-03 -6.622517601525982310e-03 1.955300320900382315e-03 2.552579092037824109e-03 2.511615632612486295e-03
-6.981381719319492904e-03 2.521123791749443465e-03 2.478586526904990196e-03 2.614976262558102189e-03 -7.590123375634912767e-03 2.305889256147757721e-03 2.118642339479517422e-03 2.888330087197689324e-03 -6.923542914065720227e-03 2.141763732405327879e-03 3.020526764961277422e-03 2.024309063160771496e-03 -6.502893263960376168e-03 2.080973233880721932e-03 2.834391120927925566e-03 2.503067639359464556e-03
-6.765656503494521350e-03 1.983059891922656515e-03 2.765558638112777887e-03 2.637479578959587168e-03 -7.417963644347117837e-03 2.173150395260676181e-03 2.052671972588782350e-03 2.902807946273150419e-03 -6.939540627637899237e-03 2.350404874361312468e-03 2.518663710279585993e-03 2.328508819255545748e-03 -6.648841322447589415e-03 2.366081121280043647e-03 2.503866094767708862e-03 2.695525183966608271e-03
-6.907080766256410223e-03 2.240599748191667278e-03 2.559236067310146061e-03 2.628606577669992481e-03 -7.141246313413853429e-03 2.121515103597048073e-03 1.987981422106769886e-03 2.492290972245304968e-03 -6.769741928115610534e-03 2.212525361145266812e-03 2.581116586883524036e-03 2.124352464631326827e-03 -6.451385448143224371e-03 2.637281069249969908e-03 2.536619470267513238e-03 2.595791984184231144e-03
-6.980840451637330274e-03 2.443821827243254034e-03 2.395449891258086880e-03 2.674424659911201971e-03 -7.400220010344485573e-03 2.376912635683528507e-03 1.660836739730951793e-03 2.843906761121053547e-03 -6.635926553646823156e-03 2.127620353162534578e-03 2.508225234017012143e-03 2.151311206912609377e-03 -6.716254472412371002e-03 2.577140113847482556e-03 2.823331683781132081e-03 2.653681680458714297e-03
-6.844931802991665627e-03 2.499869506314283084e-03 2.449682307157621721e-03 2.417648999076918957e-03 -7.395942664101742316e-03 2.168463168015963803e-03 2.412170604033411769e-03 2.290420760976831071e-03 -6.625206251191212599e-03 1.878997359495088084e-03 2.620945919589909821e-03 2.271864501214103816e-03 -6.613307331507601444e-03 2.513779745112301126e-03 2.945960991499038759e-03 2.482652605399147169e-03
-6.976951594553246379e-03 2.506177565139096602e-03 2.462484834389227877e-03 2.543059077517486211e-03 -7.032899976705789605e-03 1.912403675536372086e-03 2.131366248182279838e-03 2.455607849872934890e-03 -6.944303156215156890e-03 2.096910719280684499e-03 2.752412212092693322e-03 2.261451674843505989e-03 -6.939702599385767431e-03 2.788761936939395704e-03 2.770430863529228533e-03 2.730327827311521648e-03
-6.976943529503127316e-03 2.454455387871444082e-03 2.355804536095963166e-03 2.702449955302369325e-03 -7.323069515178039744e-03 2.325054175687147565e-03 2.229740901451779563e-03 2.247893172853876551e-03 -7.004713656798040519e-03 1.920987954004922020e-03 2.690918929266951191e-03 2.562985936192981040e-03 -6.629014002847211963e-03 2.483399002719114280e-03 3.041477607610133978e-03 2.441723732189387056e-03
-7.312849465396832789e-03 2.472170134551524099e-03 1.994809921281992700e-03 2.923055420610877649e-03 -7.121329761137758750e-03 2.407957542283002423e-03 2.079788366229527556e-03 2.553568762550978075e-03 -7.038278292436420808e-03 2.099136061320674811e-03 3.105746035924459962e-03 2.341534649281796013e-03 -6.733736590714567254e-03 2.600960691504644162e-03 2.650280731437076355e-03 2.532333967499590752e-03
-7.193692802940706774e-03 2.429448959579654736e-03 1.908655176419093730e-03 2.858055137768811520e-03 -6.876944079186608078e-03 2.422975474509095600e-03 2.272367008183257854e-03 2.408996665284678096e-03 -6.906279538291097871e-03 1.972554709520651060e-03 3.279603351895860833e-03 2.451621818319741578e-03 -7.138685310225048423e-03 2.907310285216233199e-03 2.150368173436598140e-03 2.600774192203238275e-03
-7.024481929281602144e-03 2.690554995322040881e-03 1.829630865203573124e-03 2.493547224207661589e-03 -6.558433150982223916e-03 2.348501026526421485e-03 1.857960707887564835e-03 2.561100366470766675e-03 -6.906321345118921276e-03 2.205539240838584169e-03 3.118633973979856398e-03 2.373048215222691663e-03 -7.287243000894031049e-03 2.760437403675321168e-03 2.231205332904111823e-03 2.816060165321457916e-03
-7.082256061769358173e-03 2.804764455410758538e-03 1.930209141737392227e-03 2.322537173748719357e-03 -6.369227530446541601e-03 2.404312317370090307e-03 1.781288271946687620e-03 2.638646703662127831e-03 -6.950531939175491961e-03 2.296228198543087337e-03 2.989461125645028784e-03 2.210378616256958913e-03 -7.143927041846295962e-03 2.755629263873603848e-03 2.183493138476993653e-03 2.713230253606306597e-03
-7.079942948861791749e-03 2.605561391069943951e-03 1.912606157693192777e-03 2.544806414434890203e-03 -6.709142811856857319e-03 2.346521290084679218e-03 2.115940138104500240e-03 2.722948450633727591e-03 -6.907669283425263256e-03 2.509865503521077710e-03 2.674441712515636393e-03 2.274523845019726150e-03 -7.357509052717788392e-03 2.949203256286826464e-03 2.352262625371363998e-03 2.582088086472227994e-03
-7.017936299950596271e-03 2.858216456110934407e-03 1.760764887717255339e-03 2.525494458652367043e-03 -7.007881514271227692e-03 2.562888202063010566e-03 2.594169318778351274e-03 2.496382962376124219e-03 -6.733424837301989034e-03 2.337599457045814923e-03 2.454029473121758717e-03 2.688896392024534877e-03 -7.590639379828066288e-03 2.873595993464081455e-03 2.381403658973227366e-03 2.387672752988193904e-03
-7.073059926268934414e-03 2.472302489078814346e-03 1.871549460758146610e-03 2.899953200954346732e-03 -7.058815125733002536e-03 2.465301929017549559e-03 2.165923429250677257e-03 2.708729438526944356e-03 -7.066925818117027192e-03 2.848907483105610119e-03 2.563589987019010592e-03 2.626535338991570212e-03 -7.115618282753932017e-03 2.346762996408052054e-03 2.796374634787014962e-03 2.114144038623144706e-03
-7.045831222753659064e-03 2.708572204875690868e-03 1.636560637823996104e-03 2.866324157368350944e-03 -6.878894252825405557e-03 2.392250911249847994e-03 1.983411451799301558e-03 2.772260077228196843e-03 -6.947950438091260797e-03 2.829164114298035344e-03 2.393267235662046005e-03 2.687828304928771648e-03 -7.145712099336216580e-03 2.597382088683619552e-03 2.579829696586673823e-03 2.106706952068647734e-03
-7.199504660743311427e-03 2.864724118526476744e-03 2.483708018755106679e-03 2.776253467107081974e-03 -7.211325572028456053e-03 2.508861798447028363e-03 1.577503787638820333e-03 2.457652148682467220e-03 -6.977454684070166085e-03 2.700442721928074993e-03 2.577223287669915680e-03 2.706417835224948255e-03 -6.918574274496190786e-03 2.434876663038692841e-03 2.506775363343380272e-03 2.278147985040988779e-03
-7.582000902374230224e-03 3.032795327174789019e-03 2.187897358302762739e-03 3.168923805977122855e-03 -7.014853268701242393e-03 2.551134979026092441e-03 1.892287811668019563e-03 2.433534344564152602e-03 -7.461012788270473574e-03 2.490431786477853744e-03 2.354571694798579529e-03 2.700639976081518033e-03 -6.798978429693045694e-03 2.753188688486968554e-03 2.639006477588472406e-03 2.284400247693495721e-03
-7.599818704816566593e-03 2.772720626751274363e-03 2.334707419602880321e-03 3.105741395898408645e-03 -7.067178289574523563e-03 2.706849285695314949e-03 1.973917678836266225e-03 2.443964439124130580e-03 -7.030141029847121470e-03 2.580096196511290785e-03 2.410124636478719155e-03 2.507034919730504862e-03 -6.506147882662602182e-03 2.498985521564008137e-03 2.375802320477269497e-03 2.049828065911614774e-03
-7.284796145603439528e-03 2.544255198084259539e-03 2.504953578875353335e-03 2.781445455109417611e-03 -7.398353420465448790e-03 2.481875541044027429e-03 1.907764427794878242e-03 2.409677638332332998e-03 -7.057571567836954871e-03 2.696044158008122950e-03 2.584381776411159067e-03 2.566646823581659152e-03 -6.714401033892410629e-03 2.884823122010943784e-03 2.188816602240732222e-03 2.485891933397842146e-03
-7.171879079498582991e-03 2.323533189484384802e-03 2.884161495609407350e-03 2.590075533671392944e-03 -7.595369666062600292e-03 2.401170229825905483e-03 2.184170085637021815e-03 2.240211219885609919e-03 -6.900472956245345436e-03 2.908611817718689818e-03 2.711936694406535172e-03 2.030519469395944149e-03 -7.035649329262399186e-03 2.951150598517932305e-03 2.451387468828660106e-03 2.637878952502092575e-03
-6.871750398197095343e-03 2.455961603074569011e-03 2.291444230077409501e-03 2.734992571002847327e-03 -7.831175204524289113e-03 2.262147395968278074e-03 2.615064333525925471e-03 2.193220563104912157e-03 -6.999776956237628231e-03 3.021780005490119162e-03 2.040401826342100496e-03 2.690695624593527398e-03 -6.860529138957100793e-03 2.922828722703145303e-03 2.171871370053643242e-03 2.761245675281786063e-03
-6.861803046985832412e-03 2.438964737491102971e-03 2.512041805183484570e-03 2.519768720787463924e-03 -7.860742408002729248e-03 2.213999972062567941e-03 2.439841218339727693e-03 2.446314867776271627e-03 -6.832327332779128057e-03 2.809288632671941375e-03 2.290212218108717956e-03 2.476838655381601289e-03 -6.978936518828181626e-03 2.850611913856464751e-03 2.443319996248996713e-03 2.684095229835047319e-03
-7.267536591297650388e-03 2.280620389001812662e-03 2.822952603343505465e-03 2.797848493263697597e-03 -7.519705005550685571e-03 2.270766978590757490e-03 2.644872893949435678e-03 1.835038852231035082e-03 -6.880042705432236338e-03 2.947936702616174402e-03 2.415758326267039048e-03 2.269315513129398394e-03 -7.227386438557121748e-03 3.045718574031728611e-03 2.468648924825329102e-03 2.730081031484801399e-03
-7.043953074108416819e-03 2.389565099308454000e-03 2.312633556041044508e-03 2.552241647933766334e-03 -7.743241536966599323e-03 2.491156682357088380e-03 2.725078296210307720e-03 2.039711418224718353e-03 -6.767410319203192269e-03 3.025663750866372601e-03 2.415344932353445141e-03 2.303930156589717795e-03 -7.100492857422770719e-03 2.815625460602544806e-03 2.367285924521544179e-03 2.823446577629213847e-03
-7.064074322032580337e-03 2.655469431949137194e-03 2.429025803060107583e-03 2.412412543008789038e-03 -7.752674846552178381e-03 2.186235193789804430e-03 2.615371593185651655e-03 1.981657574905941379e-03 -6.635434528998112626e-03 3.012428534863280556e-03 2.784208502358617200e-03 2.408218751419615930e-03 -6.936925243827121723e-03 2.582121570763738511e-03 2.308712820868771051e-03 2.590273856647371236e-03
-6.972415940384258347e-03 2.472613079389345599e-03 2.457703354416658232e-03 2.458439946166517294e-03 -7.727784371690684870e-03 2.297712105032406749e-03 2.639344930993354522e-03 2.206324802170288920e-03 -6.895935030077893040e-03 2.768980130460637398e-03 2.910476399701246008e-03 2.363378915241090127e-03 -7.010587384382702299e-03 2.747594077202768388e-03 2.078745818205633786e-03 2.805400910711193518e-03
-7.001606769543204829e-03 2.166077269093430891e-03 2.448272729993196568e-03 2.360637109529450245e-03 -7.411083705265496778e-03 2.344046550182130994e-03 2.712865307284226344e-03 2.410335861905484912e-03 -7.161146022533363374e-03 2.795514448699499676e-03 2.656038647735636284e-03 2.484915851126896693e-03 -7.070848156724197225e-03 2.783153769723876233e-03 2.175870170216801913e-03 2.908599181894159016e-03
-6.983510965421080817e-03 2.490955460874100160e-03 2.127464382190961522e-03 2.482352227127467177e-03 -7.684122861031216639e-03 2.536607657055470113e-03 2.594006889492589223e-03 2.563037453685497371e-03 -7.211652306625133090e-03 2.786916537192470587e-03 2.818297669112932152e-03 2.421449801175956738e-03 -7.150442744939622917e-03 2.708387361515478611e-03 2.229454209173073031e-03 2.917791443312885841e-03
-6.993801703644558429e-03 2.493228463680049762e-03 1.987766470410234822e-03 2.619930884303266812e-03 -7.497010195238209412e-03 2.464145228042874565e-03 2.384056128468725090e-03 2.638807055294400961e-03 -6.997333896487519314e-03 2.683353877041232474e-03 2.841106833290750998e-03 2.267679377241386442e-03 -6.923687090857975207e-03 2.638979101870635256e-03 2.163740054474160360e-03 2.805168740347529620e-03
-6.980174568559814260e-03 2.344515957881260562e-03 2.000629123363205798e-03 2.751938733472458765e-03 -7.558878301948256974e-03 2.653272133828301661e-03 2.452748281357133592e-03 2.456065824420564699e-03 -7.183251692319483732e-03 3.028618317728153965e-03 2.733818115166130810e-03 2.234459475249190533e-03 -7.251478674996997102e-03 3.008091928520510543e-03 2.135817451321564680e-03 2.817104538672307243e-03
-6.903846794797898444e-03 2.420333032398820378e-03 1.985164920565676838e-03 2.919346646228079475e-03 -7.484774301795914242e-03 2.357650349522611571e-03 2.487677132290540705e-03 2.547304306662517229e-03 -7.485432796013664035e-03 3.187767550984416717e-03 2.811224925680377591e-03 2.023571272741805319e-03 -6.951562912374142922e-03 2.865577187098627618e-03 2.155398993118970517e-03 2.693205197567829882e-03
-6.675219886626459348e-03 2.437124991815472347e-03 1.875947364962595723e-03 2.453556002588226474e-03 -7.076016145285642968e-03 2.339685381606917275e-03 2.514578638821248022e-03 2.337153361358004951e-03 -7.472077607573323829e-03 3.154515959268547071e-03 2.831093478541215139e-03 2.251846778709056061e-03 -7.036807140786480522e-03 2.695661966186606653e-03 2.238634345365706282e-03 2.692402779960323747e-03
-6.527124576643174650e-03 2.370386325834186823e-03 1.822477907528287843e-03 2.416144109443483200e-03 -7.457230549221631304e-03 2.582583633254830792e-03 2.456043791110603444e-03 2.547409863957976819e-03 -7.230824640991840614e-03 2.739827126773302594e-03 3.014411514433817853e-03 2.227006480454743823e-03 -6.833545844712905423e-03 2.692007641064069184e-03 2.125196007201370779e-03 2.594043227398081571e-03
-6.556173636393607292e-03 2.715367709996525762e-03 2.008008801966150968e-03 2.311521594333412321e-03 -7.503113082208375147e-03 2.601251168518504010e-03 2.610823532422073840e-03 2.281417892175628074e-03 -7.293797334212478306e-03 2.824691277716294240e-03 2.907173729760471979e-03 2.098443395306970501e-03 -6.714755571939820360e-03 2.707214244638320340e-03 1.920926521298935109e-03 2.623412894374425961e-03
-6.788688465632102507e-03 2.668039748621807861e-03 2.156073125328938737e-03 2.453001819584757059e-03 -7.534603858683287629e-03 2.862697224374013277e-03 2.504017851448240781e-03 2.180265225454759270e-03 -7.302863095699736913e-03 2.681114081331508869e-03 2.754831201398768008e-03 2.289985438209396745e-03 -6.815472394730572384e-03 2.767622009264256860e-03 2.123190923614616272e-03 2.581677035050918001e-03
-6.523733464111979193e-03 2.497821431361908762e-03 1.839906268488930401e-03 2.527830822388220464e-03 -7.338018358974623435e-03 2.822182201554218096e-03 2.761927788363705439e-03 2.098414645251601551e-03 -7.216683711124478526e-03 2.293403238225805683e-03 2.937550645429070576e-03 2.161436778429527954e-03 -6.959617692141192857e-03 2.897106065543440020e-03 2.107852115177370582e-03 2.631487955350168394e-03
-6.618560297518738707e-03 2.503267290481015969e-03 2.046393268186274053e-03 2.549989416844832858e-03 -7.026008115585157150e-03 2.153863852362197968e-03 2.355031494165579602e-03 2.533293233674768601e-03 -7.518569480271240432e-03 2.155911553820431294e-03 3.152587724363103017e-03 2.261429694779309302e-03 -6.645217403469811518e-03 2.887829546906722344e-03 2.206199061157551947e-03 2.515118360807443599e-03
-6.779005221953252058e-03 2.585239713709427956e-03 2.210871574052258089e-03 2.470125682791272839e-03 -7.094956000951104999e-03 2.212800936424448410e-03 2.088468494104798751e-03 2.813010392057893432e-03 -7.268008648795948670e-03 2.065418573764555687e-03 3.107613535803309662e-03 2.134812107173049336e-03 -6.660545564723740347e-03 2.702145209135029588e-03 2.304510487801400467e-03 2.617640082337641116e-03
-6.561908059445644564e-03 2.563532742876048313e-03 1.977079196552467954e-03 2.319692902370218412e-03 -7.049679381871669370e-03 2.643326388307599712e-03 2.247864975061853766e-03 2.765113158285733511e-03 -7.346746145006116842e-03 2.082380721671628701e-03 2.677917946792121844e-03 2.457211986177038412e-03 -6.906325556542971048e-03 2.737025954083590479e-03 1.957831480544429924e-03 2.953374092044341263e-03
-6.447865991138522490e-03 2.212479801215428907e-03 2.437078464568366489e-03 2.101829423734825810e-03 -7.234274827057713721e-03 2.429163862261764402e-03 2.638376640318838753e-03 2.791447195951956336e-03 -7.727666861369158514e-03 2.360949251119627470e-03 2.772965261095564505e-03 2.491819430024772453e-03 -7.015703316643924492e-03 2.725982553058259837e-03 2.077064566301021695e-03 2.969030478823439772e-03
-6.391344882212013703e-03 2.514144584121474988e-03 2.242965386013036615e-03 2.261784717063231465e-03 -7.532245008013027654e-03 2.132234291469070446e-03 2.699414455718847448e-03 2.778109206334080858e-03 -7.860406012286737937e-03 2.920264275084586726e-03 2.944205181397196395e-03 2.625792887437874111e-03 -7.267697639717028528e-03 2.571418868840916108e-03 2.293613650663973557e-03 2.724435010098046842e-03
-6.546201983637476782e-03 2.766335472963107889e-03 2.241972918046715533e-03 2.156128204846053525e-03 -7.249088896248374013e-03 2.424549375737103125e-03 2.184684815219420720e-03 2.688326094399621363e-03 -7.437978931761537321e-03 2.834605751912431214e-03 2.790766525836881062e-03 2.406484569280404901e-03 -6.964060924279062356e-03 2.328998198945231475e-03 2.371608604447087744e-03 2.555784551979275836e-03
-6.452328773715652541e-03 2.358316210254557312e-03 2.386320878761020916e-03 2.048407433860347741e-03 -7.271852081974512771e-03 2.330146251926442768e-03 2.708211611294633267e-03 2.543881535191733385e-03 -7.159269579491651936e-03 2.968953152416791298e-03 2.733339896139165039e-03 2.471549504882319948e-03 -7.167941689310924035e-03 2.192250302361193129e-03 2.465317670347614513e-03 2.381127382854445005e-03
-6.726958868408218495e-03 2.310591232423822670e-03 2.167038600237468273e-03 2.225051239428121452e-03 -7.071955037800370901e-03 2.242488478744297624e-03 2.877194303571958822e-03 2.883176413426377649e-03 -7.295776303604918460e-03 2.904597924627276301e-03 2.580095923172667782e-03 2.343244532553323024e-03 -7.179755846546707204e-03 2.329057200564079496e-03 2.559414396263635493e-03 2.413269666634996775e-03
-6.543077712905505904e-03 2.406798452760393770e-03 2.067453475491594795e-03 2.030603575951638994e-03 -7.046514149465149708e-03 2.222995721977951127e-03 2.829662560982526640e-03 2.752185238672693896e-03 -7.052377623900054314e-03 2.692968318020827999e-03 2.757999320614035448e-03 2.267680638372093684e-03 -7.267740091245067022e-03 2.349773338607853874e-03 2.446627643138386127e-03 2.605452934671525361e-03
-6.445883006127162487e-03 2.078812156944956791e-03 2.502678537350960970e-03 1.751051870143985074e-03 -7.104297106487811493e-03 2.259330509531509799e-03 2.471008493851546261e-03 2.542146777411504865e-03 -6.893764270290702288e-03 2.530203967403592529e-03 2.295910663347426432e-03 2.648601672958173989e-03 -7.355525420159180795e-03 2.807815648989448083e-03 3.034593166553166584e-03 2.388634928214825037e-03
-6.758369839980795171e-03 2.383974127807321226e-03 2.376178562397344898e-03 1.902093839585324974e-03 -7.191822014124392252e-03 2.485854749967582843e-03 2.512685905378453811e-03 2.370189366709623581e-03 -6.983746120288841265e-03 2.574266641653755704e-03 2.397559965559312688e-03 2.601573925807032419e-03 -7.196490276051526955e-03 2.956990953729265754e-03 2.415533208706001356e-03 2.696974043258307512e-03
-6.477563543098569139e-03 2.401364435124805127e-03 2.144718134471926534e-03 2.076877116318647833e-03 -7.220841829496356563e-03 2.089441923090417513e-03 2.348033058208286953e-03 2.740265812588985224e-03 -6.708566319103488433e-03 2.717606394297935029e-03 2.002840382300369402e-03 2.876531536783666874e-03 -7.162215068753805154e-03 2.667841628135844342e-03 2.478878231841165521e-03 2.508816784247323416e-03
-6.585261380360963451e-03 2.001705490118989555e-03 2.315099977920968746e-03 2.057722913432381492e-03 -7.094026849115818260e-03 1.996766920484202828e-03 2.310659856189462274e-03 2.836246427754737613e-03 -6.836632734543225329e-03 2.820275745462771065e-03 2.020046051360722267e-03 2.742982290788976377e-03 -7.147427835371393187e-03 3.036499719302013581e-03 2.342108201645502676e-03 2.679678924976720226e-03
-6.444138574619173720e-03 1.815243736968128688e-03 2.363648066308844577e-03 2.045345242575746878e-03 -7.185170599623751965e-03 2.024978191920380390e-03 2.538985508985631967e-03 2.670759150554467311e-03 -6.655679734406522857e-03 2.959725475668025223e-03 2.169369566389468297e-03 2.261788934933651150e-03 -7.140534958427788119e-03 3.009513161947430411e-03 2.340654871905648981e-03 2.697009833744353283e-03
