# pops for 16 qbits with connectivity c6 and unitary DM 22482125732416
3.999999761581420898e-01 2.000000029802322388e-01 2.000000029802322388e-01 2.000000029802322388e-01 4.000000059604644775e-01 1.999999880790710449e-01 1.999999880790710449e-01 1.999999880790710449e-01 3.999999463558197021e-01 1.999999880790710449e-01 1.999999880790710449e-01 1.999999880790710449e-01 3.999999761581420898e-01 1.999999880790710449e-01 1.999999880790710449e-01 1.999999880790710449e-01
3.558904528617858887e-01 2.082888931035995483e-01 2.233866155147552490e-01 2.245565354824066162e-01 3.396292924880981445e-01 2.112641334533691406e-01 2.145312577486038208e-01 2.225357443094253540e-01 3.396292924880981445e-01 2.225357443094253540e-01 2.145312279462814331e-01 2.233037501573562622e-01 3.289472162723541260e-01 2.274636179208755493e-01 2.202025800943374634e-01 2.233037650585174561e-01
3.165193498134613037e-01 2.198389619588851929e-01 2.322044372558593750e-01 2.427935302257537842e-01 3.076979815959930420e-01 2.196807265281677246e-01 2.260945439338684082e-01 2.158688157796859741e-01 3.215565979480743408e-01 2.286008894443511963e-01 2.222893983125686646e-01 2.154889404773712158e-01 3.160469233989715576e-01 2.614980340003967285e-01 2.105692774057388306e-01 2.432515770196914673e-01
2.979409098625183105e-01 2.302624434232711792e-01 2.432467490434646606e-01 2.628427743911743164e-01 2.951848506927490234e-01 2.214012593030929565e-01 2.219260185956954956e-01 2.148052752017974854e-01 3.010731339454650879e-01 2.477091848850250244e-01 2.258009314537048340e-01 2.269100695848464966e-01 2.879926860332489014e-01 2.514519989490509033e-01 2.295173257589340210e-01 2.419342845678329468e-01
2.818365991115570068e-01 2.303915172815322876e-01 2.582657039165496826e-01 2.723409533500671387e-01 2.863420248031616211e-01 2.273344397544860840e-01 2.318542450666427612e-01 2.168549597263336182e-01 2.870892882347106934e-01 2.458825558423995972e-01 2.318019866943359375e-01 2.383021265268325806e-01 2.817559242248535156e-01 2.481233477592468262e-01 2.251751273870468140e-01 2.366492748260498047e-01
2.726527154445648193e-01 2.483057081699371338e-01 2.569908797740936279e-01 2.648854255676269531e-01 2.778563499450683594e-01 2.243911772966384888e-01 2.370293289422988892e-01 2.231087833642959595e-01 2.781415283679962158e-01 2.428673207759857178e-01 2.431491315364837646e-01 2.389179468154907227e-01 2.778560519218444824e-01 2.410108298063278198e-01 2.286811023950576782e-01 2.441556304693222046e-01
2.814351916313171387e-01 2.492181658744812012e-01 2.530640959739685059e-01 2.591172158718109131e-01 2.781649529933929443e-01 2.273325622081756592e-01 2.344291508197784424e-01 2.224590033292770386e-01 2.802551090717315674e-01 2.416618168354034424e-01 2.418102025985717773e-01 2.393487691879272461e-01 2.758678495883941650e-01 2.453854084014892578e-01 2.304405868053436279e-01 2.400098145008087158e-01
2.810638248920440674e-01 2.463761568069458008e-01 2.520953714847564697e-01 2.532544136047363281e-01 2.823470532894134521e-01 2.251916527748107910e-01 2.353877127170562744e-01 2.230639457702636719e-01 2.773316502571105957e-01 2.422391474246978760e-01 2.503704726696014404e-01 2.461320608854293823e-01 2.634476721286773682e-01 2.467905580997467041e-01 2.349794059991836548e-01 2.399286031723022461e-01
2.741532623767852783e-01 2.429132908582687378e-01 2.520738840103149414e-01 2.521127462387084961e-01 2.755551040172576904e-01 2.319213002920150757e-01 2.341256141662597656e-01 2.344604134559631348e-01 2.801238000392913818e-01 2.408806234598159790e-01 2.467185854911804199e-01 2.420230209827423096e-01 2.625992894172668457e-01 2.485450804233551025e-01 2.401569187641143799e-01 2.416367232799530029e-01
2.682217657566070557e-01 2.447677403688430786e-01 2.523682713508605957e-01 2.494527846574783325e-01 2.696421146392822266e-01 2.333605289459228516e-01 2.349611967802047729e-01 2.348455637693405151e-01 2.812583148479461670e-01 2.442025691270828247e-01 2.464396357536315918e-01 2.448930591344833374e-01 2.663819193840026855e-01 2.457829713821411133e-01 2.412876784801483154e-01 2.421335279941558838e-01
2.660896182060241699e-01 2.433469295501708984e-01 2.524570226669311523e-01 2.485319525003433228e-01 2.687569856643676758e-01 2.360787987709045410e-01 2.375215888023376465e-01 2.380723655223846436e-01 2.757534682750701904e-01 2.450477182865142822e-01 2.438634932041168213e-01 2.421904653310775757e-01 2.658246755599975586e-01 2.474040240049362183e-01 2.443263977766036987e-01 2.447341382503509521e-01
2.655984759330749512e-01 2.415488958358764648e-01 2.540045082569122314e-01 2.477072626352310181e-01 2.662957310676574707e-01 2.392790466547012329e-01 2.418292164802551270e-01 2.380239367485046387e-01 2.719884812831878662e-01 2.466402500867843628e-01 2.417895644903182983e-01 2.448291480541229248e-01 2.655930519104003906e-01 2.463659048080444336e-01 2.417046278715133667e-01 2.468014657497406006e-01
2.647448480129241943e-01 2.438090145587921143e-01 2.514381110668182373e-01 2.488671839237213135e-01 2.636347115039825439e-01 2.410793900489807129e-01 2.418445348739624023e-01 2.388693094253540039e-01 2.717826962471008301e-01 2.464510798454284668e-01 2.434344738721847534e-01 2.435791790485382080e-01 2.640508711338043213e-01 2.458172291517257690e-01 2.441765218973159790e-01 2.464203983545303345e-01
2.630939483642578125e-01 2.457023710012435913e-01 2.508054077625274658e-01 2.502110898494720459e-01 2.640248537063598633e-01 2.378704845905303955e-01 2.418500185012817383e-01 2.398545145988464355e-01 2.710711359977722168e-01 2.486092895269393921e-01 2.456526607275009155e-01 2.462946176528930664e-01 2.598887681961059570e-01 2.459110766649246216e-01 2.430307865142822266e-01 2.461284101009368896e-01
2.620228826999664307e-01 2.438828498125076294e-01 2.502179443836212158e-01 2.474647611379623413e-01 2.631395161151885986e-01 2.398783713579177856e-01 2.426154315471649170e-01 2.450077533721923828e-01 2.700777649879455566e-01 2.461180686950683594e-01 2.437647730112075806e-01 2.478162497282028198e-01 2.599079310894012451e-01 2.478740662336349487e-01 2.437774091958999634e-01 2.464336603879928589e-01
2.607914507389068604e-01 2.443206161260604858e-01 2.497584968805313110e-01 2.487178891897201538e-01 2.636861205101013184e-01 2.418045252561569214e-01 2.406275570392608643e-01 2.445228695869445801e-01 2.675916850566864014e-01 2.477501928806304932e-01 2.445392161607742310e-01 2.478956878185272217e-01 2.587162554264068604e-01 2.491082400083541870e-01 2.438599765300750732e-01 2.463086247444152832e-01
2.609796226024627686e-01 2.419074475765228271e-01 2.500616610050201416e-01 2.488409429788589478e-01 2.625607848167419434e-01 2.415147423744201660e-01 2.424970269203186035e-01 2.461918592453002930e-01 2.675201892852783203e-01 2.489408403635025024e-01 2.466372251510620117e-01 2.470663189888000488e-01 2.571398913860321045e-01 2.490837126970291138e-01 2.432455569505691528e-01 2.458113878965377808e-01
2.593722045421600342e-01 2.442380785942077637e-01 2.488420307636260986e-01 2.486086636781692505e-01 2.590440511703491211e-01 2.437651902437210083e-01 2.473202198743820190e-01 2.453933358192443848e-01 2.635350227355957031e-01 2.476246058940887451e-01 2.471771538257598877e-01 2.497450709342956543e-01 2.575995922088623047e-01 2.494003623723983765e-01 2.426868826150894165e-01 2.456467896699905396e-01
2.580864429473876953e-01 2.450138181447982788e-01 2.491950243711471558e-01 2.475897520780563354e-01 2.577341496944427490e-01 2.456539273262023926e-01 2.472274005413055420e-01 2.455503642559051514e-01 2.630489766597747803e-01 2.470582574605941772e-01 2.465304881334304810e-01 2.492331415414810181e-01 2.583444714546203613e-01 2.491010725498199463e-01 2.444118410348892212e-01 2.462201118469238281e-01
2.579029202461242676e-01 2.453432083129882812e-01 2.487828731536865234e-01 2.471249699592590332e-01 2.582817077636718750e-01 2.460335940122604370e-01 2.472956031560897827e-01 2.461273968219757080e-01 2.620240747928619385e-01 2.462007254362106323e-01 2.474675476551055908e-01 2.500794231891632080e-01 2.574186325073242188e-01 2.486003786325454712e-01 2.442994117736816406e-01 2.470167875289916992e-01
2.584409117698669434e-01 2.454414069652557373e-01 2.486018985509872437e-01 2.468074560165405273e-01 2.574882805347442627e-01 2.472543418407440186e-01 2.469789236783981323e-01 2.460870444774627686e-01 2.614287436008453369e-01 2.463686168193817139e-01 2.473683655261993408e-01 2.501563131809234619e-01 2.570127546787261963e-01 2.473846673965454102e-01 2.449245601892471313e-01 2.482547163963317871e-01
2.583018541336059570e-01 2.453049421310424805e-01 2.487706243991851807e-01 2.472710013389587402e-01 2.575850486755371094e-01 2.477620840072631836e-01 2.468043267726898193e-01 2.459961175918579102e-01 2.604574561119079590e-01 2.471749782562255859e-01 2.478899508714675903e-01 2.500983476638793945e-01 2.569069564342498779e-01 2.465351372957229614e-01 2.450735419988632202e-01 2.480667680501937866e-01
2.577457129955291748e-01 2.453874647617340088e-01 2.485411465167999268e-01 2.467396706342697144e-01 2.587176561355590820e-01 2.484158277511596680e-01 2.469989955425262451e-01 2.457911074161529541e-01 2.606580853462219238e-01 2.480246871709823608e-01 2.471155971288681030e-01 2.485704720020294189e-01 2.568096220493316650e-01 2.471388727426528931e-01 2.459564357995986938e-01 2.473876625299453735e-01
2.577993273735046387e-01 2.458034455776214600e-01 2.482860535383224487e-01 2.477057427167892456e-01 2.574300169944763184e-01 2.482810318470001221e-01 2.474553585052490234e-01 2.466031312942504883e-01 2.595912814140319824e-01 2.476498782634735107e-01 2.471832931041717529e-01 2.487574964761734009e-01 2.572310864925384521e-01 2.468833476305007935e-01 2.457418739795684814e-01 2.475965172052383423e-01
2.574681937694549561e-01 2.461101561784744263e-01 2.473069876432418823e-01 2.478333711624145508e-01 2.576601505279541016e-01 2.487232834100723267e-01 2.477851808071136475e-01 2.464490830898284912e-01 2.589016556739807129e-01 2.475827336311340332e-01 2.476971596479415894e-01 2.485918104648590088e-01 2.572604417800903320e-01 2.470574975013732910e-01 2.461314946413040161e-01 2.474397420883178711e-01
2.576863467693328857e-01 2.462683022022247314e-01 2.479456663131713867e-01 2.478041797876358032e-01 2.571150958538055420e-01 2.479555755853652954e-01 2.474188506603240967e-01 2.470827847719192505e-01 2.584407329559326172e-01 2.473967820405960083e-01 2.483859509229660034e-01 2.488694041967391968e-01 2.572093307971954346e-01 2.470156103372573853e-01 2.464238256216049194e-01 2.469803392887115479e-01
2.575829327106475830e-01 2.458539158105850220e-01 2.477460652589797974e-01 2.477732151746749878e-01 2.571673989295959473e-01 2.481167614459991455e-01 2.472584098577499390e-01 2.473776340484619141e-01 2.581592202186584473e-01 2.474647909402847290e-01 2.481814175844192505e-01 2.487922608852386475e-01 2.576759159564971924e-01 2.469583600759506226e-01 2.465712428092956543e-01 2.473192512989044189e-01
2.576001286506652832e-01 2.461768239736557007e-01 2.475232034921646118e-01 2.481386959552764893e-01 2.568079233169555664e-01 2.480935752391815186e-01 2.471657246351242065e-01 2.475348711013793945e-01 2.581517398357391357e-01 2.474077045917510986e-01 2.482998967170715332e-01 2.485889941453933716e-01 2.575069367885589600e-01 2.472120821475982666e-01 2.466143816709518433e-01 2.471760511398315430e-01
2.572146952152252197e-01 2.463885098695755005e-01 2.478061914443969727e-01 2.479910850524902344e-01 2.568749487400054932e-01 2.478257864713668823e-01 2.473747134208679199e-01 2.478832304477691650e-01 2.582483291625976562e-01 2.475361824035644531e-01 2.477874755859375000e-01 2.481549233198165894e-01 2.573976814746856689e-01 2.473510354757308960e-01 2.473777234554290771e-01 2.467861473560333252e-01
2.572878599166870117e-01 2.463192492723464966e-01 2.477131783962249756e-01 2.481710463762283325e-01 2.568420469760894775e-01 2.477368563413619995e-01 2.475685030221939087e-01 2.477052509784698486e-01 2.579385638236999512e-01 2.474514693021774292e-01 2.476549744606018066e-01 2.484050244092941284e-01 2.573799788951873779e-01 2.475189566612243652e-01 2.476839572191238403e-01 2.466217428445816040e-01
2.575139403343200684e-01 2.467049956321716309e-01 2.478012591600418091e-01 2.474277466535568237e-01 2.570187747478485107e-01 2.478961050510406494e-01 2.478379756212234497e-01 2.479224056005477905e-01 2.573854029178619385e-01 2.474302500486373901e-01 2.473680377006530762e-01 2.482422739267349243e-01 2.574682235717773438e-01 2.473290264606475830e-01 2.475594729185104370e-01 2.470926046371459961e-01
2.576443850994110107e-01 2.465961873531341553e-01 2.478182613849639893e-01 2.473891079425811768e-01 2.566483914852142334e-01 2.482978552579879761e-01 2.480848729610443115e-01 2.476441711187362671e-01 2.566962838172912598e-01 2.476382851600646973e-01 2.474255263805389404e-01 2.486658394336700439e-01 2.572072446346282959e-01 2.472681552171707153e-01 2.478024512529373169e-01 2.471714913845062256e-01
2.573034763336181641e-01 2.468809187412261963e-01 2.475103735923767090e-01 2.472922801971435547e-01 2.569181621074676514e-01 2.484507858753204346e-01 2.476724833250045776e-01 2.478631734848022461e-01 2.569202780723571777e-01 2.475688159465789795e-01 2.473490834236145020e-01 2.484670579433441162e-01 2.574656009674072266e-01 2.470096200704574585e-01 2.478466629981994629e-01 2.474796026945114136e-01
2.574651539325714111e-01 2.470317184925079346e-01 2.470224499702453613e-01 2.474677264690399170e-01 2.571037411689758301e-01 2.478364706039428711e-01 2.479700595140457153e-01 2.479943335056304932e-01 2.570768594741821289e-01 2.477661520242691040e-01 2.470546215772628784e-01 2.484076470136642456e-01 2.576379776000976562e-01 2.466047108173370361e-01 2.481529712677001953e-01 2.474057972431182861e-01
2.568970024585723877e-01 2.474043071269989014e-01 2.474435418844223022e-01 2.472421973943710327e-01 2.569495141506195068e-01 2.478184700012207031e-01 2.480181902647018433e-01 2.481184452772140503e-01 2.571163475513458252e-01 2.475438117980957031e-01 2.473395764827728271e-01 2.483054697513580322e-01 2.576081454753875732e-01 2.467757165431976318e-01 2.478882968425750732e-01 2.475292980670928955e-01
2.569333612918853760e-01 2.478907108306884766e-01 2.480300813913345337e-01 2.471708059310913086e-01 2.574895322322845459e-01 2.471786439418792725e-01 2.478464394807815552e-01 2.476673275232315063e-01 2.572687566280364990e-01 2.476528286933898926e-01 2.473513334989547729e-01 2.482529282569885254e-01 2.573472857475280762e-01 2.470558285713195801e-01 2.471931427717208862e-01 2.476693540811538696e-01
2.571634054183959961e-01 2.479690611362457275e-01 2.478053420782089233e-01 2.473185211420059204e-01 2.575392425060272217e-01 2.474048435688018799e-01 2.479326874017715454e-01 2.477639913558959961e-01 2.572250366210937500e-01 2.472769767045974731e-01 2.476125955581665039e-01 2.479841858148574829e-01 2.567931711673736572e-01 2.473464012145996094e-01 2.470171302556991577e-01 2.478456944227218628e-01
2.573763430118560791e-01 2.477050572633743286e-01 2.477862536907196045e-01 2.473300695419311523e-01 2.573893070220947266e-01 2.476398050785064697e-01 2.477831691503524780e-01 2.475585341453552246e-01 2.572895884513854980e-01 2.471332252025604248e-01 2.476107478141784668e-01 2.481086701154708862e-01 2.568143010139465332e-01 2.473182082176208496e-01 2.472791373729705811e-01 2.478758692741394043e-01
2.572745382785797119e-01 2.476031929254531860e-01 2.479408532381057739e-01 2.475276738405227661e-01 2.573166787624359131e-01 2.478278875350952148e-01 2.477892488241195679e-01 2.476215958595275879e-01 2.568491995334625244e-01 2.473222464323043823e-01 2.479242682456970215e-01 2.479301244020462036e-01 2.567520737648010254e-01 2.476727664470672607e-01 2.472097277641296387e-01 2.474360913038253784e-01
2.571544349193572998e-01 2.472208589315414429e-01 2.481033504009246826e-01 2.474474459886550903e-01 2.572079300880432129e-01 2.473458498716354370e-01 2.483312189579010010e-01 2.475705891847610474e-01 2.568717896938323975e-01 2.476603388786315918e-01 2.476837337017059326e-01 2.480514496564865112e-01 2.567899525165557861e-01 2.475083023309707642e-01 2.473511546850204468e-01 2.476996779441833496e-01
2.573378384113311768e-01 2.472751587629318237e-01 2.480048835277557373e-01 2.477555871009826660e-01 2.571846842765808105e-01 2.474758774042129517e-01 2.482336014509201050e-01 2.476380169391632080e-01 2.568442523479461670e-01 2.476554960012435913e-01 2.474340498447418213e-01 2.482554167509078979e-01 2.569375932216644287e-01 2.472248077392578125e-01 2.472491562366485596e-01 2.474915981292724609e-01
2.572605907917022705e-01 2.475350350141525269e-01 2.478557378053665161e-01 2.477221041917800903e-01 2.571676373481750488e-01 2.477226257324218750e-01 2.480644881725311279e-01 2.475774735212326050e-01 2.568185031414031982e-01 2.477731555700302124e-01 2.474325150251388550e-01 2.481649518013000488e-01 2.566953599452972412e-01 2.473085522651672363e-01 2.471873164176940918e-01 2.477119117975234985e-01
2.573969662189483643e-01 2.475839704275131226e-01 2.476263195276260376e-01 2.475124746561050415e-01 2.569354176521301270e-01 2.475382834672927856e-01 2.483446449041366577e-01 2.476921975612640381e-01 2.569183707237243652e-01 2.477195411920547485e-01 2.473315149545669556e-01 2.482048422098159790e-01 2.568555474281311035e-01 2.471357733011245728e-01 2.471000850200653076e-01 2.481020390987396240e-01
2.573255598545074463e-01 2.477370351552963257e-01 2.475224584341049194e-01 2.477248311042785645e-01 2.571128308773040771e-01 2.477365732192993164e-01 2.480830550193786621e-01 2.474123537540435791e-01 2.568051218986511230e-01 2.476237267255783081e-01 2.472921609878540039e-01 2.482355087995529175e-01 2.570263743400573730e-01 2.473108321428298950e-01 2.472220063209533691e-01 2.478275448083877563e-01
2.573558390140533447e-01 2.478519827127456665e-01 2.473058402538299561e-01 2.475625723600387573e-01 2.567110061645507812e-01 2.479691803455352783e-01 2.481198310852050781e-01 2.475586831569671631e-01 2.567727863788604736e-01 2.476783543825149536e-01 2.476894706487655640e-01 2.482884675264358521e-01 2.567709386348724365e-01 2.474209964275360107e-01 2.472849339246749878e-01 2.476570010185241699e-01
2.572943270206451416e-01 2.478825896978378296e-01 2.475593984127044678e-01 2.473398149013519287e-01 2.570280432701110840e-01 2.478577345609664917e-01 2.480486929416656494e-01 2.474241405725479126e-01 2.568033337593078613e-01 2.476954311132431030e-01 2.477189749479293823e-01 2.482114136219024658e-01 2.567149102687835693e-01 2.477571815252304077e-01 2.471994310617446899e-01 2.474623173475265503e-01
2.573238015174865723e-01 2.478786408901214600e-01 2.474730163812637329e-01 2.475874871015548706e-01 2.569791674613952637e-01 2.482583820819854736e-01 2.477008849382400513e-01 2.476427555084228516e-01 2.568107843399047852e-01 2.474519163370132446e-01 2.478007227182388306e-01 2.479035109281539917e-01 2.565241754055023193e-01 2.477643191814422607e-01 2.471825927495956421e-01 2.477155923843383789e-01
2.574666440486907959e-01 2.479492276906967163e-01 2.471154928207397461e-01 2.479319572448730469e-01 2.570078074932098389e-01 2.478500157594680786e-01 2.478958219289779663e-01 2.473082691431045532e-01 2.567518651485443115e-01 2.474297732114791870e-01 2.480203062295913696e-01 2.479897886514663696e-01 2.564901709556579590e-01 2.478793263435363770e-01 2.473524808883666992e-01 2.475586682558059692e-01
2.572547495365142822e-01 2.477221041917800903e-01 2.473108321428298950e-01 2.477850764989852905e-01 2.566401362419128418e-01 2.473390698432922363e-01 2.478961348533630371e-01 2.477469593286514282e-01 2.572398185729980469e-01 2.472941726446151733e-01 2.480002045631408691e-01 2.483803927898406982e-01 2.565931975841522217e-01 2.479319870471954346e-01 2.470306009054183960e-01 2.478321194648742676e-01
2.572061717510223389e-01 2.478244006633758545e-01 2.473306506872177124e-01 2.477115839719772339e-01 2.568458020687103271e-01 2.475657612085342407e-01 2.475797683000564575e-01 2.476309686899185181e-01 2.568620443344116211e-01 2.479835301637649536e-01 2.482217997312545776e-01 2.478472143411636353e-01 2.564432322978973389e-01 2.476478517055511475e-01 2.474932670593261719e-01 2.478035539388656616e-01
2.570453882217407227e-01 2.476669400930404663e-01 2.472935467958450317e-01 2.478516995906829834e-01 2.566131651401519775e-01 2.475046664476394653e-01 2.476342022418975830e-01 2.475054860115051270e-01 2.569432556629180908e-01 2.476470619440078735e-01 2.481489777565002441e-01 2.482664287090301514e-01 2.567925751209259033e-01 2.476375550031661987e-01 2.473149448633193970e-01 2.481316328048706055e-01
2.572105824947357178e-01 2.477709949016571045e-01 2.474591434001922607e-01 2.478055953979492188e-01 2.566625773906707764e-01 2.473265826702117920e-01 2.476056963205337524e-01 2.474685311317443848e-01 2.570401430130004883e-01 2.477139085531234741e-01 2.481853365898132324e-01 2.481312304735183716e-01 2.566920220851898193e-01 2.478917092084884644e-01 2.471249550580978394e-01 2.479085624217987061e-01
2.570269703865051270e-01 2.477778196334838867e-01 2.476831823587417603e-01 2.476443052291870117e-01 2.565857172012329102e-01 2.474260777235031128e-01 2.477295249700546265e-01 2.475234717130661011e-01 2.569831609725952148e-01 2.476956099271774292e-01 2.481953203678131104e-01 2.481900304555892944e-01 2.568372189998626709e-01 2.477808445692062378e-01 2.471952736377716064e-01 2.477228343486785889e-01
2.567668557167053223e-01 2.476949691772460938e-01 2.478013187646865845e-01 2.478691339492797852e-01 2.565333545207977295e-01 2.474801391363143921e-01 2.477359771728515625e-01 2.475152760744094849e-01 2.567572593688964844e-01 2.479187995195388794e-01 2.482511699199676514e-01 2.481368780136108398e-01 2.567396163940429688e-01 2.479866743087768555e-01 2.470386773347854614e-01 2.477711886167526245e-01
2.567363679409027100e-01 2.480011135339736938e-01 2.477782815694808960e-01 2.475132495164871216e-01 2.566426396369934082e-01 2.476750463247299194e-01 2.476764768362045288e-01 2.476948350667953491e-01 2.568188011646270752e-01 2.476566731929779053e-01 2.481388151645660400e-01 2.481289505958557129e-01 2.565970718860626221e-01 2.477965354919433594e-01 2.472823560237884521e-01 2.478601634502410889e-01
2.563697695732116699e-01 2.475820779800415039e-01 2.478796690702438354e-01 2.475438117980957031e-01 2.566974461078643799e-01 2.478854805231094360e-01 2.478603273630142212e-01 2.478648126125335693e-01 2.570083737373352051e-01 2.474906593561172485e-01 2.480315417051315308e-01 2.479410916566848755e-01 2.564097344875335693e-01 2.478076964616775513e-01 2.478581070899963379e-01 2.477666437625885010e-01
2.562069594860076904e-01 2.472746968269348145e-01 2.479339540004730225e-01 2.476188242435455322e-01 2.569412887096405029e-01 2.478596270084381104e-01 2.480837255716323853e-01 2.479746192693710327e-01 2.569834291934967041e-01 2.472817897796630859e-01 2.482305318117141724e-01 2.479310035705566406e-01 2.564432621002197266e-01 2.478166520595550537e-01 2.476967722177505493e-01 2.477199882268905640e-01
2.564530670642852783e-01 2.475103139877319336e-01 2.478428333997726440e-01 2.474068105220794678e-01 2.569232881069183350e-01 2.477592378854751587e-01 2.477023601531982422e-01 2.478032112121582031e-01 2.570108175277709961e-01 2.475262433290481567e-01 2.479539364576339722e-01 2.478760033845901489e-01 2.568400502204895020e-01 2.478138506412506104e-01 2.476031333208084106e-01 2.479720264673233032e-01
2.568672299385070801e-01 2.476657480001449585e-01 2.477903515100479126e-01 2.473683208227157593e-01 2.569735050201416016e-01 2.479037642478942871e-01 2.479267120361328125e-01 2.475416958332061768e-01 2.568512856960296631e-01 2.474420368671417236e-01 2.483652383089065552e-01 2.476856559514999390e-01 2.567367851734161377e-01 2.476053088903427124e-01 2.474546730518341064e-01 2.478188276290893555e-01
2.567651271820068359e-01 2.480720877647399902e-01 2.479823678731918335e-01 2.476774901151657104e-01 2.573392987251281738e-01 2.480866611003875732e-01 2.477043122053146362e-01 2.474598288536071777e-01 2.568556070327758789e-01 2.475371211767196655e-01 2.480561137199401855e-01 2.474460154771804810e-01 2.563261687755584717e-01 2.475554645061492920e-01 2.474050819873809814e-01 2.477282434701919556e-01
2.567974328994750977e-01 2.480855435132980347e-01 2.477161288261413574e-01 2.476724535226821899e-01 2.573062479496002197e-01 2.478066384792327881e-01 2.474628388881683350e-01 2.480005770921707153e-01 2.567545771598815918e-01 2.475646734237670898e-01 2.480788081884384155e-01 2.476757913827896118e-01 2.562854588031768799e-01 2.478866577148437500e-01 2.473148107528686523e-01 2.475883364677429199e-01
2.563627660274505615e-01 2.479069679975509644e-01 2.479213178157806396e-01 2.479701042175292969e-01 2.567413449287414551e-01 2.479003071784973145e-01 2.474463582038879395e-01 2.478979825973510742e-01 2.570299208164215088e-01 2.477605789899826050e-01 2.479391992092132568e-01 2.474391162395477295e-01 2.564349770545959473e-01 2.481129765510559082e-01 2.473179548978805542e-01 2.478150576353073120e-01
2.562570273876190186e-01 2.481237500905990601e-01 2.479234933853149414e-01 2.478568106889724731e-01 2.567353844642639160e-01 2.481821179389953613e-01 2.477778941392898560e-01 2.472905963659286499e-01 2.571648359298706055e-01 2.476706057786941528e-01 2.480251193046569824e-01 2.473082691431045532e-01 2.566143572330474854e-01 2.479081749916076660e-01 2.475052177906036377e-01 2.476531863212585449e-01
2.563859522342681885e-01 2.483292073011398315e-01 2.477011829614639282e-01 2.478132545948028564e-01 2.568619847297668457e-01 2.479911595582962036e-01 2.479270100593566895e-01 2.471269965171813965e-01 2.568506002426147461e-01 2.478678375482559204e-01 2.482798099517822266e-01 2.472986578941345215e-01 2.567513883113861084e-01 2.475644350051879883e-01 2.476322501897811890e-01 2.476152032613754272e-01
2.564029693603515625e-01 2.481915503740310669e-01 2.474564909934997559e-01 2.477625012397766113e-01 2.565714716911315918e-01 2.481786459684371948e-01 2.478828132152557373e-01 2.472983300685882568e-01 2.570272982120513916e-01 2.476652264595031738e-01 2.484270334243774414e-01 2.472473382949829102e-01 2.568286061286926270e-01 2.478194385766983032e-01 2.476302087306976318e-01 2.476069480180740356e-01
2.564223408699035645e-01 2.483443617820739746e-01 2.474110722541809082e-01 2.474203556776046753e-01 2.568343281745910645e-01 2.479675412178039551e-01 2.478628754615783691e-01 2.473443150520324707e-01 2.569760680198669434e-01 2.475922852754592896e-01 2.483395636081695557e-01 2.472684979438781738e-01 2.570597827434539795e-01 2.479731291532516479e-01 2.476151585578918457e-01 2.475650012493133545e-01
2.564864456653594971e-01 2.481728792190551758e-01 2.472436279058456421e-01 2.476951628923416138e-01 2.568819522857666016e-01 2.479024827480316162e-01 2.477935105562210083e-01 2.474310994148254395e-01 2.569337487220764160e-01 2.475697398185729980e-01 2.483125478029251099e-01 2.473603785037994385e-01 2.569265365600585938e-01 2.478767335414886475e-01 2.476700246334075928e-01 2.477398216724395752e-01
2.567588686943054199e-01 2.482558637857437134e-01 2.474064379930496216e-01 2.475565522909164429e-01 2.567747831344604492e-01 2.478306442499160767e-01 2.479268163442611694e-01 2.473704963922500610e-01 2.569328248500823975e-01 2.478172481060028076e-01 2.479298114776611328e-01 2.476633489131927490e-01 2.567587792873382568e-01 2.476991117000579834e-01 2.475243359804153442e-01 2.477906942367553711e-01
2.565670609474182129e-01 2.479557394981384277e-01 2.475367486476898193e-01 2.476632446050643921e-01 2.567699551582336426e-01 2.480662465095520020e-01 2.478520423173904419e-01 2.473253309726715088e-01 2.569330036640167236e-01 2.476611435413360596e-01 2.482201159000396729e-01 2.475904971361160278e-01 2.565411627292633057e-01 2.479097396135330200e-01 2.474590390920639038e-01 2.479455173015594482e-01
2.567161619663238525e-01 2.479297816753387451e-01 2.475046962499618530e-01 2.477689981460571289e-01 2.569355964660644531e-01 2.479304522275924683e-01 2.478042840957641602e-01 2.473184466361999512e-01 2.569099962711334229e-01 2.477244436740875244e-01 2.481715679168701172e-01 2.474254071712493896e-01 2.564541399478912354e-01 2.480550706386566162e-01 2.476093173027038574e-01 2.477381229400634766e-01
2.567170262336730957e-01 2.478302717208862305e-01 2.476775795221328735e-01 2.478646934032440186e-01 2.569182217121124268e-01 2.477266937494277954e-01 2.478295862674713135e-01 2.473239898681640625e-01 2.568800747394561768e-01 2.477578222751617432e-01 2.480916231870651245e-01 2.474393099546432495e-01 2.564931809902191162e-01 2.479774802923202515e-01 2.477277666330337524e-01 2.477410286664962769e-01
2.570479810237884521e-01 2.475058138370513916e-01 2.476627528667449951e-01 2.478730380535125732e-01 2.567135691642761230e-01 2.479223161935806274e-01 2.478345185518264771e-01 2.473280876874923706e-01 2.566398680210113525e-01 2.479837238788604736e-01 2.481867969036102295e-01 2.473584860563278198e-01 2.565558254718780518e-01 2.478302568197250366e-01 2.476653307676315308e-01 2.478880286216735840e-01
2.570437788963317871e-01 2.470901906490325928e-01 2.478595972061157227e-01 2.480094879865646362e-01 2.570101618766784668e-01 2.478444427251815796e-01 2.474765628576278687e-01 2.479178905487060547e-01 2.565617859363555908e-01 2.479334175586700439e-01 2.480330616235733032e-01 2.475413531064987183e-01 2.564468383789062500e-01 2.478070408105850220e-01 2.474726587533950806e-01 2.479480952024459839e-01
2.567562758922576904e-01 2.472223937511444092e-01 2.478816658258438110e-01 2.479209899902343750e-01 2.570703625679016113e-01 2.478668540716171265e-01 2.477203458547592163e-01 2.478752434253692627e-01 2.565217614173889160e-01 2.479341924190521240e-01 2.481174916028976440e-01 2.478266060352325439e-01 2.565621435642242432e-01 2.478740960359573364e-01 2.471021711826324463e-01 2.477436661720275879e-01
2.566746771335601807e-01 2.476553916931152344e-01 2.477906942367553711e-01 2.477860748767852783e-01 2.567763626575469971e-01 2.478162199258804321e-01 2.472864687442779541e-01 2.478272020816802979e-01 2.568921744823455811e-01 2.478582412004470825e-01 2.480493336915969849e-01 2.479406893253326416e-01 2.565559744834899902e-01 2.480244040489196777e-01 2.472885847091674805e-01 2.477737218141555786e-01
2.568242251873016357e-01 2.475751191377639771e-01 2.476640939712524414e-01 2.478433996438980103e-01 2.567921578884124756e-01 2.478405833244323730e-01 2.476182132959365845e-01 2.474553436040878296e-01 2.571856081485748291e-01 2.479728609323501587e-01 2.480206042528152466e-01 2.475613504648208618e-01 2.566530406475067139e-01 2.478538751602172852e-01 2.473151534795761108e-01 2.478206604719161987e-01
2.566681504249572754e-01 2.476906180381774902e-01 2.479717135429382324e-01 2.475035786628723145e-01 2.567247450351715088e-01 2.482119351625442505e-01 2.475340515375137329e-01 2.475561648607254028e-01 2.568671405315399170e-01 2.478191256523132324e-01 2.482392042875289917e-01 2.478632032871246338e-01 2.564226388931274414e-01 2.479512840509414673e-01 2.474420219659805298e-01 2.475305497646331787e-01
2.568466663360595703e-01 2.474748343229293823e-01 2.478941380977630615e-01 2.474644780158996582e-01 2.566052973270416260e-01 2.480527162551879883e-01 2.476907670497894287e-01 2.477856427431106567e-01 2.569258809089660645e-01 2.476900964975357056e-01 2.480799406766891479e-01 2.477268725633621216e-01 2.566029429435729980e-01 2.480435818433761597e-01 2.476452291011810303e-01 2.474669516086578369e-01
2.568027377128601074e-01 2.475787401199340820e-01 2.480790466070175171e-01 2.472195923328399658e-01 2.568109333515167236e-01 2.480404973030090332e-01 2.477957904338836670e-01 2.474871426820755005e-01 2.567957341670989990e-01 2.479000687599182129e-01 2.481256127357482910e-01 2.476014196872711182e-01 2.569210231304168701e-01 2.479492723941802979e-01 2.478131353855133057e-01 2.470752745866775513e-01
2.566587924957275391e-01 2.474883049726486206e-01 2.484053075313568115e-01 2.471363246440887451e-01 2.567430138587951660e-01 2.479414045810699463e-01 2.476707845926284790e-01 2.477190643548965454e-01 2.567475736141204834e-01 2.480571269989013672e-01 2.480089813470840454e-01 2.475624382495880127e-01 2.566846311092376709e-01 2.480317056179046631e-01 2.478207945823669434e-01 2.473196834325790405e-01
2.567778229713439941e-01 2.474084645509719849e-01 2.480004131793975830e-01 2.475020736455917358e-01 2.569320201873779297e-01 2.477353364229202271e-01 2.475770711898803711e-01 2.478297948837280273e-01 2.566957175731658936e-01 2.479337155818939209e-01 2.480822056531906128e-01 2.476645410060882568e-01 2.566289305686950684e-01 2.480740398168563843e-01 2.476199418306350708e-01 2.475339174270629883e-01
2.567221522331237793e-01 2.475999295711517334e-01 2.479373365640640259e-01 2.475605756044387817e-01 2.570647597312927246e-01 2.474152743816375732e-01 2.474978566169738770e-01 2.476428598165512085e-01 2.568097114562988281e-01 2.482002675533294678e-01 2.480376511812210083e-01 2.476057708263397217e-01 2.566181719303131104e-01 2.479003220796585083e-01 2.478104084730148315e-01 2.475727498531341553e-01
2.566860020160675049e-01 2.475726008415222168e-01 2.478970438241958618e-01 2.475515156984329224e-01 2.567628622055053711e-01 2.475190609693527222e-01 2.478329986333847046e-01 2.477338463068008423e-01 2.566728889942169189e-01 2.482283413410186768e-01 2.479133754968643188e-01 2.477116435766220093e-01 2.566210627555847168e-01 2.478442192077636719e-01 2.479463368654251099e-01 2.475020140409469604e-01
2.563692331314086914e-01 2.477639317512512207e-01 2.481199353933334351e-01 2.475992888212203979e-01 2.569220364093780518e-01 2.473979890346527100e-01 2.477355599403381348e-01 2.476809620857238770e-01 2.566877007484436035e-01 2.482035607099533081e-01 2.479640990495681763e-01 2.477803081274032593e-01 2.565555274486541748e-01 2.478951066732406616e-01 2.479132264852523804e-01 2.474073469638824463e-01
2.566756308078765869e-01 2.473608553409576416e-01 2.482530772686004639e-01 2.475627809762954712e-01 2.565270364284515381e-01 2.478656619787216187e-01 2.477317601442337036e-01 2.476120889186859131e-01 2.568508088588714600e-01 2.482053935527801514e-01 2.477966994047164917e-01 2.477826923131942749e-01 2.565408349037170410e-01 2.477875947952270508e-01 2.480908781290054321e-01 2.473518997430801392e-01
2.565525770187377930e-01 2.476328164339065552e-01 2.482329010963439941e-01 2.476411908864974976e-01 2.567949593067169189e-01 2.476731240749359131e-01 2.476030886173248291e-01 2.476117312908172607e-01 2.567757368087768555e-01 2.484764605760574341e-01 2.477929443120956421e-01 2.476771473884582520e-01 2.563790082931518555e-01 2.477678358554840088e-01 2.479884028434753418e-01 2.473956942558288574e-01
2.566353678703308105e-01 2.477204203605651855e-01 2.478270530700683594e-01 2.477620244026184082e-01 2.568126916885375977e-01 2.477382719516754150e-01 2.478052526712417603e-01 2.474803775548934937e-01 2.568725049495697021e-01 2.481860369443893433e-01 2.478414028882980347e-01 2.478731870651245117e-01 2.566463947296142578e-01 2.476156204938888550e-01 2.479860335588455200e-01 2.471929490566253662e-01
2.567974925041198730e-01 2.475915551185607910e-01 2.475351691246032715e-01 2.476408630609512329e-01 2.571465373039245605e-01 2.479891926050186157e-01 2.478619813919067383e-01 2.472811788320541382e-01 2.567631006240844727e-01 2.481147050857543945e-01 2.476500272750854492e-01 2.477716952562332153e-01 2.566119730472564697e-01 2.476605474948883057e-01 2.481043189764022827e-01 2.474752366542816162e-01
2.567031979560852051e-01 2.474505603313446045e-01 2.475457191467285156e-01 2.478252798318862915e-01 2.573699355125427246e-01 2.476756274700164795e-01 2.477717250585556030e-01 2.475007474422454834e-01 2.568473815917968750e-01 2.479936331510543823e-01 2.475591152906417847e-01 2.477634102106094360e-01 2.566326856613159180e-01 2.476464509963989258e-01 2.480922639369964600e-01 2.476176619529724121e-01
2.563618123531341553e-01 2.475012391805648804e-01 2.475640773773193359e-01 2.480022162199020386e-01 2.578390240669250488e-01 2.474972754716873169e-01 2.479092627763748169e-01 2.475730031728744507e-01 2.569270730018615723e-01 2.477041631937026978e-01 2.477384656667709351e-01 2.476703226566314697e-01 2.568225562572479248e-01 2.473702579736709595e-01 2.479534894227981567e-01 2.475612014532089233e-01
2.563953697681427002e-01 2.476823031902313232e-01 2.478651702404022217e-01 2.476968914270401001e-01 2.580889463424682617e-01 2.476463615894317627e-01 2.478578984737396240e-01 2.474281191825866699e-01 2.569307982921600342e-01 2.478747665882110596e-01 2.475361227989196777e-01 2.477562725543975830e-01 2.566821575164794922e-01 2.473756223917007446e-01 2.477335780858993530e-01 2.474450170993804932e-01
2.565232813358306885e-01 2.479826360940933228e-01 2.477247416973114014e-01 2.476564198732376099e-01 2.580946981906890869e-01 2.474673837423324585e-01 2.477769702672958374e-01 2.472857683897018433e-01 2.567832171916961670e-01 2.480748891830444336e-01 2.475186437368392944e-01 2.476927936077117920e-01 2.567564845085144043e-01 2.474663108587265015e-01 2.477598637342453003e-01 2.474312335252761841e-01
2.563177943229675293e-01 2.479416728019714355e-01 2.477271705865859985e-01 2.478660345077514648e-01 2.580039799213409424e-01 2.476284950971603394e-01 2.477703690528869629e-01 2.474212646484375000e-01 2.567826211452484131e-01 2.478689849376678467e-01 2.475788593292236328e-01 2.477758377790451050e-01 2.566059231758117676e-01 2.473236322402954102e-01 2.478434741497039795e-01 2.475391924381256104e-01
2.562700510025024414e-01 2.479606121778488159e-01 2.478338927030563354e-01 2.477881312370300293e-01 2.576342821121215820e-01 2.479295134544372559e-01 2.479363083839416504e-01 2.473239600658416748e-01 2.569821774959564209e-01 2.477865666151046753e-01 2.474219202995300293e-01 2.478156536817550659e-01 2.566358149051666260e-01 2.474086582660675049e-01 2.477518767118453979e-01 2.475157231092453003e-01
2.563579082489013672e-01 2.480468153953552246e-01 2.475092858076095581e-01 2.477307021617889404e-01 2.575938999652862549e-01 2.477402687072753906e-01 2.479546964168548584e-01 2.476027160882949829e-01 2.571905553340911865e-01 2.471967786550521851e-01 2.475869655609130859e-01 2.478214651346206665e-01 2.568379044532775879e-01 2.475880384445190430e-01 2.478138804435729980e-01 2.474233508110046387e-01
2.565152347087860107e-01 2.477987110614776611e-01 2.475882619619369507e-01 2.477425485849380493e-01 2.575986385345458984e-01 2.476824074983596802e-01 2.481387406587600708e-01 2.474717497825622559e-01 2.572416365146636963e-01 2.473407238721847534e-01 2.474463582038879395e-01 2.477670013904571533e-01 2.566641271114349365e-01 2.474312782287597656e-01 2.481452524662017822e-01 2.474224716424942017e-01
2.567301988601684570e-01 2.478780746459960938e-01 2.474883049726486206e-01 2.475518584251403809e-01 2.573865652084350586e-01 2.476101517677307129e-01 2.483265101909637451e-01 2.475913316011428833e-01 2.571791112422943115e-01 2.474193274974822998e-01 2.474615126848220825e-01 2.478003799915313721e-01 2.569106817245483398e-01 2.472053021192550659e-01 2.480478435754776001e-01 2.474079281091690063e-01
2.566838264465332031e-01 2.480113804340362549e-01 2.474250942468643188e-01 2.475281059741973877e-01 2.574865818023681641e-01 2.476735860109329224e-01 2.483056634664535522e-01 2.474486827850341797e-01 2.572549879550933838e-01 2.473048567771911621e-01 2.476270496845245361e-01 2.476734668016433716e-01 2.569248974323272705e-01 2.473412603139877319e-01 2.476328015327453613e-01 2.476727962493896484e-01
2.564365267753601074e-01 2.481327801942825317e-01 2.473784536123275757e-01 2.475411891937255859e-01 2.575108110904693604e-01 2.475857883691787720e-01 2.480705827474594116e-01 2.476513087749481201e-01 2.568537294864654541e-01 2.475852966308593750e-01 2.476352453231811523e-01 2.478904277086257935e-01 2.570944130420684814e-01 2.472451329231262207e-01 2.477796822786331177e-01 2.476036250591278076e-01
2.563586831092834473e-01 2.481151223182678223e-01 2.475694417953491211e-01 2.480660974979400635e-01 2.575305700302124023e-01 2.472356110811233521e-01 2.481528222560882568e-01 2.474568039178848267e-01 2.570486366748809814e-01 2.474677413702011108e-01 2.473935782909393311e-01 2.478549182415008545e-01 2.569988965988159180e-01 2.475788742303848267e-01 2.478091716766357422e-01 2.473579794168472290e-01
2.565849721431732178e-01 2.480193972587585449e-01 2.473232150077819824e-01 2.481817752122879028e-01 2.574099898338317871e-01 2.472108453512191772e-01 2.482158094644546509e-01 2.475391775369644165e-01 2.569482922554016113e-01 2.475255578756332397e-01 2.474119067192077637e-01 2.478790879249572754e-01 2.567326724529266357e-01 2.474853247404098511e-01 2.480042278766632080e-01 2.475226372480392456e-01
