# pops for 16 qbits with connectivity c6 and unitary DM 22920255205440
3.999999761581420898e-01 2.000000029802322388e-01 2.000000029802322388e-01 2.000000029802322388e-01 4.000000059604644775e-01 1.999999880790710449e-01 1.999999880790710449e-01 1.999999880790710449e-01 3.999999463558197021e-01 1.999999880790710449e-01 1.999999880790710449e-01 1.999999880790710449e-01 3.999999761581420898e-01 1.999999880790710449e-01 1.999999880790710449e-01 1.999999880790710449e-01
3.558904528617858887e-01 2.082889080047607422e-01 2.245565354824066162e-01 2.233037650585174561e-01 3.552505373954772949e-01 2.112641334533691406e-01 2.380971610546112061e-01 2.694728076457977295e-01 3.371795117855072021e-01 1.999999880790710449e-01 1.999999880790710449e-01 1.999999880790710449e-01 3.396292328834533691e-01 2.145312279462814331e-01 2.225357294082641602e-01 1.999999880790710449e-01
3.147118687629699707e-01 2.174080759286880493e-01 2.281253486871719360e-01 2.382691502571105957e-01 3.138162493705749512e-01 2.355189770460128784e-01 2.404555827379226685e-01 2.714311778545379639e-01 2.895079851150512695e-01 2.233071029186248779e-01 2.237903624773025513e-01 2.152855545282363892e-01 3.033687174320220947e-01 2.381038069725036621e-01 2.317594289779663086e-01 2.151407003402709961e-01
2.892176210880279541e-01 2.196074426174163818e-01 2.359732985496520996e-01 2.539806067943572998e-01 2.831428050994873047e-01 2.475809454917907715e-01 2.423903495073318481e-01 2.558327913284301758e-01 2.795596420764923096e-01 2.311999052762985229e-01 2.292475402355194092e-01 2.494953274726867676e-01 2.861000597476959229e-01 2.448887676000595093e-01 2.283578068017959595e-01 2.234250009059906006e-01
2.671183943748474121e-01 2.402556687593460083e-01 2.456558197736740112e-01 2.413707822561264038e-01 2.845468819141387939e-01 2.577437162399291992e-01 2.415407598018646240e-01 2.568758130073547363e-01 2.760830819606781006e-01 2.302730679512023926e-01 2.319546937942504883e-01 2.511142790317535400e-01 2.778685092926025391e-01 2.462394684553146362e-01 2.294196486473083496e-01 2.219392806291580200e-01
2.640961110591888428e-01 2.404632717370986938e-01 2.405927479267120361e-01 2.443876564502716064e-01 2.791052758693695068e-01 2.554293870925903320e-01 2.433793693780899048e-01 2.568332552909851074e-01 2.681477367877960205e-01 2.380715012550354004e-01 2.404443323612213135e-01 2.506835758686065674e-01 2.779375612735748291e-01 2.461158633232116699e-01 2.277652919292449951e-01 2.265468686819076538e-01
2.586022615432739258e-01 2.445715069770812988e-01 2.410839945077896118e-01 2.450049817562103271e-01 2.727542221546173096e-01 2.548682391643524170e-01 2.461832761764526367e-01 2.541185021400451660e-01 2.654590010643005371e-01 2.379648536443710327e-01 2.460704892873764038e-01 2.504609227180480957e-01 2.726676464080810547e-01 2.457997798919677734e-01 2.334579974412918091e-01 2.309321612119674683e-01
2.594894766807556152e-01 2.427973151206970215e-01 2.453023940324783325e-01 2.428615242242813110e-01 2.717474400997161865e-01 2.523469328880310059e-01 2.444798797369003296e-01 2.507162690162658691e-01 2.637835144996643066e-01 2.404929250478744507e-01 2.512740194797515869e-01 2.511508464813232422e-01 2.648399174213409424e-01 2.455354779958724976e-01 2.380676567554473877e-01 2.351140826940536499e-01
2.598502337932586670e-01 2.412099391222000122e-01 2.474114000797271729e-01 2.445508092641830444e-01 2.677353620529174805e-01 2.527856230735778809e-01 2.477872967720031738e-01 2.497316598892211914e-01 2.618421018123626709e-01 2.425800561904907227e-01 2.506896257400512695e-01 2.517569959163665771e-01 2.639575302600860596e-01 2.420688420534133911e-01 2.382363826036453247e-01 2.378058880567550659e-01
2.592431902885437012e-01 2.423589229583740234e-01 2.486364394426345825e-01 2.425692528486251831e-01 2.636206448078155518e-01 2.520557940006256104e-01 2.512840330600738525e-01 2.503262162208557129e-01 2.634862065315246582e-01 2.444201260805130005e-01 2.481300234794616699e-01 2.502481043338775635e-01 2.619265317916870117e-01 2.448193728923797607e-01 2.395316958427429199e-01 2.373430728912353516e-01
2.575961351394653320e-01 2.456945031881332397e-01 2.490296363830566406e-01 2.425456643104553223e-01 2.614237368106842041e-01 2.503843605518341064e-01 2.521045207977294922e-01 2.508346140384674072e-01 2.612316310405731201e-01 2.456291466951370239e-01 2.477718293666839600e-01 2.484534680843353271e-01 2.593711018562316895e-01 2.454566806554794312e-01 2.417175769805908203e-01 2.407549619674682617e-01
2.575201094150543213e-01 2.454755902290344238e-01 2.501355409622192383e-01 2.440028041601181030e-01 2.610629796981811523e-01 2.492509633302688599e-01 2.524726092815399170e-01 2.503083646297454834e-01 2.613328695297241211e-01 2.445704489946365356e-01 2.466983944177627563e-01 2.491176128387451172e-01 2.600641846656799316e-01 2.434170097112655640e-01 2.431566566228866577e-01 2.414135038852691650e-01
2.569716572761535645e-01 2.446585744619369507e-01 2.484027147293090820e-01 2.471010833978652954e-01 2.609875798225402832e-01 2.501479685306549072e-01 2.514589130878448486e-01 2.505003511905670166e-01 2.616504430770874023e-01 2.449920475482940674e-01 2.470044940710067749e-01 2.480722963809967041e-01 2.589867115020751953e-01 2.439645677804946899e-01 2.440485358238220215e-01 2.410515546798706055e-01
2.556051611900329590e-01 2.467104792594909668e-01 2.489060610532760620e-01 2.461553364992141724e-01 2.601856887340545654e-01 2.484277933835983276e-01 2.519291341304779053e-01 2.487003505229949951e-01 2.614549398422241211e-01 2.446742653846740723e-01 2.474381476640701294e-01 2.496341019868850708e-01 2.592984437942504883e-01 2.437701225280761719e-01 2.442489713430404663e-01 2.428604215383529663e-01
2.557260394096374512e-01 2.468181103467941284e-01 2.488574534654617310e-01 2.453676909208297729e-01 2.599600553512573242e-01 2.485943883657455444e-01 2.508925497531890869e-01 2.481533885002136230e-01 2.595071792602539062e-01 2.466274052858352661e-01 2.494874298572540283e-01 2.492644637823104858e-01 2.564452290534973145e-01 2.465218603610992432e-01 2.445307224988937378e-01 2.432453930377960205e-01
2.557960152626037598e-01 2.464690357446670532e-01 2.488729506731033325e-01 2.456313073635101318e-01 2.595543265342712402e-01 2.484665662050247192e-01 2.515003383159637451e-01 2.480791509151458740e-01 2.587697207927703857e-01 2.485713660717010498e-01 2.486015111207962036e-01 2.489438802003860474e-01 2.555246949195861816e-01 2.464667856693267822e-01 2.445596158504486084e-01 2.441920787096023560e-01
2.554883956909179688e-01 2.470505535602569580e-01 2.484757155179977417e-01 2.457540631294250488e-01 2.595387697219848633e-01 2.484491914510726929e-01 2.512419819831848145e-01 2.475767135620117188e-01 2.589359283447265625e-01 2.480102032423019409e-01 2.476251870393753052e-01 2.492974996566772461e-01 2.555463314056396484e-01 2.462770938873291016e-01 2.448124140501022339e-01 2.459192126989364624e-01
2.559374570846557617e-01 2.470145225524902344e-01 2.482977509498596191e-01 2.460676580667495728e-01 2.587469518184661865e-01 2.486082166433334351e-01 2.505154013633728027e-01 2.482244670391082764e-01 2.589209377765655518e-01 2.473502904176712036e-01 2.491276711225509644e-01 2.478766888380050659e-01 2.558686733245849609e-01 2.468552887439727783e-01 2.448636740446090698e-01 2.457236051559448242e-01
2.559148371219635010e-01 2.466251999139785767e-01 2.482595592737197876e-01 2.465927451848983765e-01 2.582400441169738770e-01 2.487854063510894775e-01 2.502091228961944580e-01 2.480282634496688843e-01 2.578744590282440186e-01 2.478876560926437378e-01 2.489199638366699219e-01 2.485370784997940063e-01 2.557559311389923096e-01 2.473540902137756348e-01 2.454791367053985596e-01 2.455356717109680176e-01
2.564615309238433838e-01 2.466562837362289429e-01 2.482366412878036499e-01 2.467370927333831787e-01 2.582502961158752441e-01 2.481974512338638306e-01 2.500241100788116455e-01 2.478749752044677734e-01 2.575369179248809814e-01 2.479198127985000610e-01 2.485783398151397705e-01 2.488432377576828003e-01 2.559568881988525391e-01 2.477380782365798950e-01 2.451567053794860840e-01 2.458307892084121704e-01
2.561106085777282715e-01 2.464892715215682983e-01 2.483580112457275391e-01 2.466146051883697510e-01 2.584015130996704102e-01 2.486902028322219849e-01 2.500492632389068604e-01 2.477325499057769775e-01 2.573853731155395508e-01 2.475681453943252563e-01 2.487211376428604126e-01 2.486645281314849854e-01 2.559526562690734863e-01 2.480974197387695312e-01 2.453276962041854858e-01 2.458361238241195679e-01
2.562300860881805420e-01 2.460487335920333862e-01 2.489297389984130859e-01 2.463639378547668457e-01 2.581620216369628906e-01 2.489617466926574707e-01 2.499419897794723511e-01 2.478077113628387451e-01 2.576968967914581299e-01 2.480000555515289307e-01 2.484918236732482910e-01 2.481504082679748535e-01 2.560567557811737061e-01 2.476073950529098511e-01 2.455199658870697021e-01 2.460297793149948120e-01
2.561234831809997559e-01 2.460405528545379639e-01 2.486625611782073975e-01 2.467458546161651611e-01 2.581162452697753906e-01 2.491196244955062866e-01 2.499660849571228027e-01 2.476715296506881714e-01 2.568973302841186523e-01 2.478809654712677002e-01 2.486543655395507812e-01 2.489065378904342651e-01 2.560577988624572754e-01 2.478354424238204956e-01 2.451758682727813721e-01 2.461447417736053467e-01
2.561373710632324219e-01 2.463371753692626953e-01 2.486483454704284668e-01 2.464495152235031128e-01 2.580591738224029541e-01 2.489308565855026245e-01 2.502202391624450684e-01 2.476631402969360352e-01 2.576527893543243408e-01 2.479032129049301147e-01 2.482716590166091919e-01 2.485115379095077515e-01 2.560841441154479980e-01 2.475528568029403687e-01 2.456007897853851318e-01 2.459761053323745728e-01
2.559280991554260254e-01 2.463071495294570923e-01 2.477063238620758057e-01 2.464942336082458496e-01 2.590059936046600342e-01 2.487170845270156860e-01 2.489657700061798096e-01 2.489127963781356812e-01 2.580434381961822510e-01 2.484772652387619019e-01 2.482204735279083252e-01 2.483857870101928711e-01 2.553748786449432373e-01 2.477474510669708252e-01 2.455246150493621826e-01 2.461874932050704956e-01
2.559218108654022217e-01 2.464371025562286377e-01 2.475134134292602539e-01 2.464369237422943115e-01 2.592130601406097412e-01 2.496931403875350952e-01 2.493399679660797119e-01 2.479225844144821167e-01 2.575215697288513184e-01 2.487721294164657593e-01 2.479956299066543579e-01 2.482385784387588501e-01 2.553293108940124512e-01 2.476811110973358154e-01 2.459440082311630249e-01 2.460384815931320190e-01
2.557081878185272217e-01 2.466119378805160522e-01 2.476360052824020386e-01 2.467374503612518311e-01 2.585231661796569824e-01 2.494301497936248779e-01 2.498401999473571777e-01 2.476608157157897949e-01 2.570672631263732910e-01 2.485445290803909302e-01 2.484482973814010620e-01 2.481762915849685669e-01 2.560734450817108154e-01 2.472082227468490601e-01 2.462821900844573975e-01 2.460505515336990356e-01
2.558124363422393799e-01 2.470935136079788208e-01 2.479471862316131592e-01 2.465291172266006470e-01 2.582475543022155762e-01 2.490614056587219238e-01 2.500030100345611572e-01 2.479475587606430054e-01 2.569682598114013672e-01 2.484444230794906616e-01 2.482277750968933105e-01 2.482091337442398071e-01 2.558663487434387207e-01 2.471991181373596191e-01 2.460090667009353638e-01 2.464328408241271973e-01
2.559971511363983154e-01 2.468572109937667847e-01 2.473985850811004639e-01 2.464239895343780518e-01 2.583437860012054443e-01 2.492453455924987793e-01 2.492015361785888672e-01 2.482159733772277832e-01 2.576270699501037598e-01 2.487671226263046265e-01 2.480477094650268555e-01 2.474651485681533813e-01 2.554904520511627197e-01 2.474135905504226685e-01 2.469144612550735474e-01 2.465895414352416992e-01
2.563714683055877686e-01 2.471098005771636963e-01 2.471088618040084839e-01 2.462951987981796265e-01 2.578217387199401855e-01 2.491923123598098755e-01 2.488643676042556763e-01 2.484967708587646484e-01 2.579213380813598633e-01 2.487014532089233398e-01 2.478452622890472412e-01 2.473817020654678345e-01 2.554269731044769287e-01 2.475206106901168823e-01 2.472659945487976074e-01 2.466747164726257324e-01
2.565830349922180176e-01 2.475431561470031738e-01 2.472734451293945312e-01 2.463759034872055054e-01 2.577470242977142334e-01 2.495900243520736694e-01 2.487201988697052002e-01 2.480399161577224731e-01 2.570295929908752441e-01 2.485225945711135864e-01 2.479708790779113770e-01 2.475773990154266357e-01 2.559974193572998047e-01 2.474075406789779663e-01 2.467862367630004883e-01 2.468342185020446777e-01
2.563084065914154053e-01 2.479073703289031982e-01 2.467553913593292236e-01 2.466876953840255737e-01 2.572631835937500000e-01 2.494865506887435913e-01 2.489432990550994873e-01 2.477965503931045532e-01 2.566649913787841797e-01 2.485047131776809692e-01 2.485967576503753662e-01 2.474472820758819580e-01 2.564783096313476562e-01 2.475280910730361938e-01 2.464463710784912109e-01 2.471836209297180176e-01
2.563099563121795654e-01 2.475682199001312256e-01 2.473293393850326538e-01 2.469423413276672363e-01 2.571173012256622314e-01 2.493984997272491455e-01 2.487427592277526855e-01 2.475112229585647583e-01 2.567625641822814941e-01 2.483035326004028320e-01 2.485141456127166748e-01 2.478768676519393921e-01 2.563667297363281250e-01 2.476110607385635376e-01 2.466686666011810303e-01 2.469751983880996704e-01
2.565416395664215088e-01 2.472927272319793701e-01 2.472350746393203735e-01 2.470804303884506226e-01 2.571240663528442383e-01 2.491387724876403809e-01 2.485186904668807983e-01 2.479881495237350464e-01 2.569760084152221680e-01 2.482745498418807983e-01 2.482709586620330811e-01 2.479356378316879272e-01 2.564265727996826172e-01 2.475634068250656128e-01 2.466325908899307251e-01 2.469990700483322144e-01
2.566749155521392822e-01 2.473498433828353882e-01 2.472040057182312012e-01 2.468579411506652832e-01 2.572531104087829590e-01 2.488780319690704346e-01 2.485011667013168335e-01 2.482093423604965210e-01 2.568014264106750488e-01 2.485781610012054443e-01 2.481882125139236450e-01 2.475856989622116089e-01 2.565468251705169678e-01 2.473472505807876587e-01 2.466033101081848145e-01 2.474191188812255859e-01
2.566825151443481445e-01 2.471285015344619751e-01 2.474277168512344360e-01 2.469754368066787720e-01 2.572347521781921387e-01 2.482870817184448242e-01 2.484092265367507935e-01 2.483120560646057129e-01 2.571418583393096924e-01 2.489373236894607544e-01 2.485944777727127075e-01 2.474112510681152344e-01 2.563643753528594971e-01 2.472814172506332397e-01 2.465111911296844482e-01 2.472992390394210815e-01
2.565453052520751953e-01 2.473684251308441162e-01 2.474126815795898438e-01 2.468876689672470093e-01 2.573653459548950195e-01 2.484985291957855225e-01 2.482813447713851929e-01 2.480978816747665405e-01 2.572970390319824219e-01 2.486020624637603760e-01 2.484838217496871948e-01 2.477018833160400391e-01 2.566117048263549805e-01 2.476192861795425415e-01 2.463666647672653198e-01 2.468585073947906494e-01
2.567813098430633545e-01 2.473793625831604004e-01 2.470395714044570923e-01 2.468523085117340088e-01 2.571577429771423340e-01 2.482819855213165283e-01 2.480822205543518066e-01 2.482775598764419556e-01 2.573161423206329346e-01 2.485064119100570679e-01 2.483369112014770508e-01 2.479859739542007446e-01 2.564240992069244385e-01 2.475115805864334106e-01 2.467641681432723999e-01 2.473007440567016602e-01
2.571933865547180176e-01 2.473154217004776001e-01 2.471153736114501953e-01 2.469125837087631226e-01 2.567493915557861328e-01 2.484751939773559570e-01 2.482523471117019653e-01 2.482430934906005859e-01 2.572714090347290039e-01 2.486713081598281860e-01 2.480080425739288330e-01 2.473085075616836548e-01 2.562836408615112305e-01 2.474525421857833862e-01 2.468878179788589478e-01 2.478581070899963379e-01
2.572304308414459229e-01 2.472671717405319214e-01 2.471629828214645386e-01 2.471091896295547485e-01 2.569772005081176758e-01 2.486543804407119751e-01 2.478935569524765015e-01 2.483689934015274048e-01 2.567918300628662109e-01 2.486678659915924072e-01 2.479118555784225464e-01 2.472822517156600952e-01 2.560023963451385498e-01 2.475720643997192383e-01 2.475778758525848389e-01 2.475280910730361938e-01
2.573705911636352539e-01 2.474769651889801025e-01 2.473609894514083862e-01 2.471410781145095825e-01 2.569326162338256836e-01 2.484180778264999390e-01 2.477244883775711060e-01 2.482671290636062622e-01 2.568316757678985596e-01 2.483971416950225830e-01 2.480056285858154297e-01 2.474020272493362427e-01 2.562761604785919189e-01 2.473844885826110840e-01 2.475237399339675903e-01 2.474851757287979126e-01
2.572488188743591309e-01 2.475357949733734131e-01 2.478918880224227905e-01 2.470406293869018555e-01 2.569974064826965332e-01 2.479312270879745483e-01 2.476156502962112427e-01 2.482526153326034546e-01 2.570529580116271973e-01 2.483065724372863770e-01 2.481165081262588501e-01 2.472858577966690063e-01 2.561893165111541748e-01 2.475478947162628174e-01 2.477334886789321899e-01 2.472514361143112183e-01
2.572474479675292969e-01 2.475131452083587646e-01 2.480029463768005371e-01 2.469535768032073975e-01 2.568638324737548828e-01 2.480852007865905762e-01 2.476096898317337036e-01 2.482381910085678101e-01 2.569958269596099854e-01 2.485362291336059570e-01 2.479154020547866821e-01 2.473143786191940308e-01 2.563121020793914795e-01 2.476608753204345703e-01 2.475500255823135376e-01 2.471991330385208130e-01
2.572889626026153564e-01 2.474425733089447021e-01 2.480461597442626953e-01 2.469393610954284668e-01 2.569239139556884766e-01 2.480598688125610352e-01 2.476541250944137573e-01 2.481589913368225098e-01 2.569249272346496582e-01 2.484565079212188721e-01 2.478891760110855103e-01 2.474912106990814209e-01 2.563606202602386475e-01 2.475290596485137939e-01 2.475707381963729858e-01 2.472616434097290039e-01
2.571680843830108643e-01 2.472651004791259766e-01 2.479235231876373291e-01 2.471316009759902954e-01 2.568416297435760498e-01 2.481677979230880737e-01 2.475841194391250610e-01 2.483222335577011108e-01 2.569139003753662109e-01 2.486042678356170654e-01 2.480873912572860718e-01 2.473347336053848267e-01 2.563361823558807373e-01 2.473762482404708862e-01 2.478688210248947144e-01 2.470721304416656494e-01
2.566614449024200439e-01 2.468724250793457031e-01 2.480165809392929077e-01 2.473924458026885986e-01 2.568510174751281738e-01 2.484888881444931030e-01 2.481109946966171265e-01 2.478668987751007080e-01 2.570568025112152100e-01 2.485839873552322388e-01 2.479553967714309692e-01 2.473569363355636597e-01 2.564889490604400635e-01 2.471406608819961548e-01 2.478959411382675171e-01 2.472584396600723267e-01
2.565430700778961182e-01 2.467936128377914429e-01 2.480942308902740479e-01 2.473055720329284668e-01 2.569751739501953125e-01 2.482416480779647827e-01 2.477358579635620117e-01 2.479123324155807495e-01 2.574332654476165771e-01 2.482803314924240112e-01 2.476994842290878296e-01 2.476592361927032471e-01 2.564898431301116943e-01 2.474247217178344727e-01 2.479170262813568115e-01 2.474923282861709595e-01
2.566938996315002441e-01 2.469409555196762085e-01 2.480943202972412109e-01 2.471897006034851074e-01 2.567904591560363770e-01 2.483910769224166870e-01 2.480069845914840698e-01 2.479475140571594238e-01 2.573289871215820312e-01 2.482941150665283203e-01 2.475188374519348145e-01 2.479769885540008545e-01 2.563454508781433105e-01 2.476314157247543335e-01 2.477347105741500854e-01 2.471122443675994873e-01
2.567132413387298584e-01 2.469130605459213257e-01 2.480739653110504150e-01 2.472186237573623657e-01 2.572252154350280762e-01 2.481547445058822632e-01 2.477785050868988037e-01 2.479775846004486084e-01 2.572213709354400635e-01 2.487073242664337158e-01 2.476301193237304688e-01 2.475601136684417725e-01 2.560895383358001709e-01 2.476855516433715820e-01 2.477471381425857544e-01 2.473015338182449341e-01
2.567854225635528564e-01 2.468583434820175171e-01 2.478099018335342407e-01 2.476209402084350586e-01 2.573695778846740723e-01 2.482672184705734253e-01 2.475680708885192871e-01 2.478832900524139404e-01 2.569963932037353516e-01 2.485447078943252563e-01 2.477011829614639282e-01 2.477353811264038086e-01 2.564342319965362549e-01 2.476642280817031860e-01 2.474693804979324341e-01 2.472892850637435913e-01
2.566798925399780273e-01 2.471340745687484741e-01 2.477079033851623535e-01 2.473585903644561768e-01 2.574949264526367188e-01 2.484362870454788208e-01 2.476890534162521362e-01 2.476987987756729126e-01 2.569181323051452637e-01 2.482536286115646362e-01 2.476538568735122681e-01 2.477356344461441040e-01 2.565227746963500977e-01 2.474596351385116577e-01 2.475500106811523438e-01 2.477042675018310547e-01
2.568847537040710449e-01 2.469358295202255249e-01 2.477249354124069214e-01 2.473348677158355713e-01 2.574752569198608398e-01 2.483962029218673706e-01 2.477181851863861084e-01 2.477293908596038818e-01 2.572434544563293457e-01 2.479093670845031738e-01 2.478495985269546509e-01 2.475587576627731323e-01 2.565385401248931885e-01 2.476835101842880249e-01 2.474341243505477905e-01 2.475805729627609253e-01
2.569172084331512451e-01 2.469137758016586304e-01 2.477593272924423218e-01 2.472901344299316406e-01 2.575089037418365479e-01 2.482884228229522705e-01 2.477505058050155640e-01 2.477711290121078491e-01 2.570863366127014160e-01 2.480621933937072754e-01 2.477462887763977051e-01 2.476664036512374878e-01 2.567385435104370117e-01 2.476042509078979492e-01 2.474072873592376709e-01 2.474866658449172974e-01
2.567008137702941895e-01 2.472236752510070801e-01 2.476039975881576538e-01 2.474898397922515869e-01 2.572918832302093506e-01 2.481707185506820679e-01 2.474557608366012573e-01 2.478737086057662964e-01 2.571870684623718262e-01 2.480065077543258667e-01 2.479182481765747070e-01 2.477828860282897949e-01 2.568311393260955811e-01 2.475593537092208862e-01 2.472430616617202759e-01 2.476586103439331055e-01
2.566068768501281738e-01 2.471610605716705322e-01 2.477786988019943237e-01 2.475741505622863770e-01 2.571267783641815186e-01 2.480030804872512817e-01 2.476248294115066528e-01 2.478644251823425293e-01 2.572468817234039307e-01 2.481300979852676392e-01 2.479261010885238647e-01 2.477993220090866089e-01 2.567330002784729004e-01 2.477455288171768188e-01 2.470432072877883911e-01 2.476332187652587891e-01
2.568026185035705566e-01 2.470412850379943848e-01 2.478712648153305054e-01 2.477333992719650269e-01 2.572017014026641846e-01 2.480846494436264038e-01 2.476897388696670532e-01 2.476253807544708252e-01 2.575656175613403320e-01 2.478497624397277832e-01 2.477136105298995972e-01 2.476180940866470337e-01 2.564977705478668213e-01 2.477179616689682007e-01 2.473459541797637939e-01 2.476383745670318604e-01
2.566798031330108643e-01 2.469560652971267700e-01 2.477233856916427612e-01 2.474715411663055420e-01 2.569318711757659912e-01 2.484164237976074219e-01 2.477579116821289062e-01 2.479669153690338135e-01 2.575928568840026855e-01 2.480450123548507690e-01 2.476243823766708374e-01 2.475122660398483276e-01 2.568171918392181396e-01 2.476065009832382202e-01 2.473882287740707397e-01 2.475067526102066040e-01
2.566233575344085693e-01 2.470336258411407471e-01 2.478664368391036987e-01 2.473074495792388916e-01 2.567213177680969238e-01 2.484805881977081299e-01 2.477183043956756592e-01 2.481528967618942261e-01 2.570688724517822266e-01 2.483123540878295898e-01 2.478397190570831299e-01 2.475535720586776733e-01 2.569497823715209961e-01 2.472790628671646118e-01 2.473573386669158936e-01 2.477324903011322021e-01
2.563238143920898438e-01 2.473052293062210083e-01 2.480311989784240723e-01 2.471604496240615845e-01 2.568584680557250977e-01 2.483929544687271118e-01 2.479407191276550293e-01 2.481085658073425293e-01 2.570544481277465820e-01 2.481220215559005737e-01 2.478697299957275391e-01 2.476510554552078247e-01 2.570316493511199951e-01 2.469891607761383057e-01 2.475225776433944702e-01 2.476350367069244385e-01
2.564733624458312988e-01 2.475048750638961792e-01 2.479797601699829102e-01 2.472461163997650146e-01 2.567128837108612061e-01 2.481591105461120605e-01 2.478039413690567017e-01 2.483605891466140747e-01 2.571652829647064209e-01 2.480661123991012573e-01 2.479000836610794067e-01 2.476140409708023071e-01 2.570137083530426025e-01 2.472956180572509766e-01 2.473672479391098022e-01 2.473342865705490112e-01
2.567341625690460205e-01 2.472662180662155151e-01 2.479519695043563843e-01 2.472517192363739014e-01 2.566533386707305908e-01 2.480853945016860962e-01 2.478208392858505249e-01 2.484769225120544434e-01 2.571884095668792725e-01 2.478052824735641479e-01 2.478525638580322266e-01 2.478992789983749390e-01 2.569692432880401611e-01 2.473781704902648926e-01 2.474745661020278931e-01 2.471889257431030273e-01
2.565868198871612549e-01 2.474071979522705078e-01 2.479699403047561646e-01 2.472633421421051025e-01 2.565979063510894775e-01 2.481291145086288452e-01 2.480529844760894775e-01 2.485625296831130981e-01 2.571305036544799805e-01 2.480251938104629517e-01 2.477529197931289673e-01 2.477804422378540039e-01 2.568593621253967285e-01 2.472565323114395142e-01 2.474435418844223022e-01 2.471785396337509155e-01
2.566033601760864258e-01 2.473245859146118164e-01 2.480368018150329590e-01 2.474255412817001343e-01 2.567083239555358887e-01 2.481283694505691528e-01 2.481871396303176880e-01 2.482372969388961792e-01 2.570646405220031738e-01 2.479966431856155396e-01 2.478335648775100708e-01 2.479284405708312988e-01 2.565828859806060791e-01 2.470977306365966797e-01 2.473899871110916138e-01 2.474515885114669800e-01
2.567633390426635742e-01 2.471083104610443115e-01 2.483011782169342041e-01 2.475115805864334106e-01 2.566666603088378906e-01 2.483210414648056030e-01 2.479355335235595703e-01 2.481031715869903564e-01 2.569764256477355957e-01 2.480972260236740112e-01 2.475670576095581055e-01 2.478964924812316895e-01 2.563093006610870361e-01 2.474843412637710571e-01 2.473763078451156616e-01 2.475788444280624390e-01
2.568228542804718018e-01 2.471990734338760376e-01 2.481374591588973999e-01 2.477918565273284912e-01 2.570786476135253906e-01 2.479349374771118164e-01 2.476293146610260010e-01 2.477857321500778198e-01 2.570948004722595215e-01 2.478889971971511841e-01 2.476026564836502075e-01 2.480599880218505859e-01 2.564124166965484619e-01 2.476935386657714844e-01 2.473897337913513184e-01 2.474747598171234131e-01
2.567950785160064697e-01 2.472929954528808594e-01 2.481532245874404907e-01 2.481722086668014526e-01 2.571203410625457764e-01 2.478976845741271973e-01 2.475474178791046143e-01 2.478087395429611206e-01 2.567889988422393799e-01 2.481473833322525024e-01 2.475751936435699463e-01 2.479851394891738892e-01 2.562989592552185059e-01 2.474393546581268311e-01 2.473769783973693848e-01 2.475969940423965454e-01
2.565830349922180176e-01 2.472061812877655029e-01 2.477973699569702148e-01 2.485266327857971191e-01 2.570250630378723145e-01 2.478647679090499878e-01 2.474918365478515625e-01 2.479540854692459106e-01 2.567717730998992920e-01 2.480034977197647095e-01 2.476671338081359863e-01 2.479824870824813843e-01 2.562619149684906006e-01 2.476249784231185913e-01 2.475843131542205811e-01 2.476515918970108032e-01
2.568466961383819580e-01 2.469681352376937866e-01 2.477158457040786743e-01 2.484123557806015015e-01 2.570403814315795898e-01 2.480108588933944702e-01 2.475405186414718628e-01 2.479069828987121582e-01 2.568362653255462646e-01 2.479106485843658447e-01 2.476467341184616089e-01 2.480096071958541870e-01 2.561303079128265381e-01 2.476023435592651367e-01 2.477113455533981323e-01 2.477075606584548950e-01
2.568415701389312744e-01 2.471135556697845459e-01 2.479791492223739624e-01 2.481045126914978027e-01 2.569806873798370361e-01 2.479230016469955444e-01 2.474765330553054810e-01 2.479133456945419312e-01 2.567405998706817627e-01 2.476440668106079102e-01 2.478528022766113281e-01 2.481298446655273438e-01 2.559739947319030762e-01 2.476519942283630371e-01 2.476676106452941895e-01 2.480033040046691895e-01
2.565028369426727295e-01 2.473750710487365723e-01 2.479098737239837646e-01 2.481793016195297241e-01 2.569361329078674316e-01 2.476287633180618286e-01 2.477315366268157959e-01 2.476280629634857178e-01 2.567491531372070312e-01 2.476456761360168457e-01 2.480327785015106201e-01 2.484139204025268555e-01 2.562659382820129395e-01 2.477985024452209473e-01 2.475732564926147461e-01 2.476257681846618652e-01
2.566527426242828369e-01 2.475245743989944458e-01 2.479653954505920410e-01 2.478242814540863037e-01 2.568372189998626709e-01 2.478081136941909790e-01 2.477555274963378906e-01 2.475236207246780396e-01 2.570524513721466064e-01 2.477632910013198853e-01 2.478946000337600708e-01 2.481311708688735962e-01 2.562822401523590088e-01 2.477100491523742676e-01 2.475169599056243896e-01 2.477541416883468628e-01
2.565433979034423828e-01 2.477319091558456421e-01 2.477243691682815552e-01 2.478140145540237427e-01 2.566630840301513672e-01 2.477777749300003052e-01 2.479966580867767334e-01 2.474359422922134399e-01 2.567508220672607422e-01 2.477442622184753418e-01 2.477998435497283936e-01 2.480944693088531494e-01 2.564739584922790527e-01 2.476109713315963745e-01 2.476654052734375000e-01 2.481695562601089478e-01
2.565518021583557129e-01 2.476519942283630371e-01 2.475705742835998535e-01 2.480393499135971069e-01 2.566784024238586426e-01 2.476704865694046021e-01 2.480199337005615234e-01 2.475045919418334961e-01 2.567762732505798340e-01 2.478755414485931396e-01 2.479180395603179932e-01 2.478195428848266602e-01 2.562575638294219971e-01 2.476184070110321045e-01 2.479621171951293945e-01 2.480818033218383789e-01
2.565163373947143555e-01 2.475747764110565186e-01 2.477810829877853394e-01 2.479414641857147217e-01 2.566867172718048096e-01 2.479190677404403687e-01 2.477568686008453369e-01 2.475107163190841675e-01 2.566564083099365234e-01 2.478276640176773071e-01 2.479025870561599731e-01 2.480026483535766602e-01 2.563486397266387939e-01 2.475601285696029663e-01 2.476457953453063965e-01 2.483652532100677490e-01
2.563515901565551758e-01 2.476622462272644043e-01 2.478866130113601685e-01 2.479131817817687988e-01 2.567554712295532227e-01 2.477855086326599121e-01 2.477840334177017212e-01 2.475483864545822144e-01 2.568418383598327637e-01 2.476901262998580933e-01 2.479384243488311768e-01 2.479190230369567871e-01 2.563803791999816895e-01 2.476509958505630493e-01 2.478990703821182251e-01 2.479894459247589111e-01
2.565335929393768311e-01 2.475865036249160767e-01 2.477431148290634155e-01 2.478930950164794922e-01 2.569986879825592041e-01 2.476632744073867798e-01 2.478081881999969482e-01 2.475708723068237305e-01 2.566051483154296875e-01 2.476036548614501953e-01 2.480816096067428589e-01 2.479882985353469849e-01 2.562942206859588623e-01 2.479307651519775391e-01 2.479084879159927368e-01 2.477866560220718384e-01
2.563875913619995117e-01 2.476762682199478149e-01 2.475228905677795410e-01 2.481963783502578735e-01 2.570001482963562012e-01 2.474904805421829224e-01 2.478306889533996582e-01 2.474500834941864014e-01 2.566171884536743164e-01 2.475461065769195557e-01 2.480677515268325806e-01 2.480851411819458008e-01 2.563677132129669189e-01 2.480953633785247803e-01 2.479679286479949951e-01 2.476945072412490845e-01
2.563583552837371826e-01 2.476543039083480835e-01 2.474343180656433105e-01 2.479562014341354370e-01 2.567922174930572510e-01 2.476114779710769653e-01 2.477608323097229004e-01 2.477893084287643433e-01 2.566688954830169678e-01 2.477174103260040283e-01 2.480197697877883911e-01 2.481202930212020874e-01 2.562306523323059082e-01 2.479730993509292603e-01 2.479816228151321411e-01 2.479273080825805664e-01
2.565173208713531494e-01 2.475439757108688354e-01 2.473581135272979736e-01 2.479837834835052490e-01 2.566908895969390869e-01 2.479567676782608032e-01 2.477244585752487183e-01 2.475817501544952393e-01 2.566934525966644287e-01 2.478042840957641602e-01 2.479374557733535767e-01 2.480911761522293091e-01 2.564343810081481934e-01 2.478684633970260620e-01 2.479808181524276733e-01 2.478289604187011719e-01
2.567544579505920410e-01 2.474302500486373901e-01 2.472314536571502686e-01 2.477361708879470825e-01 2.565471529960632324e-01 2.480809241533279419e-01 2.478005290031433105e-01 2.475063949823379517e-01 2.568363845348358154e-01 2.480054944753646851e-01 2.478387355804443359e-01 2.478842586278915405e-01 2.565660774707794189e-01 2.477527558803558350e-01 2.480914294719696045e-01 2.479333877563476562e-01
2.565237581729888916e-01 2.473779320716857910e-01 2.473681867122650146e-01 2.479747980833053589e-01 2.567658424377441406e-01 2.479512244462966919e-01 2.479103952646255493e-01 2.477300614118576050e-01 2.571033239364624023e-01 2.478790581226348877e-01 2.476366609334945679e-01 2.478366941213607788e-01 2.567717432975769043e-01 2.476876378059387207e-01 2.479372173547744751e-01 2.475413978099822998e-01
2.566729187965393066e-01 2.471486330032348633e-01 2.472104728221893311e-01 2.479978948831558228e-01 2.567655742168426514e-01 2.474767267704010010e-01 2.481482177972793579e-01 2.480702549219131470e-01 2.568607330322265625e-01 2.480068057775497437e-01 2.478513568639755249e-01 2.479712814092636108e-01 2.565127909183502197e-01 2.475877851247787476e-01 2.479318231344223022e-01 2.477826625108718872e-01
2.563665807247161865e-01 2.472791522741317749e-01 2.473033070564270020e-01 2.477925866842269897e-01 2.569163441658020020e-01 2.474759519100189209e-01 2.481815069913864136e-01 2.481925636529922485e-01 2.566795051097869873e-01 2.479521632194519043e-01 2.480879276990890503e-01 2.480196207761764526e-01 2.564752101898193359e-01 2.475696951150894165e-01 2.480013221502304077e-01 2.477023303508758545e-01
2.563766241073608398e-01 2.475101798772811890e-01 2.474029511213302612e-01 2.477204799652099609e-01 2.568092942237854004e-01 2.476666122674942017e-01 2.480648905038833618e-01 2.481898814439773560e-01 2.566721737384796143e-01 2.477452158927917480e-01 2.479287981986999512e-01 2.481524944305419922e-01 2.565160393714904785e-01 2.473699152469635010e-01 2.481975555419921875e-01 2.476725578308105469e-01
2.561863362789154053e-01 2.477463632822036743e-01 2.478613704442977905e-01 2.475950270891189575e-01 2.570188343524932861e-01 2.475792318582534790e-01 2.480771094560623169e-01 2.480288445949554443e-01 2.566122114658355713e-01 2.478479743003845215e-01 2.476765066385269165e-01 2.479568123817443848e-01 2.569366991519927979e-01 2.471577376127243042e-01 2.480548322200775146e-01 2.476597726345062256e-01
2.562438249588012695e-01 2.477670907974243164e-01 2.474313825368881226e-01 2.479468137025833130e-01 2.567936480045318604e-01 2.477068603038787842e-01 2.482291609048843384e-01 2.479743361473083496e-01 2.565285861492156982e-01 2.477535009384155273e-01 2.478143274784088135e-01 2.479970902204513550e-01 2.569577693939208984e-01 2.471226900815963745e-01 2.478004842996597290e-01 2.479280531406402588e-01
2.563597857952117920e-01 2.475737631320953369e-01 2.478541433811187744e-01 2.480474859476089478e-01 2.569613754749298096e-01 2.474618107080459595e-01 2.482058107852935791e-01 2.479261457920074463e-01 2.564297020435333252e-01 2.479356378316879272e-01 2.479072660207748413e-01 2.477701902389526367e-01 2.566123306751251221e-01 2.473245859146118164e-01 2.478010803461074829e-01 2.478243857622146606e-01
2.561761736869812012e-01 2.478545904159545898e-01 2.477702498435974121e-01 2.480341941118240356e-01 2.569633722305297852e-01 2.478390485048294067e-01 2.479078322649002075e-01 2.478448450565338135e-01 2.565566599369049072e-01 2.479863911867141724e-01 2.478719204664230347e-01 2.476278990507125854e-01 2.565825581550598145e-01 2.473452836275100708e-01 2.478143572807312012e-01 2.478201538324356079e-01
2.562392055988311768e-01 2.479512989521026611e-01 2.475018948316574097e-01 2.478498369455337524e-01 2.568469643592834473e-01 2.480431050062179565e-01 2.481998205184936523e-01 2.476636618375778198e-01 2.564593553543090820e-01 2.478055506944656372e-01 2.477886527776718140e-01 2.476003319025039673e-01 2.569050788879394531e-01 2.478024661540985107e-01 2.475624680519104004e-01 2.477757781744003296e-01
2.564320862293243408e-01 2.477459609508514404e-01 2.475466132164001465e-01 2.478175610303878784e-01 2.568248212337493896e-01 2.479692250490188599e-01 2.482326477766036987e-01 2.477268427610397339e-01 2.565064430236816406e-01 2.479929625988006592e-01 2.476143091917037964e-01 2.475401759147644043e-01 2.570667266845703125e-01 2.476840913295745850e-01 2.475934773683547974e-01 2.477014660835266113e-01
2.568481266498565674e-01 2.477578520774841309e-01 2.478223741054534912e-01 2.479170113801956177e-01 2.567842006683349609e-01 2.477087080478668213e-01 2.479058057069778442e-01 2.475594431161880493e-01 2.565628588199615479e-01 2.479807436466217041e-01 2.479252964258193970e-01 2.475394308567047119e-01 2.568254768848419189e-01 2.475500851869583130e-01 2.474854886531829834e-01 2.478224188089370728e-01
2.566822171211242676e-01 2.481223940849304199e-01 2.473497837781906128e-01 2.479865252971649170e-01 2.568227648735046387e-01 2.478588074445724487e-01 2.478847503662109375e-01 2.473828494548797607e-01 2.567250132560729980e-01 2.477742731571197510e-01 2.479728162288665771e-01 2.477525621652603149e-01 2.566566765308380127e-01 2.471707612276077271e-01 2.477744668722152710e-01 2.480786591768264771e-01
2.567696869373321533e-01 2.480260431766510010e-01 2.476700395345687866e-01 2.478854358196258545e-01 2.568255662918090820e-01 2.479687780141830444e-01 2.480942606925964355e-01 2.473296225070953369e-01 2.565659284591674805e-01 2.478135675191879272e-01 2.480778694152832031e-01 2.475926280021667480e-01 2.566722631454467773e-01 2.472066283226013184e-01 2.475843876600265503e-01 2.479126006364822388e-01
2.568403184413909912e-01 2.479289919137954712e-01 2.474844306707382202e-01 2.478270679712295532e-01 2.569104135036468506e-01 2.479573041200637817e-01 2.480153888463973999e-01 2.474021911621093750e-01 2.565685808658599854e-01 2.475318163633346558e-01 2.479411214590072632e-01 2.476104199886322021e-01 2.565918862819671631e-01 2.476214021444320679e-01 2.474356144666671753e-01 2.483284026384353638e-01
2.564908266067504883e-01 2.479904145002365112e-01 2.478009462356567383e-01 2.478961795568466187e-01 2.568094730377197266e-01 2.479288280010223389e-01 2.478212118148803711e-01 2.476167231798171997e-01 2.566491365432739258e-01 2.477403581142425537e-01 2.481134980916976929e-01 2.477282732725143433e-01 2.564535737037658691e-01 2.474255859851837158e-01 2.477005571126937866e-01 2.478296160697937012e-01
2.565483152866363525e-01 2.478629052639007568e-01 2.475641220808029175e-01 2.482030689716339111e-01 2.567735612392425537e-01 2.476910203695297241e-01 2.479505240917205811e-01 2.477610856294631958e-01 2.565371096134185791e-01 2.478220015764236450e-01 2.480247616767883301e-01 2.478473037481307983e-01 2.562255561351776123e-01 2.473342418670654297e-01 2.479713708162307739e-01 2.478781640529632568e-01
2.564606964588165283e-01 2.477054297924041748e-01 2.478137165307998657e-01 2.481276690959930420e-01 2.567698061466217041e-01 2.480113953351974487e-01 2.480981647968292236e-01 2.475342303514480591e-01 2.566150724887847900e-01 2.478154003620147705e-01 2.478860169649124146e-01 2.479302734136581421e-01 2.562930285930633545e-01 2.474038600921630859e-01 2.478894442319869995e-01 2.476408481597900391e-01
2.564234137535095215e-01 2.479660660028457642e-01 2.477454841136932373e-01 2.479725331068038940e-01 2.569102048873901367e-01 2.479203194379806519e-01 2.479311823844909668e-01 2.476519197225570679e-01 2.564424872398376465e-01 2.479229867458343506e-01 2.479320168495178223e-01 2.479493021965026855e-01 2.563688457012176514e-01 2.474470436573028564e-01 2.479324787855148315e-01 2.474787831306457520e-01
2.566356062889099121e-01 2.479004263877868652e-01 2.477338016033172607e-01 2.479764074087142944e-01 2.569374740123748779e-01 2.481267601251602173e-01 2.477343827486038208e-01 2.477019578218460083e-01 2.566292285919189453e-01 2.478106766939163208e-01 2.479488998651504517e-01 2.480519711971282959e-01 2.562543153762817383e-01 2.473455369472503662e-01 2.479360103607177734e-01 2.472715824842453003e-01
2.566145658493041992e-01 2.478062212467193604e-01 2.480291426181793213e-01 2.478174567222595215e-01 2.568537294864654541e-01 2.482122033834457397e-01 2.478289455175399780e-01 2.477776110172271729e-01 2.565075457096099854e-01 2.478300333023071289e-01 2.481786310672760010e-01 2.478303164243698120e-01 2.561716735363006592e-01 2.471968084573745728e-01 2.478174716234207153e-01 2.475226223468780518e-01
2.568877339363098145e-01 2.479229122400283813e-01 2.479219585657119751e-01 2.474918812513351440e-01 2.572540938854217529e-01 2.481997311115264893e-01 2.479884922504425049e-01 2.478312253952026367e-01 2.565489113330841064e-01 2.478383034467697144e-01 2.478513419628143311e-01 2.473887950181961060e-01 2.561292648315429688e-01 2.474743872880935669e-01 2.476580739021301270e-01 2.476077526807785034e-01
