# pops for 16 qbits with connectivity c6 and unitary DM 22768686841600
3.999999761581420898e-01 2.000000029802322388e-01 2.000000029802322388e-01 2.000000029802322388e-01 4.000000059604644775e-01 1.999999880790710449e-01 1.999999880790710449e-01 1.999999880790710449e-01 3.999999463558197021e-01 1.999999880790710449e-01 1.999999880790710449e-01 1.999999880790710449e-01 3.999999761581420898e-01 1.999999880790710449e-01 1.999999880790710449e-01 1.999999880790710449e-01
3.289471864700317383e-01 2.246182411909103394e-01 2.202025949954986572e-01 2.233865708112716675e-01 3.420455157756805420e-01 2.093757092952728271e-01 2.239605337381362915e-01 2.000000029802322388e-01 3.555775582790374756e-01 1.999999880790710449e-01 1.999999880790710449e-01 1.999999880790710449e-01 3.417257070541381836e-01 2.646841704845428467e-01 2.380125820636749268e-01 2.274636179208755493e-01
2.869984209537506104e-01 2.329132854938507080e-01 2.362751513719558716e-01 2.370269745588302612e-01 3.007012307643890381e-01 2.215604335069656372e-01 2.443944364786148071e-01 2.214689850807189941e-01 3.089524805545806885e-01 2.287638336420059204e-01 2.117165327072143555e-01 2.091938108205795288e-01 3.068232834339141846e-01 2.698736786842346191e-01 2.472532540559768677e-01 2.360841184854507446e-01
2.859932780265808105e-01 2.308004200458526611e-01 2.328501641750335693e-01 2.350516170263290405e-01 3.064833581447601318e-01 2.200232446193695068e-01 2.337386310100555420e-01 2.265623658895492554e-01 2.937408983707427979e-01 2.312506884336471558e-01 2.181274443864822388e-01 2.205185741186141968e-01 3.042061924934387207e-01 2.777565717697143555e-01 2.486532330513000488e-01 2.342433035373687744e-01
2.824285626411437988e-01 2.404930889606475830e-01 2.438278049230575562e-01 2.342869937419891357e-01 2.940776646137237549e-01 2.220458984375000000e-01 2.451510727405548096e-01 2.283202409744262695e-01 2.780685424804687500e-01 2.408711016178131104e-01 2.221567630767822266e-01 2.320168763399124146e-01 2.838647961616516113e-01 2.606509327888488770e-01 2.498148381710052490e-01 2.419248521327972412e-01
2.639424800872802734e-01 2.410906851291656494e-01 2.475939542055130005e-01 2.538996636867523193e-01 2.868144214153289795e-01 2.316976338624954224e-01 2.512876987457275391e-01 2.236186563968658447e-01 2.685669958591461182e-01 2.364428490400314331e-01 2.341234833002090454e-01 2.365682572126388550e-01 2.765764296054840088e-01 2.580348849296569824e-01 2.527393996715545654e-01 2.370023876428604126e-01
2.595765590667724609e-01 2.389067709445953369e-01 2.439302504062652588e-01 2.501843869686126709e-01 2.844983935356140137e-01 2.360998839139938354e-01 2.487878948450088501e-01 2.331815361976623535e-01 2.681477367877960205e-01 2.397080659866333008e-01 2.350990921258926392e-01 2.369818091392517090e-01 2.674219310283660889e-01 2.582171857357025146e-01 2.489178180694580078e-01 2.503405511379241943e-01
2.678828835487365723e-01 2.418473064899444580e-01 2.424846440553665161e-01 2.436586171388626099e-01 2.805979847908020020e-01 2.314821332693099976e-01 2.509077489376068115e-01 2.386193275451660156e-01 2.683800756931304932e-01 2.395190000534057617e-01 2.390609681606292725e-01 2.363507896661758423e-01 2.686500847339630127e-01 2.554941177368164062e-01 2.490392029285430908e-01 2.460248917341232300e-01
2.666010856628417969e-01 2.447863221168518066e-01 2.443258315324783325e-01 2.441425919532775879e-01 2.715250253677368164e-01 2.436403632164001465e-01 2.476979196071624756e-01 2.401718795299530029e-01 2.609965503215789795e-01 2.433167099952697754e-01 2.433592081069946289e-01 2.401061356067657471e-01 2.671138048171997070e-01 2.518191933631896973e-01 2.451610565185546875e-01 2.452359944581985474e-01
2.657609283924102783e-01 2.429184615612030029e-01 2.464164346456527710e-01 2.429458945989608765e-01 2.702201902866363525e-01 2.415828257799148560e-01 2.497066557407379150e-01 2.413358837366104126e-01 2.610939145088195801e-01 2.429696023464202881e-01 2.384697496891021729e-01 2.469557523727416992e-01 2.634223401546478271e-01 2.517655193805694580e-01 2.448569834232330322e-01 2.495786100625991821e-01
2.609233260154724121e-01 2.432918548583984375e-01 2.432378679513931274e-01 2.423208355903625488e-01 2.716748118400573730e-01 2.450130432844161987e-01 2.462642937898635864e-01 2.419162988662719727e-01 2.625012099742889404e-01 2.430477142333984375e-01 2.404472827911376953e-01 2.456965148448944092e-01 2.655208408832550049e-01 2.509690225124359131e-01 2.490055859088897705e-01 2.481691092252731323e-01
2.582838237285614014e-01 2.442394793033599854e-01 2.480330318212509155e-01 2.438862174749374390e-01 2.657598853111267090e-01 2.451846450567245483e-01 2.472123652696609497e-01 2.431744188070297241e-01 2.592806220054626465e-01 2.432690858840942383e-01 2.421883791685104370e-01 2.471449524164199829e-01 2.631314098834991455e-01 2.510620355606079102e-01 2.498536258935928345e-01 2.482956200838088989e-01
2.576477229595184326e-01 2.477691769599914551e-01 2.494044601917266846e-01 2.444525957107543945e-01 2.622998654842376709e-01 2.448523342609405518e-01 2.445978671312332153e-01 2.436354905366897583e-01 2.598103582859039307e-01 2.444473952054977417e-01 2.446740865707397461e-01 2.452086955308914185e-01 2.626411914825439453e-01 2.506963014602661133e-01 2.500818669795989990e-01 2.477800846099853516e-01
2.562664449214935303e-01 2.471408098936080933e-01 2.478088438510894775e-01 2.455320209264755249e-01 2.605767250061035156e-01 2.458460479974746704e-01 2.455166876316070557e-01 2.459605932235717773e-01 2.582696974277496338e-01 2.448111623525619507e-01 2.438392043113708496e-01 2.447609454393386841e-01 2.629163563251495361e-01 2.495982050895690918e-01 2.510120868682861328e-01 2.501436471939086914e-01
2.557608187198638916e-01 2.473641037940979004e-01 2.486475557088851929e-01 2.449756562709808350e-01 2.605627179145812988e-01 2.460993975400924683e-01 2.465938776731491089e-01 2.446440458297729492e-01 2.572083175182342529e-01 2.443455159664154053e-01 2.452611327171325684e-01 2.448660284280776978e-01 2.633427083492279053e-01 2.499465346336364746e-01 2.509714663028717041e-01 2.494095414876937866e-01
2.566819489002227783e-01 2.484714537858963013e-01 2.481759637594223022e-01 2.450978606939315796e-01 2.603769600391387939e-01 2.462918311357498169e-01 2.460972517728805542e-01 2.451791167259216309e-01 2.561976313591003418e-01 2.456603646278381348e-01 2.457430362701416016e-01 2.454698532819747925e-01 2.615940570831298828e-01 2.496667504310607910e-01 2.504834830760955811e-01 2.488117963075637817e-01
2.565507590770721436e-01 2.480963170528411865e-01 2.481737732887268066e-01 2.456063926219940186e-01 2.596780061721801758e-01 2.463217079639434814e-01 2.465949058532714844e-01 2.453505396842956543e-01 2.563194930553436279e-01 2.459840327501296997e-01 2.454307675361633301e-01 2.453365772962570190e-01 2.608282864093780518e-01 2.494186908006668091e-01 2.510984838008880615e-01 2.492106258869171143e-01
2.562309801578521729e-01 2.479549497365951538e-01 2.487746626138687134e-01 2.454665899276733398e-01 2.598946392536163330e-01 2.468183189630508423e-01 2.459798455238342285e-01 2.452522963285446167e-01 2.564239501953125000e-01 2.453916072845458984e-01 2.457962781190872192e-01 2.454590648412704468e-01 2.616239190101623535e-01 2.498066425323486328e-01 2.505333125591278076e-01 2.485921382904052734e-01
2.562122642993927002e-01 2.480118870735168457e-01 2.488969862461090088e-01 2.466581463813781738e-01 2.583521902561187744e-01 2.471070438623428345e-01 2.456528991460800171e-01 2.460702657699584961e-01 2.565552294254302979e-01 2.457713335752487183e-01 2.461410462856292725e-01 2.461399585008621216e-01 2.602796554565429688e-01 2.498370409011840820e-01 2.503706216812133789e-01 2.479427009820938110e-01
2.567408978939056396e-01 2.479273080825805664e-01 2.485921531915664673e-01 2.468091249465942383e-01 2.581394314765930176e-01 2.472715526819229126e-01 2.451141923666000366e-01 2.462030798196792603e-01 2.566787600517272949e-01 2.463600784540176392e-01 2.467298060655593872e-01 2.459663450717926025e-01 2.592100799083709717e-01 2.494622915983200073e-01 2.503958940505981445e-01 2.483981996774673462e-01
2.566855549812316895e-01 2.480203956365585327e-01 2.483494281768798828e-01 2.469780892133712769e-01 2.583443224430084229e-01 2.466648072004318237e-01 2.449508756399154663e-01 2.465539872646331787e-01 2.572247982025146484e-01 2.463974207639694214e-01 2.464719116687774658e-01 2.463855147361755371e-01 2.591557800769805908e-01 2.495269924402236938e-01 2.502164542675018311e-01 2.480727583169937134e-01
2.566775083541870117e-01 2.487290203571319580e-01 2.478015869855880737e-01 2.468253821134567261e-01 2.575003504753112793e-01 2.469562441110610962e-01 2.454268336296081543e-01 2.466305792331695557e-01 2.569385170936584473e-01 2.461247891187667847e-01 2.464657276868820190e-01 2.469505369663238525e-01 2.592194974422454834e-01 2.491839081048965454e-01 2.507529556751251221e-01 2.478156089782714844e-01
2.563494443893432617e-01 2.489289194345474243e-01 2.479492425918579102e-01 2.472610622644424438e-01 2.566806375980377197e-01 2.467775642871856689e-01 2.463206201791763306e-01 2.469896227121353149e-01 2.567933499813079834e-01 2.472709715366363525e-01 2.465980052947998047e-01 2.467441856861114502e-01 2.586445212364196777e-01 2.487579286098480225e-01 2.497904151678085327e-01 2.481424808502197266e-01
2.570872902870178223e-01 2.486258149147033691e-01 2.473978847265243530e-01 2.470412999391555786e-01 2.566967606544494629e-01 2.474837154150009155e-01 2.462843209505081177e-01 2.475611865520477295e-01 2.560358345508575439e-01 2.472390383481979370e-01 2.471766918897628784e-01 2.468274086713790894e-01 2.584295570850372314e-01 2.490508556365966797e-01 2.490997165441513062e-01 2.479615807533264160e-01
2.568534612655639648e-01 2.485324293375015259e-01 2.475266456604003906e-01 2.472627162933349609e-01 2.564841806888580322e-01 2.474052757024765015e-01 2.461331337690353394e-01 2.474235594272613525e-01 2.559743523597717285e-01 2.475783228874206543e-01 2.475580424070358276e-01 2.466756701469421387e-01 2.580751776695251465e-01 2.489818781614303589e-01 2.494958788156509399e-01 2.480382174253463745e-01
2.565516531467437744e-01 2.484120130538940430e-01 2.474049925804138184e-01 2.472325116395950317e-01 2.567502260208129883e-01 2.469651401042938232e-01 2.465867996215820312e-01 2.476016134023666382e-01 2.564416527748107910e-01 2.475743144750595093e-01 2.475203275680541992e-01 2.465978264808654785e-01 2.580143809318542480e-01 2.491420954465866089e-01 2.491440773010253906e-01 2.480591535568237305e-01
2.563883960247039795e-01 2.484124004840850830e-01 2.473826855421066284e-01 2.473471313714981079e-01 2.567587494850158691e-01 2.473807930946350098e-01 2.467394620180130005e-01 2.474627196788787842e-01 2.562219500541687012e-01 2.475586533546447754e-01 2.473400384187698364e-01 2.466817349195480347e-01 2.577093243598937988e-01 2.491886615753173828e-01 2.491923272609710693e-01 2.482337057590484619e-01
2.561534941196441650e-01 2.478829175233840942e-01 2.479116320610046387e-01 2.475541830062866211e-01 2.568121850490570068e-01 2.477274388074874878e-01 2.470528483390808105e-01 2.475921362638473511e-01 2.563569843769073486e-01 2.474742978811264038e-01 2.470522969961166382e-01 2.465210556983947754e-01 2.572081983089447021e-01 2.490508556365966797e-01 2.493263930082321167e-01 2.483217865228652954e-01
2.569076418876647949e-01 2.479962408542633057e-01 2.474814206361770630e-01 2.473927736282348633e-01 2.572904825210571289e-01 2.477869689464569092e-01 2.470282614231109619e-01 2.474549710750579834e-01 2.564184963703155518e-01 2.475764751434326172e-01 2.477235496044158936e-01 2.467693984508514404e-01 2.567182183265686035e-01 2.480697184801101685e-01 2.491345703601837158e-01 2.482494860887527466e-01
2.569438517093658447e-01 2.476840764284133911e-01 2.475039660930633545e-01 2.477480173110961914e-01 2.573008537292480469e-01 2.474617809057235718e-01 2.472946941852569580e-01 2.472694963216781616e-01 2.566829621791839600e-01 2.477874457836151123e-01 2.476877123117446899e-01 2.467851936817169189e-01 2.568684220314025879e-01 2.478764951229095459e-01 2.492187470197677612e-01 2.478850036859512329e-01
2.568951249122619629e-01 2.479021549224853516e-01 2.476202696561813354e-01 2.474623024463653564e-01 2.568303048610687256e-01 2.473594397306442261e-01 2.472513467073440552e-01 2.478857040405273438e-01 2.564882934093475342e-01 2.480385005474090576e-01 2.475324273109436035e-01 2.468840926885604858e-01 2.570815980434417725e-01 2.477971166372299194e-01 2.488511204719543457e-01 2.481188625097274780e-01
2.567910552024841309e-01 2.478259205818176270e-01 2.477291226387023926e-01 2.476682364940643311e-01 2.566557526588439941e-01 2.476315796375274658e-01 2.472257465124130249e-01 2.478682696819305420e-01 2.564080655574798584e-01 2.479881644248962402e-01 2.473799288272857666e-01 2.469780892133712769e-01 2.571904063224792480e-01 2.479103952646255493e-01 2.486937195062637329e-01 2.480541020631790161e-01
2.566698193550109863e-01 2.475473731756210327e-01 2.480156421661376953e-01 2.477491945028305054e-01 2.566481530666351318e-01 2.477029114961624146e-01 2.474405616521835327e-01 2.479956448078155518e-01 2.565263211727142334e-01 2.478897720575332642e-01 2.471230328083038330e-01 2.472060024738311768e-01 2.571243345737457275e-01 2.480029761791229248e-01 2.484474629163742065e-01 2.479092478752136230e-01
2.566972672939300537e-01 2.479119002819061279e-01 2.477882206439971924e-01 2.476279139518737793e-01 2.568300664424896240e-01 2.476511895656585693e-01 2.475730627775192261e-01 2.479866743087768555e-01 2.563714683055877686e-01 2.477071881294250488e-01 2.473279535770416260e-01 2.472587823867797852e-01 2.569597661495208740e-01 2.482594698667526245e-01 2.483030706644058228e-01 2.477443516254425049e-01
2.567798495292663574e-01 2.478334456682205200e-01 2.476116269826889038e-01 2.475787550210952759e-01 2.569281160831451416e-01 2.474640011787414551e-01 2.477455437183380127e-01 2.477601617574691772e-01 2.564615011215209961e-01 2.479788661003112793e-01 2.474684417247772217e-01 2.475744187831878662e-01 2.570002377033233643e-01 2.482471764087677002e-01 2.478008866310119629e-01 2.477653324604034424e-01
2.568261921405792236e-01 2.476466894149780273e-01 2.475899159908294678e-01 2.477408796548843384e-01 2.568877935409545898e-01 2.477029561996459961e-01 2.475104779005050659e-01 2.477965801954269409e-01 2.562167346477508545e-01 2.480114698410034180e-01 2.474887818098068237e-01 2.477662265300750732e-01 2.568853199481964111e-01 2.480766624212265015e-01 2.481152415275573730e-01 2.477363795042037964e-01
2.568135261535644531e-01 2.476979196071624756e-01 2.473028153181076050e-01 2.477866709232330322e-01 2.570421695709228516e-01 2.475180327892303467e-01 2.473086416721343994e-01 2.477928400039672852e-01 2.560864388942718506e-01 2.480776757001876831e-01 2.474378049373626709e-01 2.479359358549118042e-01 2.568499445915222168e-01 2.483306080102920532e-01 2.482813447713851929e-01 2.477359026670455933e-01
2.568489015102386475e-01 2.480840682983398438e-01 2.475258558988571167e-01 2.477366924285888672e-01 2.569136619567871094e-01 2.476581037044525146e-01 2.470105737447738647e-01 2.478332817554473877e-01 2.560340166091918945e-01 2.479954808950424194e-01 2.474012970924377441e-01 2.479145526885986328e-01 2.569572329521179199e-01 2.481221407651901245e-01 2.482564449310302734e-01 2.477058768272399902e-01
2.567981779575347900e-01 2.479971945285797119e-01 2.478030025959014893e-01 2.477174103260040283e-01 2.570841610431671143e-01 2.477239519357681274e-01 2.472457140684127808e-01 2.474468946456909180e-01 2.560843527317047119e-01 2.482844144105911255e-01 2.472504675388336182e-01 2.477105855941772461e-01 2.568011283874511719e-01 2.480260729789733887e-01 2.484583258628845215e-01 2.475663274526596069e-01
2.569053471088409424e-01 2.478860765695571899e-01 2.478140443563461304e-01 2.473507374525070190e-01 2.570770382881164551e-01 2.477431744337081909e-01 2.473036050796508789e-01 2.471935600042343140e-01 2.562605738639831543e-01 2.480921149253845215e-01 2.475054264068603516e-01 2.476344853639602661e-01 2.569372653961181641e-01 2.482251524925231934e-01 2.484717518091201782e-01 2.475977689027786255e-01
2.567863762378692627e-01 2.481666654348373413e-01 2.476682364940643311e-01 2.473468631505966187e-01 2.571566700935363770e-01 2.479104846715927124e-01 2.471726834774017334e-01 2.472849935293197632e-01 2.562592029571533203e-01 2.482489943504333496e-01 2.475471794605255127e-01 2.472961246967315674e-01 2.569136917591094971e-01 2.483026236295700073e-01 2.482744902372360229e-01 2.476628720760345459e-01
2.565434575080871582e-01 2.482051551342010498e-01 2.476543188095092773e-01 2.473181933164596558e-01 2.571607232093811035e-01 2.473914772272109985e-01 2.471907734870910645e-01 2.475423812866210938e-01 2.562837302684783936e-01 2.484924942255020142e-01 2.474391460418701172e-01 2.473992407321929932e-01 2.567917406558990479e-01 2.482829391956329346e-01 2.482506483793258667e-01 2.480515092611312866e-01
2.563796341419219971e-01 2.485172301530838013e-01 2.476762384176254272e-01 2.474039644002914429e-01 2.569839358329772949e-01 2.474433630704879761e-01 2.474455833435058594e-01 2.476814240217208862e-01 2.563541829586029053e-01 2.483604550361633301e-01 2.473303675651550293e-01 2.473170608282089233e-01 2.570458650588989258e-01 2.480903714895248413e-01 2.475581616163253784e-01 2.484100013971328735e-01
2.566494643688201904e-01 2.485019266605377197e-01 2.477992773056030273e-01 2.472394853830337524e-01 2.570212185382843018e-01 2.475619167089462280e-01 2.475881129503250122e-01 2.473658174276351929e-01 2.566674649715423584e-01 2.480181008577346802e-01 2.472958117723464966e-01 2.475487291812896729e-01 2.569547891616821289e-01 2.479358464479446411e-01 2.477417886257171631e-01 2.481082975864410400e-01
2.565487921237945557e-01 2.483062297105789185e-01 2.476189285516738892e-01 2.473080307245254517e-01 2.569346427917480469e-01 2.476675361394882202e-01 2.477529346942901611e-01 2.475782781839370728e-01 2.568624615669250488e-01 2.479415237903594971e-01 2.471118569374084473e-01 2.476246207952499390e-01 2.569975852966308594e-01 2.480270862579345703e-01 2.478034049272537231e-01 2.479139715433120728e-01
2.565108835697174072e-01 2.482974380254745483e-01 2.476391941308975220e-01 2.474278509616851807e-01 2.568742632865905762e-01 2.475668787956237793e-01 2.478599399328231812e-01 2.477129101753234863e-01 2.567437887191772461e-01 2.477154731750488281e-01 2.472637146711349487e-01 2.478166520595550537e-01 2.567054331302642822e-01 2.480117231607437134e-01 2.476786226034164429e-01 2.481729835271835327e-01
2.568063437938690186e-01 2.480617910623550415e-01 2.475977391004562378e-01 2.477986365556716919e-01 2.569254040718078613e-01 2.474463135004043579e-01 2.478776127099990845e-01 2.476983815431594849e-01 2.569616436958312988e-01 2.474287301301956177e-01 2.471808940172195435e-01 2.480305433273315430e-01 2.566119730472564697e-01 2.479011118412017822e-01 2.476581484079360962e-01 2.480124533176422119e-01
2.570754289627075195e-01 2.479492127895355225e-01 2.478376179933547974e-01 2.478918135166168213e-01 2.568750381469726562e-01 2.474794834852218628e-01 2.477498948574066162e-01 2.477833032608032227e-01 2.569900751113891602e-01 2.480000555515289307e-01 2.471230179071426392e-01 2.480268180370330811e-01 2.563540637493133545e-01 2.476824820041656494e-01 2.475633025169372559e-01 2.476160228252410889e-01
2.569940984249114990e-01 2.477421313524246216e-01 2.474647760391235352e-01 2.481260597705841064e-01 2.570948600769042969e-01 2.477511614561080933e-01 2.478018701076507568e-01 2.475432008504867554e-01 2.569063901901245117e-01 2.478366643190383911e-01 2.472318112850189209e-01 2.480657100677490234e-01 2.563464045524597168e-01 2.478296160697937012e-01 2.476309537887573242e-01 2.476317435503005981e-01
2.569430768489837646e-01 2.477650940418243408e-01 2.476565241813659668e-01 2.478062808513641357e-01 2.572909593582153320e-01 2.476432025432586670e-01 2.477771043777465820e-01 2.475061863660812378e-01 2.566182613372802734e-01 2.478293776512145996e-01 2.475422024726867676e-01 2.480682134628295898e-01 2.561700046062469482e-01 2.478266209363937378e-01 2.477360516786575317e-01 2.478184103965759277e-01
2.567902207374572754e-01 2.476068735122680664e-01 2.476431429386138916e-01 2.480024248361587524e-01 2.571982741355895996e-01 2.477574795484542847e-01 2.478318214416503906e-01 2.476852685213088989e-01 2.567600011825561523e-01 2.475269436836242676e-01 2.475513219833374023e-01 2.477053850889205933e-01 2.562465965747833252e-01 2.479710876941680908e-01 2.475830912590026855e-01 2.481375187635421753e-01
2.568999528884887695e-01 2.476814687252044678e-01 2.474293112754821777e-01 2.480031251907348633e-01 2.573910355567932129e-01 2.477938681840896606e-01 2.479703575372695923e-01 2.472996115684509277e-01 2.567405402660369873e-01 2.478208392858505249e-01 2.477078437805175781e-01 2.477152943611145020e-01 2.562079429626464844e-01 2.476867139339447021e-01 2.475632578134536743e-01 2.480862587690353394e-01
2.570386230945587158e-01 2.474721372127532959e-01 2.473504096269607544e-01 2.476336956024169922e-01 2.573638260364532471e-01 2.480518221855163574e-01 2.478798478841781616e-01 2.473916262388229370e-01 2.569848299026489258e-01 2.476921826601028442e-01 2.474620193243026733e-01 2.476626038551330566e-01 2.562209963798522949e-01 2.478550523519515991e-01 2.479689568281173706e-01 2.479687482118606567e-01
2.574419081211090088e-01 2.476795762777328491e-01 2.473104745149612427e-01 2.477840632200241089e-01 2.573374211788177490e-01 2.477204650640487671e-01 2.482457906007766724e-01 2.473141849040985107e-01 2.572184801101684570e-01 2.475579380989074707e-01 2.473077625036239624e-01 2.478876262903213501e-01 2.558887004852294922e-01 2.477286607027053833e-01 2.478219419717788696e-01 2.477523982524871826e-01
2.570759356021881104e-01 2.479339540004730225e-01 2.472425848245620728e-01 2.476563304662704468e-01 2.573120892047882080e-01 2.479094862937927246e-01 2.485372424125671387e-01 2.472782731056213379e-01 2.570623755455017090e-01 2.474817782640457153e-01 2.472748756408691406e-01 2.477851659059524536e-01 2.560681998729705811e-01 2.476603537797927856e-01 2.480499595403671265e-01 2.476688474416732788e-01
2.571159899234771729e-01 2.480199933052062988e-01 2.474556714296340942e-01 2.478103488683700562e-01 2.566961646080017090e-01 2.478111386299133301e-01 2.483955025672912598e-01 2.474616020917892456e-01 2.573204934597015381e-01 2.476913034915924072e-01 2.474978864192962646e-01 2.474804818630218506e-01 2.559738457202911377e-01 2.475015372037887573e-01 2.479934692382812500e-01 2.477718144655227661e-01
2.572358846664428711e-01 2.477455586194992065e-01 2.475475370883941650e-01 2.477881908416748047e-01 2.568009197711944580e-01 2.480929642915725708e-01 2.482962161302566528e-01 2.476673126220703125e-01 2.569482028484344482e-01 2.477530688047409058e-01 2.474815547466278076e-01 2.476301491260528564e-01 2.558925449848175049e-01 2.474866658449172974e-01 2.479414045810699463e-01 2.476889491081237793e-01
2.572776377201080322e-01 2.476831972599029541e-01 2.476190179586410522e-01 2.478704452514648438e-01 2.567490935325622559e-01 2.481116503477096558e-01 2.479574978351593018e-01 2.477398216724395752e-01 2.565923631191253662e-01 2.481336891651153564e-01 2.474209815263748169e-01 2.476040571928024292e-01 2.562500834465026855e-01 2.475109994411468506e-01 2.477355003356933594e-01 2.477411031723022461e-01
2.574079334735870361e-01 2.479299604892730713e-01 2.473727911710739136e-01 2.479482591152191162e-01 2.567718625068664551e-01 2.481140792369842529e-01 2.478266209363937378e-01 2.479366958141326904e-01 2.565412819385528564e-01 2.479116469621658325e-01 2.474800944328308105e-01 2.477173954248428345e-01 2.560462653636932373e-01 2.475900352001190186e-01 2.476141005754470825e-01 2.477880716323852539e-01
2.571733891963958740e-01 2.476257681846618652e-01 2.474210113286972046e-01 2.481568157672882080e-01 2.568107545375823975e-01 2.480832338333129883e-01 2.477375715970993042e-01 2.481631338596343994e-01 2.566358149051666260e-01 2.476832270622253418e-01 2.475071251392364502e-01 2.476848661899566650e-01 2.562797963619232178e-01 2.476527690887451172e-01 2.476615607738494873e-01 2.477201521396636963e-01
2.571249604225158691e-01 2.478630691766738892e-01 2.473017871379852295e-01 2.482270300388336182e-01 2.566981315612792969e-01 2.481806874275207520e-01 2.478239089250564575e-01 2.479505240917205811e-01 2.567888498306274414e-01 2.476535588502883911e-01 2.471197396516799927e-01 2.479237318038940430e-01 2.565439045429229736e-01 2.474351376295089722e-01 2.473767995834350586e-01 2.479851394891738892e-01
2.570395767688751221e-01 2.479584664106369019e-01 2.475400418043136597e-01 2.479787617921829224e-01 2.570621669292449951e-01 2.480305880308151245e-01 2.479304224252700806e-01 2.476300448179244995e-01 2.566292285919189453e-01 2.478110641241073608e-01 2.469942271709442139e-01 2.480513006448745728e-01 2.565112709999084473e-01 2.472607493400573730e-01 2.476690262556076050e-01 2.478999942541122437e-01
2.568841278553009033e-01 2.478711754083633423e-01 2.474649399518966675e-01 2.482966035604476929e-01 2.572206854820251465e-01 2.480020970106124878e-01 2.477018982172012329e-01 2.477285265922546387e-01 2.566545605659484863e-01 2.477684319019317627e-01 2.470472007989883423e-01 2.480156421661376953e-01 2.564330399036407471e-01 2.472594976425170898e-01 2.475463002920150757e-01 2.481020689010620117e-01
2.571770548820495605e-01 2.478760927915573120e-01 2.475327849388122559e-01 2.479308992624282837e-01 2.571960687637329102e-01 2.480607032775878906e-01 2.476451247930526733e-01 2.477513253688812256e-01 2.567458450794219971e-01 2.476278692483901978e-01 2.470326125621795654e-01 2.480795532464981079e-01 2.563311159610748291e-01 2.473357915878295898e-01 2.477056533098220825e-01 2.479683905839920044e-01
2.573896050453186035e-01 2.478355169296264648e-01 2.478900998830795288e-01 2.476290762424468994e-01 2.570224106311798096e-01 2.480570077896118164e-01 2.475650459527969360e-01 2.477758973836898804e-01 2.569561302661895752e-01 2.477263212203979492e-01 2.469261884689331055e-01 2.481584101915359497e-01 2.562498748302459717e-01 2.473839670419692993e-01 2.475535720586776733e-01 2.478776425123214722e-01
2.569753527641296387e-01 2.477975338697433472e-01 2.478897571563720703e-01 2.478246241807937622e-01 2.569208741188049316e-01 2.480724006891250610e-01 2.474077641963958740e-01 2.477834522724151611e-01 2.570346891880035400e-01 2.477798014879226685e-01 2.470530867576599121e-01 2.479794919490814209e-01 2.562160491943359375e-01 2.474182099103927612e-01 2.475520968437194824e-01 2.482914775609970093e-01
2.570594251155853271e-01 2.479450106620788574e-01 2.478416264057159424e-01 2.479205876588821411e-01 2.570078670978546143e-01 2.476762235164642334e-01 2.474848181009292603e-01 2.479995787143707275e-01 2.568724453449249268e-01 2.477993518114089966e-01 2.470513582229614258e-01 2.483092695474624634e-01 2.561275064945220947e-01 2.473551183938980103e-01 2.475412636995315552e-01 2.480052411556243896e-01
2.568553388118743896e-01 2.481102496385574341e-01 2.478476315736770630e-01 2.478145062923431396e-01 2.570406496524810791e-01 2.478320896625518799e-01 2.473448812961578369e-01 2.480642795562744141e-01 2.568598687648773193e-01 2.479403018951416016e-01 2.472347766160964966e-01 2.482286095619201660e-01 2.563575208187103271e-01 2.472807466983795166e-01 2.474917173385620117e-01 2.476933300495147705e-01
2.567518651485443115e-01 2.480515092611312866e-01 2.479142695665359497e-01 2.476916760206222534e-01 2.572003602981567383e-01 2.478460371494293213e-01 2.474729567766189575e-01 2.478966414928436279e-01 2.566959261894226074e-01 2.477802336215972900e-01 2.472258657217025757e-01 2.480954974889755249e-01 2.565357387065887451e-01 2.476561367511749268e-01 2.476374655961990356e-01 2.475442737340927124e-01
2.567764818668365479e-01 2.478975802659988403e-01 2.479951083660125732e-01 2.476913928985595703e-01 2.570882439613342285e-01 2.479992359876632690e-01 2.474336326122283936e-01 2.477018833160400391e-01 2.566221654415130615e-01 2.479986995458602905e-01 2.472697496414184570e-01 2.479452639818191528e-01 2.566653490066528320e-01 2.475921660661697388e-01 2.475655525922775269e-01 2.477539330720901489e-01
2.568410038948059082e-01 2.478074878454208374e-01 2.479375302791595459e-01 2.477745264768600464e-01 2.573684453964233398e-01 2.473583072423934937e-01 2.476665824651718140e-01 2.478297054767608643e-01 2.568658888339996338e-01 2.478859126567840576e-01 2.472903132438659668e-01 2.477937638759613037e-01 2.566151618957519531e-01 2.476224154233932495e-01 2.474482506513595581e-01 2.478911280632019043e-01
2.571779191493988037e-01 2.476898729801177979e-01 2.479079663753509521e-01 2.477351278066635132e-01 2.571715712547302246e-01 2.475917339324951172e-01 2.475294470787048340e-01 2.478267550468444824e-01 2.564868628978729248e-01 2.479919195175170898e-01 2.474523484706878662e-01 2.477773576974868774e-01 2.564960718154907227e-01 2.475054264068603516e-01 2.476348727941513062e-01 2.480211704969406128e-01
2.569920718669891357e-01 2.478400766849517822e-01 2.477910816669464111e-01 2.478876709938049316e-01 2.568010389804840088e-01 2.477945089340209961e-01 2.475202679634094238e-01 2.480037212371826172e-01 2.565738260746002197e-01 2.477545887231826782e-01 2.473065853118896484e-01 2.480734735727310181e-01 2.565138041973114014e-01 2.474678009748458862e-01 2.478165775537490845e-01 2.478592991828918457e-01
2.569847702980041504e-01 2.476720511913299561e-01 2.479201555252075195e-01 2.477727234363555908e-01 2.568352520465850830e-01 2.475864440202713013e-01 2.477689832448959351e-01 2.481093853712081909e-01 2.565241456031799316e-01 2.476551234722137451e-01 2.475832104682922363e-01 2.482753098011016846e-01 2.565751671791076660e-01 2.473244220018386841e-01 2.475282847881317139e-01 2.478808313608169556e-01
2.570123076438903809e-01 2.476100474596023560e-01 2.476947903633117676e-01 2.478682845830917358e-01 2.570815384387969971e-01 2.474699616432189941e-01 2.479201853275299072e-01 2.482629418373107910e-01 2.564205229282379150e-01 2.475279122591018677e-01 2.473494261503219604e-01 2.482043057680130005e-01 2.566190361976623535e-01 2.476533651351928711e-01 2.477152198553085327e-01 2.475864291191101074e-01
2.569206953048706055e-01 2.476892173290252686e-01 2.476208508014678955e-01 2.478260993957519531e-01 2.571360468864440918e-01 2.477029711008071899e-01 2.476819455623626709e-01 2.480441331863403320e-01 2.564329802989959717e-01 2.477752715349197388e-01 2.475011944770812988e-01 2.482735365629196167e-01 2.566929459571838379e-01 2.472354322671890259e-01 2.478165179491043091e-01 2.476462721824645996e-01
2.564224898815155029e-01 2.478605657815933228e-01 2.476488202810287476e-01 2.481250315904617310e-01 2.568475306034088135e-01 2.478439360857009888e-01 2.477898448705673218e-01 2.480838000774383545e-01 2.563013732433319092e-01 2.479433715343475342e-01 2.479609698057174683e-01 2.477772682905197144e-01 2.566073238849639893e-01 2.474246025085449219e-01 2.476670444011688232e-01 2.476921975612640381e-01
2.569948434829711914e-01 2.476783841848373413e-01 2.474935203790664673e-01 2.478900551795959473e-01 2.570346891880035400e-01 2.477589547634124756e-01 2.477828562259674072e-01 2.479885667562484741e-01 2.563333213329315186e-01 2.477931678295135498e-01 2.474312186241149902e-01 2.484252303838729858e-01 2.567065358161926270e-01 2.473239302635192871e-01 2.477105259895324707e-01 2.476501315832138062e-01
2.567704021930694580e-01 2.475932687520980835e-01 2.476569265127182007e-01 2.480072826147079468e-01 2.568612396717071533e-01 2.475532442331314087e-01 2.478884756565093994e-01 2.479252666234970093e-01 2.563178837299346924e-01 2.477656602859497070e-01 2.476476430892944336e-01 2.480000853538513184e-01 2.567445337772369385e-01 2.475162595510482788e-01 2.481334209442138672e-01 2.476143985986709595e-01
2.568561732769012451e-01 2.474695444107055664e-01 2.475229799747467041e-01 2.482933104038238525e-01 2.570253014564514160e-01 2.475644350051879883e-01 2.479064613580703735e-01 2.481648772954940796e-01 2.565219402313232422e-01 2.476352602243423462e-01 2.476837784051895142e-01 2.477887421846389771e-01 2.566525638103485107e-01 2.474019676446914673e-01 2.478535920381546021e-01 2.476550489664077759e-01
2.566712796688079834e-01 2.475798428058624268e-01 2.479689121246337891e-01 2.479219734668731689e-01 2.568453252315521240e-01 2.476479858160018921e-01 2.478833794593811035e-01 2.482843548059463501e-01 2.564291954040527344e-01 2.475616782903671265e-01 2.477810233831405640e-01 2.478578239679336548e-01 2.564418017864227295e-01 2.477362751960754395e-01 2.477989345788955688e-01 2.475860565900802612e-01
2.565593421459197998e-01 2.477837502956390381e-01 2.479693740606307983e-01 2.479855120182037354e-01 2.568586170673370361e-01 2.478126138448715210e-01 2.477781623601913452e-01 2.480634599924087524e-01 2.565435171127319336e-01 2.477178871631622314e-01 2.478863894939422607e-01 2.477997243404388428e-01 2.564386725425720215e-01 2.476899027824401855e-01 2.475836724042892456e-01 2.475252300500869751e-01
2.563710212707519531e-01 2.478628903627395630e-01 2.477696537971496582e-01 2.482943087816238403e-01 2.567855119705200195e-01 2.480001747608184814e-01 2.478217780590057373e-01 2.479053288698196411e-01 2.565763592720031738e-01 2.476119250059127808e-01 2.480720877647399902e-01 2.476871162652969360e-01 2.564659416675567627e-01 2.475295960903167725e-01 2.475492358207702637e-01 2.476926445960998535e-01
2.565159499645233154e-01 2.480665296316146851e-01 2.477051764726638794e-01 2.480103224515914917e-01 2.569060623645782471e-01 2.477551102638244629e-01 2.476282119750976562e-01 2.482234686613082886e-01 2.564670741558074951e-01 2.476740926504135132e-01 2.478641867637634277e-01 2.479421496391296387e-01 2.563671767711639404e-01 2.477525770664215088e-01 2.475374341011047363e-01 2.475803047418594360e-01
2.562507390975952148e-01 2.479152232408523560e-01 2.479865700006484985e-01 2.480612248182296753e-01 2.568389177322387695e-01 2.478128522634506226e-01 2.477865517139434814e-01 2.480043470859527588e-01 2.564701437950134277e-01 2.475816458463668823e-01 2.478030174970626831e-01 2.479875832796096802e-01 2.563722431659698486e-01 2.476418763399124146e-01 2.477943152189254761e-01 2.476884722709655762e-01
2.562280297279357910e-01 2.476917058229446411e-01 2.480747997760772705e-01 2.482191473245620728e-01 2.567568123340606689e-01 2.479203343391418457e-01 2.479721456766128540e-01 2.477933466434478760e-01 2.564907371997833252e-01 2.476700246334075928e-01 2.478384077548980713e-01 2.478432059288024902e-01 2.565148472785949707e-01 2.475591450929641724e-01 2.475224137306213379e-01 2.479004859924316406e-01
2.564599215984344482e-01 2.476072758436203003e-01 2.480213940143585205e-01 2.481250911951065063e-01 2.567960321903228760e-01 2.476946562528610229e-01 2.478057593107223511e-01 2.481461763381958008e-01 2.565193474292755127e-01 2.474722117185592651e-01 2.480487227439880371e-01 2.478020489215850830e-01 2.566362619400024414e-01 2.477232366800308228e-01 2.475607693195343018e-01 2.475766241550445557e-01
2.563172876834869385e-01 2.475457936525344849e-01 2.479318082332611084e-01 2.481845915317535400e-01 2.570897638797760010e-01 2.477451860904693604e-01 2.478670179843902588e-01 2.481144666671752930e-01 2.566142082214355469e-01 2.478562444448471069e-01 2.476799190044403076e-01 2.477219551801681519e-01 2.565728425979614258e-01 2.474351525306701660e-01 2.478527277708053589e-01 2.474665194749832153e-01
2.566035687923431396e-01 2.475311458110809326e-01 2.478102147579193115e-01 2.481022328138351440e-01 2.568440437316894531e-01 2.479149550199508667e-01 2.479982972145080566e-01 2.479041367769241333e-01 2.564967572689056396e-01 2.476559132337570190e-01 2.478664219379425049e-01 2.476665675640106201e-01 2.566584944725036621e-01 2.476537972688674927e-01 2.478259056806564331e-01 2.474630773067474365e-01
2.568010985851287842e-01 2.476650774478912354e-01 2.476614862680435181e-01 2.482079416513442993e-01 2.568996548652648926e-01 2.478239983320236206e-01 2.482359707355499268e-01 2.475493848323822021e-01 2.566299736499786377e-01 2.477173507213592529e-01 2.476950883865356445e-01 2.476091086864471436e-01 2.567540109157562256e-01 2.473418712615966797e-01 2.477171272039413452e-01 2.476863265037536621e-01
2.566421627998352051e-01 2.473560124635696411e-01 2.480630278587341309e-01 2.480435669422149658e-01 2.569855451583862305e-01 2.477295100688934326e-01 2.483819723129272461e-01 2.476265877485275269e-01 2.569043040275573730e-01 2.476075440645217896e-01 2.476250082254409790e-01 2.473473548889160156e-01 2.568413317203521729e-01 2.475129514932632446e-01 2.477204799652099609e-01 2.476080358028411865e-01
2.568452656269073486e-01 2.474578022956848145e-01 2.476518452167510986e-01 2.480148226022720337e-01 2.569601535797119141e-01 2.480205148458480835e-01 2.485275119543075562e-01 2.476550191640853882e-01 2.568589150905609131e-01 2.476127892732620239e-01 2.476367503404617310e-01 2.476409971714019775e-01 2.568998634815216064e-01 2.472368180751800537e-01 2.477825433015823364e-01 2.471937984228134155e-01
2.565406858921051025e-01 2.474885284900665283e-01 2.477642595767974854e-01 2.481762021780014038e-01 2.570175826549530029e-01 2.481093108654022217e-01 2.482286542654037476e-01 2.478076666593551636e-01 2.567707300186157227e-01 2.476037591695785522e-01 2.478220611810684204e-01 2.475528866052627563e-01 2.569844424724578857e-01 2.468820214271545410e-01 2.478430420160293579e-01 2.474034726619720459e-01
2.565551698207855225e-01 2.477572709321975708e-01 2.480985522270202637e-01 2.478216886520385742e-01 2.565821409225463867e-01 2.478761821985244751e-01 2.480005323886871338e-01 2.482074946165084839e-01 2.571586668491363525e-01 2.472013086080551147e-01 2.480646073818206787e-01 2.474352419376373291e-01 2.568317353725433350e-01 2.470426708459854126e-01 2.478487789630889893e-01 2.475131601095199585e-01
2.563073635101318359e-01 2.479110807180404663e-01 2.479126453399658203e-01 2.477773427963256836e-01 2.567579746246337891e-01 2.478504180908203125e-01 2.480769604444503784e-01 2.477883994579315186e-01 2.570626437664031982e-01 2.474703490734100342e-01 2.478277683258056641e-01 2.477096468210220337e-01 2.568888366222381592e-01 2.471011281013488770e-01 2.477320134639739990e-01 2.478206455707550049e-01
2.564727365970611572e-01 2.479037195444107056e-01 2.477365434169769287e-01 2.481244951486587524e-01 2.567785680294036865e-01 2.479164302349090576e-01 2.478529363870620728e-01 2.477116882801055908e-01 2.572271227836608887e-01 2.478302866220474243e-01 2.479563951492309570e-01 2.476371526718139648e-01 2.563910186290740967e-01 2.474278509616851807e-01 2.474386245012283325e-01 2.475895285606384277e-01
2.564406692981719971e-01 2.477874308824539185e-01 2.477217614650726318e-01 2.478904277086257935e-01 2.567420005798339844e-01 2.480150759220123291e-01 2.482180744409561157e-01 2.478369772434234619e-01 2.571853399276733398e-01 2.476429641246795654e-01 2.477875202894210815e-01 2.476179301738739014e-01 2.563241720199584961e-01 2.473975270986557007e-01 2.475679069757461548e-01 2.478194087743759155e-01
2.565358877182006836e-01 2.477859258651733398e-01 2.477934360504150391e-01 2.478939294815063477e-01 2.565993368625640869e-01 2.481081485748291016e-01 2.481442838907241821e-01 2.477526366710662842e-01 2.569568157196044922e-01 2.477921843528747559e-01 2.477972060441970825e-01 2.477517724037170410e-01 2.562313377857208252e-01 2.474670857191085815e-01 2.474916279315948486e-01 2.478932887315750122e-01
2.565371394157409668e-01 2.476350963115692139e-01 2.477611601352691650e-01 2.477920800447463989e-01 2.567528486251831055e-01 2.482596486806869507e-01 2.479900568723678589e-01 2.476180046796798706e-01 2.569789886474609375e-01 2.478369474411010742e-01 2.478216290473937988e-01 2.478172183036804199e-01 2.559388279914855957e-01 2.476161122322082520e-01 2.476128488779067993e-01 2.480261921882629395e-01
2.562933564186096191e-01 2.475497424602508545e-01 2.479195445775985718e-01 2.476712316274642944e-01 2.569169998168945312e-01 2.480764538049697876e-01 2.481300234794616699e-01 2.476563602685928345e-01 2.568766474723815918e-01 2.478726357221603394e-01 2.478499859571456909e-01 2.479467540979385376e-01 2.561095058917999268e-01 2.472750097513198853e-01 2.477425187826156616e-01 2.481080740690231323e-01
2.566323280334472656e-01 2.478129714727401733e-01 2.477326095104217529e-01 2.475778311491012573e-01 2.570634484291076660e-01 2.476612627506256104e-01 2.477259784936904907e-01 2.477867901325225830e-01 2.568516135215759277e-01 2.480075657367706299e-01 2.476609796285629272e-01 2.480739653110504150e-01 2.561885714530944824e-01 2.471766173839569092e-01 2.479515969753265381e-01 2.480908334255218506e-01
