# pops for 16 qbits with connectivity c6 and unitary DM 23304985296768
3.999999761581420898e-01 2.000000029802322388e-01 2.000000029802322388e-01 2.000000029802322388e-01 4.000000059604644775e-01 1.999999880790710449e-01 1.999999880790710449e-01 1.999999880790710449e-01 3.999999463558197021e-01 1.999999880790710449e-01 1.999999880790710449e-01 1.999999880790710449e-01 3.999999761581420898e-01 1.999999880790710449e-01 1.999999880790710449e-01 1.999999880790710449e-01
3.289472162723541260e-01 2.274636030197143555e-01 2.233866006135940552e-01 2.202025949954986572e-01 3.289471864700317383e-01 2.274636328220367432e-01 2.233866006135940552e-01 2.202025800943374634e-01 3.289472162723541260e-01 2.274636179208755493e-01 2.202025949954986572e-01 2.233866006135940552e-01 3.289472162723541260e-01 2.233865708112716675e-01 2.274636179208755493e-01 2.202025502920150757e-01
2.939114868640899658e-01 2.133583575487136841e-01 2.080756425857543945e-01 2.139481902122497559e-01 3.103454709053039551e-01 2.462469488382339478e-01 2.257325947284698486e-01 2.550567090511322021e-01 3.084881007671356201e-01 2.318969517946243286e-01 2.338824123144149780e-01 2.168849408626556396e-01 3.108915686607360840e-01 2.349905669689178467e-01 2.631342411041259766e-01 2.331559658050537109e-01
3.068476319313049316e-01 2.103606164455413818e-01 2.021864801645278931e-01 2.098988443613052368e-01 3.148400485515594482e-01 2.357405424118041992e-01 2.386685907840728760e-01 2.481325566768646240e-01 3.134237527847290039e-01 2.265944480895996094e-01 2.403229176998138428e-01 2.108111977577209473e-01 3.335626125335693359e-01 2.282194048166275024e-01 2.488782405853271484e-01 2.315120249986648560e-01
2.847061157226562500e-01 2.338484078645706177e-01 2.168577313423156738e-01 2.236973196268081665e-01 3.085994422435760498e-01 2.414990961551666260e-01 2.355840504169464111e-01 2.321150749921798706e-01 2.956288754940032959e-01 2.339895665645599365e-01 2.438895255327224731e-01 2.193279713392257690e-01 3.093681335449218750e-01 2.301024198532104492e-01 2.441550642251968384e-01 2.466311603784561157e-01
2.700838744640350342e-01 2.421868443489074707e-01 2.275413870811462402e-01 2.281233668327331543e-01 2.958232462406158447e-01 2.367206811904907227e-01 2.390585541725158691e-01 2.330783456563949585e-01 2.911312282085418701e-01 2.474054545164108276e-01 2.397496700286865234e-01 2.293815016746520996e-01 2.977975904941558838e-01 2.296149581670761108e-01 2.483809888362884521e-01 2.439222633838653564e-01
2.691050469875335693e-01 2.461775392293930054e-01 2.404562830924987793e-01 2.316312193870544434e-01 2.877777516841888428e-01 2.358846217393875122e-01 2.360428869724273682e-01 2.336252182722091675e-01 2.872887849807739258e-01 2.427531927824020386e-01 2.458707988262176514e-01 2.370756715536117554e-01 2.881214320659637451e-01 2.378222197294235229e-01 2.406148016452789307e-01 2.397523075342178345e-01
2.634014785289764404e-01 2.502065896987915039e-01 2.442518025636672974e-01 2.368364781141281128e-01 2.838724553585052490e-01 2.302069664001464844e-01 2.413973808288574219e-01 2.391791194677352905e-01 2.858822941780090332e-01 2.405440509319305420e-01 2.441319078207015991e-01 2.377798557281494141e-01 2.842437028884887695e-01 2.402858734130859375e-01 2.413247078657150269e-01 2.364551275968551636e-01
2.621692717075347900e-01 2.488211095333099365e-01 2.506686449050903320e-01 2.367863506078720093e-01 2.789591550827026367e-01 2.362574934959411621e-01 2.411260157823562622e-01 2.353746145963668823e-01 2.783315479755401611e-01 2.430765181779861450e-01 2.401641309261322021e-01 2.430845499038696289e-01 2.842216193675994873e-01 2.417432218790054321e-01 2.407928556203842163e-01 2.384225875139236450e-01
2.604821324348449707e-01 2.455599308013916016e-01 2.518300414085388184e-01 2.363518178462982178e-01 2.715944647789001465e-01 2.400444000959396362e-01 2.436254173517227173e-01 2.383314520120620728e-01 2.711917161941528320e-01 2.449849694967269897e-01 2.424976229667663574e-01 2.552159130573272705e-01 2.768965661525726318e-01 2.440154999494552612e-01 2.392939180135726929e-01 2.380837947130203247e-01
2.593402862548828125e-01 2.478573918342590332e-01 2.493785172700881958e-01 2.384366244077682495e-01 2.666727304458618164e-01 2.420442402362823486e-01 2.467457652091979980e-01 2.391684800386428833e-01 2.696592807769775391e-01 2.427864372730255127e-01 2.426708042621612549e-01 2.534548044204711914e-01 2.727698087692260742e-01 2.446914315223693848e-01 2.449432462453842163e-01 2.393797039985656738e-01
2.557255923748016357e-01 2.467728853225708008e-01 2.483467012643814087e-01 2.392137348651885986e-01 2.647899091243743896e-01 2.460580319166183472e-01 2.490718513727188110e-01 2.405077069997787476e-01 2.669958174228668213e-01 2.444685250520706177e-01 2.429051101207733154e-01 2.489977478981018066e-01 2.690972387790679932e-01 2.503014206886291504e-01 2.466204613447189331e-01 2.401267439126968384e-01
2.554332315921783447e-01 2.478311508893966675e-01 2.486501485109329224e-01 2.430326938629150391e-01 2.638098597526550293e-01 2.439031302928924561e-01 2.483878284692764282e-01 2.408162355422973633e-01 2.648072242736816406e-01 2.450551539659500122e-01 2.448545396327972412e-01 2.502911984920501709e-01 2.678520977497100830e-01 2.481914758682250977e-01 2.455510944128036499e-01 2.415324449539184570e-01
2.563160955905914307e-01 2.465729564428329468e-01 2.488664835691452026e-01 2.431917339563369751e-01 2.634505331516265869e-01 2.442256957292556763e-01 2.482462525367736816e-01 2.409946173429489136e-01 2.662886679172515869e-01 2.458690851926803589e-01 2.446854859590530396e-01 2.481647878885269165e-01 2.675271332263946533e-01 2.471496760845184326e-01 2.452404201030731201e-01 2.432098686695098877e-01
2.579244971275329590e-01 2.457498162984848022e-01 2.468354403972625732e-01 2.456002533435821533e-01 2.622621953487396240e-01 2.458366304636001587e-01 2.466033548116683960e-01 2.438968420028686523e-01 2.649079263210296631e-01 2.452987432479858398e-01 2.448069155216217041e-01 2.489557415246963501e-01 2.636109292507171631e-01 2.494804859161376953e-01 2.451523691415786743e-01 2.430773228406906128e-01
2.575580179691314697e-01 2.462614774703979492e-01 2.468477636575698853e-01 2.454854100942611694e-01 2.613169848918914795e-01 2.461203634738922119e-01 2.462176084518432617e-01 2.446968257427215576e-01 2.631894946098327637e-01 2.463914752006530762e-01 2.453743517398834229e-01 2.484903484582901001e-01 2.631809115409851074e-01 2.474517524242401123e-01 2.472836077213287354e-01 2.441329360008239746e-01
2.564365565776824951e-01 2.463154196739196777e-01 2.472434192895889282e-01 2.451400756835937500e-01 2.613458633422851562e-01 2.472438216209411621e-01 2.459469735622406006e-01 2.452839016914367676e-01 2.623191177845001221e-01 2.460124045610427856e-01 2.446672618389129639e-01 2.484529912471771240e-01 2.641724348068237305e-01 2.479098588228225708e-01 2.467043548822402954e-01 2.448048144578933716e-01
2.563709914684295654e-01 2.459595948457717896e-01 2.474752068519592285e-01 2.454561442136764526e-01 2.615106999874114990e-01 2.463382780551910400e-01 2.457494735717773438e-01 2.450847625732421875e-01 2.624071240425109863e-01 2.465118318796157837e-01 2.449154406785964966e-01 2.486109733581542969e-01 2.634878456592559814e-01 2.473707944154739380e-01 2.478399723768234253e-01 2.449101060628890991e-01
2.565847635269165039e-01 2.457113713026046753e-01 2.473024278879165649e-01 2.456634193658828735e-01 2.612693905830383301e-01 2.464109361171722412e-01 2.459281235933303833e-01 2.450747936964035034e-01 2.629817128181457520e-01 2.456410676240921021e-01 2.455149888992309570e-01 2.483076155185699463e-01 2.629687190055847168e-01 2.475230246782302856e-01 2.477208971977233887e-01 2.453960478305816650e-01
2.562193274497985840e-01 2.450533211231231689e-01 2.479565888643264771e-01 2.464908063411712646e-01 2.570380866527557373e-01 2.468966543674468994e-01 2.460862249135971069e-01 2.450890094041824341e-01 2.602401077747344971e-01 2.489959597587585449e-01 2.462678849697113037e-01 2.519255578517913818e-01 2.613702416419982910e-01 2.464068681001663208e-01 2.485547363758087158e-01 2.454078048467636108e-01
2.559631466865539551e-01 2.460356652736663818e-01 2.478806078433990479e-01 2.458406090736389160e-01 2.576203942298889160e-01 2.461212426424026489e-01 2.461980432271957397e-01 2.451702654361724854e-01 2.614397406578063965e-01 2.465101182460784912e-01 2.487172037363052368e-01 2.507624626159667969e-01 2.619257569313049316e-01 2.458837628364562988e-01 2.483603209257125854e-01 2.455697506666183472e-01
2.564316391944885254e-01 2.453513592481613159e-01 2.479762285947799683e-01 2.459607869386672974e-01 2.574333846569061279e-01 2.465575784444808960e-01 2.458866238594055176e-01 2.452323287725448608e-01 2.594467699527740479e-01 2.483649551868438721e-01 2.472153753042221069e-01 2.524023354053497314e-01 2.614691257476806641e-01 2.460176199674606323e-01 2.487895339727401733e-01 2.454633414745330811e-01
2.561385035514831543e-01 2.457677423954010010e-01 2.475828528404235840e-01 2.462308704853057861e-01 2.575813829898834229e-01 2.464864253997802734e-01 2.463215440511703491e-01 2.447205185890197754e-01 2.601011395454406738e-01 2.481201142072677612e-01 2.480789124965667725e-01 2.511293888092041016e-01 2.615399360656738281e-01 2.461620569229125977e-01 2.488721609115600586e-01 2.451654523611068726e-01
2.561037838459014893e-01 2.459910511970520020e-01 2.475250810384750366e-01 2.464545816183090210e-01 2.569133043289184570e-01 2.469721734523773193e-01 2.461907267570495605e-01 2.456669807434082031e-01 2.598505020141601562e-01 2.480239570140838623e-01 2.473147809505462646e-01 2.508272826671600342e-01 2.612123787403106689e-01 2.461477220058441162e-01 2.495210468769073486e-01 2.452835887670516968e-01
2.558653056621551514e-01 2.460575997829437256e-01 2.476278692483901978e-01 2.470556497573852539e-01 2.564287781715393066e-01 2.465067952871322632e-01 2.471425980329513550e-01 2.459006011486053467e-01 2.591494917869567871e-01 2.472444772720336914e-01 2.479935139417648315e-01 2.502649724483489990e-01 2.608648836612701416e-01 2.468107491731643677e-01 2.493561953306198120e-01 2.457293868064880371e-01
2.557289898395538330e-01 2.467602491378784180e-01 2.473869770765304565e-01 2.474923729896545410e-01 2.562229633331298828e-01 2.471425980329513550e-01 2.468064874410629272e-01 2.457398623228073120e-01 2.584173679351806641e-01 2.475690245628356934e-01 2.473617345094680786e-01 2.499364167451858521e-01 2.614576220512390137e-01 2.467512488365173340e-01 2.489959001541137695e-01 2.462289929389953613e-01
2.560572922229766846e-01 2.471115291118621826e-01 2.471804022789001465e-01 2.475324869155883789e-01 2.561927437782287598e-01 2.472593188285827637e-01 2.469357699155807495e-01 2.456483095884323120e-01 2.580620050430297852e-01 2.476783841848373413e-01 2.479788661003112793e-01 2.499247640371322632e-01 2.609149217605590820e-01 2.467934787273406982e-01 2.483481764793395996e-01 2.463802993297576904e-01
2.565421760082244873e-01 2.471713870763778687e-01 2.463882118463516235e-01 2.466795593500137329e-01 2.567217350006103516e-01 2.475675195455551147e-01 2.464156895875930786e-01 2.454901337623596191e-01 2.579550743103027344e-01 2.478277385234832764e-01 2.478752881288528442e-01 2.499892115592956543e-01 2.601059675216674805e-01 2.475384473800659180e-01 2.484941929578781128e-01 2.472364455461502075e-01
2.562788426876068115e-01 2.468303292989730835e-01 2.465717792510986328e-01 2.472459077835083008e-01 2.567597627639770508e-01 2.475653886795043945e-01 2.463827282190322876e-01 2.458035200834274292e-01 2.576767206192016602e-01 2.476367056369781494e-01 2.480870783329010010e-01 2.498545944690704346e-01 2.602659761905670166e-01 2.473310828208923340e-01 2.483579665422439575e-01 2.473503351211547852e-01
2.564818859100341797e-01 2.466996610164642334e-01 2.470373064279556274e-01 2.471468597650527954e-01 2.565239369869232178e-01 2.474974095821380615e-01 2.467383742332458496e-01 2.455467283725738525e-01 2.577033638954162598e-01 2.476993948221206665e-01 2.480562180280685425e-01 2.502589821815490723e-01 2.601990103721618652e-01 2.474229484796524048e-01 2.478641569614410400e-01 2.471223771572113037e-01
2.562441825866699219e-01 2.464874237775802612e-01 2.468266785144805908e-01 2.470730543136596680e-01 2.568807005882263184e-01 2.474782764911651611e-01 2.466956377029418945e-01 2.460433989763259888e-01 2.574084401130676270e-01 2.479461133480072021e-01 2.502515316009521484e-01 2.487116158008575439e-01 2.593043148517608643e-01 2.473656982183456421e-01 2.481242716312408447e-01 2.471572011709213257e-01
2.559079229831695557e-01 2.466348111629486084e-01 2.469322532415390015e-01 2.471563518047332764e-01 2.564857602119445801e-01 2.473216056823730469e-01 2.470398545265197754e-01 2.462507635354995728e-01 2.580685317516326904e-01 2.483343780040740967e-01 2.495281845331192017e-01 2.483865916728973389e-01 2.591533660888671875e-01 2.471637576818466187e-01 2.482251971960067749e-01 2.474091947078704834e-01
2.559213340282440186e-01 2.467069923877716064e-01 2.467413544654846191e-01 2.471076995134353638e-01 2.564842700958251953e-01 2.474810481071472168e-01 2.471715807914733887e-01 2.463560402393341064e-01 2.579043805599212646e-01 2.482833713293075562e-01 2.495511621236801147e-01 2.480968534946441650e-01 2.590871751308441162e-01 2.471230030059814453e-01 2.484173327684402466e-01 2.475647479295730591e-01
2.562535107135772705e-01 2.468423843383789062e-01 2.465353012084960938e-01 2.471113801002502441e-01 2.565670311450958252e-01 2.476091980934143066e-01 2.471491396427154541e-01 2.463439106941223145e-01 2.576490044593811035e-01 2.485131770372390747e-01 2.492226362228393555e-01 2.483197301626205444e-01 2.587990164756774902e-01 2.471454143524169922e-01 2.480590492486953735e-01 2.478785216808319092e-01
2.563697397708892822e-01 2.470235079526901245e-01 2.465214729309082031e-01 2.468946576118469238e-01 2.566312551498413086e-01 2.472503781318664551e-01 2.480299323797225952e-01 2.465222924947738647e-01 2.576138377189636230e-01 2.481686025857925415e-01 2.481805831193923950e-01 2.478187233209609985e-01 2.578740715980529785e-01 2.471947669982910156e-01 2.492415904998779297e-01 2.486629635095596313e-01
2.562661468982696533e-01 2.470055818557739258e-01 2.467093765735626221e-01 2.471916526556015015e-01 2.565799057483673096e-01 2.470641285181045532e-01 2.480388879776000977e-01 2.465116977691650391e-01 2.573915421962738037e-01 2.482612878084182739e-01 2.482263445854187012e-01 2.479996234178543091e-01 2.576985955238342285e-01 2.475498169660568237e-01 2.492374479770660400e-01 2.482662945985794067e-01
2.563868463039398193e-01 2.470362931489944458e-01 2.469914406538009644e-01 2.471198141574859619e-01 2.564549744129180908e-01 2.471014857292175293e-01 2.480957061052322388e-01 2.469123601913452148e-01 2.573769092559814453e-01 2.482570558786392212e-01 2.480087578296661377e-01 2.478207498788833618e-01 2.575641870498657227e-01 2.478012740612030029e-01 2.489064931869506836e-01 2.481638640165328979e-01
2.568573355674743652e-01 2.474619448184967041e-01 2.469957023859024048e-01 2.470792233943939209e-01 2.565804123878479004e-01 2.474466711282730103e-01 2.477868348360061646e-01 2.464450597763061523e-01 2.573369145393371582e-01 2.482845783233642578e-01 2.483230829238891602e-01 2.480561584234237671e-01 2.569764852523803711e-01 2.475844323635101318e-01 2.485980391502380371e-01 2.481852918863296509e-01
2.571335434913635254e-01 2.469438612461090088e-01 2.473468184471130371e-01 2.472004294395446777e-01 2.565260529518127441e-01 2.473332732915878296e-01 2.478326261043548584e-01 2.470175772905349731e-01 2.570849657058715820e-01 2.481321394443511963e-01 2.483834922313690186e-01 2.476513981819152832e-01 2.569673955440521240e-01 2.479283511638641357e-01 2.484559863805770874e-01 2.480602413415908813e-01
2.568901777267456055e-01 2.470136731863021851e-01 2.474950700998306274e-01 2.472256571054458618e-01 2.566938996315002441e-01 2.474859356880187988e-01 2.477926909923553467e-01 2.467370182275772095e-01 2.572872638702392578e-01 2.481397390365600586e-01 2.481144964694976807e-01 2.477105110883712769e-01 2.570273280143737793e-01 2.476306855678558350e-01 2.483173310756683350e-01 2.484365850687026978e-01
2.570447027683258057e-01 2.468745261430740356e-01 2.472464740276336670e-01 2.473881244659423828e-01 2.566821277141571045e-01 2.478498369455337524e-01 2.477612197399139404e-01 2.470288425683975220e-01 2.571209669113159180e-01 2.483233213424682617e-01 2.478367537260055542e-01 2.477906048297882080e-01 2.568763792514801025e-01 2.476704865694046021e-01 2.481394708156585693e-01 2.483641654253005981e-01
2.567613422870635986e-01 2.468728423118591309e-01 2.474061101675033569e-01 2.473279982805252075e-01 2.565496265888214111e-01 2.480769455432891846e-01 2.475666105747222900e-01 2.472851574420928955e-01 2.570658028125762939e-01 2.483459413051605225e-01 2.477545440196990967e-01 2.484113425016403198e-01 2.566165626049041748e-01 2.479920983314514160e-01 2.481303066015243530e-01 2.478348314762115479e-01
2.571344077587127686e-01 2.472759932279586792e-01 2.472782433032989502e-01 2.471655011177062988e-01 2.566726803779602051e-01 2.477299869060516357e-01 2.474174201488494873e-01 2.475159913301467896e-01 2.565427720546722412e-01 2.484948635101318359e-01 2.478276044130325317e-01 2.479584962129592896e-01 2.565037608146667480e-01 2.480409145355224609e-01 2.484231293201446533e-01 2.480162233114242554e-01
2.571198046207427979e-01 2.471737414598464966e-01 2.472372353076934814e-01 2.471242547035217285e-01 2.567261159420013428e-01 2.479148954153060913e-01 2.475751638412475586e-01 2.473575919866561890e-01 2.569321691989898682e-01 2.482021301984786987e-01 2.482166886329650879e-01 2.478785514831542969e-01 2.565732598304748535e-01 2.482183724641799927e-01 2.479373961687088013e-01 2.478104680776596069e-01
2.569636106491088867e-01 2.473218142986297607e-01 2.474046498537063599e-01 2.471589893102645874e-01 2.565881013870239258e-01 2.479609847068786621e-01 2.476688921451568604e-01 2.471830546855926514e-01 2.567751705646514893e-01 2.480842769145965576e-01 2.481667697429656982e-01 2.481842935085296631e-01 2.569387257099151611e-01 2.480591386556625366e-01 2.481115907430648804e-01 2.474277913570404053e-01
2.566641867160797119e-01 2.475750893354415894e-01 2.474056780338287354e-01 2.472041100263595581e-01 2.562933564186096191e-01 2.480183541774749756e-01 2.474249005317687988e-01 2.476644515991210938e-01 2.563859224319458008e-01 2.482891082763671875e-01 2.483899295330047607e-01 2.481454610824584961e-01 2.571945488452911377e-01 2.479861080646514893e-01 2.476547807455062866e-01 2.477018684148788452e-01
2.567878365516662598e-01 2.474602907896041870e-01 2.474979013204574585e-01 2.470142394304275513e-01 2.562901079654693604e-01 2.479901760816574097e-01 2.475688159465789795e-01 2.477135956287384033e-01 2.566587626934051514e-01 2.481620758771896362e-01 2.484588027000427246e-01 2.482317835092544556e-01 2.571405470371246338e-01 2.478849887847900391e-01 2.474564611911773682e-01 2.476813346147537231e-01
2.564767599105834961e-01 2.473021298646926880e-01 2.473646253347396851e-01 2.470458894968032837e-01 2.563431560993194580e-01 2.479986399412155151e-01 2.475389540195465088e-01 2.478682547807693481e-01 2.568131685256958008e-01 2.480080276727676392e-01 2.483583390712738037e-01 2.481784075498580933e-01 2.575780749320983887e-01 2.475564181804656982e-01 2.478263080120086670e-01 2.477404922246932983e-01
2.567980587482452393e-01 2.474067509174346924e-01 2.471535503864288330e-01 2.473722249269485474e-01 2.566191852092742920e-01 2.477838099002838135e-01 2.473976314067840576e-01 2.477474808692932129e-01 2.568815350532531738e-01 2.479940950870513916e-01 2.482554763555526733e-01 2.478872984647750854e-01 2.573982775211334229e-01 2.472535669803619385e-01 2.479826360940933228e-01 2.480660974979400635e-01
2.565761804580688477e-01 2.472238540649414062e-01 2.475077211856842041e-01 2.476601451635360718e-01 2.567010819911956787e-01 2.477954179048538208e-01 2.474074214696884155e-01 2.472998201847076416e-01 2.569530308246612549e-01 2.481159716844558716e-01 2.481016218662261963e-01 2.476841360330581665e-01 2.571094632148742676e-01 2.476227730512619019e-01 2.480560541152954102e-01 2.481829375028610229e-01
2.562905848026275635e-01 2.474454343318939209e-01 2.475688308477401733e-01 2.474743425846099854e-01 2.568350732326507568e-01 2.478891015052795410e-01 2.476940006017684937e-01 2.473577409982681274e-01 2.571305036544799805e-01 2.478194832801818848e-01 2.479339987039566040e-01 2.471740245819091797e-01 2.576541006565093994e-01 2.475258409976959229e-01 2.475164383649826050e-01 2.486880272626876831e-01
2.568272948265075684e-01 2.472250461578369141e-01 2.473150342702865601e-01 2.475748807191848755e-01 2.567677199840545654e-01 2.476905584335327148e-01 2.476946562528610229e-01 2.473238557577133179e-01 2.571426033973693848e-01 2.477765530347824097e-01 2.479421049356460571e-01 2.473523914813995361e-01 2.578501403331756592e-01 2.473703920841217041e-01 2.475187033414840698e-01 2.486255168914794922e-01
2.570880949497222900e-01 2.474517822265625000e-01 2.478810250759124756e-01 2.473639696836471558e-01 2.565274238586425781e-01 2.477685064077377319e-01 2.476008683443069458e-01 2.475292980670928955e-01 2.572576403617858887e-01 2.477459162473678589e-01 2.476565092802047729e-01 2.474178820848464966e-01 2.571371495723724365e-01 2.473644167184829712e-01 2.476952672004699707e-01 2.485116869211196899e-01
2.570199370384216309e-01 2.475148141384124756e-01 2.480886429548263550e-01 2.474036067724227905e-01 2.566841542720794678e-01 2.476163953542709351e-01 2.474951893091201782e-01 2.473643273115158081e-01 2.570577561855316162e-01 2.478715777397155762e-01 2.476298213005065918e-01 2.474399954080581665e-01 2.571303546428680420e-01 2.478317171335220337e-01 2.477762401103973389e-01 2.480728477239608765e-01
2.568101584911346436e-01 2.475128322839736938e-01 2.479568123817443848e-01 2.478209435939788818e-01 2.568600773811340332e-01 2.476039677858352661e-01 2.472241073846817017e-01 2.476497739553451538e-01 2.569190859794616699e-01 2.475949674844741821e-01 2.475248724222183228e-01 2.475076913833618164e-01 2.573392689228057861e-01 2.480068802833557129e-01 2.476687431335449219e-01 2.479971498250961304e-01
2.564263939857482910e-01 2.478184103965759277e-01 2.479766458272933960e-01 2.478022277355194092e-01 2.566609084606170654e-01 2.476015686988830566e-01 2.468266487121582031e-01 2.478314042091369629e-01 2.566948533058166504e-01 2.477194368839263916e-01 2.475554049015045166e-01 2.477501034736633301e-01 2.573448717594146729e-01 2.483622878789901733e-01 2.477656155824661255e-01 2.478603422641754150e-01
2.562843561172485352e-01 2.476658225059509277e-01 2.482827454805374146e-01 2.476463615894317627e-01 2.566546499729156494e-01 2.474963665008544922e-01 2.470218390226364136e-01 2.477845400571823120e-01 2.568482458591461182e-01 2.478205859661102295e-01 2.479046881198883057e-01 2.476007938385009766e-01 2.573472559452056885e-01 2.479782551527023315e-01 2.478805035352706909e-01 2.477802485227584839e-01
2.564686238765716553e-01 2.476527094841003418e-01 2.479158937931060791e-01 2.478218972682952881e-01 2.566617727279663086e-01 2.476044148206710815e-01 2.471392899751663208e-01 2.474670559167861938e-01 2.567428052425384521e-01 2.479474842548370361e-01 2.479965835809707642e-01 2.478104233741760254e-01 2.574920356273651123e-01 2.477471828460693359e-01 2.476972043514251709e-01 2.478318214416503906e-01
2.566523551940917969e-01 2.477877140045166016e-01 2.478668838739395142e-01 2.474820613861083984e-01 2.567830681800842285e-01 2.478582561016082764e-01 2.473484426736831665e-01 2.473290264606475830e-01 2.568777501583099365e-01 2.477550357580184937e-01 2.477765828371047974e-01 2.478981614112854004e-01 2.573757469654083252e-01 2.477444857358932495e-01 2.477769851684570312e-01 2.476845979690551758e-01
2.568042278289794922e-01 2.475247234106063843e-01 2.477729171514511108e-01 2.479090243577957153e-01 2.569202780723571777e-01 2.477882057428359985e-01 2.470458149909973145e-01 2.474309802055358887e-01 2.569412291049957275e-01 2.478335648775100708e-01 2.479778528213500977e-01 2.478135377168655396e-01 2.572897374629974365e-01 2.474793940782546997e-01 2.479761838912963867e-01 2.474893629550933838e-01
2.568815946578979492e-01 2.476562410593032837e-01 2.478901594877243042e-01 2.478451728820800781e-01 2.567895650863647461e-01 2.477771788835525513e-01 2.471490800380706787e-01 2.474611848592758179e-01 2.568187117576599121e-01 2.476991564035415649e-01 2.477609962224960327e-01 2.478030472993850708e-01 2.574782073497772217e-01 2.478411495685577393e-01 2.475438863039016724e-01 2.476016730070114136e-01
2.565177381038665771e-01 2.477728426456451416e-01 2.478445023298263550e-01 2.477300912141799927e-01 2.568337023258209229e-01 2.476515918970108032e-01 2.474277466535568237e-01 2.472306489944458008e-01 2.567997872829437256e-01 2.476006299257278442e-01 2.480691820383071899e-01 2.478805035352706909e-01 2.575556337833404541e-01 2.479951381683349609e-01 2.476762980222702026e-01 2.474109679460525513e-01
2.562842965126037598e-01 2.475786060094833374e-01 2.477736771106719971e-01 2.476055026054382324e-01 2.567297816276550293e-01 2.477594614028930664e-01 2.478173524141311646e-01 2.472828179597854614e-01 2.567436695098876953e-01 2.475209236145019531e-01 2.479450404644012451e-01 2.482998669147491455e-01 2.573401033878326416e-01 2.480896264314651489e-01 2.476213723421096802e-01 2.476048618555068970e-01
2.560864388942718506e-01 2.475510388612747192e-01 2.478325664997100830e-01 2.477720230817794800e-01 2.566177546977996826e-01 2.479800879955291748e-01 2.478785663843154907e-01 2.471129894256591797e-01 2.568529844284057617e-01 2.475950568914413452e-01 2.479058504104614258e-01 2.481555789709091187e-01 2.570677399635314941e-01 2.480059266090393066e-01 2.476842701435089111e-01 2.478979974985122681e-01
2.561565935611724854e-01 2.479370981454849243e-01 2.479470223188400269e-01 2.476772814989089966e-01 2.567225694656372070e-01 2.478343248367309570e-01 2.477330118417739868e-01 2.471005767583847046e-01 2.569498419761657715e-01 2.474935352802276611e-01 2.479149103164672852e-01 2.483270019292831421e-01 2.569667696952819824e-01 2.476981282234191895e-01 2.478074729442596436e-01 2.477306872606277466e-01
2.562250196933746338e-01 2.482692748308181763e-01 2.477181553840637207e-01 2.475055754184722900e-01 2.566984593868255615e-01 2.477955967187881470e-01 2.477290779352188110e-01 2.471674084663391113e-01 2.567045688629150391e-01 2.478339076042175293e-01 2.477614432573318481e-01 2.483852803707122803e-01 2.572790980339050293e-01 2.475211322307586670e-01 2.478677928447723389e-01 2.475350052118301392e-01
2.563818395137786865e-01 2.482087761163711548e-01 2.477774620056152344e-01 2.473464310169219971e-01 2.570290267467498779e-01 2.478125244379043579e-01 2.475507259368896484e-01 2.469558417797088623e-01 2.566645443439483643e-01 2.477684766054153442e-01 2.480195015668869019e-01 2.481757402420043945e-01 2.572625875473022461e-01 2.475839108228683472e-01 2.478023022413253784e-01 2.476570606231689453e-01
2.565938532352447510e-01 2.484325319528579712e-01 2.477351725101470947e-01 2.472430765628814697e-01 2.565427720546722412e-01 2.482783943414688110e-01 2.479162514209747314e-01 2.470185160636901855e-01 2.568488419055938721e-01 2.475603371858596802e-01 2.476778477430343628e-01 2.478654086589813232e-01 2.569301426410675049e-01 2.476838380098342896e-01 2.476067394018173218e-01 2.480629980564117432e-01
2.564642131328582764e-01 2.481687217950820923e-01 2.481870353221893311e-01 2.471845746040344238e-01 2.567066252231597900e-01 2.480264604091644287e-01 2.480515390634536743e-01 2.469713091850280762e-01 2.570409476757049561e-01 2.474008947610855103e-01 2.475842386484146118e-01 2.479262948036193848e-01 2.572766542434692383e-01 2.476299107074737549e-01 2.474250495433807373e-01 2.479520738124847412e-01
2.565167844295501709e-01 2.481563389301300049e-01 2.479805350303649902e-01 2.472841441631317139e-01 2.567844986915588379e-01 2.478867471218109131e-01 2.480935156345367432e-01 2.469694465398788452e-01 2.569173574447631836e-01 2.476672381162643433e-01 2.479668408632278442e-01 2.477056235074996948e-01 2.571606338024139404e-01 2.475690692663192749e-01 2.472193241119384766e-01 2.481183558702468872e-01
2.562628090381622314e-01 2.482622116804122925e-01 2.479933500289916992e-01 2.474193871021270752e-01 2.566898763179779053e-01 2.478744983673095703e-01 2.482626289129257202e-01 2.469072490930557251e-01 2.570924758911132812e-01 2.478128820657730103e-01 2.477966099977493286e-01 2.475551515817642212e-01 2.569401264190673828e-01 2.477474063634872437e-01 2.473429888486862183e-01 2.480368465185165405e-01
2.565561234951019287e-01 2.480809092521667480e-01 2.476604431867599487e-01 2.476843148469924927e-01 2.567351460456848145e-01 2.476902157068252563e-01 2.480373978614807129e-01 2.472075521945953369e-01 2.569311559200286865e-01 2.477692216634750366e-01 2.478388696908950806e-01 2.475172132253646851e-01 2.570365071296691895e-01 2.478093206882476807e-01 2.473822981119155884e-01 2.480598986148834229e-01
2.564468085765838623e-01 2.480225414037704468e-01 2.476818412542343140e-01 2.480220049619674683e-01 2.565847337245941162e-01 2.477499097585678101e-01 2.478250116109848022e-01 2.472326755523681641e-01 2.566543221473693848e-01 2.475991994142532349e-01 2.479394525289535522e-01 2.475269883871078491e-01 2.571209371089935303e-01 2.478430271148681641e-01 2.475409060716629028e-01 2.482060790061950684e-01
2.567395865917205811e-01 2.480542510747909546e-01 2.474694550037384033e-01 2.479630708694458008e-01 2.565470933914184570e-01 2.476377785205841064e-01 2.478695362806320190e-01 2.470530122518539429e-01 2.563555240631103516e-01 2.478891611099243164e-01 2.481122612953186035e-01 2.476265579462051392e-01 2.572157084941864014e-01 2.477337867021560669e-01 2.476142942905426025e-01 2.481153756380081177e-01
2.568042874336242676e-01 2.478493154048919678e-01 2.473029047250747681e-01 2.481441795825958252e-01 2.564256489276885986e-01 2.479284405708312988e-01 2.478214800357818604e-01 2.473146617412567139e-01 2.566834986209869385e-01 2.480870634317398071e-01 2.479104995727539062e-01 2.471859902143478394e-01 2.570627629756927490e-01 2.475959360599517822e-01 2.477375417947769165e-01 2.481420189142227173e-01
2.570410370826721191e-01 2.475050091743469238e-01 2.475450336933135986e-01 2.477543801069259644e-01 2.560698688030242920e-01 2.476756274700164795e-01 2.475865483283996582e-01 2.475602626800537109e-01 2.570000290870666504e-01 2.479119300842285156e-01 2.477590739727020264e-01 2.474003881216049194e-01 2.575601041316986084e-01 2.476831227540969849e-01 2.475473135709762573e-01 2.483965605497360229e-01
2.571199834346771240e-01 2.475349754095077515e-01 2.476487010717391968e-01 2.479732483625411987e-01 2.562711536884307861e-01 2.478512078523635864e-01 2.474198937416076660e-01 2.472253590822219849e-01 2.571448683738708496e-01 2.477241009473800659e-01 2.476602643728256226e-01 2.474902421236038208e-01 2.575455904006958008e-01 2.476925998926162720e-01 2.476047277450561523e-01 2.480892390012741089e-01
2.568263411521911621e-01 2.474064230918884277e-01 2.478054761886596680e-01 2.478162646293640137e-01 2.564187645912170410e-01 2.479123771190643311e-01 2.476113289594650269e-01 2.471013367176055908e-01 2.569848001003265381e-01 2.478430271148681641e-01 2.479432225227355957e-01 2.473838031291961670e-01 2.575107216835021973e-01 2.479864209890365601e-01 2.473943680524826050e-01 2.480515688657760620e-01
2.567426264286041260e-01 2.475005090236663818e-01 2.479789704084396362e-01 2.480392903089523315e-01 2.563893198966979980e-01 2.480123490095138550e-01 2.473749369382858276e-01 2.470641881227493286e-01 2.571034133434295654e-01 2.477782666683197021e-01 2.478641867637634277e-01 2.473593056201934814e-01 2.573179602622985840e-01 2.479864209890365601e-01 2.476661205291748047e-01 2.478182017803192139e-01
2.564714550971984863e-01 2.476682215929031372e-01 2.479580044746398926e-01 2.479687780141830444e-01 2.562905251979827881e-01 2.479510158300399780e-01 2.475126087665557861e-01 2.470179647207260132e-01 2.570235133171081543e-01 2.480559349060058594e-01 2.479408830404281616e-01 2.474427223205566406e-01 2.573492228984832764e-01 2.481400072574615479e-01 2.473147660493850708e-01 2.478903532028198242e-01
2.564147710800170898e-01 2.475520372390747070e-01 2.480868250131607056e-01 2.480024993419647217e-01 2.564296126365661621e-01 2.478028088808059692e-01 2.475962042808532715e-01 2.472542077302932739e-01 2.570739090442657471e-01 2.478843033313751221e-01 2.479086071252822876e-01 2.473849803209304810e-01 2.569586634635925293e-01 2.482884675264358521e-01 2.474280148744583130e-01 2.479299604892730713e-01
2.565386891365051270e-01 2.472721487283706665e-01 2.482114583253860474e-01 2.480338513851165771e-01 2.566725611686706543e-01 2.475008070468902588e-01 2.476015090942382812e-01 2.473080158233642578e-01 2.571882605552673340e-01 2.479498684406280518e-01 2.475095242261886597e-01 2.476041764020919800e-01 2.569491565227508545e-01 2.481368184089660645e-01 2.479457408189773560e-01 2.475733309984207153e-01
2.566837966442108154e-01 2.471278160810470581e-01 2.479925155639648438e-01 2.481145411729812622e-01 2.567219138145446777e-01 2.478081136941909790e-01 2.475200146436691284e-01 2.473880797624588013e-01 2.567677497863769531e-01 2.475130707025527954e-01 2.477866858243942261e-01 2.475276887416839600e-01 2.570531070232391357e-01 2.483566403388977051e-01 2.477429807186126709e-01 2.478910386562347412e-01
2.565613090991973877e-01 2.472882568836212158e-01 2.478028535842895508e-01 2.480945438146591187e-01 2.565272450447082520e-01 2.476113289594650269e-01 2.477637976408004761e-01 2.475286126136779785e-01 2.567505538463592529e-01 2.478269487619400024e-01 2.476868331432342529e-01 2.476160824298858643e-01 2.566761374473571777e-01 2.484328746795654297e-01 2.477250248193740845e-01 2.481033056974411011e-01
2.568854987621307373e-01 2.470538467168807983e-01 2.478965073823928833e-01 2.479111403226852417e-01 2.564753293991088867e-01 2.476914525032043457e-01 2.477698028087615967e-01 2.474943697452545166e-01 2.566030621528625488e-01 2.476466894149780273e-01 2.478084564208984375e-01 2.478221207857131958e-01 2.568278610706329346e-01 2.484694868326187134e-01 2.477020174264907837e-01 2.479380220174789429e-01
2.567600607872009277e-01 2.472614049911499023e-01 2.482811063528060913e-01 2.479728758335113525e-01 2.565596997737884521e-01 2.474916726350784302e-01 2.474917769432067871e-01 2.474022358655929565e-01 2.564743757247924805e-01 2.478766888380050659e-01 2.479851990938186646e-01 2.477957308292388916e-01 2.570273876190185547e-01 2.481485903263092041e-01 2.478244900703430176e-01 2.476424276828765869e-01
2.567283213138580322e-01 2.475074827671051025e-01 2.479591071605682373e-01 2.480950653553009033e-01 2.564135193824768066e-01 2.478090375661849976e-01 2.476112991571426392e-01 2.474385946989059448e-01 2.566219568252563477e-01 2.478953897953033447e-01 2.478246986865997314e-01 2.478037327527999878e-01 2.566727399826049805e-01 2.480547279119491577e-01 2.478108555078506470e-01 2.477491796016693115e-01
2.569039165973663330e-01 2.474666386842727661e-01 2.478741556406021118e-01 2.479359358549118042e-01 2.561437785625457764e-01 2.478400468826293945e-01 2.477745115756988525e-01 2.474629282951354980e-01 2.567398250102996826e-01 2.478606700897216797e-01 2.479002028703689575e-01 2.477713227272033691e-01 2.568684220314025879e-01 2.477352917194366455e-01 2.477600276470184326e-01 2.479578256607055664e-01
2.568784356117248535e-01 2.476070225238800049e-01 2.477855086326599121e-01 2.480015903711318970e-01 2.564679682254791260e-01 2.477423697710037231e-01 2.480890899896621704e-01 2.475835978984832764e-01 2.561788558959960938e-01 2.474114596843719482e-01 2.479435503482818604e-01 2.476935237646102905e-01 2.568922340869903564e-01 2.480409443378448486e-01 2.476213574409484863e-01 2.480580508708953857e-01
2.566857933998107910e-01 2.479700446128845215e-01 2.477636933326721191e-01 2.479462474584579468e-01 2.566795349121093750e-01 2.477787286043167114e-01 2.478906214237213135e-01 2.475707828998565674e-01 2.559629976749420166e-01 2.477176487445831299e-01 2.483152896165847778e-01 2.475986778736114502e-01 2.566074132919311523e-01 2.480846494436264038e-01 2.477502822875976562e-01 2.476731538772583008e-01
2.565918564796447754e-01 2.480829358100891113e-01 2.475440204143524170e-01 2.481469959020614624e-01 2.567182183265686035e-01 2.477126270532608032e-01 2.477381974458694458e-01 2.477505505084991455e-01 2.563627660274505615e-01 2.476514875888824463e-01 2.480737268924713135e-01 2.475066184997558594e-01 2.566099762916564941e-01 2.480529844760894775e-01 2.478195279836654663e-01 2.476329505443572998e-01
2.567072808742523193e-01 2.481434941291809082e-01 2.474789619445800781e-01 2.480981051921844482e-01 2.566038072109222412e-01 2.476016879081726074e-01 2.476778179407119751e-01 2.478220909833908081e-01 2.562870085239410400e-01 2.477417737245559692e-01 2.481560558080673218e-01 2.476098835468292236e-01 2.564621865749359131e-01 2.480142712593078613e-01 2.480548918247222900e-01 2.475360780954360962e-01
2.566632926464080811e-01 2.479696571826934814e-01 2.477336823940277100e-01 2.478591501712799072e-01 2.568883001804351807e-01 2.477597296237945557e-01 2.476274222135543823e-01 2.476352751255035400e-01 2.564569115638732910e-01 2.476944774389266968e-01 2.480647414922714233e-01 2.477221190929412842e-01 2.561994194984436035e-01 2.478234320878982544e-01 2.482313960790634155e-01 2.476662546396255493e-01
2.564184963703155518e-01 2.480389326810836792e-01 2.477451860904693604e-01 2.480232119560241699e-01 2.565788626670837402e-01 2.477946579456329346e-01 2.476020008325576782e-01 2.479352653026580811e-01 2.564311325550079346e-01 2.479066103696823120e-01 2.478375732898712158e-01 2.477628737688064575e-01 2.563922703266143799e-01 2.477545291185379028e-01 2.482169270515441895e-01 2.475567609071731567e-01
2.567370533943176270e-01 2.478666007518768311e-01 2.478065192699432373e-01 2.478156685829162598e-01 2.568855583667755127e-01 2.477773725986480713e-01 2.475966960191726685e-01 2.476511001586914062e-01 2.564968168735504150e-01 2.476771026849746704e-01 2.481672018766403198e-01 2.475970536470413208e-01 2.563359439373016357e-01 2.477053701877593994e-01 2.481463104486465454e-01 2.477328926324844360e-01
2.566993534564971924e-01 2.481338083744049072e-01 2.476596534252166748e-01 2.477329969406127930e-01 2.566455602645874023e-01 2.476155161857604980e-01 2.482563108205795288e-01 2.473933696746826172e-01 2.563615143299102783e-01 2.478008866310119629e-01 2.479703128337860107e-01 2.478054612874984741e-01 2.564773559570312500e-01 2.480369359254837036e-01 2.478915601968765259e-01 2.475146353244781494e-01
2.572642266750335693e-01 2.482811510562896729e-01 2.477780580520629883e-01 2.476228177547454834e-01 2.568664252758026123e-01 2.475408762693405151e-01 2.481007128953933716e-01 2.475344687700271606e-01 2.566446661949157715e-01 2.476904541254043579e-01 2.479700148105621338e-01 2.475180625915527344e-01 2.563867270946502686e-01 2.475190311670303345e-01 2.477191090583801270e-01 2.475581914186477661e-01
2.569874823093414307e-01 2.480349540710449219e-01 2.476999610662460327e-01 2.479905784130096436e-01 2.568883299827575684e-01 2.474620640277862549e-01 2.480258494615554810e-01 2.477662414312362671e-01 2.564091384410858154e-01 2.479245811700820923e-01 2.479495108127593994e-01 2.473129779100418091e-01 2.567163705825805664e-01 2.476741820573806763e-01 2.476698905229568481e-01 2.474828064441680908e-01
2.571443915367126465e-01 2.479746192693710327e-01 2.476951777935028076e-01 2.478988021612167358e-01 2.570724189281463623e-01 2.474525868892669678e-01 2.477784305810928345e-01 2.478390485048294067e-01 2.565715312957763672e-01 2.474670410156250000e-01 2.480499893426895142e-01 2.475076764822006226e-01 2.563058137893676758e-01 2.478180378675460815e-01 2.478020787239074707e-01 2.476173937320709229e-01
2.571468949317932129e-01 2.481231093406677246e-01 2.477988302707672119e-01 2.478212714195251465e-01 2.568880021572113037e-01 2.476411163806915283e-01 2.477718889713287354e-01 2.480476349592208862e-01 2.566024959087371826e-01 2.473532110452651978e-01 2.480592876672744751e-01 2.474035620689392090e-01 2.565395832061767578e-01 2.475970983505249023e-01 2.476274520158767700e-01 2.475735098123550415e-01
2.569929659366607666e-01 2.481025457382202148e-01 2.477326393127441406e-01 2.475277930498123169e-01 2.571000754833221436e-01 2.478134483098983765e-01 2.477799206972122192e-01 2.478681653738021851e-01 2.566247284412384033e-01 2.474249154329299927e-01 2.480442225933074951e-01 2.473351955413818359e-01 2.564935386180877686e-01 2.476560473442077637e-01 2.478824853897094727e-01 2.476162016391754150e-01
