# pops for 16 qbits with connectivity c6 and unitary DM 23434052365568
3.999999761581420898e-01 2.000000029802322388e-01 2.000000029802322388e-01 2.000000029802322388e-01 4.000000059604644775e-01 1.999999880790710449e-01 1.999999880790710449e-01 1.999999880790710449e-01 3.999999463558197021e-01 1.999999880790710449e-01 1.999999880790710449e-01 1.999999880790710449e-01 3.999999761581420898e-01 1.999999880790710449e-01 1.999999880790710449e-01 1.999999880790710449e-01
3.396292626857757568e-01 2.233037650585174561e-01 2.145312428474426270e-01 2.225357443094253540e-01 3.558904528617858887e-01 2.112641334533691406e-01 2.082889080047607422e-01 2.245565354824066162e-01 3.420455455780029297e-01 2.093757241964340210e-01 2.246182560920715332e-01 2.239605188369750977e-01 3.558904826641082764e-01 2.245565503835678101e-01 2.112640887498855591e-01 2.082888931035995483e-01
3.182403147220611572e-01 2.639356255531311035e-01 2.523169517517089844e-01 2.276420891284942627e-01 3.259781897068023682e-01 2.261642813682556152e-01 2.278318703174591064e-01 2.344622611999511719e-01 3.129746019840240479e-01 2.365760058164596558e-01 2.277937084436416626e-01 2.303129732608795166e-01 2.988618016242980957e-01 2.102145403623580933e-01 2.016832679510116577e-01 2.050114721059799194e-01
3.179246187210083008e-01 2.571630477905273438e-01 2.464219033718109131e-01 2.195853292942047119e-01 2.972736954689025879e-01 2.462744861841201782e-01 2.336118370294570923e-01 2.474455237388610840e-01 3.026561737060546875e-01 2.362979054450988770e-01 2.393405884504318237e-01 2.331273108720779419e-01 2.859508991241455078e-01 2.092642188072204590e-01 2.087389230728149414e-01 2.189234793186187744e-01
2.951059639453887939e-01 2.451789826154708862e-01 2.506587803363800049e-01 2.354791313409805298e-01 2.927674651145935059e-01 2.580909729003906250e-01 2.305927723646163940e-01 2.392989844083786011e-01 2.932617962360382080e-01 2.431210577487945557e-01 2.350494265556335449e-01 2.520262598991394043e-01 2.696230709552764893e-01 2.166878283023834229e-01 2.186890244483947754e-01 2.243684232234954834e-01
2.767060101032257080e-01 2.421517074108123779e-01 2.490922361612319946e-01 2.361253052949905396e-01 2.724483907222747803e-01 2.543400526046752930e-01 2.361490577459335327e-01 2.390601336956024170e-01 2.853453457355499268e-01 2.493806034326553345e-01 2.570254504680633545e-01 2.500252425670623779e-01 2.588021457195281982e-01 2.374688386917114258e-01 2.278134673833847046e-01 2.280659228563308716e-01
2.826689183712005615e-01 2.450601607561111450e-01 2.286859452724456787e-01 2.476602792739868164e-01 2.716891169548034668e-01 2.536771595478057861e-01 2.355381250381469727e-01 2.410932332277297974e-01 2.786965072154998779e-01 2.476352751255035400e-01 2.619107365608215332e-01 2.535341084003448486e-01 2.584061026573181152e-01 2.359014749526977539e-01 2.323157936334609985e-01 2.255269885063171387e-01
2.684912085533142090e-01 2.361521422863006592e-01 2.341367453336715698e-01 2.521698474884033203e-01 2.690238952636718750e-01 2.557373344898223877e-01 2.478713840246200562e-01 2.498264461755752563e-01 2.723842561244964600e-01 2.504456341266632080e-01 2.529695630073547363e-01 2.516818940639495850e-01 2.574395835399627686e-01 2.320438176393508911e-01 2.367841750383377075e-01 2.328418493270874023e-01
2.598555684089660645e-01 2.397122085094451904e-01 2.431859225034713745e-01 2.481961995363235474e-01 2.686416804790496826e-01 2.575429975986480713e-01 2.448471337556838989e-01 2.514272332191467285e-01 2.773520052433013916e-01 2.515727877616882324e-01 2.490112036466598511e-01 2.495453804731369019e-01 2.573865056037902832e-01 2.333009690046310425e-01 2.342021912336349487e-01 2.342197149991989136e-01
2.599543929100036621e-01 2.428950518369674683e-01 2.436894774436950684e-01 2.492427676916122437e-01 2.668369114398956299e-01 2.537578046321868896e-01 2.453182637691497803e-01 2.504648566246032715e-01 2.710057497024536133e-01 2.470964044332504272e-01 2.489271163940429688e-01 2.518413960933685303e-01 2.574851214885711670e-01 2.313262671232223511e-01 2.350317537784576416e-01 2.451264113187789917e-01
2.594798207283020020e-01 2.413955926895141602e-01 2.430316060781478882e-01 2.518745660781860352e-01 2.658450603485107422e-01 2.505902051925659180e-01 2.490265071392059326e-01 2.509160637855529785e-01 2.719943523406982422e-01 2.489933967590332031e-01 2.519093751907348633e-01 2.459734678268432617e-01 2.562031447887420654e-01 2.308805286884307861e-01 2.377354949712753296e-01 2.441503852605819702e-01
2.604644596576690674e-01 2.412617951631546021e-01 2.407308071851730347e-01 2.533245980739593506e-01 2.666320800781250000e-01 2.515484988689422607e-01 2.474515140056610107e-01 2.507457137107849121e-01 2.728567421436309814e-01 2.485000044107437134e-01 2.490263134241104126e-01 2.484874576330184937e-01 2.587785422801971436e-01 2.306907176971435547e-01 2.363199889659881592e-01 2.431802749633789062e-01
2.585561275482177734e-01 2.421707957983016968e-01 2.437078505754470825e-01 2.523443698883056641e-01 2.632236182689666748e-01 2.485062628984451294e-01 2.479109019041061401e-01 2.507177293300628662e-01 2.709460556507110596e-01 2.505807578563690186e-01 2.518985569477081299e-01 2.473466098308563232e-01 2.607580721378326416e-01 2.325746566057205200e-01 2.356547713279724121e-01 2.431023567914962769e-01
2.568324208259582520e-01 2.417655289173126221e-01 2.437754869461059570e-01 2.518994212150573730e-01 2.617312073707580566e-01 2.507391571998596191e-01 2.494082003831863403e-01 2.499096393585205078e-01 2.662716507911682129e-01 2.506136894226074219e-01 2.499318271875381470e-01 2.477830648422241211e-01 2.584763765335083008e-01 2.379782348871231079e-01 2.372073084115982056e-01 2.456762641668319702e-01
2.562037706375122070e-01 2.468000203371047974e-01 2.456336170434951782e-01 2.492206543684005737e-01 2.616670727729797363e-01 2.505042850971221924e-01 2.472873330116271973e-01 2.494336813688278198e-01 2.650906741619110107e-01 2.485200166702270508e-01 2.492829114198684692e-01 2.489719837903976440e-01 2.611813545227050781e-01 2.383132278919219971e-01 2.356427758932113647e-01 2.462459057569503784e-01
2.564703524112701416e-01 2.481226027011871338e-01 2.455513477325439453e-01 2.473356425762176514e-01 2.628650069236755371e-01 2.507800161838531494e-01 2.468653023242950439e-01 2.482665479183197021e-01 2.630920708179473877e-01 2.468543201684951782e-01 2.498078793287277222e-01 2.481842488050460815e-01 2.590558826923370361e-01 2.407839745283126831e-01 2.397355884313583374e-01 2.462286204099655151e-01
2.562458813190460205e-01 2.470795661211013794e-01 2.460572272539138794e-01 2.480129003524780273e-01 2.617309093475341797e-01 2.495511621236801147e-01 2.482042908668518066e-01 2.473843395709991455e-01 2.613862454891204834e-01 2.480757534503936768e-01 2.500697970390319824e-01 2.479297518730163574e-01 2.581373453140258789e-01 2.412634044885635376e-01 2.418805360794067383e-01 2.469902038574218750e-01
2.560198903083801270e-01 2.466667592525482178e-01 2.476347088813781738e-01 2.454722374677658081e-01 2.608552277088165283e-01 2.488307505846023560e-01 2.487571686506271362e-01 2.474029362201690674e-01 2.593937218189239502e-01 2.491545081138610840e-01 2.498210221529006958e-01 2.482907027006149292e-01 2.564801871776580811e-01 2.444428354501724243e-01 2.446220666170120239e-01 2.461545616388320923e-01
2.563119530677795410e-01 2.472105175256729126e-01 2.465714812278747559e-01 2.462941706180572510e-01 2.601256966590881348e-01 2.485601902008056641e-01 2.489352673292160034e-01 2.490301132202148438e-01 2.595863938331604004e-01 2.490210235118865967e-01 2.487252950668334961e-01 2.478927075862884521e-01 2.567734718322753906e-01 2.438749819993972778e-01 2.447039335966110229e-01 2.463819384574890137e-01
2.560882866382598877e-01 2.473898828029632568e-01 2.465103119611740112e-01 2.463997006416320801e-01 2.605474889278411865e-01 2.485122084617614746e-01 2.489577233791351318e-01 2.486338615417480469e-01 2.598097026348114014e-01 2.488554269075393677e-01 2.488918304443359375e-01 2.476685047149658203e-01 2.567662298679351807e-01 2.443042546510696411e-01 2.443843185901641846e-01 2.462795078754425049e-01
2.559336125850677490e-01 2.470915317535400391e-01 2.468632459640502930e-01 2.466033995151519775e-01 2.596035003662109375e-01 2.486566156148910522e-01 2.491973191499710083e-01 2.485482096672058105e-01 2.596262395381927490e-01 2.489890158176422119e-01 2.490322738885879517e-01 2.486554980278015137e-01 2.562115490436553955e-01 2.446215003728866577e-01 2.444881796836853027e-01 2.458774894475936890e-01
2.563657462596893311e-01 2.476400285959243774e-01 2.467207908630371094e-01 2.464329302310943604e-01 2.594299614429473877e-01 2.489291429519653320e-01 2.483591139316558838e-01 2.488372325897216797e-01 2.589828670024871826e-01 2.493666857481002808e-01 2.486767470836639404e-01 2.482674419879913330e-01 2.568326890468597412e-01 2.450561374425888062e-01 2.443749606609344482e-01 2.457265555858612061e-01
2.565122842788696289e-01 2.471680492162704468e-01 2.466708868741989136e-01 2.465723156929016113e-01 2.591145634651184082e-01 2.486885040998458862e-01 2.489109486341476440e-01 2.486506551504135132e-01 2.592216432094573975e-01 2.489206045866012573e-01 2.479614615440368652e-01 2.487154603004455566e-01 2.571420967578887939e-01 2.452421635389328003e-01 2.450441867113113403e-01 2.454631924629211426e-01
2.565991580486297607e-01 2.475776225328445435e-01 2.461656630039215088e-01 2.465810179710388184e-01 2.596425116062164307e-01 2.486322671175003052e-01 2.487759739160537720e-01 2.483139634132385254e-01 2.595527768135070801e-01 2.494548857212066650e-01 2.483350932598114014e-01 2.474763989448547363e-01 2.571569383144378662e-01 2.453068047761917114e-01 2.449967116117477417e-01 2.454311549663543701e-01
2.563234865665435791e-01 2.479052394628524780e-01 2.453636527061462402e-01 2.466424554586410522e-01 2.591393291950225830e-01 2.489060163497924805e-01 2.489439547061920166e-01 2.476319521665573120e-01 2.589109241962432861e-01 2.488499879837036133e-01 2.490703761577606201e-01 2.480648756027221680e-01 2.567695677280426025e-01 2.456915229558944702e-01 2.457467913627624512e-01 2.460387051105499268e-01
2.564586699008941650e-01 2.478690743446350098e-01 2.458940148353576660e-01 2.464312613010406494e-01 2.590221166610717773e-01 2.494288533926010132e-01 2.489695847034454346e-01 2.473489046096801758e-01 2.582228183746337891e-01 2.484186887741088867e-01 2.489551007747650146e-01 2.471541911363601685e-01 2.560852169990539551e-01 2.459859102964401245e-01 2.460015863180160522e-01 2.477528005838394165e-01
2.570345699787139893e-01 2.475055754184722900e-01 2.461540997028350830e-01 2.459588348865509033e-01 2.588036358356475830e-01 2.489588856697082520e-01 2.490077763795852661e-01 2.479991465806961060e-01 2.584940791130065918e-01 2.478005588054656982e-01 2.489663958549499512e-01 2.474897354841232300e-01 2.562781572341918945e-01 2.454262971878051758e-01 2.465309500694274902e-01 2.475900501012802124e-01
2.575438916683197021e-01 2.476712018251419067e-01 2.463052123785018921e-01 2.462130039930343628e-01 2.579072415828704834e-01 2.489232271909713745e-01 2.492291778326034546e-01 2.481137067079544067e-01 2.584297060966491699e-01 2.477860599756240845e-01 2.486985325813293457e-01 2.470756173133850098e-01 2.557124793529510498e-01 2.465423792600631714e-01 2.466913908720016479e-01 2.471559196710586548e-01
2.567263841629028320e-01 2.478441447019577026e-01 2.467172294855117798e-01 2.466484308242797852e-01 2.573244273662567139e-01 2.486717253923416138e-01 2.485160827636718750e-01 2.485125660896301270e-01 2.577515542507171631e-01 2.481856942176818848e-01 2.489378154277801514e-01 2.471497803926467896e-01 2.561415433883666992e-01 2.473018020391464233e-01 2.469238638877868652e-01 2.466456294059753418e-01
2.568055093288421631e-01 2.478855252265930176e-01 2.463756352663040161e-01 2.468694895505905151e-01 2.577044367790222168e-01 2.490226179361343384e-01 2.482703179121017456e-01 2.480274736881256104e-01 2.578983902931213379e-01 2.481370419263839722e-01 2.486876398324966431e-01 2.473017871379852295e-01 2.557876408100128174e-01 2.469491958618164062e-01 2.476018816232681274e-01 2.466740906238555908e-01
2.572884559631347656e-01 2.476787120103836060e-01 2.466509789228439331e-01 2.471371889114379883e-01 2.575990259647369385e-01 2.486764192581176758e-01 2.482456564903259277e-01 2.481229752302169800e-01 2.576945126056671143e-01 2.484270036220550537e-01 2.483591139316558838e-01 2.473210245370864868e-01 2.558154761791229248e-01 2.467688769102096558e-01 2.470580339431762695e-01 2.471550852060317993e-01
2.569247484207153320e-01 2.476484030485153198e-01 2.468888312578201294e-01 2.470331788063049316e-01 2.577956914901733398e-01 2.485025674104690552e-01 2.483269274234771729e-01 2.478139251470565796e-01 2.573540806770324707e-01 2.483331859111785889e-01 2.482971549034118652e-01 2.477858364582061768e-01 2.560329437255859375e-01 2.469781190156936646e-01 2.469717264175415039e-01 2.473111897706985474e-01
2.568227052688598633e-01 2.476642280817031860e-01 2.472252100706100464e-01 2.470120191574096680e-01 2.578529417514801025e-01 2.485605776309967041e-01 2.480437010526657104e-01 2.477449327707290649e-01 2.573956847190856934e-01 2.481762617826461792e-01 2.476914227008819580e-01 2.477307319641113281e-01 2.559576034545898438e-01 2.471840083599090576e-01 2.474266588687896729e-01 2.475096881389617920e-01
2.567425966262817383e-01 2.478324919939041138e-01 2.472902834415435791e-01 2.473621964454650879e-01 2.582577168941497803e-01 2.484041005373001099e-01 2.476053684949874878e-01 2.478200644254684448e-01 2.579191327095031738e-01 2.474794983863830566e-01 2.473679184913635254e-01 2.474165260791778564e-01 2.561472058296203613e-01 2.470489740371704102e-01 2.473070621490478516e-01 2.479972243309020996e-01
2.567650973796844482e-01 2.478942424058914185e-01 2.474020719528198242e-01 2.474158704280853271e-01 2.580416500568389893e-01 2.482486367225646973e-01 2.475353628396987915e-01 2.478912621736526489e-01 2.579527497291564941e-01 2.477154433727264404e-01 2.474180459976196289e-01 2.471837997436523438e-01 2.560991644859313965e-01 2.474455237388610840e-01 2.475541979074478149e-01 2.474352270364761353e-01
2.566826939582824707e-01 2.480694800615310669e-01 2.473329305648803711e-01 2.473843693733215332e-01 2.577961683273315430e-01 2.480662614107131958e-01 2.476880401372909546e-01 2.476003915071487427e-01 2.575517892837524414e-01 2.479941099882125854e-01 2.476833611726760864e-01 2.473917901515960693e-01 2.560976147651672363e-01 2.475882023572921753e-01 2.476564198732376099e-01 2.474147379398345947e-01
2.568170726299285889e-01 2.476928681135177612e-01 2.475251406431198120e-01 2.474343627691268921e-01 2.573704123497009277e-01 2.482066899538040161e-01 2.478987276554107666e-01 2.476749718189239502e-01 2.575354278087615967e-01 2.479098290205001831e-01 2.476852685213088989e-01 2.474905103445053101e-01 2.563164234161376953e-01 2.475996762514114380e-01 2.476110160350799561e-01 2.472298443317413330e-01
2.568049430847167969e-01 2.479573488235473633e-01 2.472942769527435303e-01 2.474128454923629761e-01 2.575902342796325684e-01 2.480484694242477417e-01 2.478531599044799805e-01 2.476588785648345947e-01 2.575316727161407471e-01 2.479075640439987183e-01 2.475778907537460327e-01 2.476038336753845215e-01 2.563064098358154297e-01 2.476357221603393555e-01 2.477782368659973145e-01 2.470365762710571289e-01
2.565814256668090820e-01 2.477369457483291626e-01 2.475105822086334229e-01 2.474201023578643799e-01 2.574182748794555664e-01 2.480285167694091797e-01 2.476789951324462891e-01 2.478435635566711426e-01 2.573734819889068604e-01 2.480632960796356201e-01 2.476115375757217407e-01 2.479025423526763916e-01 2.566070258617401123e-01 2.476475983858108521e-01 2.473100274801254272e-01 2.472642064094543457e-01
2.567302882671356201e-01 2.478108406066894531e-01 2.473023682832717896e-01 2.473383694887161255e-01 2.572968304157257080e-01 2.481577396392822266e-01 2.476340532302856445e-01 2.473210692405700684e-01 2.573999762535095215e-01 2.486042529344558716e-01 2.477503418922424316e-01 2.479383349418640137e-01 2.565437555313110352e-01 2.475363016128540039e-01 2.476093918085098267e-01 2.470241785049438477e-01
2.563681900501251221e-01 2.476910948753356934e-01 2.473872303962707520e-01 2.477233409881591797e-01 2.570301890373229980e-01 2.482954114675521851e-01 2.475858181715011597e-01 2.475697845220565796e-01 2.571804821491241455e-01 2.484777867794036865e-01 2.480784505605697632e-01 2.477848827838897705e-01 2.566597163677215576e-01 2.475601583719253540e-01 2.475016415119171143e-01 2.471038252115249634e-01
2.564107775688171387e-01 2.475513219833374023e-01 2.475890070199966431e-01 2.478928267955780029e-01 2.570247650146484375e-01 2.479096949100494385e-01 2.477611601352691650e-01 2.472303211688995361e-01 2.571625709533691406e-01 2.484712600708007812e-01 2.484885901212692261e-01 2.476538419723510742e-01 2.565619647502899170e-01 2.480256259441375732e-01 2.472650408744812012e-01 2.469991892576217651e-01
2.564488947391510010e-01 2.475204467773437500e-01 2.475229054689407349e-01 2.478459477424621582e-01 2.571275830268859863e-01 2.475782483816146851e-01 2.480454593896865845e-01 2.474208921194076538e-01 2.570101320743560791e-01 2.484886497259140015e-01 2.482279837131500244e-01 2.475045621395111084e-01 2.563351988792419434e-01 2.481694817543029785e-01 2.474542856216430664e-01 2.472972869873046875e-01
2.565573453903198242e-01 2.473912090063095093e-01 2.473217099905014038e-01 2.477577179670333862e-01 2.570049762725830078e-01 2.475408911705017090e-01 2.483002543449401855e-01 2.475367486476898193e-01 2.569735646247863770e-01 2.484931647777557373e-01 2.482302337884902954e-01 2.472490221261978149e-01 2.562619447708129883e-01 2.482740581035614014e-01 2.476202696561813354e-01 2.474847882986068726e-01
2.567058205604553223e-01 2.473155558109283447e-01 2.474662214517593384e-01 2.475403994321823120e-01 2.570472657680511475e-01 2.478771060705184937e-01 2.477847039699554443e-01 2.476737052202224731e-01 2.565706670284271240e-01 2.487190216779708862e-01 2.478664219379425049e-01 2.477898895740509033e-01 2.564356923103332520e-01 2.481450140476226807e-01 2.477692216634750366e-01 2.472910434007644653e-01
2.566707432270050049e-01 2.473343908786773682e-01 2.474124282598495483e-01 2.473341375589370728e-01 2.570415437221527100e-01 2.479503154754638672e-01 2.479234635829925537e-01 2.480713278055191040e-01 2.566094100475311279e-01 2.486343681812286377e-01 2.478322237730026245e-01 2.475111037492752075e-01 2.564673721790313721e-01 2.481509149074554443e-01 2.476930022239685059e-01 2.473610639572143555e-01
2.567259371280670166e-01 2.472599893808364868e-01 2.472585439682006836e-01 2.475072145462036133e-01 2.572022676467895508e-01 2.476613223552703857e-01 2.479808628559112549e-01 2.481422126293182373e-01 2.569163739681243896e-01 2.485110014677047729e-01 2.476821541786193848e-01 2.474774867296218872e-01 2.561211884021759033e-01 2.483271956443786621e-01 2.478189468383789062e-01 2.474049627780914307e-01
2.564822435379028320e-01 2.475126981735229492e-01 2.474310398101806641e-01 2.476532757282257080e-01 2.570152282714843750e-01 2.479077577590942383e-01 2.477992922067642212e-01 2.479647994041442871e-01 2.567395269870758057e-01 2.485747635364532471e-01 2.478001415729522705e-01 2.475139051675796509e-01 2.560795247554779053e-01 2.482463717460632324e-01 2.478956133127212524e-01 2.473813891410827637e-01
2.565595805644989014e-01 2.475589811801910400e-01 2.476032972335815430e-01 2.474348098039627075e-01 2.572755217552185059e-01 2.475418895483016968e-01 2.477426379919052124e-01 2.477149218320846558e-01 2.569513022899627686e-01 2.486589103937149048e-01 2.478700876235961914e-01 2.477842271327972412e-01 2.560484409332275391e-01 2.483271509408950806e-01 2.476289272308349609e-01 2.472970187664031982e-01
2.565155923366546631e-01 2.475236654281616211e-01 2.474542409181594849e-01 2.472026199102401733e-01 2.573021352291107178e-01 2.475210577249526978e-01 2.480288445949554443e-01 2.480118274688720703e-01 2.568501234054565430e-01 2.483911812305450439e-01 2.476584315299987793e-01 2.478380501270294189e-01 2.562280297279357910e-01 2.482731789350509644e-01 2.478672564029693604e-01 2.473313212394714355e-01
2.566129863262176514e-01 2.474796175956726074e-01 2.472919970750808716e-01 2.473115473985671997e-01 2.571584880352020264e-01 2.475208491086959839e-01 2.481404095888137817e-01 2.480440884828567505e-01 2.567161917686462402e-01 2.482259273529052734e-01 2.480208575725555420e-01 2.477747499942779541e-01 2.564408481121063232e-01 2.481069117784500122e-01 2.478305697441101074e-01 2.473213672637939453e-01
2.569871842861175537e-01 2.474396973848342896e-01 2.470562756061553955e-01 2.475142925977706909e-01 2.575529813766479492e-01 2.476332187652587891e-01 2.477991282939910889e-01 2.477584928274154663e-01 2.565095722675323486e-01 2.480046600103378296e-01 2.478175461292266846e-01 2.480217963457107544e-01 2.563366889953613281e-01 2.481522560119628906e-01 2.479292899370193481e-01 2.474842667579650879e-01
2.567086815834045410e-01 2.475269138813018799e-01 2.471468895673751831e-01 2.474478036165237427e-01 2.574647963047027588e-01 2.476682513952255249e-01 2.481090575456619263e-01 2.477908283472061157e-01 2.567052245140075684e-01 2.478648275136947632e-01 2.482285052537918091e-01 2.477839738130569458e-01 2.564342319965362549e-01 2.478411793708801270e-01 2.476539164781570435e-01 2.476221770048141479e-01
2.566036880016326904e-01 2.477669864892959595e-01 2.474388927221298218e-01 2.474238872528076172e-01 2.572298347949981689e-01 2.476398646831512451e-01 2.481399774551391602e-01 2.475729584693908691e-01 2.563500404357910156e-01 2.478819489479064941e-01 2.483762949705123901e-01 2.478995621204376221e-01 2.565111219882965088e-01 2.478007674217224121e-01 2.479150742292404175e-01 2.474464476108551025e-01
2.566469311714172363e-01 2.476129382848739624e-01 2.471710592508316040e-01 2.475598454475402832e-01 2.572612464427947998e-01 2.476530224084854126e-01 2.483585774898529053e-01 2.475907206535339355e-01 2.566031813621520996e-01 2.481089979410171509e-01 2.481561601161956787e-01 2.478794902563095093e-01 2.566236257553100586e-01 2.477755844593048096e-01 2.475570738315582275e-01 2.474387586116790771e-01
2.567322254180908203e-01 2.473301738500595093e-01 2.474452108144760132e-01 2.474832236766815186e-01 2.573914527893066406e-01 2.476248890161514282e-01 2.481886893510818481e-01 2.476585358381271362e-01 2.567939758300781250e-01 2.480743080377578735e-01 2.480882555246353149e-01 2.477912604808807373e-01 2.568242847919464111e-01 2.479999065399169922e-01 2.473123371601104736e-01 2.472585290670394897e-01
2.568058073520660400e-01 2.472805380821228027e-01 2.477582544088363647e-01 2.475142627954483032e-01 2.575440704822540283e-01 2.474600672721862793e-01 2.480342984199523926e-01 2.476646155118942261e-01 2.568854391574859619e-01 2.478698194026947021e-01 2.480487525463104248e-01 2.476276606321334839e-01 2.567692995071411133e-01 2.477103322744369507e-01 2.473057806491851807e-01 2.477182298898696899e-01
2.566189765930175781e-01 2.473830431699752808e-01 2.475992143154144287e-01 2.475814223289489746e-01 2.572933733463287354e-01 2.475432604551315308e-01 2.480076253414154053e-01 2.479432672262191772e-01 2.566209137439727783e-01 2.477726638317108154e-01 2.482232600450515747e-01 2.478641867637634277e-01 2.569823861122131348e-01 2.476893961429595947e-01 2.470152825117111206e-01 2.478588819503784180e-01
2.564011216163635254e-01 2.475775033235549927e-01 2.473656237125396729e-01 2.478383481502532959e-01 2.568148374557495117e-01 2.478075325489044189e-01 2.479976564645767212e-01 2.481674849987030029e-01 2.568478286266326904e-01 2.476014196872711182e-01 2.480936795473098755e-01 2.479380965232849121e-01 2.567587792873382568e-01 2.476927191019058228e-01 2.472277730703353882e-01 2.478666454553604126e-01
2.565118670463562012e-01 2.473804503679275513e-01 2.477211952209472656e-01 2.477884739637374878e-01 2.567062079906463623e-01 2.477577179670333862e-01 2.481253743171691895e-01 2.480290234088897705e-01 2.565518617630004883e-01 2.476619780063629150e-01 2.483816295862197876e-01 2.478256970643997192e-01 2.566685080528259277e-01 2.478130608797073364e-01 2.471865862607955933e-01 2.478873729705810547e-01
2.565269470214843750e-01 2.472760528326034546e-01 2.476769983768463135e-01 2.478732764720916748e-01 2.567036449909210205e-01 2.478099763393402100e-01 2.480280250310897827e-01 2.478172630071640015e-01 2.568086981773376465e-01 2.475393116474151611e-01 2.482843101024627686e-01 2.481452077627182007e-01 2.564882934093475342e-01 2.475715577602386475e-01 2.472312003374099731e-01 2.482161968946456909e-01
2.565805613994598389e-01 2.474978566169738770e-01 2.473083138465881348e-01 2.475529313087463379e-01 2.566960752010345459e-01 2.478155344724655151e-01 2.483481168746948242e-01 2.478250712156295776e-01 2.563410103321075439e-01 2.475137561559677124e-01 2.482290565967559814e-01 2.482204735279083252e-01 2.567901313304901123e-01 2.476562708616256714e-01 2.473244965076446533e-01 2.482972890138626099e-01
2.568664252758026123e-01 2.476711273193359375e-01 2.473248243331909180e-01 2.474636882543563843e-01 2.565955221652984619e-01 2.476014345884323120e-01 2.478223741054534912e-01 2.483075857162475586e-01 2.566350698471069336e-01 2.477710396051406860e-01 2.483235895633697510e-01 2.482980340719223022e-01 2.566626667976379395e-01 2.474219948053359985e-01 2.474004328250885010e-01 2.478310614824295044e-01
2.572095096111297607e-01 2.476765364408493042e-01 2.474176734685897827e-01 2.473268210887908936e-01 2.565867304801940918e-01 2.473071813583374023e-01 2.478003352880477905e-01 2.482808083295822144e-01 2.566012442111968994e-01 2.479027807712554932e-01 2.482344806194305420e-01 2.481699138879776001e-01 2.566705644130706787e-01 2.474606037139892578e-01 2.476014345884323120e-01 2.477502673864364624e-01
2.569194138050079346e-01 2.476613670587539673e-01 2.471055239439010620e-01 2.475162893533706665e-01 2.565913498401641846e-01 2.474450021982192993e-01 2.481290698051452637e-01 2.480035126209259033e-01 2.567540705204010010e-01 2.478467375040054321e-01 2.483653277158737183e-01 2.478271126747131348e-01 2.572546601295471191e-01 2.475196421146392822e-01 2.473038285970687866e-01 2.477538585662841797e-01
2.568438947200775146e-01 2.477540820837020874e-01 2.472600191831588745e-01 2.473445534706115723e-01 2.563818693161010742e-01 2.479750514030456543e-01 2.478048801422119141e-01 2.480071336030960083e-01 2.567652761936187744e-01 2.480178922414779663e-01 2.479989677667617798e-01 2.480110973119735718e-01 2.570266723632812500e-01 2.475023716688156128e-01 2.473007738590240479e-01 2.480021864175796509e-01
2.567305564880371094e-01 2.477670460939407349e-01 2.472875565290451050e-01 2.474668622016906738e-01 2.565569281578063965e-01 2.480478882789611816e-01 2.478619962930679321e-01 2.480985373258590698e-01 2.564416527748107910e-01 2.477705776691436768e-01 2.481708973646163940e-01 2.478209733963012695e-01 2.572921812534332275e-01 2.474860548973083496e-01 2.472718656063079834e-01 2.479251027107238770e-01
2.567571997642517090e-01 2.474256306886672974e-01 2.474407851696014404e-01 2.477200776338577271e-01 2.568134963512420654e-01 2.478523999452590942e-01 2.481296360492706299e-01 2.479997873306274414e-01 2.565534114837646484e-01 2.474487274885177612e-01 2.481869310140609741e-01 2.477744370698928833e-01 2.572271525859832764e-01 2.472981512546539307e-01 2.474071830511093140e-01 2.479616105556488037e-01
2.568943798542022705e-01 2.478346675634384155e-01 2.475987970829010010e-01 2.477914094924926758e-01 2.569394409656524658e-01 2.474991828203201294e-01 2.480024099349975586e-01 2.480969429016113281e-01 2.565684318542480469e-01 2.475581169128417969e-01 2.482352703809738159e-01 2.475363612174987793e-01 2.567758560180664062e-01 2.473055720329284668e-01 2.475631982088088989e-01 2.477964460849761963e-01
2.570091187953948975e-01 2.477257549762725830e-01 2.478127479553222656e-01 2.479202002286911011e-01 2.566858232021331787e-01 2.475308626890182495e-01 2.480509132146835327e-01 2.478028386831283569e-01 2.567283809185028076e-01 2.473098188638687134e-01 2.482834160327911377e-01 2.475818246603012085e-01 2.565059065818786621e-01 2.479162365198135376e-01 2.474285960197448730e-01 2.477040290832519531e-01
2.567237019538879395e-01 2.480882555246353149e-01 2.478903084993362427e-01 2.474960982799530029e-01 2.570380270481109619e-01 2.474282979965209961e-01 2.480866611003875732e-01 2.478038221597671509e-01 2.566597759723663330e-01 2.472756057977676392e-01 2.483852356672286987e-01 2.476094961166381836e-01 2.565988004207611084e-01 2.477337867021560669e-01 2.474904805421829224e-01 2.476880699396133423e-01
2.563215196132659912e-01 2.481930404901504517e-01 2.477640658617019653e-01 2.475526779890060425e-01 2.567454576492309570e-01 2.477006167173385620e-01 2.477700412273406982e-01 2.478770613670349121e-01 2.571645975112915039e-01 2.473799437284469604e-01 2.482413351535797119e-01 2.474556565284729004e-01 2.565719187259674072e-01 2.479655295610427856e-01 2.478151023387908936e-01 2.474777102470397949e-01
2.564564049243927002e-01 2.478138804435729980e-01 2.480596005916595459e-01 2.475245893001556396e-01 2.567699849605560303e-01 2.477933019399642944e-01 2.478817403316497803e-01 2.475603073835372925e-01 2.571086287498474121e-01 2.475794851779937744e-01 2.482305318117141724e-01 2.477117776870727539e-01 2.569912672042846680e-01 2.475588321685791016e-01 2.476257085800170898e-01 2.473302483558654785e-01
2.562463283538818359e-01 2.477548867464065552e-01 2.482494413852691650e-01 2.474252134561538696e-01 2.567641139030456543e-01 2.479258924722671509e-01 2.478294223546981812e-01 2.477178424596786499e-01 2.568764686584472656e-01 2.478363811969757080e-01 2.483022660017013550e-01 2.477396577596664429e-01 2.569563388824462891e-01 2.474370449781417847e-01 2.475255131721496582e-01 2.474094182252883911e-01
2.567234635353088379e-01 2.472734302282333374e-01 2.481029331684112549e-01 2.472884804010391235e-01 2.568334341049194336e-01 2.477320581674575806e-01 2.479288876056671143e-01 2.476647943258285522e-01 2.568318247795104980e-01 2.477206885814666748e-01 2.479536086320877075e-01 2.479363679885864258e-01 2.571980357170104980e-01 2.472711652517318726e-01 2.479310929775238037e-01 2.476060390472412109e-01
2.567095160484313965e-01 2.473738789558410645e-01 2.476502507925033569e-01 2.475833445787429810e-01 2.564218044281005859e-01 2.473876625299453735e-01 2.482539713382720947e-01 2.479615509510040283e-01 2.571468353271484375e-01 2.476909607648849487e-01 2.477090805768966675e-01 2.480136752128601074e-01 2.570799291133880615e-01 2.474056929349899292e-01 2.479544132947921753e-01 2.476536333560943604e-01
2.570565044879913330e-01 2.475364059209823608e-01 2.474496811628341675e-01 2.479819357395172119e-01 2.564013302326202393e-01 2.473956346511840820e-01 2.480479180812835693e-01 2.480594515800476074e-01 2.573773264884948730e-01 2.478018999099731445e-01 2.475206851959228516e-01 2.475083321332931519e-01 2.565242648124694824e-01 2.474518269300460815e-01 2.481331527233123779e-01 2.477497309446334839e-01
2.571212053298950195e-01 2.474972307682037354e-01 2.475546300411224365e-01 2.478514462709426880e-01 2.561087012290954590e-01 2.475036233663558960e-01 2.482814937829971313e-01 2.480105757713317871e-01 2.571724057197570801e-01 2.474474757909774780e-01 2.477972358465194702e-01 2.477910816669464111e-01 2.564359009265899658e-01 2.478180527687072754e-01 2.479040771722793579e-01 2.477009147405624390e-01
2.572001814842224121e-01 2.474667727947235107e-01 2.473556697368621826e-01 2.478817403316497803e-01 2.563745677471160889e-01 2.475488632917404175e-01 2.481212168931961060e-01 2.481003105640411377e-01 2.568346858024597168e-01 2.472966313362121582e-01 2.483582496643066406e-01 2.478160709142684937e-01 2.561876177787780762e-01 2.474772632122039795e-01 2.478607594966888428e-01 2.481155246496200562e-01
2.573998272418975830e-01 2.475779056549072266e-01 2.472012042999267578e-01 2.477253526449203491e-01 2.565549612045288086e-01 2.477423250675201416e-01 2.479576766490936279e-01 2.478899806737899780e-01 2.570321857929229736e-01 2.476177364587783813e-01 2.479606270790100098e-01 2.476950436830520630e-01 2.562617659568786621e-01 2.476514279842376709e-01 2.477265149354934692e-01 2.480014562606811523e-01
2.571451067924499512e-01 2.475069910287857056e-01 2.473389208316802979e-01 2.479132711887359619e-01 2.564794123172760010e-01 2.473821491003036499e-01 2.480155080556869507e-01 2.482678145170211792e-01 2.569996416568756104e-01 2.473945915699005127e-01 2.480694800615310669e-01 2.478418499231338501e-01 2.562914490699768066e-01 2.474941313266754150e-01 2.478399574756622314e-01 2.480156123638153076e-01
2.569967210292816162e-01 2.475242465734481812e-01 2.476029098033905029e-01 2.478773444890975952e-01 2.564390003681182861e-01 2.475902885198593140e-01 2.479821890592575073e-01 2.483197897672653198e-01 2.567709088325500488e-01 2.474088072776794434e-01 2.479472309350967407e-01 2.477963715791702271e-01 2.564835250377655029e-01 2.475165277719497681e-01 2.478115409612655640e-01 2.479284107685089111e-01
2.568424642086029053e-01 2.477320134639739990e-01 2.476014047861099243e-01 2.478026747703552246e-01 2.563126981258392334e-01 2.477260231971740723e-01 2.475719600915908813e-01 2.486764341592788696e-01 2.565473020076751709e-01 2.473558038473129272e-01 2.479986250400543213e-01 2.480106353759765625e-01 2.564226090908050537e-01 2.476830184459686279e-01 2.478740662336349487e-01 2.478380799293518066e-01
2.565712630748748779e-01 2.479672282934188843e-01 2.476100027561187744e-01 2.479628473520278931e-01 2.567707598209381104e-01 2.478284090757369995e-01 2.475554496049880981e-01 2.482586055994033813e-01 2.564438283443450928e-01 2.476233094930648804e-01 2.479748278856277466e-01 2.480478286743164062e-01 2.562308013439178467e-01 2.477259486913681030e-01 2.476727962493896484e-01 2.477518022060394287e-01
2.561814188957214355e-01 2.477811574935913086e-01 2.475996166467666626e-01 2.482604682445526123e-01 2.566379010677337646e-01 2.478239536285400391e-01 2.481417655944824219e-01 2.481260746717453003e-01 2.563344538211822510e-01 2.478931546211242676e-01 2.477474212646484375e-01 2.481045722961425781e-01 2.562353909015655518e-01 2.474598884582519531e-01 2.479528337717056274e-01 2.477156519889831543e-01
2.566405534744262695e-01 2.478004395961761475e-01 2.476170659065246582e-01 2.480258345603942871e-01 2.563959658145904541e-01 2.481550276279449463e-01 2.481751888990402222e-01 2.480036914348602295e-01 2.563233971595764160e-01 2.478748261928558350e-01 2.476493567228317261e-01 2.478623986244201660e-01 2.563628554344177246e-01 2.476415336132049561e-01 2.480687946081161499e-01 2.473987489938735962e-01
2.566322088241577148e-01 2.479453235864639282e-01 2.480152994394302368e-01 2.484474927186965942e-01 2.565196752548217773e-01 2.477275729179382324e-01 2.477826923131942749e-01 2.479506731033325195e-01 2.563340961933135986e-01 2.478900700807571411e-01 2.475225627422332764e-01 2.479185163974761963e-01 2.563554942607879639e-01 2.475324720144271851e-01 2.480501532554626465e-01 2.473712414503097534e-01
2.566409707069396973e-01 2.482070475816726685e-01 2.480166405439376831e-01 2.481757104396820068e-01 2.563710808753967285e-01 2.479470521211624146e-01 2.478465288877487183e-01 2.478159666061401367e-01 2.565500140190124512e-01 2.480766624212265015e-01 2.473673671483993530e-01 2.476711571216583252e-01 2.564855813980102539e-01 2.474351525306701660e-01 2.479987442493438721e-01 2.473898530006408691e-01
2.567577064037322998e-01 2.480445355176925659e-01 2.479675263166427612e-01 2.482706010341644287e-01 2.563923001289367676e-01 2.477759271860122681e-01 2.478348314762115479e-01 2.479775249958038330e-01 2.565379440784454346e-01 2.476642280817031860e-01 2.474510520696640015e-01 2.480119913816452026e-01 2.565531730651855469e-01 2.473251223564147949e-01 2.481510341167449951e-01 2.472799867391586304e-01
2.568790018558502197e-01 2.479090243577957153e-01 2.481057047843933105e-01 2.479534149169921875e-01 2.567067742347717285e-01 2.476283013820648193e-01 2.478346079587936401e-01 2.479833960533142090e-01 2.559988200664520264e-01 2.478809654712677002e-01 2.476895153522491455e-01 2.481539696455001831e-01 2.564058899879455566e-01 2.475925385951995850e-01 2.479095458984375000e-01 2.473639249801635742e-01
2.569166421890258789e-01 2.478697150945663452e-01 2.481559813022613525e-01 2.477636635303497314e-01 2.567201554775238037e-01 2.477105557918548584e-01 2.478954493999481201e-01 2.480300515890121460e-01 2.559996545314788818e-01 2.479022294282913208e-01 2.479339241981506348e-01 2.478748410940170288e-01 2.564331591129302979e-01 2.472167760133743286e-01 2.478609532117843628e-01 2.477116584777832031e-01
2.570403218269348145e-01 2.478905171155929565e-01 2.478908896446228027e-01 2.478842139244079590e-01 2.569570839405059814e-01 2.477406859397888184e-01 2.478929162025451660e-01 2.477654516696929932e-01 2.562789022922515869e-01 2.477305382490158081e-01 2.480655014514923096e-01 2.476357221603393555e-01 2.565505504608154297e-01 2.472082525491714478e-01 2.479370087385177612e-01 2.475266754627227783e-01
2.569458782672882080e-01 2.477723807096481323e-01 2.480521947145462036e-01 2.476923614740371704e-01 2.569994330406188965e-01 2.480246126651763916e-01 2.473148405551910400e-01 2.476941943168640137e-01 2.561988532543182373e-01 2.478878498077392578e-01 2.476598024368286133e-01 2.480141669511795044e-01 2.565982639789581299e-01 2.476462274789810181e-01 2.478230893611907959e-01 2.476711869239807129e-01
2.567643225193023682e-01 2.479138225317001343e-01 2.481006532907485962e-01 2.476245313882827759e-01 2.569918632507324219e-01 2.479012310504913330e-01 2.471927702426910400e-01 2.478666901588439941e-01 2.560409307479858398e-01 2.478462159633636475e-01 2.477595210075378418e-01 2.481877505779266357e-01 2.566656172275543213e-01 2.475122362375259399e-01 2.477077245712280273e-01 2.479193508625030518e-01
2.568915784358978271e-01 2.479015439748764038e-01 2.478470504283905029e-01 2.475017160177230835e-01 2.572410404682159424e-01 2.479126751422882080e-01 2.469841986894607544e-01 2.478491067886352539e-01 2.562669515609741211e-01 2.475261986255645752e-01 2.479741871356964111e-01 2.482070922851562500e-01 2.566985785961151123e-01 2.475869059562683105e-01 2.475986480712890625e-01 2.480076998472213745e-01
2.570278346538543701e-01 2.476686835289001465e-01 2.478312104940414429e-01 2.474896311759948730e-01 2.572042942047119141e-01 2.478043138980865479e-01 2.472274750471115112e-01 2.477698624134063721e-01 2.562977969646453857e-01 2.475747466087341309e-01 2.481765002012252808e-01 2.480797916650772095e-01 2.564169168472290039e-01 2.480466067790985107e-01 2.474361211061477661e-01 2.479433864355087280e-01
2.569609582424163818e-01 2.477056682109832764e-01 2.478613257408142090e-01 2.474565654993057251e-01 2.570652961730957031e-01 2.481159418821334839e-01 2.472456097602844238e-01 2.477695643901824951e-01 2.562983632087707520e-01 2.475839704275131226e-01 2.483236193656921387e-01 2.478890419006347656e-01 2.564200758934020996e-01 2.479555606842041016e-01 2.475570440292358398e-01 2.477864474058151245e-01
2.567179799079895020e-01 2.477503418922424316e-01 2.482076436281204224e-01 2.473084926605224609e-01 2.569591403007507324e-01 2.477319687604904175e-01 2.477570921182632446e-01 2.477482706308364868e-01 2.563883662223815918e-01 2.478824555873870850e-01 2.480263710021972656e-01 2.477978020906448364e-01 2.563620209693908691e-01 2.479263991117477417e-01 2.476960420608520508e-01 2.477347105741500854e-01
2.569236457347869873e-01 2.476831078529357910e-01 2.480621784925460815e-01 2.474568784236907959e-01 2.566723227500915527e-01 2.476100772619247437e-01 2.476252317428588867e-01 2.480016052722930908e-01 2.562691271305084229e-01 2.478827983140945435e-01 2.478587031364440918e-01 2.478789091110229492e-01 2.565677464008331299e-01 2.478519678115844727e-01 2.479170411825180054e-01 2.477336227893829346e-01
2.570115625858306885e-01 2.475611120462417603e-01 2.481674551963806152e-01 2.473065853118896484e-01 2.569570541381835938e-01 2.476273775100708008e-01 2.479603886604309082e-01 2.475438714027404785e-01 2.562967538833618164e-01 2.477337121963500977e-01 2.482310831546783447e-01 2.477156519889831543e-01 2.567521035671234131e-01 2.478290051221847534e-01 2.477207928895950317e-01 2.475804388523101807e-01
2.569654881954193115e-01 2.478094995021820068e-01 2.479394078254699707e-01 2.473323047161102295e-01 2.568999230861663818e-01 2.477902472019195557e-01 2.478653341531753540e-01 2.475331723690032959e-01 2.562159895896911621e-01 2.477216720581054688e-01 2.481371611356735229e-01 2.479023784399032593e-01 2.566053867340087891e-01 2.475415915250778198e-01 2.478506416082382202e-01 2.478846609592437744e-01
