# pops for 8 qbits with connectivity gas_with_one_uni in chunks 2
1.999999999999999278e-01 1.999999999999999278e-01 1.999999999999999278e-01 1.999999999999999278e-01 1.999999999999999278e-01 3.999999999999999667e-01 1.999999999999999278e-01 1.999999999999999278e-01
2.000000000000002331e-01 2.000000000000002054e-01 2.000000000000002054e-01 2.311157618974463701e-01 2.695273249288313022e-01 2.294670710823451809e-01 2.698898420913785068e-01 2.000000000000003164e-01
2.059515963926222548e-01 2.133540626899169124e-01 2.302876217527396463e-01 2.063889055306420695e-01 2.987387857135648250e-01 2.345264535762305591e-01 2.053313770600192212e-01 2.054211972842649725e-01
2.510790016585182083e-01 2.121526823562086828e-01 2.329541331958219219e-01 2.338256610468842089e-01 2.235081134883439569e-01 2.222998050159038230e-01 2.133703781307476899e-01 2.108102251075707478e-01
2.203123039631910696e-01 2.171050527419113585e-01 2.270299748659451999e-01 2.189966227297424906e-01 2.229567239508101206e-01 2.485763758743247953e-01 2.237984355997212349e-01 2.212245102743543024e-01
2.260860160767872717e-01 2.270032149430496748e-01 2.186293667219263714e-01 2.368290734947684217e-01 2.203979871480889197e-01 2.242475019659660729e-01 2.289840684328647014e-01 2.178227712165484720e-01
2.219003259490420488e-01 2.275652274520543195e-01 2.173394260874349226e-01 2.325066396320250306e-01 2.283023153031421282e-01 2.245188209392860179e-01 2.251308551672343561e-01 2.227363894697801661e-01
2.218376283583284869e-01 2.161881667009688812e-01 2.216657431607305107e-01 2.336570863272152965e-01 2.342026122857415737e-01 2.314538379478768837e-01 2.210674843203449258e-01 2.199274408987922924e-01
2.285523498043105506e-01 2.230163999067095448e-01 2.231261806026014483e-01 2.221312023442288675e-01 2.402830059905569637e-01 2.170847735954496149e-01 2.273243292884116196e-01 2.184817584677296032e-01
2.178812396972758803e-01 2.190375190889984336e-01 2.272464507505982112e-01 2.321737581185756572e-01 2.174823967257174528e-01 2.216922087458494395e-01 2.400466718732051363e-01 2.244397549997796948e-01
2.257149590697671016e-01 2.314397081901386211e-01 2.195216625943371413e-01 2.298725193116044063e-01 2.196747043164583302e-01 2.339174843978900076e-01 2.141979794048133323e-01 2.256609827149903269e-01
2.213503168286297396e-01 2.262992078580579047e-01 2.307898823053633475e-01 2.318746626932111921e-01 2.207753502978172244e-01 2.274072241245874426e-01 2.176054503151495789e-01 2.238979055771812554e-01
2.316579543979250810e-01 2.281158491484223672e-01 2.233868197162983127e-01 2.306534977409790410e-01 2.222498642895037180e-01 2.226860078539925625e-01 2.194264024054280726e-01 2.218236044474483359e-01
2.255274661485520415e-01 2.250587429188673494e-01 2.218005439779912047e-01 2.252024552280440517e-01 2.250909754077781433e-01 2.231364972315332817e-01 2.236192949957502563e-01 2.305640240914822725e-01
2.241383066054246365e-01 2.187438618063878848e-01 2.220737838908597717e-01 2.245420677376669671e-01 2.320025627027782200e-01 2.323641732386476644e-01 2.227493489003604388e-01 2.233858951178717966e-01
2.218737079076329444e-01 2.224261015077015902e-01 2.174449441011954975e-01 2.242691008669998320e-01 2.418815851471457501e-01 2.238053430246179643e-01 2.217021235406897439e-01 2.265970939040141963e-01
2.251984678407916995e-01 2.262058572239970533e-01 2.435110172482354840e-01 2.214591895563199908e-01 2.257766146965397014e-01 2.168995290413957833e-01 2.215034218744574290e-01 2.194459025182598499e-01
2.174929022984850580e-01 2.343355383983677931e-01 2.249804548067843857e-01 2.215352331165887367e-01 2.248506529966047551e-01 2.217319806616314393e-01 2.328302648414729281e-01 2.222429728800621451e-01
2.244419103590102049e-01 2.242258753516198633e-01 2.245575676952969446e-01 2.222724879929523223e-01 2.348437999701310508e-01 2.234632352947170664e-01 2.322095260383305881e-01 2.139855972979384513e-01
2.288181839114622473e-01 2.329581970002971847e-01 2.219205200485225848e-01 2.304297515877390401e-01 2.201517510841405900e-01 2.212656989372428495e-01 2.245605775231766799e-01 2.198953199074138998e-01
2.249809337390513697e-01 2.343187426099002379e-01 2.201816675085104813e-01 2.192440979761371977e-01 2.344173327100566029e-01 2.231602068500257996e-01 2.232195020488750570e-01 2.204775165574390516e-01
2.229056992366458545e-01 2.406346964076260808e-01 2.328648108053744947e-01 2.195072066077115025e-01 2.206511297770288316e-01 2.173302048677943910e-01 2.184415952366474400e-01 2.276646570611665366e-01
2.281454373667748114e-01 2.266739909997077806e-01 2.196061599511497653e-01 2.317644687746172327e-01 2.291898377071842630e-01 2.219733096308609821e-01 2.185184333976502580e-01 2.241283621720499275e-01
2.163209084707269081e-01 2.334169479996570651e-01 2.254690466778219160e-01 2.310461381435954809e-01 2.209556509030473626e-01 2.211919948002877834e-01 2.301108277454674278e-01 2.214884852593919928e-01
2.252354587291063026e-01 2.248996662653706957e-01 2.258364352551423260e-01 2.310956329177501212e-01 2.205088876047991420e-01 2.238375315551568989e-01 2.186793775722958855e-01 2.299070101003733158e-01
2.292914818368546326e-01 2.210193570368465255e-01 2.226894377521999036e-01 2.278187310130307675e-01 2.181275339802586644e-01 2.212997030465334303e-01 2.204380848778908497e-01 2.393156704563810522e-01
2.271399735985131230e-01 2.425298945401757056e-01 2.205086717751839620e-01 2.235030773325835662e-01 2.210583202519629809e-01 2.206433636256940334e-01 2.203444040040413721e-01 2.242722948718402498e-01
2.258105875401765217e-01 2.245010650104229122e-01 2.260495325252988297e-01 2.428997409134237007e-01 2.166756753902698840e-01 2.215642570466548333e-01 2.251355415031104368e-01 2.173636000706382909e-01
2.240579458013339798e-01 2.230875690483725138e-01 2.238393349003308663e-01 2.211360292876743960e-01 2.224123886336065448e-01 2.429097804524572579e-01 2.277639273480245863e-01 2.147930245281933770e-01
2.214963462577503317e-01 2.255477181813316245e-01 2.218439741732567971e-01 2.225731792915910945e-01 2.266510513424404016e-01 2.443325328768093663e-01 2.196423630818800654e-01 2.179128347949344791e-01
2.196375159449243386e-01 2.247879160128729570e-01 2.142102484065890322e-01 2.169013473660523217e-01 2.319260078203154996e-01 2.250070336861323128e-01 2.393647377202206550e-01 2.281651930428870712e-01
2.239244854737084678e-01 2.352315004792252806e-01 2.177007408981556369e-01 2.272854053009611131e-01 2.366438054189752838e-01 2.191711419037452868e-01 2.212032177649610187e-01 2.188397027602617118e-01
2.187624819365907858e-01 2.239157808587651510e-01 2.258653733922433571e-01 2.294630540951319575e-01 2.241381191457774980e-01 2.220564154834735182e-01 2.274560150115221002e-01 2.283427600764892929e-01
2.288133540153044765e-01 2.228079780223723438e-01 2.167825898772210436e-01 2.273437820288080613e-01 2.195755261544807269e-01 2.323459930122221129e-01 2.275957292842226698e-01 2.247350476053610879e-01
2.207537645721881769e-01 2.258180683381724729e-01 2.267572294416552448e-01 2.294062137212384833e-01 2.210584336493518209e-01 2.328026599373474448e-01 2.220665403508667868e-01 2.213370899891720922e-01
2.147515458887548911e-01 2.265547886063412064e-01 2.259794953979408771e-01 2.327054093287668213e-01 2.276745383425469449e-01 2.272774150797475246e-01 2.250703236446526811e-01 2.199864837112413818e-01
2.181508399146231680e-01 2.206539762900992518e-01 2.204567217258765477e-01 2.206218197930570057e-01 2.305737447863268896e-01 2.278050521033956888e-01 2.335947031891792147e-01 2.281431421974347840e-01
2.212123713664179703e-01 2.231372777937519758e-01 2.199384983371002467e-01 2.210649180326462460e-01 2.345778034617772845e-01 2.208745936847030522e-01 2.313378795151890543e-01 2.278566578084058603e-01
2.189167936034162321e-01 2.213009722087343478e-01 2.207579616828262981e-01 2.254490730742209625e-01 2.308858749371813512e-01 2.260426366265745890e-01 2.317294256408323483e-01 2.249172622262053944e-01
2.281538016052018503e-01 2.271083156731633079e-01 2.266628551671946712e-01 2.327983835947575464e-01 2.207046141396828143e-01 2.210819959379191901e-01 2.233906830548360312e-01 2.200993508272361399e-01
2.296515447683271649e-01 2.206628276928641885e-01 2.306070535644862696e-01 2.334527465851573280e-01 2.217081605595653260e-01 2.183592371553636224e-01 2.296947173908522322e-01 2.158637122833761968e-01
2.211013813059118649e-01 2.191358496759518715e-01 2.204462102063877160e-01 2.460089156509905894e-01 2.247682996799951483e-01 2.237585687804637125e-01 2.242392525626867306e-01 2.205415221376027524e-01
2.233801212427840022e-01 2.177638902063624704e-01 2.437715595575423444e-01 2.216428203952431342e-01 2.216426908447619581e-01 2.240424757837305714e-01 2.284056073025124978e-01 2.193508346670529630e-01
2.433192863207690182e-01 2.231424200954491288e-01 2.223341339974415354e-01 2.227583538987841227e-01 2.220254178233370401e-01 2.153401328172739604e-01 2.166817190113541070e-01 2.343985360355817504e-01
2.268932058330583867e-01 2.177119873164461150e-01 2.214010602494056179e-01 2.269704000988509995e-01 2.289598920719843056e-01 2.245334995809572798e-01 2.248475064834170589e-01 2.286824483658700946e-01
2.178564381249163406e-01 2.182546702039226405e-01 2.172517703562327207e-01 2.327764023177866792e-01 2.334242782579011855e-01 2.333786727482468348e-01 2.187264079717375631e-01 2.283313600192461712e-01
2.208995196087951973e-01 2.303968434965123213e-01 2.315254556245339712e-01 2.172692677038156328e-01 2.195546061477219590e-01 2.285278807688144176e-01 2.248106492968390824e-01 2.270157773529560552e-01
2.214188562096918722e-01 2.219347994300475135e-01 2.232411581473045803e-01 2.157408398812484807e-01 2.273667484432472796e-01 2.190039559140105618e-01 2.249412144668820890e-01 2.463524275075567038e-01
2.328579332289040515e-01 2.216864362024200952e-01 2.268025533234903635e-01 2.215288653977598443e-01 2.283854452602306351e-01 2.261035018838463972e-01 2.145730969572014479e-01 2.280621677461359964e-01
2.311223357771000353e-01 2.263519337958894984e-01 2.259596745267097306e-01 2.229050312697146985e-01 2.267344332547780172e-01 2.186199233898656613e-01 2.190421898631652875e-01 2.292644781227654860e-01
2.268848329198137614e-01 2.257126243665757426e-01 2.354617050744574613e-01 2.183518687643072886e-01 2.308541248154512560e-01 2.160816942855569855e-01 2.237131636651856770e-01 2.229399861086400481e-01
2.246060587474139336e-01 2.191163530042624097e-01 2.436061486422565758e-01 2.170773036617510143e-01 2.187097440183009833e-01 2.293660248576601668e-01 2.182996695579524360e-01 2.292186975103913116e-01
2.255633962866668563e-01 2.205582739757147026e-01 2.189543823648368859e-01 2.314149736523097300e-01 2.218261007776302918e-01 2.199262986418250576e-01 2.271718448733604234e-01 2.345847294276433570e-01
2.205621845683133075e-01 2.272454085368948995e-01 2.216197897595114930e-01 2.234536202026566054e-01 2.369896686956931564e-01 2.274247818705058544e-01 2.228205146358592514e-01 2.198840317305531256e-01
2.196103744053378160e-01 2.253237393075052941e-01 2.165904554494579304e-01 2.314704529723421444e-01 2.377845281285927981e-01 2.331790290086757922e-01 2.176771612585385873e-01 2.183642594695367478e-01
2.223369841993732277e-01 2.250089798644014649e-01 2.229482967638694302e-01 2.362369560031751525e-01 2.272643122852705533e-01 2.182884032134031760e-01 2.191129259934142537e-01 2.288031416770806015e-01
2.199708016626186202e-01 2.217070487448321858e-01 2.222776197302537005e-01 2.276366442928864364e-01 2.225492899751975451e-01 2.269760336766604436e-01 2.303583578943551868e-01 2.285242040231824368e-01
2.239479237872405992e-01 2.252156288932907202e-01 2.215659743376312829e-01 2.417118291463538904e-01 2.210157463320776838e-01 2.219657096450679268e-01 2.228270407156003607e-01 2.217501471427245907e-01
2.209305966433342816e-01 2.230458550102549509e-01 2.257194380498402098e-01 2.411075859398169596e-01 2.166345918049116803e-01 2.195306186963663087e-01 2.304492326912443989e-01 2.225820811642190422e-01
2.206764959547642679e-01 2.191322477172657768e-01 2.225137201565414169e-01 2.234221534289504429e-01 2.218060371127921482e-01 2.204680425122844400e-01 2.461689377875285190e-01 2.258123653298595712e-01
2.243975510847673327e-01 2.176647332170376370e-01 2.255092500678141654e-01 2.391040970206605165e-01 2.182931489862769969e-01 2.305212151244886987e-01 2.219013360838417437e-01 2.226086684150984096e-01
2.215031347444498810e-01 2.219904384658116514e-01 2.223415359145895775e-01 2.351148116424862378e-01 2.257270597008917967e-01 2.259561826014345187e-01 2.222001720455064888e-01 2.251666648848168195e-01
2.247968465239733871e-01 2.245393874060264416e-01 2.217901822346226015e-01 2.328829673300307213e-01 2.250150542270934473e-01 2.206648755616627544e-01 2.237447886150161214e-01 2.265658981015606921e-01
2.199946034514086435e-01 2.288050343457247726e-01 2.172491009306085075e-01 2.293307612254975036e-01 2.236814576635650642e-01 2.274072072852701687e-01 2.218882595594697804e-01 2.316435755384407269e-01
2.282397075221764826e-01 2.215005358027441196e-01 2.215184713833000529e-01 2.241209894995391805e-01 2.259861073728768877e-01 2.203631246144014955e-01 2.320978801190967389e-01 2.261731836858499323e-01
2.182499304747913260e-01 2.310018368752972950e-01 2.244802972081244852e-01 2.196590789280030154e-01 2.287019482040517082e-01 2.229630903367338934e-01 2.244585238957473305e-01 2.304852940772360026e-01
2.291253283170916477e-01 2.305534398520953099e-01 2.240923604643222933e-01 2.284032877284574714e-01 2.318712450049919549e-01 2.158686271001024892e-01 2.232571753551261251e-01 2.168285361777973763e-01
2.206397494100616752e-01 2.280988007744585433e-01 2.251942199271338430e-01 2.320632011682626505e-01 2.186131464864828344e-01 2.245538628992723718e-01 2.305374798999878239e-01 2.202995394343253144e-01
2.192089457998538105e-01 2.293841567042237684e-01 2.211113166633492666e-01 2.219340871791845582e-01 2.268737395203575813e-01 2.358477894874096148e-01 2.211120742670535932e-01 2.245278903785521418e-01
2.188824443717016510e-01 2.249967314219883940e-01 2.339049439403514674e-01 2.331392677055530438e-01 2.151821729036228203e-01 2.191428701374241172e-01 2.259858856396551041e-01 2.287656838796878755e-01
2.212793252987478865e-01 2.209415156578320716e-01 2.206525896065549552e-01 2.254185667797122261e-01 2.224793004963853682e-01 2.187734012041915588e-01 2.372108279796378838e-01 2.332444729769223846e-01
2.150947271211745560e-01 2.296341577880797735e-01 2.301591723195222372e-01 2.211429300547170518e-01 2.371920492538382719e-01 2.197270533937924764e-01 2.244614792221783783e-01 2.225884308466812289e-01
2.185921525650193764e-01 2.177946303177052678e-01 2.263515916531451955e-01 2.333770903389159046e-01 2.262291419963494421e-01 2.203252033480466443e-01 2.322054312944535348e-01 2.251247584863479145e-01
2.217587394899515341e-01 2.219982798715549321e-01 2.246419987541569407e-01 2.182782799619634451e-01 2.218219057760371371e-01 2.415408428442990807e-01 2.181225290172155717e-01 2.318374242848037226e-01
2.274020054938937496e-01 2.221449636226175972e-01 2.216771306940703290e-01 2.287395190192996197e-01 2.239831054440463709e-01 2.176126651287417779e-01 2.314427839243743679e-01 2.269978266729390237e-01
2.336564996090728097e-01 2.201193053163579549e-01 2.226209865510551666e-01 2.324914037210605300e-01 2.324197111075105848e-01 2.160635620106136356e-01 2.212799518654084141e-01 2.213485798189022968e-01
2.362134193144338479e-01 2.197565472365081152e-01 2.180074038722417118e-01 2.342276096073906966e-01 2.327401681946330014e-01 2.201304586907728011e-01 2.218105687822937711e-01 2.171138243017076419e-01
2.415543981441589105e-01 2.246722068956568397e-01 2.230393069158418118e-01 2.263715375406931407e-01 2.210153043393269234e-01 2.215986840572054806e-01 2.174405966322033035e-01 2.243079654748959539e-01
2.519592580666834003e-01 2.309392922641354540e-01 2.174319454897476467e-01 2.192933181272350984e-01 2.177718026327153666e-01 2.241824618214321996e-01 2.175709743113392880e-01 2.208509472866931334e-01
2.206725202066619762e-01 2.226451007689497774e-01 2.278686095770678932e-01 2.291472686055957275e-01 2.206562672675420889e-01 2.197382382034307469e-01 2.250894028254972201e-01 2.341825925452369062e-01
2.233783980717375661e-01 2.226745159589894052e-01 2.285144857235541227e-01 2.452424621596148435e-01 2.187892842654467485e-01 2.209299298689994806e-01 2.182495733229612989e-01 2.222213506286772611e-01
2.287206750812528500e-01 2.216736632302889198e-01 2.164390796874691159e-01 2.219646957872028759e-01 2.237775544627360891e-01 2.341829310128973329e-01 2.199944321522417368e-01 2.332469685858918618e-01
2.391566418729643151e-01 2.228556925527635513e-01 2.163937282919166649e-01 2.252309613106968922e-01 2.205507343117695807e-01 2.274157561266063887e-01 2.220845743762853153e-01 2.263119111569771025e-01
2.332722714069089820e-01 2.138010844270774036e-01 2.177545057949257512e-01 2.222803619549456877e-01 2.286266371548568155e-01 2.384931451145199111e-01 2.260138790146355436e-01 2.197581151321094939e-01
2.168977258979114253e-01 2.237286076782473987e-01 2.250932487873728849e-01 2.360541730552005724e-01 2.277349164202372711e-01 2.215508337017378093e-01 2.230795358004405704e-01 2.258609586588319340e-01
2.266100727926670388e-01 2.313246280251418374e-01 2.198163037660039731e-01 2.268394051973933179e-01 2.255078082935010608e-01 2.232803627915257438e-01 2.258145123984700575e-01 2.208069067352769477e-01
2.237134067522312530e-01 2.341970477004381712e-01 2.209635302257054734e-01 2.263235847753417018e-01 2.205426336024754741e-01 2.282697838476906715e-01 2.185480452505241811e-01 2.274419678455728844e-01
2.222901823698859580e-01 2.223445651830325276e-01 2.259980813121794385e-01 2.242775321897854668e-01 2.189498779193157496e-01 2.262512128267220313e-01 2.334060067881035816e-01 2.264825414109551960e-01
2.313035219525109432e-01 2.237329392596933419e-01 2.249206951544049926e-01 2.185360470098156316e-01 2.225858229990733128e-01 2.255502696869979284e-01 2.315483910058440398e-01 2.218223129316390929e-01
2.290835289863163704e-01 2.204129092702359904e-01 2.223059946882718629e-01 2.216319660939849445e-01 2.316283440442649111e-01 2.220477715974584210e-01 2.296392689752601024e-01 2.232502163441866805e-01
2.323331078366337454e-01 2.190945479309384936e-01 2.197775138093617242e-01 2.279473161155672334e-01 2.256882866728788517e-01 2.243339813799675175e-01 2.300435377138194404e-01 2.207817085408115554e-01
2.326250476591174843e-01 2.272873375545177432e-01 2.189735184957528058e-01 2.188990691102486730e-01 2.217156113797912054e-01 2.323591231800152535e-01 2.256991313843750846e-01 2.224411612361596458e-01
2.266683589532286491e-01 2.264400485834850985e-01 2.294509853416583922e-01 2.155802754203583194e-01 2.189039678650395448e-01 2.424818945468277254e-01 2.212634437063215886e-01 2.192110255830597432e-01
2.303735874318195986e-01 2.262260395427345416e-01 2.201087191693429923e-01 2.286911172105555168e-01 2.165086575860308282e-01 2.280611345570476567e-01 2.188934939269702729e-01 2.311372505754762940e-01
2.219109655768280176e-01 2.221989049699062690e-01 2.290561531648643012e-01 2.240377690510192699e-01 2.206771936050375693e-01 2.214184693760113121e-01 2.262580369405749192e-01 2.344425073157359318e-01
2.196717224782059052e-01 2.223086080216033766e-01 2.215429870800427192e-01 2.290639581499910871e-01 2.177805445529905626e-01 2.264379484066812998e-01 2.253404505544316649e-01 2.378537807560306971e-01
2.311805160151526595e-01 2.250974122876354677e-01 2.242376168195366337e-01 2.286582866489242361e-01 2.199273169893312674e-01 2.206863741947499291e-01 2.177102441125651766e-01 2.325022329320823034e-01
2.195716425713052367e-01 2.152184788104978541e-01 2.144858729111263074e-01 2.219404963258732044e-01 2.407457872074731109e-01 2.310655103666764687e-01 2.286917252928958866e-01 2.282804865141285777e-01
2.178754508750989083e-01 2.406861837072455657e-01 2.311856289308816814e-01 2.211780362128779320e-01 2.246598165629589416e-01 2.254844532940610824e-01 2.144506210823423076e-01 2.244798093345105050e-01
2.162213681569990220e-01 2.203257836480833620e-01 2.311712841751922820e-01 2.167752516991857115e-01 2.507046708266367219e-01 2.198143438452347387e-01 2.214062862937801190e-01 2.235810113548642730e-01
2.221062075547653447e-01 2.188112271522250074e-01 2.296168522778171128e-01 2.139594006946532456e-01 2.240753128168045394e-01 2.280972919199623916e-01 2.255279940635329661e-01 2.378057135202164274e-01
