# pops for 8 qbits with connectivity gas_with_one_uni in chunks 2
1.999999999999999278e-01 1.999999999999999278e-01 1.999999999999999278e-01 1.999999999999999278e-01 1.999999999999999278e-01 3.999999999999999667e-01 1.999999999999999278e-01 1.999999999999999278e-01
2.000000000000002331e-01 2.000000000000002887e-01 2.481473280408418858e-01 2.000000000000002331e-01 2.509956041831895024e-01 2.286419198061008518e-01 2.722151479698683429e-01 2.000000000000003164e-01
2.319576829366138127e-01 2.082274001299992683e-01 2.158937234261701643e-01 2.228309145080950293e-01 2.467134646674360998e-01 2.280432503248426002e-01 2.091991503951605713e-01 2.371344136116828594e-01
2.261081694014898669e-01 2.155445041638412440e-01 2.268182761017447369e-01 2.189581750206114896e-01 2.455111650144690683e-01 2.176203859162834930e-01 2.225025400045168578e-01 2.269367843770438431e-01
2.294867612163544457e-01 2.362696270936945897e-01 2.132195280944109705e-01 2.257417725723898649e-01 2.135733119802579461e-01 2.321488139525127448e-01 2.181942681607560719e-01 2.313659169296227447e-01
2.263848650628408898e-01 2.362124119928138977e-01 2.200768294332757502e-01 2.228810550201780205e-01 2.249502643882697051e-01 2.235057945802066681e-01 2.228407037464096296e-01 2.231480757760052613e-01
2.287651292037524153e-01 2.356820173469409141e-01 2.216276805833093944e-01 2.189859750774427738e-01 2.216531360061262390e-01 2.255510050279035117e-01 2.209119316529886135e-01 2.268231251015365157e-01
2.187757811922760587e-01 2.259964856057180560e-01 2.376804035009875138e-01 2.269053435630687954e-01 2.193306922674394255e-01 2.248631881286194401e-01 2.236697280781226871e-01 2.227783776637677626e-01
2.266354196638614704e-01 2.236038205388498346e-01 2.379706967553239516e-01 2.177430089721432149e-01 2.213209279638660432e-01 2.176907040569206753e-01 2.349344344815794128e-01 2.201009875674535821e-01
2.208548034980510888e-01 2.311995896318844446e-01 2.528810737910299755e-01 2.161621964228217785e-01 2.153763348163827418e-01 2.204599186232995833e-01 2.182089045186491327e-01 2.248571786978796616e-01
2.200279538066753360e-01 2.259205864751057946e-01 2.339961933185855103e-01 2.216954166576034502e-01 2.234520288212999972e-01 2.121300075403791952e-01 2.314684706645069867e-01 2.313093427158421089e-01
2.278022634619829012e-01 2.174967572644187219e-01 2.383587195933227765e-01 2.180894227440491051e-01 2.326582550385339065e-01 2.197973043898829859e-01 2.207489750998238021e-01 2.250483024079834304e-01
2.237368016079836763e-01 2.244707477249102412e-01 2.172371161850081001e-01 2.269466379359424968e-01 2.318665001583769536e-01 2.172107229014728635e-01 2.185438032503398964e-01 2.399876702359638458e-01
2.250044774394371339e-01 2.358749197688936039e-01 2.267658299768818275e-01 2.209643881710759150e-01 2.208966379630560029e-01 2.214232750195194999e-01 2.190458250657065509e-01 2.300246465954276787e-01
2.208914942715607954e-01 2.277225734700762672e-01 2.327170886754706958e-01 2.192834321162434319e-01 2.187042610068084258e-01 2.286543621261644399e-01 2.270321412446626164e-01 2.249946470890110406e-01
2.205929971908316967e-01 2.263213357838219641e-01 2.226720246079887666e-01 2.152247053556781142e-01 2.236089927201730942e-01 2.257464872599904138e-01 2.353999805576559579e-01 2.304334765238572613e-01
2.191048669438592500e-01 2.369420612300808249e-01 2.203462477715630863e-01 2.217971997637104009e-01 2.248806656618234923e-01 2.202280967467333539e-01 2.277830175592641671e-01 2.289178443229621940e-01
2.213638378898491743e-01 2.361972824371845470e-01 2.214055128625977975e-01 2.354327553282554997e-01 2.222821169366705762e-01 2.176546395026051350e-01 2.211924716444931549e-01 2.244713833983408569e-01
2.214742764559826937e-01 2.323539617476451380e-01 2.223995753787862961e-01 2.185288705952135868e-01 2.259125669960163896e-01 2.203934591098226370e-01 2.318586273010586341e-01 2.270786624154716438e-01
2.226199420464308465e-01 2.292541901673267601e-01 2.206134858831607370e-01 2.222690660807096208e-01 2.316343436602897043e-01 2.298570334672309090e-01 2.220298986436797239e-01 2.217220400511689116e-01
2.240199119780021675e-01 2.198283424424340160e-01 2.387496470356280098e-01 2.224637925343723177e-01 2.328903536541066799e-01 2.161074721956658118e-01 2.191791922646277868e-01 2.267612878951584532e-01
2.212940555843689316e-01 2.225471816019380655e-01 2.338822291116183505e-01 2.191806537706261770e-01 2.214395124542890558e-01 2.374121589793618536e-01 2.224693482625031693e-01 2.217748602352900000e-01
2.201290635898369707e-01 2.365434423572877476e-01 2.391662351340468617e-01 2.226546033602848640e-01 2.243048617946128698e-01 2.212529003199893707e-01 2.217669968262022950e-01 2.141818966177346795e-01
2.316927238826111957e-01 2.239822604348905843e-01 2.205453771460758883e-01 2.228298634896466734e-01 2.310826388964294098e-01 2.244756141903147262e-01 2.273751415174210255e-01 2.180163804426064889e-01
2.224981310390875544e-01 2.209716753223709973e-01 2.204053672010026776e-01 2.148954961762190030e-01 2.207834918599377860e-01 2.469799391828489399e-01 2.190644788615113137e-01 2.344014203570166099e-01
2.205999382204831549e-01 2.274602992176825156e-01 2.259810891993828397e-01 2.215528712281182033e-01 2.209640257065240698e-01 2.376203532012846897e-01 2.215861559445897189e-01 2.242352672819293846e-01
2.211707569690623543e-01 2.263412381062817058e-01 2.269721219477102703e-01 2.225942844219484795e-01 2.204708548755152098e-01 2.235326933348582568e-01 2.214243215153267885e-01 2.374937288292915116e-01
2.213955594635831081e-01 2.233427658768952773e-01 2.335087903526990583e-01 2.236337595325084693e-01 2.222050494998207837e-01 2.279218695389929050e-01 2.264945435110037875e-01 2.214976622244910209e-01
2.259689692037245845e-01 2.243507000305810517e-01 2.221408360424581285e-01 2.459103289163913075e-01 2.149825833001412501e-01 2.194482003320694374e-01 2.228083946370409962e-01 2.243899875375865716e-01
2.223008726318912998e-01 2.269786383608837221e-01 2.288152277992779593e-01 2.243638091449123850e-01 2.201883357345576220e-01 2.246374095347993260e-01 2.365212236438004878e-01 2.161944831498696928e-01
2.342637461411820055e-01 2.244482520942638337e-01 2.280535362658672183e-01 2.191577375175368936e-01 2.273481275815568414e-01 2.246443263667550483e-01 2.181602498209219421e-01 2.239240242119097113e-01
2.249436172136697609e-01 2.212871267469474490e-01 2.164946358045353736e-01 2.296487900382601088e-01 2.221153769125037702e-01 2.288732996546798959e-01 2.191869216393526609e-01 2.374502319900439751e-01
2.263602755426965540e-01 2.318085174961891093e-01 2.307357367291264227e-01 2.175460393941350268e-01 2.222800784783606487e-01 2.281450030024964049e-01 2.223433053407595505e-01 2.207810440162296939e-01
2.192925591904675842e-01 2.345980060439372406e-01 2.269310708991319481e-01 2.180729259518672802e-01 2.241959425479100321e-01 2.282215633343588346e-01 2.269682710657067726e-01 2.217196609666133023e-01
2.245744166923854257e-01 2.259123349895852950e-01 2.359196049807918694e-01 2.210159259880676852e-01 2.190137535589222195e-01 2.251788947852285117e-01 2.220751800083607119e-01 2.263098889966514426e-01
2.238052181064791313e-01 2.250091491753564987e-01 2.270528908124999634e-01 2.304091902690513227e-01 2.240064303148380509e-01 2.196596679166203381e-01 2.266427275025659493e-01 2.234147259025807963e-01
2.282713665519775781e-01 2.226922954228400808e-01 2.183887452169586130e-01 2.232646899626462567e-01 2.263216776079081949e-01 2.345530396320376076e-01 2.212107098460698862e-01 2.252974757595534172e-01
2.246518353031608239e-01 2.362834934409007437e-01 2.239758051631685065e-01 2.285822080821739988e-01 2.262210155733072048e-01 2.179918456013832384e-01 2.185936459124539766e-01 2.237001509234433361e-01
2.207591173463195056e-01 2.154995802720324760e-01 2.335668613663803295e-01 2.180906089414778037e-01 2.181883572320551246e-01 2.202479973591164875e-01 2.410141252804306189e-01 2.326333522021798161e-01
2.197844170741469760e-01 2.184000803664525592e-01 2.151276292300448867e-01 2.276430156433841556e-01 2.274929358866324969e-01 2.262343226991251344e-01 2.246980876564754481e-01 2.406195114437295890e-01
2.305912174921993241e-01 2.284091353383596867e-01 2.219529875596678026e-01 2.170196514377395192e-01 2.254715282613968530e-01 2.208993707733840350e-01 2.220453922355454246e-01 2.336107169016992668e-01
2.248035536545263946e-01 2.178592074898493824e-01 2.225610284741272871e-01 2.243226675798221936e-01 2.412010790331202692e-01 2.201620531558018956e-01 2.279869824631226838e-01 2.211034281496210008e-01
2.254054446516478571e-01 2.224660890576907746e-01 2.234737829802319609e-01 2.331690027781972707e-01 2.307697669246281391e-01 2.211451390687972085e-01 2.175119769068250275e-01 2.260587976319720915e-01
2.265813152616647508e-01 2.222705887426015270e-01 2.229489021971465812e-01 2.255472734933324230e-01 2.272331203018027046e-01 2.206896495569547756e-01 2.339136615540965969e-01 2.208154888923909431e-01
2.200133419657246403e-01 2.358283341491698992e-01 2.431649399382821986e-01 2.195523822062872832e-01 2.208614325019228608e-01 2.169749783173659241e-01 2.239802683484899415e-01 2.196243225727475268e-01
2.208602656065840608e-01 2.240003166159282577e-01 2.286780052257301743e-01 2.222222109986596861e-01 2.445065559553438739e-01 2.218009417814923168e-01 2.221839042103680717e-01 2.157477996058830005e-01
2.196945208978396402e-01 2.264274663561735013e-01 2.211955534572308535e-01 2.206075649391909532e-01 2.404535648156565508e-01 2.258311683194255126e-01 2.254243916692788285e-01 2.203657695451937681e-01
2.371921762730139494e-01 2.256979277569635123e-01 2.239065787108977523e-01 2.202737576368925532e-01 2.209744227860249988e-01 2.240585233798718101e-01 2.212022187262184802e-01 2.266943947301059692e-01
2.314647185376808025e-01 2.227936762523828607e-01 2.204312277183990421e-01 2.187815954636569415e-01 2.246605457691620011e-01 2.193951050310061768e-01 2.330852569836528720e-01 2.293878742440481899e-01
2.281813985764718500e-01 2.292254110800354960e-01 2.239617687392694012e-01 2.182806557393410785e-01 2.282459613689160893e-01 2.196488236956604945e-01 2.310276956265232828e-01 2.214282851737709723e-01
2.214357949114326152e-01 2.246150282232686202e-01 2.286357436312669023e-01 2.279179626937053171e-01 2.252752892927696593e-01 2.320700982378801069e-01 2.196870858563079731e-01 2.203629971533573040e-01
2.232904509374704916e-01 2.217509054857436657e-01 2.234717039232940183e-01 2.328792168319127054e-01 2.232619986997763373e-01 2.310078088802063334e-01 2.180352154000352038e-01 2.263026998415492430e-01
2.286913037033947715e-01 2.260140903151049152e-01 2.302385721933812024e-01 2.164483109665399641e-01 2.226802498230016081e-01 2.205130587967100986e-01 2.262276443479864785e-01 2.291867698538687381e-01
2.259335962603510606e-01 2.222596337203313066e-01 2.174297437803285049e-01 2.253069309196485404e-01 2.328211868805981632e-01 2.267082624142785219e-01 2.200369157503342665e-01 2.295037302741176066e-01
2.287820219502915975e-01 2.274720227939174555e-01 2.264078176412815668e-01 2.242748598611057353e-01 2.201889764628214008e-01 2.237735691196186816e-01 2.150256062425835724e-01 2.340751259283674612e-01
2.357460632192164007e-01 2.243045519147107703e-01 2.226014258513057120e-01 2.277883392417048569e-01 2.169255069772545730e-01 2.353104691287118411e-01 2.151314262492017571e-01 2.221922174178819764e-01
2.231763031097359073e-01 2.238231158144245725e-01 2.181266536229781727e-01 2.295961196692274942e-01 2.213154744484358283e-01 2.224837555998000482e-01 2.263748420314450616e-01 2.351037357039392206e-01
2.252825672683950176e-01 2.442607819236983224e-01 2.203267289161357223e-01 2.260293065714867045e-01 2.187515277709457806e-01 2.205607599923722073e-01 2.239914981870568256e-01 2.207968293698968354e-01
2.190724357572444159e-01 2.336005248039440541e-01 2.279004336805693087e-01 2.247588489654990251e-01 2.268728317465655286e-01 2.224784665251739457e-01 2.246127447983893577e-01 2.207037137226015300e-01
2.310440256926176716e-01 2.289959190124923605e-01 2.209265005796576531e-01 2.248360964599335488e-01 2.186584473959675701e-01 2.174035621962770726e-01 2.360232191604203500e-01 2.221122295026196070e-01
2.370205150770156310e-01 2.199856892159357813e-01 2.260204960088718906e-01 2.241054966010804228e-01 2.233052816221628434e-01 2.199708528639495453e-01 2.233885116470999133e-01 2.262031569638695283e-01
2.197702838401380254e-01 2.195371936577741323e-01 2.449748319981706890e-01 2.228498874068215174e-01 2.327301500470122519e-01 2.216456576672831691e-01 2.202306535702434065e-01 2.182613418125435023e-01
2.141430149870633681e-01 2.229619453779210780e-01 2.184052658035738614e-01 2.340487172641166069e-01 2.446761346641661006e-01 2.216134466227104582e-01 2.229855988767644737e-01 2.211658764036689706e-01
2.244808890535115176e-01 2.176504640650518407e-01 2.227521575542150412e-01 2.372548361973238484e-01 2.364436229773803633e-01 2.234838234510539146e-01 2.204732613140074071e-01 2.174609453874414566e-01
2.286318990237011239e-01 2.229384677437371565e-01 2.421988935423004252e-01 2.257089085145081164e-01 2.153112558983270586e-01 2.195845105086944582e-01 2.225801753479482170e-01 2.230458894207689446e-01
2.252366325283637061e-01 2.187762154903844236e-01 2.192991170491561115e-01 2.316749301655411375e-01 2.238656880900635471e-01 2.211760076063518932e-01 2.315324125377147269e-01 2.284389965324103433e-01
2.187092067675285023e-01 2.364451248899813451e-01 2.188196502610322003e-01 2.305127744386659683e-01 2.307319263002839960e-01 2.229704596749825796e-01 2.240338779857381502e-01 2.177769796817716763e-01
2.208186997944507068e-01 2.215590534463986461e-01 2.257550821798883223e-01 2.237569669978727305e-01 2.228910424617892849e-01 2.225265183760185561e-01 2.390745105639897339e-01 2.236181261795756048e-01
2.180055625993351787e-01 2.230330922510697644e-01 2.309718992025234507e-01 2.233920002192473497e-01 2.256598000113041458e-01 2.239562369154002586e-01 2.351966809884295795e-01 2.197847278126748294e-01
2.171393935478209691e-01 2.222032901108277059e-01 2.233279283240954260e-01 2.161543948300835571e-01 2.332902299048218719e-01 2.265304331928885695e-01 2.475040609785328916e-01 2.138502691109132325e-01
2.224915844561510814e-01 2.199806332887698501e-01 2.226754390168154962e-01 2.387840563572627695e-01 2.178644094940570264e-01 2.306631359831974315e-01 2.229643534831025342e-01 2.245763879206276459e-01
2.353150710182183858e-01 2.193691915189307784e-01 2.237187281799292993e-01 2.233962021219068339e-01 2.253538438451070935e-01 2.218367476159792684e-01 2.249127492691098407e-01 2.260974664308025572e-01
2.234978221843867130e-01 2.204518904891831499e-01 2.214200475097835019e-01 2.400944274075838547e-01 2.282784413289494496e-01 2.196777141333760563e-01 2.264458659380158834e-01 2.201337910087042826e-01
2.181872930163373248e-01 2.186203204364492170e-01 2.236016485039345747e-01 2.207657603392103596e-01 2.252520658337063553e-01 2.308414612431448354e-01 2.376371613918635273e-01 2.250942892353363645e-01
2.243427643776400582e-01 2.327635426950322439e-01 2.243595831783427863e-01 2.203366654801006130e-01 2.399157683004390362e-01 2.236878670274921044e-01 2.159838308822004393e-01 2.186099780587355823e-01
2.239700782995903972e-01 2.297043965031596580e-01 2.434728889407321017e-01 2.154972183531225494e-01 2.259139029721997372e-01 2.189491126713916103e-01 2.220762248434923480e-01 2.204161774162940735e-01
2.207359336942205652e-01 2.294247941212873010e-01 2.301839028896607575e-01 2.188721422877827616e-01 2.287597871172136199e-01 2.196169755136197221e-01 2.272166149822507364e-01 2.251898493939462342e-01
2.231992103034392549e-01 2.181311217375496714e-01 2.327005088895003904e-01 2.289781531326699204e-01 2.298570529791729156e-01 2.208754567097629962e-01 2.223442619243083673e-01 2.239142343235775157e-01
2.248242853517429252e-01 2.175530161560608189e-01 2.251019964123574246e-01 2.208009935884445996e-01 2.308416291843667090e-01 2.267501338258539056e-01 2.273331231479540637e-01 2.267948223332013624e-01
2.265894224511627864e-01 2.276841277222860782e-01 2.210249975446255677e-01 2.350903020492572659e-01 2.237908154936378013e-01 2.235886379235018651e-01 2.154725516820408804e-01 2.267591451334688979e-01
2.252653699970830203e-01 2.285688822469405246e-01 2.208878895926455754e-01 2.225074001816283731e-01 2.189844014621864510e-01 2.186527937003535094e-01 2.243300554119859180e-01 2.408032074071574102e-01
2.268291267491191476e-01 2.158038471146986326e-01 2.224231480359556146e-01 2.394605996229243472e-01 2.253807087755113348e-01 2.234577647672345568e-01 2.252597365425871856e-01 2.213850683919499074e-01
2.269102516182704699e-01 2.212138622895268025e-01 2.426577320829185758e-01 2.276414631561915480e-01 2.168841363261297395e-01 2.220511115361078758e-01 2.198106164515549188e-01 2.228308265392806853e-01
2.266966402684117421e-01 2.235848045157166342e-01 2.218259878411951991e-01 2.289234209372158768e-01 2.285328429758421431e-01 2.186118228787523599e-01 2.226168735950810051e-01 2.292076069877654887e-01
2.138229667959037628e-01 2.220672710374362868e-01 2.305775844387303597e-01 2.234275996994650182e-01 2.333702467074486309e-01 2.214995279035690545e-01 2.282564839483338937e-01 2.269783194690926653e-01
2.279987042107667061e-01 2.225729946999583653e-01 2.199360733987279493e-01 2.190667095994766889e-01 2.388546982178515188e-01 2.236688899481159287e-01 2.299422883412534924e-01 2.179596415838294943e-01
2.370751914923560910e-01 2.244672319119348780e-01 2.224574203638198799e-01 2.269314558721976238e-01 2.253446579043371090e-01 2.202376967073197689e-01 2.198705623125420672e-01 2.236157834354721430e-01
2.241874788944675512e-01 2.218917508872652322e-01 2.286447636330659061e-01 2.302154345028654681e-01 2.393784546224220211e-01 2.198516651987159065e-01 2.166447315765695769e-01 2.191857206846078987e-01
2.233664255584509595e-01 2.278133794120170974e-01 2.211239493430517400e-01 2.298186315791573009e-01 2.343781415279005687e-01 2.218476538876860971e-01 2.205189411140078271e-01 2.211328775777075539e-01
2.222775272875306962e-01 2.337862929671985224e-01 2.235579864928461391e-01 2.296360418419285954e-01 2.297324630417836855e-01 2.206851047460406945e-01 2.152050045387642885e-01 2.251195790838866895e-01
2.201766298332136218e-01 2.248388501637632597e-01 2.200950320912881120e-01 2.298152832327099160e-01 2.272006453170747342e-01 2.329162605602524971e-01 2.265235414378218570e-01 2.184337573638553687e-01
2.240008130582759049e-01 2.193373212464955757e-01 2.382501788448421753e-01 2.223581603660495232e-01 2.208549702594333475e-01 2.266083177816073657e-01 2.210903290307540403e-01 2.274999094125204624e-01
2.165458185818978365e-01 2.410081579130755880e-01 2.250341616230128183e-01 2.196828313646580766e-01 2.234155334803120396e-01 2.240234965344675144e-01 2.237899160584056746e-01 2.265000844441472372e-01
2.277086887442298369e-01 2.317194425882368736e-01 2.165416530715676413e-01 2.203803169231369208e-01 2.172836015206459359e-01 2.267208218402811393e-01 2.265270371537793925e-01 2.331184381580991560e-01
2.277038096265291967e-01 2.342786257814583051e-01 2.197290935027002012e-01 2.274274545408969117e-01 2.261178886897633189e-01 2.238088600820706819e-01 2.207852926471266242e-01 2.201489751294330444e-01
2.225244298079629701e-01 2.270023904447386887e-01 2.221499963825156188e-01 2.326712887451789502e-01 2.232839686926314515e-01 2.294012570179528865e-01 2.198714842609030828e-01 2.230951846480935530e-01
2.276049156031839937e-01 2.249727878178236495e-01 2.222356987448036725e-01 2.219540507730625167e-01 2.210595402425191702e-01 2.240517988600271015e-01 2.327274483208437994e-01 2.253937596377131314e-01
2.239591580722440911e-01 2.191939076884790172e-01 2.441567573254802559e-01 2.313164985597954137e-01 2.193449095689805894e-01 2.241139887335783787e-01 2.135797275782430893e-01 2.243350524731753670e-01
2.161311280432745285e-01 2.232983715522111057e-01 2.240962134896368751e-01 2.385013720681624372e-01 2.327999309655112425e-01 2.199688953446074513e-01 2.214483871324510467e-01 2.237557014041206271e-01
2.186328356361564307e-01 2.285803725775668871e-01 2.217527145613290562e-01 2.410419667726409199e-01 2.181099494432559294e-01 2.344617810906929056e-01 2.170733514399379172e-01 2.203470284783967115e-01
2.180642326272123899e-01 2.257041270567166913e-01 2.253887252465526236e-01 2.198715156471584553e-01 2.385206354043645782e-01 2.227815740620276985e-01 2.213521689478651633e-01 2.283170210080781859e-01
