# ex_work for 16 qbits with connectivity c5 and unitary DM 23157610119488
-8.362190325114780831e-02 1.320518006672569133e-01 1.320518006672569133e-01 1.320518006672569133e-01 -8.362192382177470462e-02 1.320518152463988348e-01 1.320518152463988348e-01 1.320518152463988348e-01 -8.362188268052131446e-02 1.320518152463988348e-01 1.320518152463988348e-01 1.320518152463988348e-01 -8.362190325114783607e-02 1.320518152463988348e-01 1.320518152463988348e-01 1.320518152463988348e-01
-7.061768200335123702e-02 4.458821097450704762e-02 3.943543088897030757e-02 4.302142242322362642e-02 -6.104548916679320564e-02 6.304637835466031515e-02 4.867989972597089321e-02 4.385700718093683143e-02 -7.061768200335123702e-02 4.302141067925907558e-02 3.943541920286942892e-02 4.458821097450704762e-02 -6.104548916679320564e-02 4.867989972597089321e-02 6.304637835466031515e-02 4.385699542359449560e-02
-5.683760053333120760e-02 3.919617658895775680e-02 2.889305216853033445e-02 3.008641738767997911e-02 -4.612076551630480553e-02 4.303934784534697161e-02 1.325981663539308429e-02 3.694066939395656418e-02 -5.297307245882400262e-02 2.844078156219748479e-02 5.195193262398062339e-03 4.815863473552711022e-02 -3.728344117500932697e-02 1.641147737335085918e-03 4.219756229849936507e-02 9.337878338563912126e-03
-3.160813166016585712e-02 2.909563688981290849e-02 5.354991963213257770e-04 2.481767883641004813e-02 -4.026130670590304800e-02 4.385521063495047972e-02 1.793993673613379289e-02 3.398448626657089161e-02 -2.778051692037996137e-02 2.043250202604456403e-02 -8.771390518628189442e-03 3.705844667968241635e-02 -4.102314183375723594e-02 6.719181315091101066e-03 2.012438327858162221e-02 -1.367716172048052438e-02
-1.141787379363705217e-02 1.985655036252783820e-02 -1.409659739755026559e-04 1.744598804773302841e-02 -3.329236551784180848e-02 3.102536366435305545e-02 9.577718524749890064e-03 2.735683925228508603e-02 -1.545953260328252962e-02 1.899854350880435597e-02 -1.847759198565048985e-02 1.991875177433436242e-02 -3.613608041746990684e-02 -7.400075518073879685e-03 1.951853475761918671e-02 -1.865419785559885475e-03
-1.121499077135139702e-02 1.599744764745206216e-02 7.622640888553727963e-03 1.673883085304992552e-02 -2.937932689530336344e-02 2.845595350359349934e-02 5.812739687037101616e-03 2.055547869236558356e-02 -4.775419928347674273e-03 1.527288970344992808e-02 -1.223414019034998156e-02 1.618051411948565879e-04 -3.387948250761150387e-02 7.144650707780626482e-05 1.099004172661350968e-02 -3.523588043186939509e-03
-1.115682125965018236e-02 1.008489711136012490e-02 5.501584249735814178e-04 1.535194370006358160e-02 -2.138703990103915306e-02 1.938289935477822620e-02 5.989103633160625453e-03 1.605457529576151399e-02 -4.539530274112558127e-03 4.209327977670731386e-03 -5.030739837896278620e-03 4.090827430548131874e-03 -2.777965870332819304e-02 4.627676987183406906e-03 6.157091953556920877e-03 -1.931372941842608888e-03
-1.241991413696146192e-02 2.214142517329444580e-03 3.482071650505734776e-04 1.329427748790837013e-02 -2.157963016413351476e-02 1.600109378776578412e-02 8.152498681784782486e-03 1.601994703886614607e-02 -2.793514037735856086e-03 2.966235597884435762e-03 -3.281828284971807091e-03 6.102200741837344490e-03 -2.335785729926374496e-02 4.323838194236191354e-03 7.513459384019487326e-03 -1.456139725853841183e-03
-1.218384965682388008e-02 3.980086110098516108e-03 1.321705237174254470e-03 9.988455743246620749e-03 -1.846224033997364428e-02 1.056040012610780753e-02 6.770160309843962880e-03 1.449005834153425584e-02 -2.064152698369041070e-03 5.408165371659363592e-04 -2.081216118132872290e-03 5.473732933353037469e-03 -1.922045956597810690e-02 2.339560173477565723e-03 4.685492147819722043e-03 2.073627986377026260e-03
-1.457761478701668882e-02 2.659719316287063005e-03 2.606779810548087023e-03 8.565877408751034275e-03 -1.889159087044755755e-02 1.374691455729596182e-02 4.894117177856002407e-03 1.309315027784483179e-02 -1.051744302825794895e-03 2.826564131570297785e-03 -1.316277643132678218e-03 5.120447477496643980e-03 -1.742832764655774871e-02 6.489973230656814187e-04 2.714686539851088754e-03 4.575444337024964919e-03
-7.914814651316050623e-03 -3.887097775294021638e-03 5.912254307005103231e-03 5.739147953206610864e-03 -1.653489262690329212e-02 1.022426080115798608e-02 5.026285002152986250e-03 1.206816030310100055e-02 -2.763452198767949591e-03 5.079775434054473703e-03 5.719567620879083877e-04 5.465759816789885232e-04 -1.663087462312255738e-02 1.962855232064884565e-03 1.336262511778197248e-03 5.248368814137368416e-03
-7.721335934792615020e-03 -2.314887669551965368e-03 6.036168044641246171e-03 4.162734702838211641e-03 -1.455872619250724725e-02 8.893050652654617416e-03 4.259442097199991548e-03 1.159277792998159202e-02 -4.162373022143913900e-03 3.331611521300857897e-03 2.007009250325427190e-03 5.354979969320783524e-04 -1.464766438499806762e-02 1.881261142087282652e-03 2.388785565913705802e-04 5.270270159440294810e-03
-5.921946122530373849e-03 -1.147303805262586121e-03 5.666635801127753273e-03 1.986215558913180003e-03 -1.043171349841459476e-02 7.956872231859079062e-03 3.408725891491623614e-03 7.794283509347316001e-03 -5.284281805386064311e-03 3.286452846970721459e-03 6.024421940797728179e-05 1.277898226400845522e-03 -1.324258285177545499e-02 2.403791266586987468e-03 4.794209904844574065e-04 4.907150868930330347e-03
-5.092176901263060183e-03 -1.171159397087662406e-03 3.429924262526432878e-03 4.125394997653343727e-03 -1.070508417108595803e-02 7.352153119304686082e-03 3.844001804423402124e-03 7.389433540312067596e-03 -4.929331798706644563e-03 3.257057577760091339e-03 -9.911655459375438848e-05 9.192999007345303061e-04 -1.252847342146903506e-02 2.589295877702934776e-03 6.368198587155614971e-04 3.880998226765720871e-03
-4.531851108278387927e-03 -3.963784162133858783e-04 1.318296724884285460e-03 4.543961876968302671e-03 -1.038784705923393413e-02 5.399065043807316916e-03 3.824420543236999905e-03 6.562066541034935682e-03 -4.032528806606902431e-03 2.283705331462287762e-03 6.077800064711502605e-04 1.252713271581234848e-03 -1.152080631639327071e-02 1.620443410432797398e-03 1.910472567224375841e-03 3.919320247105932513e-03
-5.012599425663641882e-03 1.412979379007142048e-03 1.469781347251302881e-03 4.315241890632690903e-03 -9.126947073943550773e-03 4.325292793167172245e-03 3.232620681879692318e-03 5.504194932185157638e-03 -3.887587272709098433e-03 1.539536730790059312e-03 3.367541893163840568e-04 1.122168784232291296e-03 -1.096894419709189272e-02 1.518584578197953398e-03 1.866598150822466841e-03 4.375974759031829066e-03
-4.247096866613144645e-03 5.686432681396665816e-04 1.701221810963431547e-03 4.596767054812361981e-03 -9.252594827643944100e-03 3.801697212410088799e-03 3.978833118454701105e-03 4.941038571617453051e-03 -3.983789897451687351e-03 1.754347458935372412e-03 2.503136627482096654e-04 9.018788748184309667e-04 -1.093682251492029793e-02 1.861656713586445520e-03 2.010999108553678492e-03 4.027936661828239971e-03
-3.344762469694269411e-03 3.798689438856022219e-04 5.991058503485976929e-04 4.560074656135819186e-03 -8.516035514958062227e-03 4.591448562883649123e-03 3.602482910220629071e-03 4.528669693108959039e-03 -4.334771994327219803e-03 1.522270175170415980e-03 9.009695300269246390e-04 7.689133801442396294e-04 -1.093196875564902623e-02 2.223201366948044169e-03 2.868678063372373261e-03 2.411447175954814677e-03
-3.474983538676648491e-03 3.853037628075967991e-04 9.583691689185698179e-04 4.033178370458775745e-03 -8.802173062725586819e-03 3.944602680931122429e-03 3.618954488065773741e-03 4.564876843194076023e-03 -3.573205287696256879e-03 1.082326829816733548e-03 1.055274169401487338e-03 9.877157602851539646e-04 -1.020195242153522017e-02 1.862594727822613995e-03 2.548685012658854620e-03 2.685971069557486612e-03
-3.287124029422436918e-03 1.674285723749122069e-04 7.026939919474490962e-04 3.851800187237592026e-03 -8.794814305731941256e-03 3.920638191989612303e-03 4.048569977347139109e-03 4.533160000493236148e-03 -3.611822083090094910e-03 -7.360372092939631693e-04 8.695682605879219342e-04 7.383396060798893667e-04 -7.844298248917738400e-03 2.391569163629099059e-03 2.203069537647541713e-03 2.248279351527658274e-03
-3.621077514240337268e-03 4.135259052543426061e-04 3.553015120379140004e-04 3.913352372384814974e-03 -8.260804386477032732e-03 3.977325427966284244e-03 4.263607904386884813e-03 4.058202035995819509e-03 -3.402295991659210102e-03 7.629118092290797020e-04 9.121146825890491961e-04 1.012981445242714046e-03 -8.007943836645770030e-03 1.362794347014477337e-03 1.433114249330452207e-03 2.149914711653705748e-03
-3.880003306811480226e-03 1.016406055360687469e-03 3.209695883942218506e-04 2.873523638422262327e-03 -8.203885982598337068e-03 3.927592084710379919e-03 3.941052137723075575e-03 3.223845934673804422e-03 -3.153575620571768059e-03 1.039285612320636938e-03 2.509027624834685123e-04 1.057571474166807803e-03 -7.464868939754183697e-03 2.216804157590989040e-03 1.836987280924393768e-03 2.209300875790737220e-03
-4.012311661716337283e-03 1.159951530091013830e-03 2.106253039033032491e-04 2.845495797154707664e-03 -7.954799310805440657e-03 3.378697019628019646e-03 3.560214667179657354e-03 3.299949455293032814e-03 -2.594127442888753340e-03 1.175126501837873202e-03 3.392327914393694112e-04 9.495040620263447756e-04 -7.530004183905079397e-03 2.042624529636016296e-03 1.557590402291258438e-03 2.725643885931161581e-03
-3.764918294577865483e-03 1.081470044652331269e-03 3.893528158437647058e-04 3.229563382195912036e-03 -8.169470347082307196e-03 3.381812228584710721e-03 3.160934977303533032e-03 3.209770294925404655e-03 -3.078472359798805832e-03 1.770077745220138311e-03 5.576985469112575190e-04 4.159742463471707429e-04 -8.026800062295894739e-03 2.493578054444260065e-03 1.397110089950480243e-03 3.201800169752512266e-03
-3.920290744195602597e-03 8.211065301758168451e-06 1.742945345044354935e-03 2.560998105282770877e-03 -7.270428064554909815e-03 3.016510214314650253e-03 2.702610628007413689e-03 2.869604280669110774e-03 -2.654542444479013243e-03 1.084664181194440686e-03 1.122381367202791597e-03 1.221005797070923474e-04 -7.451998511402712320e-03 3.097850242301822352e-03 1.221086293249748185e-03 2.802373426891724591e-03
-3.899170102772888703e-03 -9.012078675035200480e-06 1.716641488566657053e-03 2.602213796150285377e-03 -7.422762934243601167e-03 3.169359595260823337e-03 2.632585628062486353e-03 2.922513577331552204e-03 -2.974801170545169141e-03 7.103937085856949210e-04 1.297954377129566543e-03 4.401111606404918769e-04 -7.098254587846107751e-03 2.727295254268385233e-03 1.786484806788410677e-03 2.437022222453334892e-03
-3.981466165603307454e-03 8.055411343388775916e-05 1.325634545754008405e-03 2.553304009099146513e-03 -7.243522426549661546e-03 3.231098643473947693e-03 2.884476761265532350e-03 2.852352908722040597e-03 -2.597728708573292591e-03 6.965627620431554283e-04 1.314612170404271365e-03 2.842879909106496334e-04 -7.204330397951771471e-03 2.976261578464421340e-03 1.892784223435386081e-03 1.956356076126348521e-03
-3.461844362641566027e-03 -2.128288489575432647e-04 1.035542668551576702e-03 2.677852348685200168e-03 -7.141789472619318631e-03 3.206327746590281053e-03 2.257796823160825375e-03 3.224247823344021831e-03 -2.217723266841375388e-03 6.375734482587194253e-04 1.502152170652983369e-03 6.717716945341577683e-04 -7.484446659648731973e-03 2.541063104678245328e-03 2.153291066203433680e-03 1.599849988045249759e-03
-3.340995443229819849e-03 -4.169715014074008180e-05 1.371839072556464440e-03 2.374011043354198360e-03 -7.153099980415735144e-03 3.186457907672168941e-03 2.064976404821962461e-03 3.305244263657026050e-03 -2.340149443224668474e-03 8.708123055179403703e-04 1.579170258678452756e-03 8.585352174655580450e-04 -7.631515402257489644e-03 2.220073064441338909e-03 2.113384674019447729e-03 1.552725942335886431e-03
-3.041476742382304057e-03 7.980728524155124824e-05 1.298221200870202209e-03 2.254199695026565513e-03 -7.239758121252257150e-03 2.841364043939007683e-03 2.406655393190877592e-03 3.162836842821482777e-03 -2.975565267026646348e-03 1.479069925048642460e-03 1.499706908868457880e-03 1.377735402967779094e-03 -7.603349225265142175e-03 2.028721691404577077e-03 1.643320095656534106e-03 1.782526744708721762e-03
-3.442740299985732558e-03 7.357793248251410048e-05 1.417216199427182672e-03 2.172874223866474823e-03 -7.118878496265195095e-03 2.477326217377253097e-03 2.146346095393954385e-03 3.372345323497703135e-03 -3.281341226385040607e-03 7.762017525680772094e-04 1.535031504753298906e-03 1.592758722229726002e-03 -7.322676645539320101e-03 2.487853657400803439e-03 1.908040332650715737e-03 2.201665600670264181e-03
-3.115757505315813313e-03 4.744666788252086573e-04 1.070225508453132848e-03 2.353207748525978135e-03 -6.930711519998610133e-03 2.581478378996165078e-03 1.954308591330451272e-03 2.671803517736222756e-03 -3.703117686131749634e-03 1.014548590016392613e-03 1.541449042463581987e-03 1.471745503987378304e-03 -6.994138401998334365e-03 2.632939400074773596e-03 1.868721012277881240e-03 2.042495086272592009e-03
-3.545181474922642559e-03 7.534605830775237224e-04 1.148977581986230937e-03 2.479228386420040918e-03 -6.795666457417279954e-03 2.271411155235902347e-03 2.127338971086788558e-03 2.620991280208791099e-03 -3.530209371038831468e-03 6.532904513047951313e-04 1.741173772189688650e-03 1.625821232220795495e-03 -6.988217884678819478e-03 2.530575322409756196e-03 1.616255900977743186e-03 2.221768265408371329e-03
-3.874083210580421544e-03 9.695354727504084205e-05 1.333110442055296645e-03 2.593550255200030834e-03 -6.844252723966850332e-03 2.544559953149219764e-03 2.484297809916233800e-03 2.739904388547290733e-03 -2.892183936352032362e-03 6.779848860395994029e-04 1.748318087604860873e-03 1.250771898528958183e-03 -6.890087963671800812e-03 2.161072953308035369e-03 1.706860853031730687e-03 2.086361724363256561e-03
-3.941885935421096492e-03 2.490452964390369307e-04 1.453509612890237657e-03 2.203461031370045758e-03 -6.962262562087528743e-03 3.127478513745324436e-03 2.475840802240853161e-03 3.107892837968108651e-03 -2.911504129775851612e-03 7.812662670695346432e-04 1.194033415567156585e-03 1.351099818088966932e-03 -6.802996005106087818e-03 2.382247648415770393e-03 1.394611395714671779e-03 1.836911355900527031e-03
-3.582748633120490245e-03 6.483484202547306263e-04 1.481240535074056664e-03 1.710662476571882815e-03 -6.819924533538715590e-03 3.339448823288976992e-03 2.527951572967324697e-03 2.602063142646006497e-03 -2.693031398670742496e-03 7.618546423085524426e-04 1.020890128570743887e-03 1.056311493420063587e-03 -6.877294217036607378e-03 2.338023474627008106e-03 1.204262054573619276e-03 2.175333392704160637e-03
-3.313439840815397830e-03 6.276385019876384386e-04 1.409702361502099830e-03 1.586814606053067083e-03 -6.788866891030578485e-03 3.310441735480476339e-03 2.610372702912749400e-03 2.659001198857170994e-03 -3.098698044037508873e-03 5.672721282467229871e-04 9.468540373261750400e-04 1.124589736858179131e-03 -6.855774393404642439e-03 2.118884004434774728e-03 1.638996962201415752e-03 2.351856473686659600e-03
-3.300856536572311338e-03 6.248070256919827309e-04 1.559877274968993850e-03 1.383065889805506349e-03 -6.507176171878834015e-03 3.408106750180568863e-03 2.348706387786278233e-03 2.572420656120400374e-03 -3.527168892410884136e-03 5.695848994197487891e-04 9.928403263663543397e-04 9.009262947148445697e-04 -6.826072555926775837e-03 2.634533466563000140e-03 1.786753669843543996e-03 2.271742472383916477e-03
-3.211619929218896032e-03 6.847399423480417940e-04 1.512816190132245829e-03 1.290203447486082877e-03 -6.592127459633817695e-03 3.172500970891318269e-03 2.383186412131539211e-03 2.683196371783759266e-03 -3.667667146331344066e-03 7.108548963839202367e-04 1.020229211624509033e-03 1.154512691651614353e-03 -6.954715032605067286e-03 2.003306473302753597e-03 2.258229716429846923e-03 2.461424740803428400e-03
-3.220866630216828556e-03 1.045720504201440347e-03 1.466674781129165316e-03 1.564710701203489559e-03 -6.692192947160524943e-03 3.005084310111621592e-03 2.149585905472821152e-03 2.594873989350086809e-03 -3.257788853218391515e-03 7.762261789753512270e-04 9.495719509325469725e-04 1.452487875152026287e-03 -6.873476317185959680e-03 1.301281788280142602e-03 2.237519213266638603e-03 2.376954454846712944e-03
-2.879696343707752095e-03 8.688392542981158160e-04 1.622384413780710152e-03 1.672484636540542838e-03 -7.108959084891694133e-03 2.758080817069668862e-03 2.416643125353276373e-03 2.570610753374111008e-03 -2.871525400236625298e-03 6.352207573759236208e-04 1.089053835318960252e-03 1.237401774876554800e-03 -6.806910300581153934e-03 1.621605885559048972e-03 1.990957226707995922e-03 2.053321306085689659e-03
-2.823729545492539676e-03 1.182175173356348093e-03 1.221994588862928589e-03 1.074352619375021746e-03 -7.469842841443173793e-03 2.611762227096968945e-03 2.721299747373685882e-03 2.265714712179000504e-03 -2.856248613173621286e-03 9.100704325270465335e-04 1.224624903034451148e-03 1.247907020831182188e-03 -6.505926972746369115e-03 1.629113746229257599e-03 2.268074350910095384e-03 2.171447312281653622e-03
-2.838386272310035666e-03 1.356671774390168575e-03 8.994517942248238251e-04 1.227519753954707743e-03 -7.540706951546577094e-03 2.797754217468501493e-03 2.633516015282545870e-03 2.168670689427503080e-03 -3.005455754301816513e-03 8.512453936446768990e-04 1.242695453592458773e-03 9.770799847965412448e-04 -6.358799957735830795e-03 1.860088558548567616e-03 2.373111318120930437e-03 2.235020148174885011e-03
-2.776782258171780170e-03 1.843689807611982416e-03 8.679132010477556966e-04 1.138333477690196480e-03 -7.295579247893396735e-03 2.694986691493016402e-03 2.178410531193439477e-03 2.028294837495618359e-03 -3.187831575798476084e-03 1.006286584574694106e-03 1.180174422232491138e-03 7.472951186733807266e-04 -6.200875415350593119e-03 2.304456003116719855e-03 2.172079386173463370e-03 2.140338828164057173e-03
-3.132987124363178447e-03 1.387594514703735602e-03 7.991680606089670126e-04 1.201600045413402790e-03 -6.872886790144080299e-03 2.734310643322646235e-03 2.160246167061977748e-03 2.027624387546334006e-03 -3.044415143778822583e-03 1.328841461530911889e-03 1.212964130660299606e-03 7.976281268141927061e-04 -6.425809528712665870e-03 2.422135218640292242e-03 2.468246581900427478e-03 1.765282339590314598e-03
-3.292046495329147351e-03 1.350295637567179878e-03 9.127193097059982472e-04 1.331118154452709144e-03 -6.814118469073076473e-03 2.871191120750999411e-03 2.223917373138181979e-03 2.144020094035590466e-03 -3.126133568233862865e-03 1.026664914594169762e-03 1.059934829089848431e-03 4.154980400122614470e-04 -6.661718225750473503e-03 2.455344063334737557e-03 2.712622830906777013e-03 2.263185992665171873e-03
-2.940174137217013619e-03 1.364822842370987978e-03 1.010746988335310811e-03 1.070635984046379007e-03 -6.875201899790413240e-03 2.607952497181177491e-03 2.226283137235773434e-03 2.287218943573659895e-03 -3.163575033114464363e-03 9.661832243364748682e-04 1.171071710367659101e-03 6.207574882173147674e-04 -6.560574682106335397e-03 2.448511008510775855e-03 2.297152233287074775e-03 2.311853683888587686e-03
-2.764402800190832871e-03 1.202584374061805433e-03 9.763126025819295712e-04 1.188912278954630097e-03 -6.963885421544872313e-03 2.404358537756154813e-03 2.353455019081078254e-03 2.322492451308588810e-03 -3.280708159001300209e-03 1.096895418417398677e-03 1.223407269632572920e-03 7.667946983574684293e-04 -6.741687437397510252e-03 2.313386564687182605e-03 2.355632232103363737e-03 2.411357993633213726e-03
-3.047413864205789080e-03 1.238428903263711191e-03 9.183726101146269874e-04 1.066657778421853603e-03 -7.164232239672897393e-03 2.234454705286214714e-03 2.605155646303869421e-03 2.297590036718368325e-03 -3.234285328492412896e-03 1.300112365481921823e-03 1.334446166450489225e-03 9.809547781086858011e-04 -6.833389311345776894e-03 2.455820710013657295e-03 2.404215180081488695e-03 2.349323134280920534e-03
-3.029308464982731226e-03 1.520150588940102042e-03 1.247361938315566304e-03 8.890203928124769048e-04 -7.233548976920850873e-03 2.466971516345517219e-03 2.316667190470868797e-03 1.972569967388201635e-03 -3.545193966031535016e-03 9.076087082578633428e-04 1.373500395600362953e-03 9.209484464175523308e-04 -6.567669723815269811e-03 2.657177626993217912e-03 2.506978364534520609e-03 2.503773669711676676e-03
-3.123036439752917715e-03 1.687739291946585996e-03 1.180224344813908446e-03 1.021091685007850585e-03 -7.347851467611920401e-03 2.612030382200464847e-03 2.434896839263781063e-03 1.906729702075109657e-03 -3.401060802262138253e-03 9.377967587025932278e-04 1.458701942348246709e-03 1.138253546850411186e-03 -7.417273577813284467e-03 2.455299868913636552e-03 3.022293398742019986e-03 2.439859092560423687e-03
-3.295161540627030133e-03 1.643787014288831255e-03 1.265292701893574187e-03 1.205940266795957035e-03 -7.526634764582210840e-03 2.872689138280902239e-03 2.846439253439760151e-03 1.920802892187460078e-03 -3.594254517153452292e-03 1.047730094094029849e-03 1.614687463311705691e-03 6.382721001899324719e-04 -7.427124344993776828e-03 2.485510003245320048e-03 2.794281111090685284e-03 2.562307380058894725e-03
-3.140472127994779327e-03 1.490401086941706794e-03 1.385972391414960628e-03 1.287972535269877542e-03 -7.135117085201121180e-03 2.637836461429459486e-03 2.672576253184283726e-03 2.115541361992877376e-03 -3.453204086030216453e-03 7.837783495277458878e-04 1.449751139603831958e-03 4.509741589666881024e-04 -7.432376410144213817e-03 2.337028174025665948e-03 2.943445799865967560e-03 2.603340092311689103e-03
-2.898292451407077312e-03 1.265126269228488993e-03 1.397491907249220683e-03 1.230071156300226566e-03 -7.238666717521704749e-03 2.789442428428406083e-03 2.635818830665446859e-03 2.127203952832690172e-03 -3.551139196041443961e-03 1.106847179245607502e-03 1.199070137964363455e-03 7.793185399267466311e-04 -7.273805849263914776e-03 2.520506147017715325e-03 2.569334034617596491e-03 2.317531334599641675e-03
-2.712584304830344649e-03 9.881939981776126716e-04 1.120712305582424436e-03 1.388417840150099527e-03 -6.866596750624818363e-03 2.724362177854996927e-03 2.348632338963787831e-03 2.292706067705273937e-03 -3.610021549712726444e-03 1.050749791215500580e-03 1.229266733555859628e-03 7.832633939623081685e-04 -7.476038914604670599e-03 2.766177836609270014e-03 2.804128598717802682e-03 2.125875074700581818e-03
-2.180640277809332579e-03 7.629738783086053308e-04 1.341996489671682356e-03 1.255045253990487919e-03 -7.163088749535756125e-03 2.726659946056862825e-03 1.939953903810213423e-03 2.590304088077129661e-03 -3.471655525341913340e-03 9.114024895517132538e-04 1.068070125628989590e-03 5.141732102929787076e-04 -7.205569795360814746e-03 2.868928066078922038e-03 2.631521154275089612e-03 2.343167590701899887e-03
-2.460011002315393332e-03 7.143619096369043745e-04 1.433422693004955456e-03 1.242128021255772862e-03 -7.022394912479986047e-03 2.234811345961134482e-03 1.883586799428229588e-03 2.527239785136616446e-03 -3.300270970271295280e-03 1.089978508320385477e-03 1.317663471391273839e-03 6.436466346440228780e-04 -7.268886485712619007e-03 2.967011459592463780e-03 2.637261593838714866e-03 2.280429131772999246e-03
-2.607650792904908817e-03 8.962903311367028010e-04 1.277256963011238512e-03 1.013024721222281722e-03 -7.012556144800969476e-03 2.529229604438468920e-03 1.972938831241773799e-03 2.481834800338010745e-03 -3.135572943299422613e-03 9.167186922618016619e-04 1.117237636716380666e-03 8.704857450246237518e-04 -7.113251912257092038e-03 2.734799007044861219e-03 2.504185055689957771e-03 2.454888221678718906e-03
-2.936557252415381361e-03 9.007561717890039815e-04 1.614807814838402486e-03 1.135049909302246734e-03 -6.874882886748842452e-03 2.264748751885934611e-03 2.025512749280696228e-03 2.432930286295756882e-03 -3.182398409277831155e-03 1.034773503007902374e-03 1.378936213061954241e-03 8.388722182029474108e-04 -7.490952788591952530e-03 2.753767661835934862e-03 2.431871193142093410e-03 2.613331315872775406e-03
-3.058112660970133644e-03 8.035869864199036722e-04 1.463552574144562097e-03 1.062270223892233453e-03 -6.713773918949024651e-03 2.365518148580954012e-03 1.981526306796594153e-03 2.170860737647706956e-03 -3.004249504818103187e-03 1.097065612479621857e-03 1.587951798919483943e-03 9.237259071676478823e-04 -7.137744937506112358e-03 2.385585911703475264e-03 2.283129158288651778e-03 2.667208889993616903e-03
-2.896674541936896091e-03 1.071619850153786562e-03 1.559705721566808896e-03 1.374668534900141655e-03 -7.041832863931412126e-03 2.236227191908020644e-03 2.185979351863194184e-03 2.053808612906094216e-03 -3.363988223681932833e-03 1.035869901172252082e-03 1.350738417727415791e-03 9.701816302778573306e-04 -7.104751211202898348e-03 2.560497961835753091e-03 2.195228702548946559e-03 2.729680785397602810e-03
-2.977077689694888722e-03 9.481059061938641730e-04 9.512610798007379697e-04 1.566233154465469920e-03 -7.179776153117464581e-03 2.242374249692797358e-03 2.600819807398860317e-03 2.405922299228611949e-03 -3.084889506751626719e-03 1.139583567259326753e-03 1.325796438776389316e-03 1.335406932008020809e-03 -7.181018347087320640e-03 2.299893174588087379e-03 1.950386150091677935e-03 2.586295869638490300e-03
-2.909752600602600898e-03 6.600704824170749432e-04 5.925832595883242940e-04 1.326392948722292155e-03 -7.343865490643996553e-03 2.484321103565328027e-03 2.683431950863479978e-03 2.709020315519531426e-03 -2.916647089906446947e-03 1.193857636802516308e-03 1.533732931999525406e-03 1.313464891650329173e-03 -7.157390499196353978e-03 2.136260906274352073e-03 1.992711866992708403e-03 2.645008446703555130e-03
-2.929854347167777564e-03 8.553686980416794856e-04 6.402441636946082067e-04 1.378874699483212006e-03 -6.855512785037327049e-03 2.216843439438260545e-03 2.706469952687625812e-03 2.573828677634527710e-03 -3.009912883752719447e-03 1.270162159327476803e-03 1.334719988557625569e-03 1.009491000243454509e-03 -6.946679232507148825e-03 2.186106371970064719e-03 1.807538720235744118e-03 2.634629396290144674e-03
-3.161299882095079932e-03 7.803318242225362441e-04 7.212850982151437036e-04 1.323989937907210255e-03 -6.531516475021311580e-03 2.355230640321992301e-03 2.494405801566643675e-03 2.585816847963278917e-03 -2.942074365615897618e-03 1.124924395788646234e-03 1.245078147936491773e-03 1.099611551856511131e-03 -6.871601836867335597e-03 2.338894329022478315e-03 1.903730429762206036e-03 2.373040166232525446e-03
-3.185175466139127023e-03 8.572852709066860295e-04 7.540406221819045051e-04 1.269334480284435487e-03 -6.558736326206939839e-03 2.373449256517938966e-03 2.618338692243095314e-03 2.437680680160970309e-03 -2.977779231394695782e-03 9.765030018632247285e-04 1.364328697568456279e-03 9.757842525406123851e-04 -6.706885326710829501e-03 2.170482404410655191e-03 2.144761070018595759e-03 2.315786121692496157e-03
-2.998620166164077741e-03 9.720289122989872205e-04 5.173456435857112009e-04 1.016845241356007391e-03 -6.770629447537911474e-03 2.484825941991596239e-03 2.662526434506056697e-03 2.631530305524506716e-03 -3.304204869934539591e-03 1.259716328138053322e-03 1.174873939591287910e-03 1.062276073084310974e-03 -6.603075205209600097e-03 2.065720395637139425e-03 1.906492013025479866e-03 2.777766289967839759e-03
-3.065810298580135852e-03 1.117304864859448984e-03 7.033574127903168428e-04 7.695061850126274933e-04 -6.819266611314527687e-03 2.502420079317297080e-03 2.382417907248899226e-03 2.935241587074467924e-03 -3.392256782542991088e-03 1.670693656229825476e-03 1.476250750284911588e-03 8.047828809224554045e-04 -6.689238131726907288e-03 2.003753999050050631e-03 1.955390612998142690e-03 2.520194951139633106e-03
-3.019082011035169929e-03 1.218629058418845218e-03 1.044033337757507276e-03 9.342864319553760826e-04 -6.967850027755035508e-03 2.556464690232248572e-03 2.285467475437044562e-03 3.050977058256532700e-03 -3.139551640753589050e-03 1.316501358726951442e-03 1.481103200999439205e-03 1.004614143746059354e-03 -7.130878309050044453e-03 2.102860616836915979e-03 1.732666990762880485e-03 2.442352104388572937e-03
-2.732940257272230104e-03 9.819057984396875605e-04 1.235965243490508465e-03 1.327310696572994329e-03 -7.172500801280092680e-03 2.264406862972111363e-03 2.440221390728493627e-03 2.750303128753842172e-03 -3.138415145042102328e-03 1.034397564031168826e-03 1.106821213647743831e-03 7.762056739346119734e-04 -6.816984787365217187e-03 2.431205547479907848e-03 1.981186642869287983e-03 2.418072012093028245e-03
-2.742436333294651866e-03 1.072846285471617828e-03 1.121876494554696841e-03 1.611247083623844507e-03 -7.142760060536340432e-03 2.354876345292010800e-03 2.631568298089810142e-03 2.473519173608443138e-03 -2.850680729739089869e-03 1.161559102499144965e-03 1.097889725208286331e-03 8.684701119471793752e-04 -6.923080097373907407e-03 1.960423147442363640e-03 2.151982823607925983e-03 2.025831526054937964e-03
-3.138501625707551448e-03 1.324532665479980376e-03 1.268027936012706709e-03 1.163661505608247189e-03 -7.059576406102085686e-03 2.188388899731219528e-03 2.734838373231972524e-03 2.379018507657867237e-03 -2.791021282087288724e-03 1.080358401947671123e-03 8.558640700180412952e-04 1.119674304837806446e-03 -6.933478087492069009e-03 2.317059584931746054e-03 2.273907444903877119e-03 2.102352627285546029e-03
-2.933741368404367902e-03 1.176858181418659203e-03 1.063836064243143869e-03 1.312379984462326782e-03 -6.917005913481071543e-03 2.187001965826481775e-03 2.788290752111325169e-03 2.165294529505262019e-03 -2.809171168991548249e-03 1.103284959148302397e-03 8.427004122914745531e-04 9.724616167784049187e-04 -6.910275363747285342e-03 2.265000196641228994e-03 2.317650041498202969e-03 2.235443650627810027e-03
-2.986998494777513922e-03 1.345177040491037307e-03 7.943984565961869455e-04 1.440266782052322583e-03 -6.996054738343390582e-03 2.219534801997343539e-03 2.643264285325259283e-03 2.392759144164226075e-03 -2.738698713622712919e-03 1.175074657265156924e-03 6.043133631198556758e-04 1.166330482462086919e-03 -6.969008502457365271e-03 2.136945488283725422e-03 2.549297695507721142e-03 2.099074587924806314e-03
-2.819542156821021415e-03 1.131694355409450714e-03 5.137595783285112995e-04 1.782757628705874085e-03 -6.754450839133778473e-03 2.377083891284732537e-03 2.620512960797316895e-03 2.337341778880331917e-03 -2.661621158433755997e-03 1.260224858352784359e-03 6.255299458659686592e-04 1.395024821599761015e-03 -7.273963681130598581e-03 2.053167212833861919e-03 2.185863580588664080e-03 2.096710968085638890e-03
-2.656325464905066012e-03 1.060876407244400622e-03 6.936875395034032294e-04 1.698126588543202127e-03 -6.551050911948834259e-03 2.608202473714375021e-03 2.495217481022070794e-03 2.350628232137900054e-03 -2.817008719056142071e-03 1.243575463553702604e-03 3.601696405861278438e-04 1.223262363892577012e-03 -7.442311195075870453e-03 2.089497240433238479e-03 2.353987850813040340e-03 2.162203474751247124e-03
-2.668313553531435380e-03 1.264668787318863358e-03 7.641028781865270890e-04 1.467050305608488727e-03 -6.540899102865357050e-03 2.539105654657919722e-03 2.502904606638418124e-03 2.364415681956041470e-03 -2.681946153433690822e-03 1.143872705371110033e-03 4.685424006054511158e-04 9.562221274358617294e-04 -7.356272548358242132e-03 2.365485376331951349e-03 2.299555303120539088e-03 1.966853293564364835e-03
-2.940326491056114225e-03 1.390035851502929550e-03 8.909850916491867832e-04 1.482359782724117008e-03 -6.589706002154403254e-03 2.137767691770927920e-03 2.828636393871761419e-03 2.535397946189444501e-03 -2.813909297026797544e-03 9.985578080449789787e-04 4.198080500170137813e-04 1.115998798334373208e-03 -7.263463859142672320e-03 2.401843941884842550e-03 1.973522252327987621e-03 2.304378763971214137e-03
-2.782723470419961632e-03 1.378334237946998849e-03 1.071308906208327111e-03 1.337583619873505434e-03 -6.708298603085857854e-03 2.038112268332062643e-03 2.781565942097461840e-03 2.618573279183220286e-03 -2.919986125519607144e-03 1.073584657034128533e-03 7.071089631182329730e-04 7.876369278465044678e-04 -7.153699892571116319e-03 1.921762373102630641e-03 2.296426303913225598e-03 2.419307713981755110e-03
-2.654541200201545291e-03 1.408002433883488161e-03 9.788355634258666740e-04 1.201995176182033345e-03 -6.830708329510775875e-03 2.130724300030132322e-03 2.769680863987046895e-03 2.740396239365910751e-03 -2.786058409601064548e-03 1.060018694421693787e-03 5.965782413661466395e-04 1.089554220922548874e-03 -7.363435393153975293e-03 2.178937487094505070e-03 2.167344613661310003e-03 2.200860069488629056e-03
-2.841828952410902550e-03 1.149788900768596109e-03 1.412630068389081079e-03 1.114658734879647945e-03 -6.701355919624008006e-03 2.197651175769622933e-03 2.555072757101113819e-03 2.652325432406832210e-03 -2.972710312501322064e-03 1.032246646878408813e-03 4.757959194301667610e-04 9.488020016945798068e-04 -6.817558097444224169e-03 1.984588948944664404e-03 2.432650021869743173e-03 2.215043533970454965e-03
-2.820723675507514315e-03 1.232943512973315968e-03 1.211632276221789178e-03 1.201304309182048714e-03 -7.025523132444337279e-03 2.277361301662544218e-03 2.483253835436040162e-03 2.701685917853985635e-03 -2.979829660758377945e-03 1.262705415920254001e-03 7.328467557399842612e-04 1.191282110279043814e-03 -7.022851741254454612e-03 2.064346654556893385e-03 2.577686392176747714e-03 1.797032165576111689e-03
-2.893498440776308672e-03 1.138759484745999456e-03 1.172419951847917825e-03 9.029542718373829817e-04 -6.875976141823511058e-03 2.201040322603457864e-03 2.409579455572796302e-03 2.727037522204123123e-03 -2.739977816254131771e-03 1.250074277252340767e-03 8.726370291665719358e-04 1.495823917913154414e-03 -6.958875479631919034e-03 1.986864031270327985e-03 2.452684907432159476e-03 1.711105896092049395e-03
-2.777555657041894110e-03 1.081825499444505519e-03 1.162831072218699791e-03 1.085673768058278976e-03 -6.814269655895517121e-03 1.998118752772237890e-03 2.330661951852025515e-03 2.800422050385609207e-03 -2.831733154988133345e-03 1.321784981398551511e-03 8.487789706487597298e-04 1.507216626568004319e-03 -7.029939664189942435e-03 1.677125077709992968e-03 2.797366918976177189e-03 1.695499832030466494e-03
-2.670250263674285411e-03 1.190380381245506299e-03 1.095197528293476033e-03 9.181089568639711406e-04 -6.723632743810845601e-03 2.211398198000715052e-03 2.289839308404130469e-03 2.540171294570266105e-03 -2.577885893448284785e-03 9.789891446662177948e-04 1.052545196046071520e-03 1.461901266526407324e-03 -6.984009795749215009e-03 1.664272366051753639e-03 2.645380666419195562e-03 1.727330233130786388e-03
-2.706115267264094359e-03 1.465262946472701807e-03 7.084630941404248356e-04 1.040765492778810515e-03 -6.688391185541156352e-03 2.061426887002077574e-03 2.551913726171617467e-03 2.415487029039485676e-03 -2.788647951426969328e-03 4.823905024259722671e-04 1.013947902899701688e-03 1.852988637331909761e-03 -6.746227379714080964e-03 1.496976884170915208e-03 2.650703319994797066e-03 2.001206878713489724e-03
-3.007760239619166037e-03 9.960104474877355327e-04 1.101116643214887459e-03 1.367088146230786838e-03 -6.666696137279566788e-03 2.305529484508055810e-03 2.453674248084390143e-03 2.308846117073922854e-03 -3.042342834243695355e-03 5.586395590192948192e-04 8.274689996470052959e-04 1.940469913724358550e-03 -6.667605053676662133e-03 1.757496244272757505e-03 2.671354656550121043e-03 1.925329269972166730e-03
-2.859694081951018752e-03 7.523837496258817909e-04 1.094108379921086447e-03 1.520632389333895695e-03 -6.510754376300164313e-03 2.427295302260465241e-03 2.416855234646102333e-03 2.445235529657867508e-03 -3.286983205715088025e-03 9.389722288908067477e-04 5.502842848479958361e-04 1.346397323339071058e-03 -6.752876070408672486e-03 1.878358164880626841e-03 2.622690057365071464e-03 2.248517970663929232e-03
-2.944095171327001503e-03 6.903769450689872930e-04 1.366361047711630618e-03 1.387177355538140450e-03 -6.696741235684600287e-03 2.613953680929312524e-03 2.278919089485968025e-03 2.774826396810666992e-03 -3.198350328498191300e-03 9.279339510387190574e-04 6.706998704801471348e-04 1.302777943275226996e-03 -6.916668357381414341e-03 1.925673403543484794e-03 2.521662811325825568e-03 2.162153204506906626e-03
-2.950856940219018926e-03 8.991401877851820310e-04 1.359693469698330720e-03 1.378877380473169821e-03 -6.747868604295512683e-03 2.514002205059837590e-03 2.176111587934966875e-03 2.843797202499355730e-03 -3.088441984771892433e-03 8.993118548924684168e-04 6.183182069266712983e-04 1.133554591402156139e-03 -6.962522451965014528e-03 2.055485814169700966e-03 2.406804081514319835e-03 2.334860808146948033e-03
-3.123636707677251816e-03 9.202556330499276141e-04 1.131382179741541750e-03 1.504743865453934655e-03 -6.931280473922012478e-03 2.787262868098676263e-03 2.384669479901441787e-03 2.807270819884527622e-03 -3.221777113411366990e-03 6.506417604975026255e-04 7.958139097526686304e-04 1.066222827313211777e-03 -7.012643312450583463e-03 2.210957270456504354e-03 2.464563758918934117e-03 2.483704026258134329e-03
-2.875903662515743187e-03 9.070643567227053717e-04 1.338429649826587426e-03 1.450916515684491214e-03 -7.313221061550455662e-03 2.695675628023541399e-03 2.611424756378932788e-03 2.780129200233098872e-03 -2.981615399930416001e-03 7.848721273961633237e-04 7.632774535511438301e-04 1.132889460581694300e-03 -7.125809393577966534e-03 2.011785911115442950e-03 2.245492385505647778e-03 2.514143513385760486e-03
-2.669075695052218391e-03 9.694102557594204547e-04 1.227273118418868757e-03 1.444858626479060939e-03 -7.073943499715178163e-03 2.732043668252102497e-03 2.301998326810834015e-03 2.641024118506800356e-03 -3.144785598678717913e-03 9.569601393485772456e-04 7.020541031523870471e-04 9.879461140909148471e-04 -7.223196202214835458e-03 2.104485503465766596e-03 2.321714979630793482e-03 2.642680239495386746e-03
-2.712077626009166617e-03 1.040450300575085276e-03 1.361114947404455959e-03 1.388916524960750890e-03 -7.107394973223197729e-03 2.746786084440243619e-03 2.040724263698579736e-03 2.991430264518629006e-03 -3.066109718630733068e-03 9.245697719965408892e-04 5.477849499953041552e-04 9.042749624659409801e-04 -7.400528622749552414e-03 1.992046589732043502e-03 2.515156899458043799e-03 2.782062796285552329e-03
-2.819870846967405427e-03 1.046316293494076524e-03 1.124378068624797564e-03 1.562519764096134949e-03 -6.996644117536116037e-03 2.719592621205799751e-03 2.331027723735142835e-03 2.870735695743211868e-03 -3.063640740543234226e-03 9.172605905503098626e-04 3.758745293613273419e-04 1.055644245649362293e-03 -7.603300235506677864e-03 2.216634064264243545e-03 2.562949882414596384e-03 2.667448665667343077e-03
-2.702836367496344247e-03 6.295975979379275474e-04 1.402382404462078607e-03 1.827043356962094849e-03 -6.962881771549192349e-03 2.451807741477336419e-03 2.344815945602561191e-03 2.755124055382712159e-03 -3.080892076282571411e-03 7.133213324825899045e-04 4.740239759748180099e-04 1.067200241942080439e-03 -7.327991732789923204e-03 2.266954479883264480e-03 2.677013843546954298e-03 2.392101111601553729e-03
-2.508573203244708009e-03 6.186434677872968465e-04 1.279023120472399860e-03 1.749501438761504437e-03 -7.088288264326789503e-03 2.432259913437351349e-03 2.078613147779436246e-03 2.824822947335486802e-03 -2.770759802857659070e-03 4.723393643498599668e-04 8.641645561793346317e-04 1.224577299656960400e-03 -7.295433203865393790e-03 2.158751260744046999e-03 2.324222633882078691e-03 2.541440280341580090e-03
-2.482853667013289797e-03 8.752697494880851180e-04 1.061352887085819296e-03 1.860258893778271279e-03 -7.183654574358818573e-03 2.884945355228684446e-03 2.246496744997102373e-03 2.926451875603290013e-03 -2.797361012871966892e-03 8.055034321277225505e-05 6.783133199739130835e-04 1.202535928428204127e-03 -7.429446101732618997e-03 1.915392142587560818e-03 2.546333914314594538e-03 2.559889286849385479e-03
-2.333767901578253506e-03 8.317343089522867029e-04 7.852860153399177610e-04 1.597695796421906176e-03 -6.995390021841355749e-03 2.756573250846252199e-03 2.275397181128560251e-03 2.825659779671034228e-03 -2.965832490870793509e-03 1.109189822036933486e-04 7.470437742772651022e-04 1.371661519988569278e-03 -7.173805994304484346e-03 1.963056084051569006e-03 2.488376033224860406e-03 2.612889331273772486e-03
-2.205793478510972329e-03 8.135683177129607313e-04 8.614777248158791154e-04 1.646071667908488752e-03 -7.001766068641103631e-03 2.825617032677869844e-03 2.472913819340937739e-03 2.655446740456494405e-03 -3.280457615857180001e-03 4.425284743277832977e-04 6.680503041357497901e-04 1.394879157397504879e-03 -7.065298092049274691e-03 1.851864098777356461e-03 2.282412548207654775e-03 2.529706718587865916e-03
-2.278822115615334806e-03 7.687091295612062886e-04 7.083968243547217715e-04 1.709736667579059202e-03 -6.724136371417719846e-03 2.650065364546672856e-03 2.480141991455938125e-03 2.732953515791235449e-03 -3.138228905218473381e-03 3.676559413408938951e-04 6.772499348683557905e-04 1.246510144856736568e-03 -6.994228555455873041e-03 1.784374900575267601e-03 2.132549767759638927e-03 2.731759862102204565e-03
