# ex_work for 16 qbits with connectivity c5 and unitary DM 23155508066112
-8.362190325114780831e-02 1.320518006672569133e-01 1.320518006672569133e-01 1.320518006672569133e-01 -8.362192382177470462e-02 1.320518152463988348e-01 1.320518152463988348e-01 1.320518152463988348e-01 -8.362188268052131446e-02 1.320518152463988348e-01 1.320518152463988348e-01 1.320518152463988348e-01 -8.362190325114783607e-02 1.320518152463988348e-01 1.320518152463988348e-01 1.320518152463988348e-01
-6.683096753365781739e-02 4.814996972800285324e-02 -1.014722372141495937e-02 8.006238981419229461e-02 -6.099912566011038428e-02 3.658403263195608018e-02 5.983624102364230868e-02 4.925238227336155294e-02 -8.190417637744221158e-02 8.006238981419229461e-02 4.825709279085241277e-02 4.292695126753385410e-02 -5.888043489557809318e-02 8.006241462515265028e-02 5.229748036330589267e-02 8.006238981419229461e-02
-4.216632035168972614e-02 2.592279992938400363e-02 3.142281100598609111e-03 6.300478118734303967e-02 -4.869521205224198318e-02 1.417179956323065884e-02 -2.114184258069510755e-02 2.700590630605801193e-02 -5.243621159073410393e-02 3.259488645041198202e-02 2.866184607408587062e-02 4.209274901661901047e-02 -4.621429645407077597e-02 6.464393122485133369e-02 -3.405811727781768786e-03 6.314794350936109302e-02
-4.010316526126141840e-02 4.054241813084929341e-02 8.416893210809081941e-03 1.775258594995635444e-02 -3.847944593971287797e-02 1.288016670846737523e-02 -1.529770831439699642e-02 2.059680139393399098e-02 -3.140281031584864213e-02 2.370403025227494145e-02 -4.505906214201857267e-03 4.070430260498041075e-02 -3.894621739991069309e-02 5.432866931816864725e-02 -9.624639642051804889e-03 4.677876176478618087e-02
-2.704792093300566885e-02 3.773214696170380106e-02 -1.465261518718836585e-03 6.565375966888469493e-03 -3.353409950288080421e-02 -2.792490922924974195e-03 4.492413930344997877e-03 8.274590880031804877e-04 -2.802747703802026605e-02 1.434168739933116415e-02 -5.874905528271402895e-03 3.371160198751674275e-02 -2.552151455640144090e-02 3.810701206060768814e-02 4.136181568623462611e-03 3.110791808314192566e-02
-1.427708259589470854e-02 1.035722816718651247e-02 -2.235971718436983741e-03 -3.740243448183251662e-03 -2.739897893839116083e-02 3.226657014529212214e-04 8.786424862846699615e-03 1.318966811447639959e-03 -2.464336209495638849e-02 1.049333183915360929e-02 2.991481055955533437e-03 2.503021345665575048e-02 -1.982952654681635618e-02 3.023113773083275710e-02 6.403702001830323919e-03 2.005250969994555252e-02
-1.279888202494517714e-02 6.442489574552680634e-03 -7.373477233263071862e-03 -4.048001124677512962e-03 -2.479496609977430849e-02 7.344665163517578171e-03 1.013536693628168915e-02 -3.690221941002610941e-03 -1.960577483287201384e-02 1.099860130007180095e-02 -3.784115456104983431e-04 2.423445504967030803e-02 -1.613770073127113874e-02 2.331683394659668854e-02 6.910614503040575160e-03 1.791731357736393512e-02
-1.433966462493454358e-02 9.815647238773770114e-03 -7.313653102706917444e-03 -8.195485828124916480e-03 -2.540095060161658841e-02 6.403948385127890969e-03 1.175731963421252323e-02 -1.824481264744088390e-03 -1.452472395217690136e-02 1.239406065161701050e-02 5.165694998153944019e-04 1.737754623503084961e-02 -1.398992591391159078e-02 2.001973578684353508e-02 7.341519272820623207e-03 1.588738216196137684e-02
-1.171416948288576780e-02 7.558656106114410196e-03 -1.624646839650786823e-03 3.378963716156483960e-03 -2.190057959785208716e-02 3.008203522978038572e-03 1.090517906374271866e-02 4.847304495314174095e-04 -1.336527884345697914e-02 1.086235699682504968e-02 1.146053175166198129e-04 1.263622003159546418e-02 -1.016174166566003942e-02 9.936261611102326780e-03 2.712756031995241721e-03 5.953417961612417209e-03
-1.022558805228008377e-02 6.306425556446386416e-03 1.708558793216852657e-03 1.028947342396896751e-03 -1.934540076382135904e-02 4.039531420084649209e-03 9.030461568299442271e-03 2.703543973949388353e-04 -1.078142343824376077e-02 9.197932513574357330e-03 3.327734404458335040e-03 7.888057015868137067e-03 -1.025266264024975518e-02 8.233148619510081284e-03 2.229789354770690939e-03 3.650004018808299198e-03
-4.829871408895019744e-03 3.423819039056031667e-03 1.690299548320797329e-03 -9.793998659636978226e-04 -1.546117574502180701e-02 3.762225266317463859e-03 7.854908060943936385e-03 8.348203128550388654e-04 -8.973241248644792112e-03 5.921603481099183171e-03 4.365322928024028756e-03 7.870172075741836346e-03 -8.475932327091106194e-03 1.853403697022819666e-03 2.817899076602839534e-03 1.993417437048154977e-03
-3.902028951889640121e-03 1.289419967477091694e-03 3.010389049806163134e-03 -1.185048632636400855e-04 -1.681321535300721662e-02 4.210623055407711549e-03 8.254210663154643718e-03 5.021548278598820907e-04 -6.465324163365673144e-03 3.979342584162212822e-03 4.310138234174139098e-03 6.097057553401069238e-03 -1.045800138623133313e-02 3.262706334064473766e-03 3.573709185786021984e-03 3.054784845491177563e-03
-5.068762078602223782e-03 1.705229323439497570e-04 4.497354994938277881e-03 3.544014050190028302e-04 -1.512423796246019012e-02 3.609546294835205664e-03 7.023778387376336356e-03 6.563626673353560982e-04 -5.858700659352290320e-03 4.709738106883157478e-03 2.378824452594705940e-03 6.544911647764372134e-03 -9.366421987208986208e-03 3.502169079009209186e-03 2.410723197610968854e-03 2.769051196203381904e-03
-5.784894896507190160e-03 1.181428931543148167e-03 4.355578850947942893e-03 -1.059961651916511332e-03 -1.418780604750183826e-02 4.134994112847825178e-03 7.033267328018098959e-03 3.353745632538064885e-04 -6.333407193046593567e-03 5.117748629031025273e-03 1.135190885611047284e-03 5.876317766692713482e-03 -7.939574058081565189e-03 4.252754106214202447e-03 1.718255304771106051e-03 3.137516258592104243e-03
-4.430855617940517369e-03 2.543272632168233627e-03 4.234326864833460984e-03 5.498629682123918000e-04 -1.279690625869054493e-02 4.396879569236957289e-03 4.036759175205724068e-03 4.236985538581107633e-04 -6.054207579655658360e-03 5.070779363570557426e-03 8.015317842693897403e-04 4.847937384387965114e-03 -7.162999300361132422e-03 2.713034267230141679e-03 3.040808173522902089e-04 2.797132100025379389e-03
-4.634768561626566481e-03 2.369477865935140908e-03 4.050960114756490919e-03 3.164588168388683529e-05 -1.165562042261259618e-02 3.497010667272085292e-03 4.426261310222990436e-03 7.382092126943191673e-04 -6.065319646610644808e-03 5.165209898075810366e-03 8.624291781006652438e-04 4.648354962507512435e-03 -7.166049937434618503e-03 2.280813356317633409e-03 1.245562583378301367e-04 3.410270221783931899e-03
-4.017113489270906015e-03 2.186430886842732554e-03 2.873274971732646052e-03 -8.153352199645361680e-06 -1.049355032544738164e-02 9.571922387385693254e-04 4.418065521192469924e-03 8.914456660208080986e-04 -4.838494684608675780e-03 3.720613350322801802e-03 1.090275275965333714e-05 3.990920057603630430e-03 -6.177335657983359582e-03 2.999869297650132900e-03 8.397372277405552692e-04 4.232826491252820837e-03
-4.163684590417321765e-03 2.715613949250459021e-03 3.089299501836925959e-03 -8.983637693513482311e-05 -1.057036272778161257e-02 8.610283528131353796e-04 3.931903794588449338e-03 1.007993375725997403e-03 -4.153756517722734243e-03 3.159921037446943547e-03 -8.605233278875840553e-05 4.272648981988757221e-03 -6.113198215726809923e-03 2.827277456899086709e-03 1.181740901271822715e-03 3.658607862863388731e-03
-4.347940758643098653e-03 2.619318656922213929e-03 1.986121743798213539e-03 1.139844842723989216e-03 -1.047001853131650055e-02 1.093552378190022290e-03 3.556084660742467405e-03 1.184217804650441325e-03 -3.663483253459404437e-03 2.837249671797836131e-03 4.260032817710117359e-04 4.338296999064605516e-03 -6.857502547958329447e-03 2.819089623007747271e-03 1.383620610684453212e-03 3.468207966693990976e-03
-4.944309118153675242e-03 1.692968729665046039e-03 1.785870181261262893e-03 9.257683422973355400e-04 -9.249729489422387971e-03 1.501219735134239541e-03 2.907074687076122068e-03 1.372519296162909731e-03 -3.826116782558129474e-03 2.422946844654039027e-03 3.829851253292868994e-04 5.474043498377919280e-03 -6.909914980269498894e-03 2.661672914120020474e-03 1.896690376228491858e-03 3.319620490518965846e-03
-4.330170612150636110e-03 1.648998972955987305e-03 1.487561682772066624e-03 5.128728918936144559e-04 -8.701037795028490965e-03 1.286769831130383807e-03 1.994291087104769176e-03 1.902205253206806562e-03 -3.433155191634097714e-03 2.868301408624273491e-03 4.148902933892790242e-04 4.592285186123750730e-03 -7.140845615066919103e-03 2.786013948754580485e-03 1.970137328272643287e-03 3.412333474264289766e-03
-4.600193746492697335e-03 1.624462427195832656e-03 1.269010403594449414e-03 4.086615864041337975e-04 -8.435789506100539042e-03 1.273455520275230827e-03 2.246746663652279818e-03 2.002090660884539141e-03 -3.406923350660182818e-03 2.733739708951722202e-03 5.673614364734636591e-04 4.097605190631150446e-03 -7.060009143110439200e-03 3.207391083477029951e-03 1.861794678378442995e-03 3.451028871197419409e-03
-3.431204036290278706e-03 1.638882478545364719e-03 1.080969859119056695e-03 1.254449953235978795e-03 -8.042841519638120953e-03 1.714166222487779976e-03 1.518934176984682981e-03 2.085026638990462346e-03 -3.482492949915778641e-03 2.785933738070456300e-03 2.427554530379675353e-04 3.155650182157637360e-03 -7.188226306561295263e-03 3.188550257809749742e-03 1.792981162148121884e-03 2.787477386765569668e-03
-3.341966434710148988e-03 1.592515717530628306e-03 1.279466957353534275e-03 1.120132483381879908e-03 -8.028062635265079128e-03 1.639241555324905467e-03 1.530223870818016915e-03 1.986371213996122268e-03 -3.039568950094533734e-03 2.110046318526823377e-03 5.767155349378554020e-04 2.515803353538488031e-03 -6.539807487587446892e-03 2.391255371389604083e-03 2.411882757494843935e-03 2.773599607874237347e-03
-3.440656542139174968e-03 1.485344744979399337e-03 1.025381139049616128e-03 1.016235915439482997e-03 -7.705259651042939070e-03 1.925883820577720985e-03 2.022240700514254478e-03 1.536285514340617487e-03 -2.984019689783332097e-03 1.557116957340429469e-03 4.275523813930299935e-04 2.140368601240136802e-03 -6.409812163486863779e-03 2.561119383606560301e-03 2.528992527928522385e-03 3.255037128676508372e-03
-3.444336647602037633e-03 1.392878177948987748e-03 1.250142381205301577e-03 1.257647483993764095e-03 -7.659160048881348548e-03 1.982846507577652132e-03 1.736033487709892761e-03 1.347192031981085843e-03 -3.194137231578136546e-03 2.020368673586111618e-03 8.347787401297423202e-05 1.900914721975761369e-03 -6.265152070343210818e-03 2.727730538540686263e-03 2.138340861078569851e-03 3.669384714986806233e-03
-3.500227255730410658e-03 9.754705534834118633e-04 6.702276464311937489e-04 1.092565521884939980e-03 -7.295094787897385587e-03 2.397271554602956305e-03 1.901767501995957343e-03 1.601840628678439593e-03 -2.956095376534038487e-03 1.853028193346266351e-03 3.466004150855009867e-04 2.041097313492976333e-03 -6.438124176378783037e-03 2.765825277532896805e-03 1.907806350036476972e-03 3.549909051210656773e-03
-3.536844550262690373e-03 1.361884813158764987e-03 7.614887560008174469e-04 8.977094915408001486e-04 -7.301112736661456888e-03 2.215268355805483438e-03 1.904758776209263416e-03 1.548584358752003133e-03 -2.796807118710257448e-03 1.778886275181389750e-03 5.535907802311263066e-04 1.826391223110039683e-03 -6.797824300868960008e-03 2.772490763295201634e-03 2.126880139811573606e-03 3.624327087327255774e-03
-3.676538172324999350e-03 1.467166619431852382e-03 1.444656611025104103e-03 1.074295924797113305e-03 -7.074274678198703113e-03 2.186509435144053711e-03 1.961352865298356812e-03 1.693792339724382694e-03 -2.825076531906250098e-03 1.641816084381193157e-03 9.253438576664385412e-04 1.584408294043984297e-03 -6.910548419725012423e-03 2.737369850988340472e-03 1.689054909727694597e-03 2.995271407162025754e-03
-3.737564979917052093e-03 1.232687259943938659e-03 1.577752499922728405e-03 1.329864310786929007e-03 -7.440337286703423147e-03 1.873675479444681215e-03 2.022969736438349000e-03 2.175236617979775522e-03 -3.231519021458140357e-03 1.762654527967168032e-03 1.488181911662880049e-03 1.503379015022915204e-03 -6.917667259261930240e-03 2.695842344544706511e-03 1.554686084353986688e-03 3.087706735352556148e-03
-3.384577346924411666e-03 9.467042861055070509e-04 1.804700955342260172e-03 1.223000316791451273e-03 -7.279820680064853604e-03 1.998020566593232059e-03 2.325691629902371972e-03 2.019336491831232906e-03 -3.689361282016122637e-03 1.488409027222140557e-03 1.578698587420091426e-03 1.359057083872646128e-03 -6.723528528548745886e-03 2.350053804427166323e-03 2.001609921486403355e-03 2.927584299141131573e-03
-3.108515172851086805e-03 1.157323946868687656e-03 1.904247518174807287e-03 1.154634647643279803e-03 -7.432088567200073256e-03 2.137864639729990506e-03 2.200541462162370308e-03 2.209425747158651025e-03 -3.641396608656066822e-03 1.194126170834925414e-03 1.618233934080910447e-03 1.489215879097374653e-03 -6.906236780817942046e-03 2.200246116988964409e-03 1.952646308826641716e-03 2.829596641494422447e-03
-3.314217605062007386e-03 1.059449665358941839e-03 1.741225481031038894e-03 1.476474301951139195e-03 -7.369884694582418648e-03 2.029313983687903739e-03 2.398715037823866483e-03 2.207020114754882755e-03 -3.549321249309000340e-03 1.123347747674641618e-03 1.481785120573349051e-03 1.620388842518085629e-03 -6.960314457437848448e-03 2.197480163119747230e-03 1.685851113699554042e-03 3.141606947302397028e-03
-3.383288597921741553e-03 1.261437842471451994e-03 1.890838750184307623e-03 1.332814650123585482e-03 -7.492304501981076476e-03 2.110270080359939650e-03 2.312957141776619124e-03 2.191497964631539293e-03 -3.360467618368506368e-03 1.294164522981071635e-03 1.424290194058186552e-03 1.477606275492083371e-03 -7.074038522929208990e-03 2.217140595931119378e-03 1.979271562853590020e-03 2.799011564748105172e-03
-3.409131225090572190e-03 1.505670980380978841e-03 1.553267746571851318e-03 1.174966830676813520e-03 -7.568235143330094734e-03 2.089257346501951010e-03 2.273207533538382924e-03 2.219591844944217816e-03 -3.476014104383140513e-03 1.452674989521846125e-03 1.832352221500032274e-03 1.717640984992810501e-03 -7.408612952253617288e-03 2.152242857505501893e-03 2.433586347802185225e-03 2.488361298203130290e-03
-3.257953779594464135e-03 1.422111193454618418e-03 1.355182385648013438e-03 8.450786690449768384e-04 -7.528150611444347357e-03 2.455817894000670697e-03 2.076263559255517831e-03 2.447409050869819858e-03 -3.480728437222559146e-03 1.376847027571364949e-03 1.647696132940446121e-03 1.629171562583743267e-03 -7.474360814977232606e-03 2.253851911983595704e-03 2.620297813518644107e-03 2.646621260289662263e-03
-2.934852623848878319e-03 1.352905100595492172e-03 1.446627893683297313e-03 7.304444437839968706e-04 -7.623817874070341893e-03 2.221829778761966190e-03 1.919729394059965875e-03 2.648240054811552922e-03 -3.141058166119722102e-03 1.507221985135694369e-03 1.646292621733910820e-03 1.489484793747546760e-03 -7.467563056394206124e-03 2.273155684237819409e-03 2.317587908222283697e-03 2.619523870445684618e-03
-2.726730796695797567e-03 1.202268204947372267e-03 1.262757493918030592e-03 6.223233447245836610e-04 -7.231293399480632350e-03 2.122015223571407580e-03 1.851398526364101804e-03 2.068297306653920763e-03 -2.729903613540929971e-03 1.367566590642337520e-03 1.394117362664456898e-03 1.227434019921136692e-03 -7.230905426691434067e-03 2.139448950908577531e-03 2.841758403825305011e-03 2.730015001568758277e-03
-2.943423507052695971e-03 1.211807822599786323e-03 1.363030141104180091e-03 6.432610068963494918e-04 -7.111075108938097813e-03 2.011713302046273452e-03 2.080715600811047956e-03 1.910791341017501139e-03 -3.115451145356675465e-03 1.382187066755092989e-03 1.221942853311909580e-03 1.221196736785602494e-03 -6.936170742808910918e-03 2.381124865339423902e-03 2.912743976184686227e-03 2.665672602702896278e-03
-2.811737745364832706e-03 1.318860311233192254e-03 1.222168808654630926e-03 7.556414898575780420e-04 -7.148759613905547247e-03 2.281553597745011441e-03 1.897423816521716638e-03 1.646067541746644696e-03 -3.082614929795205686e-03 1.052134911674694863e-03 1.458127561132233161e-03 1.012946299184157729e-03 -6.815690141050829987e-03 2.429109334798896114e-03 2.992590469670882315e-03 2.678400032762583063e-03
-3.112746917294009416e-03 1.058552786845984783e-03 1.158020874317161695e-03 9.042229287359744008e-04 -6.936994993043625775e-03 1.768557073906453685e-03 1.713101119614241115e-03 1.722243211468383424e-03 -2.822147922959793772e-03 1.122208320819007617e-03 1.085458264085379732e-03 1.293743283895799423e-03 -6.635461120374158174e-03 2.675256755259760970e-03 2.814341042274689543e-03 3.042689893206659574e-03
-3.111375711045036643e-03 1.175081351746052986e-03 1.028666897997633197e-03 8.717730422933981163e-04 -6.918478161588478316e-03 1.558942173364509607e-03 1.800642959233795127e-03 1.861364255012638511e-03 -2.664886872275630189e-03 1.150711923257262534e-03 8.260201583401515467e-04 1.719272889606761941e-03 -6.516031558142113510e-03 2.746048959285500492e-03 2.573256490033141997e-03 2.724321401481045925e-03
-3.060845120484559367e-03 1.009017067338824044e-03 1.108403399390659643e-03 9.392958211966553114e-04 -6.848831002485226971e-03 1.325740282193916186e-03 1.785036130190260310e-03 1.676774118415043629e-03 -2.619866679743297448e-03 1.019181566574409864e-03 9.961639469267212759e-04 1.654167417977430669e-03 -6.685811339732313299e-03 2.999360989924676913e-03 2.765302776996946682e-03 2.772477276145246181e-03
-3.227619188168756766e-03 1.025085417195897852e-03 1.186122024805282569e-03 1.086575407504504530e-03 -7.210730337387519229e-03 1.435859135705863480e-03 1.921138094799493094e-03 2.223524998469393697e-03 -2.794477062368635502e-03 1.121613416828612462e-03 9.283484823649442753e-04 1.559658404208094738e-03 -6.679391340855040174e-03 2.947207358882182951e-03 2.799929561873918532e-03 2.564442143377690473e-03
-3.408564681784993257e-03 1.204831982262691498e-03 1.119580935839438289e-03 1.245345599028883270e-03 -7.189872921122686736e-03 1.384998540763983203e-03 1.906118044256448381e-03 2.461028069931489939e-03 -2.836461819178744993e-03 1.130020518914330585e-03 1.052296864039288776e-03 1.382329871189854481e-03 -7.150061917788892718e-03 2.995930362067911190e-03 2.870750325144270920e-03 2.780580701682024061e-03
-3.513912431477736898e-03 1.033505118889850756e-03 1.104195414083286196e-03 9.287496164979493511e-04 -7.016256115171556548e-03 1.323278137785812054e-03 2.122172132292807212e-03 2.731097877647024538e-03 -2.835579607026101224e-03 1.249320774408323653e-03 8.203386169793980102e-04 1.674110650177598313e-03 -6.961192034758941979e-03 2.756337760939945800e-03 2.811510035226867134e-03 2.692532366408731566e-03
-3.332986928020626946e-03 1.012610027831995115e-03 1.215777814508642524e-03 1.011048336506146800e-03 -6.960727695493787448e-03 1.509740665960962024e-03 1.795010535545069324e-03 2.451006909096256972e-03 -3.092026484134800714e-03 1.453399862212620495e-03 9.815640001851443086e-04 1.681804971211846257e-03 -6.966979494929886885e-03 2.905530096725178132e-03 2.916498361404375617e-03 2.329281150561999386e-03
-3.485451711101344129e-03 9.731576639661529936e-04 6.372536253336477706e-04 1.164098035351875636e-03 -6.584756097515781677e-03 1.903919518086759919e-03 1.829243032856683448e-03 2.249540547478883802e-03 -3.178709526506529395e-03 1.020148042394800796e-03 1.093547415438936125e-03 1.516224384050951675e-03 -6.944924569131431108e-03 3.203965109017626114e-03 3.134658195773898631e-03 2.364518686549698951e-03
-3.239868646587627105e-03 9.332531413811139464e-04 6.499510232350086012e-04 8.918917957640739008e-04 -6.897818663038408037e-03 1.889343619751015840e-03 2.176767346108014669e-03 2.291519943970958800e-03 -3.078594391555058377e-03 1.057029331048066475e-03 1.297642840019097360e-03 1.742519243955212684e-03 -6.902620719165431136e-03 2.518794176297923289e-03 2.950388552885226286e-03 2.616290322564111988e-03
-3.425217350613751939e-03 7.756455362513480596e-04 6.879290875832349281e-04 1.169751783679219949e-03 -7.163277933461992611e-03 2.053698205014665903e-03 2.105330161246375068e-03 2.523477070993835475e-03 -2.852811499277416521e-03 9.015822685514461110e-04 1.195603661843172875e-03 1.991441227203360771e-03 -7.157090845552059426e-03 2.718295385725664429e-03 2.929034640932008920e-03 2.499190501604848028e-03
-3.511529693311202065e-03 6.818697754984864856e-04 6.502193575770657792e-04 1.250344815873564042e-03 -7.082065527059082377e-03 1.910142714116570654e-03 1.999066505631393823e-03 2.666215646224479735e-03 -2.797569890590860357e-03 7.602607438870638340e-04 1.340753111224010771e-03 1.943207268812328914e-03 -7.075522838971773885e-03 2.681698317057283360e-03 3.050359542194254654e-03 2.473512317633488715e-03
-3.193427872467151027e-03 6.398162735214528571e-04 7.232507077817668323e-04 1.298037647341203577e-03 -7.190299240792658204e-03 1.740533939155409961e-03 1.979985266384415039e-03 2.200271489135384711e-03 -2.699573105961993770e-03 1.185642032269284673e-03 1.288647888389279211e-03 1.648330858326028025e-03 -6.714128161947481230e-03 2.333470257058163633e-03 2.886385072576999958e-03 2.754881798338030489e-03
-3.202143720172542004e-03 6.675665186678960382e-04 9.549600064792925034e-04 1.143357998751208266e-03 -7.042572224032945388e-03 1.626654171981841042e-03 2.023049075851920085e-03 2.034027227560814693e-03 -2.832195015238088594e-03 1.071601162115798367e-03 1.209849762516948708e-03 1.842778652854640785e-03 -7.157347175269421040e-03 2.353186064589965053e-03 3.240480054821355364e-03 2.992819633252504549e-03
-3.068690871305635500e-03 1.202872690264931380e-03 9.102345866492600945e-04 9.383963089167157538e-04 -7.273697806424079398e-03 1.371418962069581452e-03 1.660802867067657325e-03 2.462607049043262844e-03 -2.888978499439256824e-03 1.072086350483990010e-03 1.220512339231618476e-03 1.626761456232962005e-03 -6.756993476645001447e-03 2.419490119739944357e-03 3.024498353909410055e-03 2.980426287199145537e-03
-2.967332959407258976e-03 1.271076269457904664e-03 9.462850385327113614e-04 7.085655476631540607e-04 -7.356579855932968842e-03 1.517284980064465168e-03 1.727390599295831365e-03 2.455134562964964018e-03 -2.753606265037135490e-03 8.981078029425926083e-04 1.219964672141377526e-03 1.578307618306298236e-03 -6.785254341988746461e-03 2.680598663558941483e-03 2.995613959824377798e-03 2.767212214604897018e-03
-2.742221365712673234e-03 1.542468115272464281e-03 9.689686154359838152e-04 1.385133872200581488e-03 -7.642809132117872606e-03 1.504909135418600833e-03 1.868923828671242285e-03 2.405690423702588031e-03 -2.861495495490495346e-03 9.836837875832622324e-04 9.875209666137738096e-04 1.391190356866131312e-03 -6.906201845643064954e-03 2.039388056509465127e-03 3.041905765222175251e-03 2.966968779163554372e-03
-3.003337284879031410e-03 1.510601997172960828e-03 5.814820823509442337e-04 1.455990241292152813e-03 -7.702494522397764637e-03 1.415583820753118453e-03 2.280533456571550485e-03 2.771031174552760455e-03 -2.831293918988111655e-03 1.275383242417115620e-03 7.962338074074230701e-04 1.285943151527460613e-03 -6.855480386987395855e-03 2.010330417852384480e-03 3.149596520701054489e-03 2.816437037151263163e-03
-2.843508260433504856e-03 1.177067537561697153e-03 5.885653117765495511e-04 1.242402817020219147e-03 -7.621444357416198856e-03 1.879958839034751548e-03 2.194033741252621097e-03 2.687722969353811223e-03 -2.850766289898620538e-03 1.037530696614504628e-03 7.869865875873756095e-04 1.419463548922336770e-03 -7.030731723222380554e-03 2.079745161388090423e-03 3.227643770191605029e-03 2.988470076701190987e-03
-2.660018848471659356e-03 1.277042780631916464e-03 6.335352316508689090e-04 1.753351939302059091e-03 -7.818787979078136927e-03 2.026409590129513247e-03 1.760829533871796377e-03 2.336708615074082219e-03 -2.907828457536496859e-03 9.926616920895960702e-04 9.811985742094095873e-04 1.485299974433070078e-03 -7.016728844326993592e-03 1.916088095784518374e-03 3.237071086021624505e-03 2.972345886788170174e-03
-2.699136189517108153e-03 1.322024474040765394e-03 6.426457918596907310e-04 1.518301298400710504e-03 -7.825883155257623222e-03 1.937534154591821203e-03 1.881131114264662698e-03 2.401715104489626166e-03 -3.047019328772950040e-03 1.336364622577479412e-03 9.153771406845851713e-04 1.494307699209566822e-03 -6.995660245280362760e-03 2.142230786234403713e-03 3.105524459003399657e-03 2.843552350200786397e-03
-2.821411504828398500e-03 1.315252664435797875e-03 5.739390959396417375e-04 1.482142283494101553e-03 -7.540824370304096205e-03 1.677769450799579051e-03 1.874303577601882029e-03 2.334872094668673497e-03 -2.858769513659079400e-03 1.328873554001794256e-03 1.267461395128136265e-03 1.568870654899833786e-03 -7.016422863343993975e-03 1.983603322445810085e-03 2.835679945406578348e-03 2.928501716055020854e-03
-2.816698142377042306e-03 1.397014120027934014e-03 6.882276051241893863e-04 1.292442950707241430e-03 -7.274008968140889715e-03 1.482111614465039980e-03 1.946985957346006107e-03 2.161110000648955656e-03 -3.013455451153078824e-03 1.459842876691672207e-03 1.192303182449156503e-03 1.724243150284292259e-03 -7.015016632618611796e-03 1.923850319152614011e-03 2.750191198725457451e-03 3.011867988782411087e-03
-3.003750673715914130e-03 1.241051386553077484e-03 7.199318041843079472e-04 1.392644585989942724e-03 -7.202784735199771991e-03 1.280133541662566285e-03 2.297881425113727089e-03 2.162064799199924555e-03 -2.969571263454383152e-03 1.347903639994894225e-03 1.204719685071438742e-03 1.503673190713813524e-03 -7.206162320420349439e-03 2.113454967467626698e-03 3.131108393331565737e-03 2.925842421646273565e-03
-2.931097098130345559e-03 1.036768552349255938e-03 6.552643573191418514e-04 1.356545714308398471e-03 -7.407702756834612726e-03 1.573892825272206605e-03 2.245489105485196351e-03 2.367681264681485015e-03 -2.971845794438179172e-03 1.442057747242459593e-03 1.292049702359597541e-03 1.067231815303621139e-03 -7.047517819498329977e-03 2.164411865261338906e-03 2.988255632829732618e-03 3.112420232083253080e-03
-2.929560618342316042e-03 1.016486136099145664e-03 7.275841757218414613e-04 1.405694649813008824e-03 -7.335219652774959548e-03 1.530671537486918412e-03 2.307995948885429183e-03 2.170113502734956953e-03 -2.956693325618489025e-03 1.583269099527055213e-03 1.335884907331166436e-03 1.001051580955100414e-03 -7.161561936867969803e-03 2.083761774983819252e-03 3.048247640737676480e-03 3.118365696921673695e-03
-2.760824234502884389e-03 8.695841606914155378e-04 7.218277333011073084e-04 1.403076117052774654e-03 -7.396067779104118119e-03 1.721177906611122931e-03 2.487141989909366722e-03 2.254070079612284592e-03 -3.078695650484782140e-03 1.810070267417513258e-03 1.400123022700474826e-03 8.943210895414343848e-04 -7.259178163872992244e-03 1.913516262987012464e-03 2.914844516332654352e-03 3.066233335836893691e-03
-2.887564927570130096e-03 5.497577904316828905e-04 8.047029731588855282e-04 1.368262424135560087e-03 -7.409124733833321805e-03 1.974290799833798658e-03 2.584524392674354774e-03 2.322826266025661626e-03 -3.259116631665125424e-03 1.745055711248723242e-03 1.071670889266766171e-03 1.114094109479119282e-03 -7.131692092586358958e-03 2.232695399343072751e-03 2.746597949475527208e-03 3.143522609883755200e-03
-3.118936696169294625e-03 5.883668638137515370e-04 1.134910909878502879e-03 1.222584721869886433e-03 -7.472629987384991207e-03 2.002100941123927634e-03 2.467878866852378245e-03 2.495998084885269093e-03 -3.174313618834530282e-03 1.373751414934547537e-03 1.523738060585132356e-03 1.099318961268930511e-03 -7.208474241503389640e-03 2.124719766319474630e-03 2.785698521643281168e-03 3.144938144620858158e-03
-3.057280426017314201e-03 7.236660116382217242e-04 1.159901225115690052e-03 1.121667426629483497e-03 -7.543135157429116909e-03 1.763214112150964007e-03 2.621359229860718756e-03 2.537195771291393936e-03 -2.996779463819039362e-03 1.618478485286019720e-03 1.389192329134220777e-03 1.623183510357035326e-03 -7.470353914024013484e-03 2.248227907356173481e-03 2.272985395681486210e-03 2.992756319013638918e-03
-3.042113228276314019e-03 7.781252906614469049e-04 1.200544045248507635e-03 1.320271011221096566e-03 -7.411495207017980598e-03 1.845970345455720399e-03 2.263383080246077466e-03 2.353243239234618315e-03 -3.051537261292473768e-03 1.515559272687129911e-03 1.315868508311861338e-03 1.467078942006479897e-03 -7.306894776233956862e-03 2.415909882423785023e-03 2.312803206560147453e-03 2.993751453720808111e-03
-2.892561119607979861e-03 6.888441850801329484e-04 8.908045265537576588e-04 1.229875804045651956e-03 -7.275546636426043733e-03 1.745555222528256652e-03 2.057175116794455246e-03 2.587177483563667373e-03 -3.246254165977735095e-03 1.572762847581248144e-03 1.542258843285789415e-03 1.400753428250662170e-03 -7.071572159259879517e-03 2.322716584030823980e-03 2.345041308669212118e-03 3.040798077451786676e-03
-2.637288783500561090e-03 8.134429872508039438e-04 8.051535425356293445e-04 1.067926809982277939e-03 -7.121420372832731535e-03 1.854632101308248838e-03 2.001288212254012048e-03 2.374687941364753401e-03 -3.046822752382975178e-03 1.182570837286116500e-03 1.219244748267131820e-03 1.296946360074448766e-03 -6.809473367676094346e-03 2.385982491041683477e-03 2.540078662949302526e-03 2.946183658145677502e-03
-2.836723313339126543e-03 1.090742147844797616e-03 8.285663681370108741e-04 1.130069370649153335e-03 -7.395495461754534108e-03 2.061099529284579103e-03 2.109958729474719664e-03 2.197667810793570674e-03 -2.989734173198059161e-03 1.598275730952681542e-03 9.540653627808180076e-04 1.173552792069905990e-03 -6.907656799521994483e-03 2.457969010358996165e-03 2.498368029337360175e-03 2.946575076757955349e-03
-2.796662191690174690e-03 1.175793201850351168e-03 7.155064532908428799e-04 8.645757881048020356e-04 -7.433690419132218258e-03 1.960370631603030201e-03 2.289602044985268071e-03 2.425026510435852271e-03 -3.108790344397016278e-03 1.677587303827798989e-03 1.138192394932184721e-03 1.327648484916346509e-03 -7.176557646383145868e-03 2.409919661074438630e-03 2.519490400557353443e-03 2.968421456189400225e-03
-2.713466156860223910e-03 7.583966832687766757e-04 6.954237360331437480e-04 1.155580620968753650e-03 -7.322930429757293185e-03 2.130480155274211591e-03 2.108096948089583245e-03 2.380891188325852739e-03 -2.894881449159834950e-03 1.427088683522837256e-03 1.394211401488861055e-03 1.512232370283191768e-03 -7.392811344554542016e-03 2.465102613291279571e-03 2.339815528694269651e-03 2.906144290480812842e-03
-3.093241928178103867e-03 6.181870208236877945e-04 9.205454192541558502e-04 9.830852625348953776e-04 -7.414791000499015329e-03 2.184602916577300935e-03 1.944939312749740081e-03 2.089049219874244186e-03 -2.494763149343682922e-03 1.457522334332604728e-03 1.569606854592519012e-03 1.557695190786161608e-03 -7.182036650847171445e-03 2.560272311153578752e-03 2.338140794018975840e-03 2.896586936725713528e-03
-2.934820301054221359e-03 8.105330439602630556e-04 6.588247038797939888e-04 1.283948522406085438e-03 -7.249737832673546455e-03 2.099099705123666157e-03 2.272035432624892014e-03 1.939675887886948722e-03 -2.620540569480382751e-03 1.627313119098743478e-03 1.565727947725512265e-03 1.073196129975929544e-03 -7.001944393853216063e-03 2.176063388782973479e-03 2.436938106632449003e-03 2.757430998773449313e-03
-3.157331228168986509e-03 9.158684163621507238e-04 5.926096215267773280e-04 1.530418473332138211e-03 -7.265522342231350850e-03 2.196997476127109973e-03 2.268832054372824092e-03 1.802603767420346082e-03 -2.717131190685183589e-03 1.630482043574701728e-03 1.305847278393658340e-03 9.355727258859710890e-04 -6.785027362220380324e-03 2.272261286608027488e-03 2.570417785109444225e-03 2.796403112032962591e-03
-3.094139751758202654e-03 1.231485209822591855e-03 8.500309159772451075e-04 1.453522708042086393e-03 -7.275521416209108916e-03 2.243646293469473731e-03 1.818141176221237370e-03 1.735710582751038948e-03 -2.632226031073576101e-03 1.448985585898950089e-03 1.253290840404845978e-03 9.220195275929398727e-04 -6.847234792485604703e-03 2.324633566752238450e-03 2.322472881186767556e-03 3.135573776198447103e-03
-2.963178619948191213e-03 9.046291969776338584e-04 1.259619192060518330e-03 1.453171369542698588e-03 -7.054019546033163911e-03 2.068275864382706098e-03 1.889297820625771181e-03 1.696533003954365333e-03 -2.269282467022255573e-03 1.252275233986260014e-03 1.214021496263579950e-03 9.465010288812212907e-04 -6.875453936638977435e-03 2.507560216230961345e-03 2.301979643221903696e-03 2.507017053315000691e-03
-3.041931762336053981e-03 7.622026285022519970e-04 1.162202122757773331e-03 1.321649864828327702e-03 -7.264956022753999570e-03 1.814824971085164359e-03 2.307079739903566008e-03 1.991681073994425524e-03 -2.348788318996776567e-03 1.512902953496950229e-03 1.272575051972414618e-03 1.128514916764161062e-03 -6.748339142733079596e-03 2.179996324128880870e-03 2.546954854344944327e-03 2.258719509787087722e-03
-3.091359680133405011e-03 9.418635048325584925e-04 1.065522054974370495e-03 1.186794841924379952e-03 -7.364477174921737167e-03 1.835790288385493341e-03 2.250826889999488645e-03 2.234417707288576926e-03 -2.431668306373722509e-03 1.304010881426883499e-03 1.002622531038006208e-03 1.318952104687195299e-03 -6.583065690736318760e-03 2.617328455641895670e-03 2.393726631281920935e-03 2.178172315919868311e-03
-3.056645763174037182e-03 7.060896767204442436e-04 1.050704266416441603e-03 1.138217335645764616e-03 -7.200616048611429079e-03 2.132710393375851759e-03 2.330577891278253801e-03 1.949177641776151174e-03 -2.811071696249664315e-03 1.342580581803844370e-03 1.272089972213501664e-03 1.170675705818856414e-03 -6.471303954212809760e-03 2.609976394698736765e-03 2.098569369448069575e-03 2.589048186956876673e-03
-3.210938073448874139e-03 1.148247777487676263e-03 1.198087873101562426e-03 1.002700982526587032e-03 -7.380946429745353227e-03 2.042224325994107179e-03 2.111175662703511716e-03 2.164535924796814632e-03 -3.084057618257543976e-03 1.308917379228447626e-03 1.155843118248594007e-03 1.314951925641337201e-03 -6.586565404245856362e-03 2.709867914785956972e-03 2.624669433473480681e-03 2.384044187501638875e-03
-3.258795059277832737e-03 1.427337460215975882e-03 1.487456659869519117e-03 7.603185169886428211e-04 -7.332040905859142643e-03 2.036671932001072986e-03 1.817998270016805929e-03 2.132686425455497612e-03 -3.133999113712682225e-03 1.459410311876074406e-03 1.161993562232450320e-03 1.355078042900957321e-03 -6.553982885594601855e-03 2.685842791002767110e-03 2.590591353216460148e-03 2.259816764979544548e-03
-3.105685752500841543e-03 1.376659861539975124e-03 1.354351261922297819e-03 8.506691018985367784e-04 -7.389958696980743376e-03 2.103750464576822909e-03 1.703901679518991276e-03 2.102992861805377638e-03 -3.137044925015059198e-03 1.576347826514759706e-03 1.095895829118520961e-03 1.311899691852129023e-03 -6.586325516313656404e-03 2.594493570731685669e-03 2.736350986719522736e-03 2.310083679611479174e-03
-2.887657863618122399e-03 1.158577657320588846e-03 9.977978976432888298e-04 9.986514620616796390e-04 -7.551075223002828851e-03 2.272240754415524432e-03 1.991697885613364066e-03 2.028435658066850451e-03 -3.192392155448004788e-03 1.524428815884426190e-03 1.083041062676002707e-03 1.131948957169913450e-03 -6.697247964865202415e-03 2.640050215899674129e-03 2.889234055411070336e-03 2.538690213262080001e-03
-2.680024346023759593e-03 1.191144788831340626e-03 1.012533935989278844e-03 1.054466164337183615e-03 -7.936286641215021045e-03 2.167411163583162371e-03 2.166411634321211473e-03 2.458273996995771499e-03 -3.226542444752456863e-03 1.480272594551894838e-03 9.813266807399225779e-04 1.036588358964789279e-03 -6.766305638549004707e-03 2.707146090123151681e-03 2.841181599919825537e-03 2.483393089784333152e-03
-2.576490653834309034e-03 1.082940605564848384e-03 7.743011424561595246e-04 1.374527560752274863e-03 -7.894388599134523690e-03 1.914388130666440065e-03 2.277659078703297806e-03 2.484280246123325448e-03 -3.595817562119494465e-03 1.407506143862078275e-03 1.021219263014622311e-03 9.919273164111005320e-04 -6.800300831960629303e-03 2.778973071929188420e-03 3.128250052583066761e-03 2.624399587972857384e-03
-2.435152559716527790e-03 1.072666434072128833e-03 1.080132122830519768e-03 1.637018307238561916e-03 -7.637772510871266435e-03 1.810082474729096712e-03 2.155725346127752590e-03 2.456518735030605808e-03 -3.475765693393597332e-03 9.318437915425435486e-04 1.174166068016042159e-03 7.782445251986653580e-04 -6.845394666898518485e-03 2.890535921991877442e-03 3.032913477455140457e-03 2.326163557540663392e-03
-2.867082469818782366e-03 1.092933968167788704e-03 1.182744605677135078e-03 1.424705756890934979e-03 -7.376328855619367596e-03 2.211766183325511448e-03 1.653521269503722751e-03 2.398923267798021026e-03 -3.262181117471528013e-03 1.005162205120004731e-03 1.179593446497683709e-03 9.568738978207768286e-04 -6.663700046490660979e-03 2.910225950422356492e-03 2.727587214720571685e-03 2.332958067839485759e-03
-2.783334239585759373e-03 1.366273405785975448e-03 7.596874515742375227e-04 1.268052176671835996e-03 -7.222425351505608673e-03 2.201854033428815756e-03 1.639590045538620415e-03 2.476171685543477555e-03 -3.232085080269655065e-03 8.701614580728832737e-04 1.004590890078329267e-03 9.922101424796631475e-04 -6.540657525960481833e-03 3.090216007344114262e-03 2.590638175936082251e-03 2.399050590652724441e-03
-2.710040193626761691e-03 1.363295010933512170e-03 7.191346492380883831e-04 1.167798828037650005e-03 -7.395493730285216359e-03 2.369949042580918493e-03 1.594020973581641550e-03 2.196326007610498784e-03 -3.309901843726540532e-03 5.109277713069948317e-04 1.008670843980848672e-03 1.455283295725748501e-03 -6.427567404644133654e-03 2.894820112400656262e-03 2.779842865469051710e-03 2.674798510657638070e-03
-2.814327409922853622e-03 1.404787822905168059e-03 6.685410875127335319e-04 9.654405092057657956e-04 -7.179722961689003098e-03 2.144328076082961578e-03 1.924101704635810747e-03 2.165975649717962696e-03 -3.037892375679819221e-03 6.375994047516104612e-04 8.763417960351389466e-04 1.589926663249605163e-03 -6.185516690514415890e-03 2.487338579788193546e-03 2.618147274717303082e-03 2.563639326781600846e-03
-2.667213196519733522e-03 1.399381396358041329e-03 6.976986025689592072e-04 7.437875492657079887e-04 -7.056482232108039591e-03 1.913328588443396388e-03 2.143294609062438520e-03 2.088737842023947328e-03 -2.801627302517277398e-03 6.723300087350231845e-04 1.044100448358087265e-03 1.569464975069038981e-03 -6.345330667573542173e-03 2.349441903805613106e-03 2.567416570813227297e-03 2.490158570581064729e-03
-2.728989875859967693e-03 1.377190690380837926e-03 5.707910614833197008e-04 8.875671700272085886e-04 -7.250883831386578139e-03 2.107946242476757721e-03 2.134746540119623372e-03 2.098901952767204780e-03 -2.940991492921020412e-03 9.542142333932463480e-04 1.262852328991523332e-03 1.603305262972350891e-03 -6.338973839140333091e-03 2.233507860219244388e-03 2.343848738762116090e-03 2.517915843147622811e-03
-2.862173438940640753e-03 1.396431650583328807e-03 8.519655949262687229e-04 7.165003832668062188e-04 -6.981899492524675302e-03 2.131265100172826006e-03 1.894984197838647973e-03 2.032167454856032267e-03 -2.895924392092542703e-03 9.137476215540138967e-04 1.409409275620446744e-03 1.542386070445838156e-03 -6.316780455996600860e-03 2.307726186144901971e-03 2.344531572684008681e-03 2.319320876151581123e-03
-2.689474929584205910e-03 1.148506275288730923e-03 9.550760519939226374e-04 6.054353815277927365e-04 -6.966953275650445733e-03 2.217334762359421309e-03 1.817842295911784511e-03 2.089658662833024025e-03 -3.065717240835005072e-03 7.705712913071682260e-04 1.626314783485179093e-03 1.333285085935963883e-03 -6.318646846339971875e-03 2.302662080838160843e-03 2.412786248652378732e-03 2.569859702257958674e-03
-2.822319984531947504e-03 9.826332646730208138e-04 9.258954268452060290e-04 4.495167401383653744e-04 -6.777209587968939346e-03 2.119374261613364910e-03 1.830959562141093282e-03 2.370857278854576668e-03 -2.567719701809732715e-03 6.307607533898313811e-04 1.689707017522762899e-03 1.575851655790569059e-03 -6.456154049694606475e-03 2.334491838972838854e-03 2.204524365815264172e-03 2.294467487124002281e-03
-2.747142264465775828e-03 9.891570690553155593e-04 1.276441124215629440e-03 3.913277962943780539e-04 -6.984923052185872464e-03 2.251038824602265721e-03 1.982419566908208333e-03 2.211518538273538580e-03 -2.487846563830912235e-03 4.434908668945174853e-04 1.759331424693581130e-03 1.568461833854595342e-03 -6.549000762911030490e-03 2.254769065765830933e-03 2.124115204059306115e-03 2.325032995970921501e-03
-2.657458398942723170e-03 9.107807422546231393e-04 1.580933483796761194e-03 3.605262781768374782e-04 -7.061434150149611608e-03 2.130300366509692289e-03 2.220826975163277348e-03 2.365623897778189322e-03 -2.510954537401846251e-03 5.707796968485238627e-04 1.600847535425268869e-03 1.536773076910410074e-03 -6.963196272982497340e-03 2.259262731864985444e-03 2.102070490407930998e-03 2.408877679379255350e-03
