# ex_work for 16 qbits with connectivity c5 and unitary DM 23421370764608
-8.362190325114780831e-02 1.320518006672569133e-01 1.320518006672569133e-01 1.320518006672569133e-01 -8.362192382177470462e-02 1.320518152463988348e-01 1.320518152463988348e-01 1.320518152463988348e-01 -8.362188268052131446e-02 1.320518152463988348e-01 1.320518152463988348e-01 1.320518152463988348e-01 -8.362190325114783607e-02 1.320518152463988348e-01 1.320518152463988348e-01 1.320518152463988348e-01
-6.900308397058207976e-02 7.876789514736889930e-02 4.699533110748112946e-02 4.179513954506948459e-02 -5.958127344024610750e-02 7.876791985422401665e-02 5.112470649426917313e-02 7.876789514736866338e-02 -7.851681098708696016e-02 7.876791985422414155e-02 4.179512775640960992e-02 4.699533110748112946e-02 -5.958129302817271461e-02 -1.369545712695306641e-03 5.112470649426918007e-02 2.878566436387579655e-02
-5.717440232641328446e-02 5.205686520531847827e-02 1.648737477670760704e-02 4.442357531029175743e-02 -5.650213733704859825e-02 2.787654547683895284e-02 3.095509479148653847e-02 4.877026417425322363e-02 -6.448269686269213208e-02 5.847362197245375287e-02 2.446617460452741449e-02 4.935850561457590796e-02 -4.729899687478177073e-02 5.548175942316851093e-03 3.015939984388875048e-02 3.221113397012823759e-02
-3.509676804072661693e-02 5.564086029199995925e-02 -5.198250018328998655e-03 2.047163398232603598e-02 -4.518160781102919382e-02 1.545984379044746532e-02 1.473399013810907689e-02 3.279336160956038138e-02 -4.386035021530992201e-02 4.981953370861440938e-02 5.540451482630103473e-03 2.129218638730669133e-02 -3.317220245675725487e-02 -2.875010366552058563e-03 9.020468563115885754e-03 2.771561288926746233e-02
-2.563011375652160528e-02 4.297749713893789930e-02 -1.531097695952344899e-02 2.433639458374637146e-02 -3.201067019928356683e-02 4.278066766545202820e-03 2.075105342361380223e-02 1.730958153732759311e-02 -3.975088764424922205e-02 4.558937071284911713e-02 -2.098649716668405350e-03 1.928166789642759421e-02 -3.392578171033898415e-02 -8.699643249480462290e-03 1.347013466368246828e-02 3.479876325269756071e-02
-1.288355585641479291e-02 1.629318099208145257e-02 -1.473235664613493402e-03 1.833504519961548984e-04 -2.254901430996705120e-02 1.021815734908736520e-02 1.262720063256875941e-02 1.340139547952672733e-02 -1.559254301442881095e-02 1.658890004763380679e-02 6.304293288316925115e-04 9.106793600225799798e-03 -3.378479509919848911e-02 1.935579556458549746e-04 4.396924060772296888e-03 2.497874606997112223e-02
-1.330868325204442176e-02 2.724326921480460517e-02 -8.914122030485052001e-03 3.582010072412325757e-03 -2.443323344740103500e-02 5.507393053410834100e-03 4.380437756305049883e-03 2.234215103357084509e-02 -1.317365159262948171e-02 1.151918617774029194e-02 4.762924858092169346e-03 4.849599479092952387e-03 -2.581438268400847516e-02 1.807964672029077581e-03 3.818471489496940308e-03 1.516157915135151260e-02
-3.919569996229029310e-03 1.942128581265029769e-02 -1.448867469219178002e-03 -3.285223284820976792e-04 -2.023407111234573619e-02 -4.594627914286009314e-04 2.853902816662551994e-03 1.604985341907744917e-02 -1.037558151153732990e-02 1.350003370171922248e-02 -1.667032255028911766e-03 4.447077370749793514e-03 -2.359033708870459864e-02 1.545342426115912850e-03 5.458370832613900284e-03 1.069270611263231988e-02
-3.170012802599519661e-03 1.732135139186751632e-02 1.913396625673806535e-03 -1.983678279853249519e-03 -1.992234749257982065e-02 1.027103311464743884e-03 3.441914922485821149e-03 1.239590635703251807e-02 -8.882584786925105599e-03 1.058305149872111779e-02 1.107534023617479362e-03 1.337044102406480554e-03 -2.296847136262778616e-02 2.391125108126752798e-03 4.635058168177607317e-03 1.096131727718443853e-02
-1.016052087783490647e-02 1.261814133705894785e-02 2.408126036200547351e-03 3.349350697011332402e-03 -1.636261742709706896e-02 3.505722134808419814e-03 5.582836544295179983e-03 8.849733247548648499e-03 -7.448096065400869152e-03 4.824094617139936501e-03 2.628999635309646823e-04 2.867661290000201885e-03 -2.051865775039050238e-02 2.602640243241429851e-03 5.610122996107054852e-03 9.663770237246521386e-03
-8.678679024561326838e-03 8.241586993376393694e-03 1.796027169231365420e-03 4.105457628090257612e-03 -1.408041253983268251e-02 4.073508000445427539e-03 2.481764641659864584e-03 1.108859328263599002e-02 -8.181864142211147869e-03 8.382521983454502279e-03 -3.067976149815064037e-03 -1.555700177975218143e-04 -1.823708670890805336e-02 6.335264646875476101e-03 4.397785504874316374e-03 7.888193743890610510e-03
-7.459785494517106111e-03 7.346179558174943322e-03 6.514695325400860371e-04 3.775665187441640432e-03 -1.202922356982273448e-02 3.038524837142786861e-03 1.815528192047108531e-03 7.138215511753752060e-03 -5.922344465772084489e-03 1.008576394000124977e-02 -2.962372245489400951e-03 -1.638728399781053200e-03 -1.437367584974615954e-02 5.740986055253624598e-03 2.246760804917005434e-03 6.935044275078109180e-03
-7.487397471224044830e-03 5.905777085309074116e-03 1.128599819436675727e-03 2.192876420095763584e-03 -1.241283608347985151e-02 3.524772486594339709e-03 5.983089401484507561e-03 5.806456033486713172e-03 -3.831391899528887104e-03 7.783853787470704395e-03 -2.491807840227812636e-03 -1.385698449533389774e-03 -1.373793670805464537e-02 5.134764268367546063e-03 2.306118151414271976e-03 5.393102394341585740e-03
-7.079218590621653116e-03 4.956444251952040782e-03 1.913969923793426261e-03 1.903721282767062732e-03 -1.120244233076073993e-02 4.000797144714161174e-03 5.311746312143194974e-03 4.597351266918001111e-03 -4.384259674506197149e-03 7.609786370857418887e-03 -1.460125392244806348e-03 -6.806643951789002238e-04 -1.406783689911918905e-02 4.893371794036664203e-03 2.064004742326533068e-03 5.093355850076350388e-03
-5.360805764898462882e-03 2.443624067249313900e-03 2.444048784955434300e-03 2.204378917090511932e-03 -9.344651143560379555e-03 3.700577666009090359e-03 4.993277837914076624e-03 3.763892687306776615e-03 -3.692151408357205976e-03 6.338910815521336777e-03 -1.463118595717480567e-03 1.430246030224255980e-06 -1.298133215852609844e-02 4.121193230707924544e-03 2.320061745735722738e-04 5.198254606515459626e-03
-5.045771477703640644e-03 5.511362833646938275e-04 3.091838188545408418e-03 3.113045818803306022e-03 -8.215430074054216880e-03 3.434384656704770819e-03 4.070858335575511071e-03 3.634804758262620821e-03 -5.557284035439987759e-03 4.484403995166008280e-03 -1.146451448097974516e-04 1.621395463912219705e-03 -1.115061831251266261e-02 4.786284543219984644e-03 -1.217434566016521507e-03 4.662891475274440201e-03
-4.621291325755134266e-03 -2.724273844767818994e-04 3.109152501370262590e-03 3.344038582000360797e-03 -8.027745356501563706e-03 3.703386040369328891e-03 3.607113813975579113e-03 3.721183821040813331e-03 -6.087385621463377999e-03 4.351688565557156052e-03 -1.727389372309531368e-04 -2.823726922200438987e-04 -8.234427152334808722e-03 3.315957828976371074e-03 -3.486181448773203475e-04 4.603552128204933119e-03
-3.930726679544903693e-03 4.157402628696150733e-04 2.303068252840371165e-03 2.659067940124606403e-03 -7.692150643827959725e-03 3.427062032956841500e-03 3.558532981584226762e-03 3.740294097471548104e-03 -6.066279764447781928e-03 4.758854748970375165e-03 1.018249572317133722e-03 -9.260992235847462012e-04 -8.528751981741029831e-03 2.382573788754979976e-03 3.304104485471736903e-04 4.145021513268315472e-03
-4.095580983507090579e-03 7.658003131607747302e-04 1.900659761190126194e-03 3.252123333424974255e-03 -7.780476078637976918e-03 3.298542542299107757e-03 3.185773887154805598e-03 3.886553284809850239e-03 -5.171140635824855725e-03 2.197772786939289954e-03 1.737623833433605105e-03 3.761152078074043678e-04 -7.950027867777206131e-03 1.571183354047047407e-03 1.300983256913328849e-03 2.874563325082501834e-03
-3.486597397045774864e-03 1.358584525018755170e-03 1.775545193128497470e-03 3.601204428318844578e-03 -8.022301060305374321e-03 3.185933239724136976e-03 2.469910146300081065e-03 3.546407167079514405e-03 -5.090305590370356598e-03 2.213402793884993499e-03 1.580335979465774098e-03 8.267181833484775087e-04 -8.147096335075963008e-03 1.068225776974431962e-03 1.789093684724032962e-03 2.665160648843571938e-03
-2.462914450453850511e-03 2.020604444584333820e-03 1.751132359961504476e-03 2.082941806185006385e-03 -8.353009584822788935e-03 2.169447586125035788e-03 2.801144658670757029e-03 3.857294632409744625e-03 -4.421855401418430323e-03 1.591403960963400782e-03 1.071962953720081079e-03 1.382304431566425769e-04 -8.269843769037960729e-03 2.938665352419283887e-03 1.556676531354305717e-03 2.809992833856771264e-03
-1.978157637773013573e-03 2.280777896571887370e-03 1.673882798088622984e-03 1.792151421395506237e-03 -7.964305654380377658e-03 2.313643280437913553e-03 2.426295342549642485e-03 3.950625517828528464e-03 -3.931614321820425285e-03 1.153789130435192928e-03 5.141775562913157398e-04 5.844864749742940003e-04 -8.254719493068761807e-03 2.788408977340354079e-03 1.824427734321336370e-03 1.998127770905846253e-03
-1.816338193606816583e-03 2.335601314110619109e-03 1.925808020222481666e-03 1.153974172005272107e-03 -7.806390210534473392e-03 2.504327383421104530e-03 2.080503735449479134e-03 3.351421723297780438e-03 -3.931088301778175483e-03 1.312452404241539307e-03 5.192076497074911944e-04 9.173744814750545845e-04 -7.778253558594741372e-03 2.364066118287531416e-03 1.975245884661919280e-03 1.965036485336296625e-03
-1.850251163326003786e-03 2.145021212260402824e-03 1.802514958400963044e-03 9.953759640408744221e-04 -7.565421861198280348e-03 2.865299904120943448e-03 2.144021695723854256e-03 3.185660987603192683e-03 -4.226533583673171626e-03 1.660144656734769764e-03 9.634443545782988378e-04 4.454344380467482119e-04 -7.895217370649182734e-03 2.462772710239461652e-03 2.053844621621305627e-03 1.895855003254835530e-03
-1.935684360692069761e-03 2.174754696652133647e-03 1.961810403604494039e-03 6.013090746609513161e-04 -7.890093837264527607e-03 2.866334282020029187e-03 2.705998805386981322e-03 2.866565641240667508e-03 -3.743052791845977861e-03 1.185330723187349262e-03 9.460440389302240049e-04 1.109371200423769650e-03 -7.779362532045886250e-03 1.641192568147802761e-03 1.919691239174160574e-03 2.445349749665407316e-03
-2.052413451912640449e-03 2.284667334970325123e-03 1.428085099985851791e-03 7.252192541602023616e-04 -7.608192421958641372e-03 2.978398089760281829e-03 2.826593487638004703e-03 2.751293338583195476e-03 -3.554122917390909169e-03 8.378101143703560981e-04 3.343664460753332504e-04 1.479017274388252793e-03 -7.805140293701356979e-03 1.516253405668731855e-03 2.364816780903291737e-03 2.545318461915360968e-03
-2.206256814462810318e-03 2.298968338256483779e-03 1.254672348244042840e-03 1.136682245175927707e-03 -7.553098272216093693e-03 3.250283826602088071e-03 3.142050588124387697e-03 2.383473897805496282e-03 -3.334840751402746821e-03 4.987231679896429910e-04 -2.199767985102243892e-05 1.618446009604883242e-03 -7.891720949834141532e-03 1.702595864011061805e-03 2.405816225547085640e-03 2.376506599984402890e-03
-2.085304468155602890e-03 2.040884566891468851e-03 1.358416817252016589e-03 1.402664881834745280e-03 -7.558207011606903752e-03 3.177970656381349027e-03 2.818068759964692267e-03 2.538351217409876882e-03 -3.220167022422818718e-03 9.248411762602077408e-04 -1.984292766165209152e-04 1.865620266122783874e-03 -7.824970607580044105e-03 1.876537281209255488e-03 2.287620720080831092e-03 1.626106916537576512e-03
-1.869530274109983516e-03 1.814738335293692752e-03 1.219491470330852454e-03 1.179332895647535904e-03 -7.457791044170674136e-03 3.438346714558433367e-03 2.623110377939182232e-03 2.735829786169158805e-03 -3.126385919274131831e-03 1.002409239951696862e-03 3.254033532542339037e-05 1.810687605534961426e-03 -7.931395315108008201e-03 2.158192952904450408e-03 2.067827525786560938e-03 1.320366504429748957e-03
-2.071503047834143910e-03 2.025385537645020724e-03 1.342478833712093533e-03 1.205017460652954217e-03 -7.192877562883627160e-03 3.467175378541541720e-03 2.531141434651734516e-03 2.530173568605061183e-03 -3.227346644922591320e-03 5.850924654209176817e-04 8.134024023625866515e-05 1.656808292401204877e-03 -7.704310226141694584e-03 2.009598228997266488e-03 1.980459041097386731e-03 1.757839471980656354e-03
-2.168824970811885060e-03 1.910109464233625829e-03 1.254232368314893865e-03 1.619476943845749722e-03 -7.792348134312268061e-03 3.574370806323580712e-03 2.478018756769128934e-03 2.811604138155311943e-03 -3.507701423814541843e-03 6.576311507951736494e-04 3.996158261858959572e-05 1.597467222204257365e-03 -7.538824933701183603e-03 1.958579033976823314e-03 2.418696098864906406e-03 1.737010853112802393e-03
-2.315307655563080772e-03 1.671563609190668005e-03 1.494420619370185341e-03 2.274667282924698608e-03 -7.494064000582201755e-03 2.823814452877804280e-03 2.312885473082409386e-03 2.873058289749790516e-03 -3.275931300541356714e-03 8.242777480987527544e-04 3.363025049889407665e-04 1.150465892227642934e-03 -7.158162259098949792e-03 1.827062618467369288e-03 2.085264071496261903e-03 1.519069308362772227e-03
-2.277901971574723163e-03 1.711049464140679743e-03 1.863848896013280696e-03 2.117048327143864362e-03 -7.424620299551764301e-03 2.897472359351098252e-03 1.831915616174367972e-03 2.922271076527321095e-03 -3.686498167684515437e-03 8.904324779305239617e-04 -5.302751197304279656e-05 1.318826285109474597e-03 -7.099366615190620851e-03 1.940828629599242660e-03 2.352511325202946008e-03 1.658889309961252825e-03
-2.311505181031344152e-03 1.807553596923029823e-03 1.727228711410702189e-03 2.042917175943445140e-03 -7.657398949733500333e-03 2.929177474439225142e-03 2.119392957072858356e-03 3.003831682225604344e-03 -3.466886487246714516e-03 9.906354066255354529e-04 -7.437555733104923654e-05 1.381874021081830675e-03 -7.214189441471017053e-03 2.151740421264286985e-03 2.272780150295455187e-03 1.289345362206134344e-03
-2.281659625009291835e-03 1.786526465242374876e-03 1.698259315877192381e-03 1.972718219091783819e-03 -7.602797635404884638e-03 2.914196790358500409e-03 2.265206515605365338e-03 2.910119346175885340e-03 -3.567758604081737190e-03 5.030197568898817735e-04 -2.227665401596227611e-04 1.718133808259987311e-03 -7.294488267346804430e-03 2.491390407643371760e-03 2.230682613255675732e-03 1.486461735394478722e-03
-2.378274570537610745e-03 1.300369924332765497e-03 1.970019106857440368e-03 1.439586250310287982e-03 -7.274140146250836214e-03 2.443608293023769636e-03 1.726277316607397871e-03 3.253281377284172448e-03 -3.268004581927391392e-03 3.472147367038866286e-04 1.160518700378819669e-04 2.000012318356578309e-03 -7.034421739410126780e-03 2.387805083756514533e-03 1.712155798749103027e-03 2.183934766206453108e-03
-2.446185331387371997e-03 1.321654956532778129e-03 1.496685053504211030e-03 1.428693970195874571e-03 -7.360436655080076704e-03 2.265792244003415976e-03 1.874370560939978480e-03 2.690786735546109830e-03 -2.897863601128654321e-03 6.119742530963507817e-04 3.613034009117249809e-04 1.776985127569676850e-03 -6.502033644472442371e-03 2.161932248728883500e-03 1.747789536345206772e-03 2.315464384929003753e-03
-2.481154499128910684e-03 1.146156386084746159e-03 1.637591445911459756e-03 1.489610669129264302e-03 -7.206698035871136887e-03 2.312526624124987881e-03 1.941456319637928146e-03 2.423066493700625282e-03 -2.930387772656057200e-03 8.242345155087337600e-04 2.599172363056007637e-04 1.868189783246193081e-03 -6.583044757560670146e-03 2.133435391376727833e-03 1.880841758983656372e-03 2.122869819543734844e-03
-3.038937174136640672e-03 1.044293766569462378e-03 1.927141808007589276e-03 1.295070348130354133e-03 -7.127723705505982499e-03 2.290756339122073434e-03 2.198711655155629729e-03 2.366539243587372030e-03 -2.763479375435219047e-03 1.205419815861681274e-03 5.257594119556225335e-05 1.726606035943779741e-03 -6.616457379691857883e-03 2.236506359546344171e-03 1.967347183329699444e-03 2.092065577375582831e-03
-2.878973166306859725e-03 9.724423203121841230e-04 1.924822544122463744e-03 1.532832025023404170e-03 -7.243073187725088992e-03 2.434870256136045102e-03 2.146958466287885933e-03 2.416683243443603149e-03 -2.710038600366640200e-03 1.088618760443524520e-03 7.075843539721530010e-05 1.664804754984080442e-03 -6.883458185368365040e-03 2.336965751489232697e-03 1.783052345083535346e-03 2.229005914703114082e-03
-2.596613073322846712e-03 7.176688148512143633e-04 1.561762244095195405e-03 1.659874176868097193e-03 -7.067751834042180527e-03 2.384511405915149766e-03 2.268918025032908448e-03 2.359138031848073865e-03 -2.899349805425043784e-03 1.029501976195234831e-03 -2.148112109988121728e-04 1.735984778072187287e-03 -6.792165795367606160e-03 2.329583085610167047e-03 2.031940015677910667e-03 2.355095446559863932e-03
-2.714394889629076751e-03 6.561210721719195520e-04 1.918738516088035065e-03 1.458012190836636924e-03 -6.802150734567986162e-03 2.450231750436929808e-03 2.229755350535357183e-03 2.184296959507978780e-03 -2.881891546390037955e-03 1.204017797248329788e-03 -2.901748306171652485e-04 1.448046117606352750e-03 -6.948960425483288912e-03 2.449979111467215798e-03 2.125577212881275563e-03 2.372463127404145829e-03
-2.380270887700778205e-03 6.474339627933857000e-04 2.011580701387822179e-03 1.343677852270139814e-03 -7.196876629890880395e-03 2.566073656745901030e-03 2.240673351742385536e-03 2.164612033203335267e-03 -2.821644493040772594e-03 8.396597258184905748e-04 -2.583091202543755997e-04 1.189974690851306610e-03 -6.862245305261770179e-03 2.493051694004965509e-03 2.372481319767745771e-03 2.530295998066737877e-03
-2.072034770968585356e-03 5.793122629338230559e-04 1.882258050236200768e-03 1.017538767499395974e-03 -7.048547895903907977e-03 2.865796075662187335e-03 2.333672096769358328e-03 1.822792313134155053e-03 -2.826472232823224254e-03 1.169099545037606894e-03 -1.478966006737082370e-04 1.364450728263457259e-03 -6.968744771892572236e-03 2.349293311379501304e-03 2.225885008856535226e-03 2.311434274495670349e-03
-2.048359914072410241e-03 8.327590890176087956e-04 1.850216901660419735e-03 1.114208821559667948e-03 -7.261619058321817401e-03 2.767390150984361512e-03 2.220371319535699613e-03 1.769223049907242074e-03 -2.585678717193634017e-03 1.273126762324416125e-03 -2.715918063541172215e-04 1.545042416905953279e-03 -7.078179048399783728e-03 2.106252285803252890e-03 2.266385459339714369e-03 2.374377097830346686e-03
-2.042364387458112541e-03 9.950473317138616627e-04 1.692771208819928395e-03 9.860800146264728488e-04 -7.178051270071018897e-03 2.701646849231573774e-03 2.308322179235094453e-03 1.901604961337782264e-03 -2.578890426112049206e-03 1.086714313150836334e-03 -6.850943034835509223e-04 1.479942374787904203e-03 -6.893682670211064532e-03 2.458866071933563362e-03 2.190676109563327503e-03 2.434689443446419205e-03
-2.208572565300877515e-03 8.227475337875987324e-04 2.011778343565461761e-03 8.980935556216679055e-04 -7.420434814893275312e-03 2.816801089061025769e-03 2.502150144944270856e-03 1.973950766310883162e-03 -2.730496221794995789e-03 1.353559091560762500e-03 -5.357253111604713290e-04 1.403578447056691740e-03 -7.014459004646443618e-03 2.482111609511949112e-03 2.407311817815792603e-03 2.149310882992753764e-03
-2.224711278307020968e-03 7.407391096880689817e-04 1.621715067823427132e-03 8.511519654469386180e-04 -7.269048838018031880e-03 2.930147569876571847e-03 2.519413793378143425e-03 2.223387237162364246e-03 -2.895258577542836852e-03 1.280628117537804377e-03 -2.722356785024373517e-04 1.433313093710370271e-03 -7.131196068495497704e-03 2.307678788683157917e-03 2.261312491321679219e-03 2.537528190512736061e-03
-2.521924920482507097e-03 7.844377101115705903e-04 1.322909640970263128e-03 6.180024515078601623e-04 -7.397023512271985214e-03 2.827112816164128149e-03 2.648444181832797749e-03 2.658806639457477958e-03 -3.255208481414085132e-03 1.390721281083988261e-03 -8.212726153480838552e-05 1.679775388754333083e-03 -7.131907261703582246e-03 2.416293465799650500e-03 2.349853275750567183e-03 2.657424587862517156e-03
-2.484235181982038382e-03 1.092564571420500405e-03 1.225078088048464240e-03 1.012713341952815394e-03 -7.491045854503906865e-03 2.354339334823373018e-03 2.907256892122651350e-03 2.318790903296412756e-03 -3.029795367177214472e-03 1.461678146882446202e-03 2.645510198306650729e-04 1.451325622796219164e-03 -7.205733040722790347e-03 2.406662113860646122e-03 2.055276122121924964e-03 2.611314747644565611e-03
-3.071154070236955993e-03 1.024649936880243613e-03 1.414474082039267073e-03 7.504614347555188135e-04 -7.245049271829050522e-03 2.108771347475957032e-03 2.790848842748076906e-03 2.455115453308945837e-03 -2.985495019415080990e-03 1.412439024187660264e-03 8.464421272063203314e-04 1.646735660358003821e-03 -7.118838905823429014e-03 2.313262865714329174e-03 2.275103980725360405e-03 2.315542020962796464e-03
-2.664781590580727732e-03 9.226799384900774602e-04 1.670867539757363513e-03 8.662248079414074271e-04 -6.983639841399034466e-03 2.190473208040960833e-03 2.972901470646117147e-03 2.153174878534892724e-03 -3.215938123250454764e-03 1.244347496479354838e-03 6.616112753425065990e-04 1.405895046710456571e-03 -6.939128131741670660e-03 2.242908720268586148e-03 1.965085452978529781e-03 2.388059709633694790e-03
-2.346481364565997704e-03 6.309887046986712399e-04 1.793725440012001147e-03 8.610487243822441839e-04 -7.075028603200450225e-03 2.570939263999882669e-03 2.773985021364687442e-03 2.166412265681700103e-03 -3.108378453655306645e-03 1.108521612916023606e-03 8.814819415892566909e-04 1.363452788422591776e-03 -6.945602442738564933e-03 2.059689517664418674e-03 1.712672991071202255e-03 2.423363835159687493e-03
-2.461119285791130672e-03 6.261398151619376826e-04 1.820384147298919567e-03 5.962833707203817708e-04 -6.900290939211409930e-03 2.775409527512138520e-03 2.790792017985761590e-03 2.130526399018780465e-03 -3.358697050486106513e-03 1.241059750669435769e-03 1.058682910501054135e-03 1.619965367420745641e-03 -7.092261995555577958e-03 2.113791292122116274e-03 1.739274648615749940e-03 2.188294858392976407e-03
-2.150400187291839384e-03 3.195720896530463350e-04 1.710055453800331986e-03 5.542085482671341027e-04 -6.857467514180973743e-03 2.880718463870695755e-03 2.563334318477125326e-03 2.346235350726323752e-03 -2.994375675089706434e-03 1.184531497532073435e-03 9.375879990504151296e-04 1.606072729780193145e-03 -7.196262940705260361e-03 2.340085586502102088e-03 1.645618141927517866e-03 1.977372844689028603e-03
-2.296416179187488540e-03 2.544617384232398605e-04 1.682499497110637654e-03 5.699664001225444561e-04 -6.822423476794792219e-03 3.028158877967087898e-03 2.659650769115599282e-03 2.291942369211651207e-03 -2.730417819530948920e-03 1.174760746385967742e-03 8.324962238977286514e-04 1.328289011646725977e-03 -7.199579316572712710e-03 2.631891966854600206e-03 1.644107467492911473e-03 1.814356576458849664e-03
-2.093963560036099427e-03 2.757518757130051723e-04 1.374742625916735303e-03 4.358073524289591411e-04 -6.655536042499105888e-03 2.944815271011242894e-03 2.591055669645050009e-03 2.492019540035929435e-03 -3.036720924613854362e-03 9.167289071266177545e-04 8.034799680427177730e-04 1.499762442330026526e-03 -7.423241640318265985e-03 2.677654048490182587e-03 1.742473052479782481e-03 2.339141502038216865e-03
-2.321412789237797206e-03 1.020935423289986554e-03 1.344860412799238391e-03 7.580206231085662464e-04 -6.931224122725743349e-03 2.630971688598229396e-03 2.721129817955649042e-03 2.944564005502395623e-03 -3.164069914045191355e-03 8.286922327671605946e-04 1.044850244579202106e-03 9.391652253919477791e-04 -7.360466952126146559e-03 2.369889625325318026e-03 1.817773496458940539e-03 2.266865033005304505e-03
-2.547843609669494733e-03 1.061534283089122068e-03 8.006560776880785853e-04 1.303056423393627369e-03 -6.817941134121820526e-03 3.085132759804078140e-03 2.575270007102163205e-03 2.965626069780145924e-03 -3.050178533194256286e-03 8.137477364241383314e-04 6.993704165908216745e-04 1.010140699297492825e-03 -7.273593849335704270e-03 2.077165283610500277e-03 1.932338425557188688e-03 2.264829441791726787e-03
-2.677728967394086591e-03 6.960591212558717286e-04 1.058540066741690041e-03 1.393424812740378348e-03 -6.986504803721199121e-03 2.696069712900236396e-03 2.399096690585367838e-03 3.053520322043135754e-03 -2.976801064291224961e-03 8.623060791899169603e-04 8.017554287528622309e-04 1.277643586179372801e-03 -7.602312522217415970e-03 2.416412825317595676e-03 2.312935244388852375e-03 2.226062769003458140e-03
-2.558383836153511892e-03 6.026154882109801365e-04 1.081541135873361273e-03 1.397834581101154968e-03 -6.717719528037307923e-03 2.706297268561020514e-03 2.579269126363016758e-03 2.730928901553975226e-03 -2.960449395477919490e-03 6.643847710913194449e-04 9.466095471294219037e-04 1.404492807402020482e-03 -7.744065618701568773e-03 2.464410889557963526e-03 2.111770189468293278e-03 2.220789932899406086e-03
-2.593429821901473923e-03 4.140033664257394960e-04 1.545015995078865504e-03 1.679521496679279311e-03 -7.058811639125184972e-03 2.622306168980074320e-03 2.662675402027984885e-03 2.570867105929709132e-03 -3.356553725266883843e-03 9.329297947421017574e-04 9.751149836300504730e-04 1.307092109576698776e-03 -7.446016466766922602e-03 2.533185308300641390e-03 1.998967113337675981e-03 2.164369241395020047e-03
-2.319361209015158732e-03 5.912384686423930195e-04 1.350703438710885084e-03 1.335063914758608970e-03 -6.864575801396377575e-03 2.706308081069092129e-03 2.614124766802859712e-03 2.389029225101165117e-03 -3.099084153742404438e-03 1.112716103456209450e-03 7.740833668596581660e-04 1.338661063639030781e-03 -7.133194063074626938e-03 2.377702548485477289e-03 1.681575255820100170e-03 2.011404761375984018e-03
-2.310574043564289030e-03 6.089889697070833803e-04 1.331044935351228305e-03 1.814504380424623647e-03 -6.914140821156954109e-03 2.483250587477298793e-03 2.377910905270699555e-03 2.416461802980644172e-03 -3.166842853989423456e-03 1.173071409884960748e-03 8.782555651232356285e-04 1.178713011337925026e-03 -7.237306414548378905e-03 2.660488766168512664e-03 1.627342071033948626e-03 1.961540182981507015e-03
-2.751743917252000120e-03 6.296129067458961295e-04 1.206736569001203713e-03 1.797590507355807709e-03 -7.071621482871182432e-03 2.696155376686156218e-03 2.442381576259656292e-03 2.359070939581740974e-03 -2.972454955458908414e-03 8.419814531568104712e-04 6.182034144992120837e-04 1.613799573457177974e-03 -6.831387884340202159e-03 2.249152029941037852e-03 1.773712503543164185e-03 2.270581935779659739e-03
-2.557517540792616454e-03 6.175111357879259919e-04 1.210564996747005807e-03 1.802722658250229372e-03 -6.934404103434998329e-03 2.655427703786501000e-03 2.381334298445161955e-03 2.177735625903823649e-03 -3.038702742089046793e-03 1.061003231273719176e-03 3.006840268408324636e-04 1.465195859946584293e-03 -7.102808205707548603e-03 2.445937904090012081e-03 1.700752372486668065e-03 2.699874542949119802e-03
-2.266320129305503858e-03 5.542312757646754989e-04 1.169526431122605657e-03 1.756427882994831841e-03 -7.167157880765654375e-03 3.005833225829772273e-03 2.186329635035211359e-03 2.123756376070947468e-03 -2.809119213062246777e-03 9.516341587568030898e-04 6.487984696423900995e-04 1.449735930836264794e-03 -7.247109423355912669e-03 2.378942995319029228e-03 1.570234321083777617e-03 2.591658475766425544e-03
-2.358670850880794419e-03 7.708226999574956106e-04 1.397277914760520958e-03 1.430460783441334094e-03 -7.343836733150929143e-03 2.652137363911529540e-03 2.312463541594507802e-03 2.124386045489852579e-03 -2.855423828969561127e-03 1.326733891347382267e-03 9.652351536076184298e-04 1.117484319929786191e-03 -6.984882375857709956e-03 2.218610383527316442e-03 1.803701208953136697e-03 2.304911163506593447e-03
-2.552916508709676072e-03 8.419617363546953292e-04 1.466247424097440926e-03 1.414312441171299830e-03 -7.221380247322645336e-03 2.652813820121353167e-03 2.494528427817351186e-03 2.436646450191727424e-03 -2.883795651724978867e-03 1.123652957845778545e-03 5.508110380790611806e-04 8.737862071998801772e-04 -7.300063423384381238e-03 2.281633590972701690e-03 2.096275715243767733e-03 2.651302560349578716e-03
-2.790743836244267886e-03 1.047505291544530062e-03 1.557417107845023452e-03 1.341014654072696360e-03 -6.987827358431650086e-03 3.108916155031578050e-03 2.475543542212733233e-03 2.128783378060605368e-03 -2.833053842446716427e-03 9.859055426155341299e-04 2.344050737743444109e-04 9.661350523978063818e-04 -7.171163013463393958e-03 2.121732780320847740e-03 1.700807591480499271e-03 3.021190393368613711e-03
-2.802311236806845438e-03 9.364593900593093422e-04 1.177186265362125924e-03 1.563578904651866802e-03 -6.842726893609022212e-03 2.929718802924352865e-03 2.120323317100302092e-03 2.475411072444985185e-03 -2.820341981399738900e-03 1.116838414675588561e-03 4.610784162506151047e-04 9.344206408008145798e-04 -6.944948418234402239e-03 2.174898942117427236e-03 1.870801377939893852e-03 2.507444180361758247e-03
-2.832334260090040804e-03 1.184763517045398602e-03 1.456198623204100215e-03 1.199058443664883719e-03 -7.111424932690720534e-03 2.925075955028717204e-03 2.155929154786498728e-03 2.601554629478814405e-03 -2.894833491020045672e-03 9.631380185600671049e-04 4.446734402319231570e-04 9.702913219413554892e-04 -6.937832674437001586e-03 2.265303777123961731e-03 2.089494583831899826e-03 2.411991017326140137e-03
-2.963425019877474233e-03 1.409315214749648579e-03 1.692531051091672716e-03 1.204251652065573561e-03 -7.135540291618310341e-03 2.588221903649415203e-03 2.260892657996458992e-03 2.810980693065510613e-03 -3.300650668847427121e-03 9.895048600717954584e-04 3.229802282699954633e-04 9.812029274503936398e-04 -6.964831894610439000e-03 2.132697205115461746e-03 2.379807665584990177e-03 2.518343123825288275e-03
-2.754713611526522343e-03 1.576596698910139819e-03 1.589609357568766337e-03 1.285406737214526626e-03 -7.159038634136256907e-03 2.601874934531057254e-03 2.139098690225579250e-03 2.949007585348134564e-03 -3.102473503663174224e-03 9.397233360546610424e-04 3.851711629392060346e-04 9.334179813230197766e-04 -7.040843750211411844e-03 2.038311772501041116e-03 2.086073119723033924e-03 2.445228785600896213e-03
-2.699207829397914839e-03 1.646814724539939464e-03 1.053207262218819155e-03 1.569997394001557134e-03 -6.984787908155914299e-03 2.590547168617142286e-03 1.831237287800356779e-03 3.238926654798371385e-03 -3.444106880545914559e-03 1.261206421467870329e-03 7.516205592854155503e-04 6.697866320011305885e-04 -7.117622318251960040e-03 2.215676190613336070e-03 2.189291757432872392e-03 2.146264481905864763e-03
-3.058254469208039877e-03 1.553814897525317889e-03 1.349321774834571185e-03 1.421591500308468743e-03 -6.670957106879832170e-03 2.699601044352788193e-03 1.790971828018239620e-03 3.152545044330466034e-03 -3.322854266374955599e-03 1.124612588319122679e-03 6.631341811130508912e-04 5.961462744257440454e-04 -7.200194758317679522e-03 2.265149713080310233e-03 2.434239161875539816e-03 2.111491606309080695e-03
-3.116581379074012410e-03 1.474219150666156337e-03 1.142716338957943528e-03 1.550044450157698865e-03 -6.844843009406082444e-03 2.800395457459177104e-03 2.136647838932177832e-03 2.956506690579553415e-03 -3.149515180828169579e-03 1.182217748085419946e-03 6.161906419298572189e-04 6.232333617779682068e-04 -7.173004506464620428e-03 2.120090241151397284e-03 2.385715969386266195e-03 2.213599563622671660e-03
-2.997753826787337948e-03 1.406515772103860990e-03 1.378370084761759966e-03 1.776959831593657481e-03 -6.994137531854487631e-03 2.581979598346819879e-03 2.198952737188630997e-03 2.757105186973952092e-03 -3.529531346889152200e-03 1.449380938873297579e-03 1.071138173717727177e-03 7.665234408395252231e-04 -7.253143772319467150e-03 1.918025919567787436e-03 2.060675397543490842e-03 2.351472224656623883e-03
-2.930869673275342605e-03 1.205087050163911955e-03 1.441277285425632921e-03 1.829710871372852363e-03 -6.958057380233745662e-03 2.616699916734304028e-03 2.294724084997129283e-03 2.595276734179588311e-03 -3.081374264914832264e-03 1.528038908997544779e-03 8.440872263854669972e-04 4.257149050079165318e-04 -7.160671244613130496e-03 1.965250916687312412e-03 1.909158174184563033e-03 2.381490443977353141e-03
-2.890176070692129610e-03 1.390771331146933940e-03 1.350948416746257765e-03 1.692592179448285366e-03 -7.198372857569785774e-03 2.468366357331864235e-03 2.395766287384907232e-03 2.610412313071765016e-03 -3.055313236785705665e-03 1.563777532934000234e-03 1.204650471501084522e-03 4.124631881057729942e-04 -7.322011253008370996e-03 1.916793651503024675e-03 2.045132277895747065e-03 2.354759887324463577e-03
-2.847772515089584417e-03 9.603093040069547118e-04 1.333564470837071128e-03 1.573304593087818202e-03 -7.053646189273198898e-03 2.299689664081135728e-03 2.507572268133655483e-03 2.376742587888560146e-03 -3.023164235547654358e-03 1.636001869415491198e-03 1.036451448866322449e-03 4.800208037796392028e-04 -7.095182493804109806e-03 2.087072009600677604e-03 2.090865721251097386e-03 2.538294875846227108e-03
-3.067325697294746335e-03 7.443592396742977624e-04 9.762289059890351959e-04 1.455354369791938890e-03 -7.011133655800270113e-03 2.249970302279974931e-03 2.436615256356039743e-03 2.637552981563960793e-03 -2.924619958980581406e-03 1.806238227626961491e-03 1.207677159950049399e-03 7.038333584062819292e-04 -7.220137137368444480e-03 2.273921273222094617e-03 2.171596149246438155e-03 2.477894642891490494e-03
-2.889381432568738535e-03 8.046212486053256089e-04 1.317122878581608288e-03 9.457640224242474429e-04 -7.110164770159620520e-03 2.117858075329265202e-03 2.453151106954965920e-03 2.532342388724030322e-03 -2.898529086334523247e-03 1.493973991985712542e-03 1.099792158056793392e-03 1.055206807961199403e-03 -7.168908758139995105e-03 2.350234000777848796e-03 2.292975062982463477e-03 2.513706350155068235e-03
-3.162615542719829278e-03 9.350704629446203323e-04 1.349633747956652599e-03 6.575114779154526013e-04 -7.205666019719163262e-03 2.272209829471578089e-03 2.803238093181662470e-03 2.539654395368523641e-03 -3.048471096266807106e-03 1.666397506846823643e-03 9.177054564662099874e-04 9.939991765785692254e-04 -6.960550192602096842e-03 2.307584212993981938e-03 2.227065515805040901e-03 2.635991893862695522e-03
-3.336455126089535837e-03 7.551790504616187442e-04 1.416353869984801183e-03 7.648683723297951785e-04 -7.465184102280486740e-03 2.347198769398040497e-03 3.096862036973060603e-03 2.644159523956820732e-03 -2.992333078173346934e-03 1.386849111709328314e-03 7.187510537411368697e-04 1.162277251495579759e-03 -7.071152875680539185e-03 2.462605432274782465e-03 2.520355444511409616e-03 2.574216348815121583e-03
-3.160455863624459655e-03 6.976241522813295690e-04 1.311146136873936460e-03 1.087606060560867812e-03 -7.240951743230369421e-03 2.501733880834817320e-03 2.709754411898697424e-03 2.377564896237637469e-03 -2.861161958001103879e-03 1.429229763935958289e-03 7.996236443123827010e-04 8.394462933267931790e-04 -6.988061187590779121e-03 2.429007608731236379e-03 2.545344844908538698e-03 2.450136117347384741e-03
-2.928536810871438818e-03 8.952489750700054960e-04 1.131810514325069534e-03 9.201368559579109962e-04 -7.315826063533469384e-03 2.461723845725826906e-03 2.505961440582888874e-03 2.452525048445043220e-03 -3.253815835188179646e-03 1.398487560318382094e-03 8.038769371715791907e-04 1.020113948649245973e-03 -6.729798847341728410e-03 2.357574643317670703e-03 2.560132903883877153e-03 2.636941526846152493e-03
-3.157830403623803142e-03 9.663013283278623243e-04 1.110210372640107936e-03 9.805654114289847137e-04 -7.322831815532580835e-03 2.585248924004153199e-03 2.557583745689455054e-03 2.411036748921730269e-03 -3.197307094350113153e-03 1.214001065542701834e-03 1.048498206016707087e-03 1.072837773587829741e-03 -6.718180723765615828e-03 2.096068568871733984e-03 2.712073655782577287e-03 2.564885756618841620e-03
-3.213251722680705077e-03 1.028094141060912747e-03 1.179417177463548726e-03 1.119604882261524426e-03 -7.686017965801322446e-03 2.554086884085231355e-03 2.600706662261839056e-03 2.268221371331858877e-03 -3.081826750028899848e-03 1.416390843996350032e-03 1.111999138986450621e-03 1.723781723359524374e-03 -6.859160727591530858e-03 1.653611342289383395e-03 2.646581622649707248e-03 2.503383544546328686e-03
-3.158845762497499137e-03 1.320481290938903696e-03 1.483710113269833247e-03 1.017645535114879672e-03 -7.369464930536353750e-03 2.441115420596073372e-03 2.731568969932858613e-03 1.972357386117356507e-03 -3.381433365558894882e-03 1.140023346473088275e-03 1.000289450703831587e-03 1.987289351157094444e-03 -6.839001580254091238e-03 1.630262711127172066e-03 2.573010083124431958e-03 2.391365362715103509e-03
-3.064057618715980598e-03 1.106746905082878034e-03 1.697235149539770603e-03 1.168280946995204099e-03 -7.403122300816252811e-03 2.224066980739173270e-03 2.708505074576605248e-03 1.992269540793597908e-03 -3.417895438170573830e-03 9.741995152832402588e-04 1.002599179361728229e-03 1.975682732201344133e-03 -6.613307662967445391e-03 1.764373823308793823e-03 2.469785262007812530e-03 2.331134581341269291e-03
-2.803160513581742525e-03 1.148566657359984108e-03 1.414276927509641041e-03 1.114724596919234190e-03 -7.368195219071890095e-03 2.113084917925154172e-03 2.305529942609057820e-03 2.215568787117606561e-03 -3.271318747796342699e-03 8.835559783418244981e-04 1.127246884832486295e-03 1.865040982966605781e-03 -6.677591027704779525e-03 1.961282490816937830e-03 2.687959448382659308e-03 2.178774403063516666e-03
-2.587278234501329960e-03 9.790831782225761868e-04 1.500809864048579514e-03 1.332171914184355436e-03 -7.434385851247651313e-03 2.206026343103887569e-03 2.331147484842187225e-03 2.218313348128771439e-03 -3.574608116415231573e-03 8.604377795766707162e-04 1.089394944610307548e-03 1.748738364463951322e-03 -6.854507239762188536e-03 2.323552108888799449e-03 2.775740910753603241e-03 2.015403834988842204e-03
-2.563242946782523339e-03 1.503241613506516852e-03 1.084218981900018182e-03 1.323311593797571635e-03 -7.662471806883037508e-03 2.665132841940705700e-03 2.021626873820138101e-03 2.189935815011004056e-03 -3.206505569011099642e-03 5.484554499377229230e-04 1.198817816947241217e-03 1.554785251383130392e-03 -6.984895952704045508e-03 2.322144980497316529e-03 2.716883889766112583e-03 2.238770634302500884e-03
-2.693106754818874737e-03 1.318759696058024230e-03 9.762959977141343624e-04 1.430857990107797188e-03 -7.672464583633663467e-03 2.864431404031492039e-03 1.785187134238287732e-03 2.318218220054497122e-03 -2.992167724517100398e-03 6.461869349826300383e-04 1.145837689989048997e-03 1.465513847775202138e-03 -7.127804774755960512e-03 2.361652826961158080e-03 2.955659206085503934e-03 2.183397417939302206e-03
-2.857009982995639512e-03 1.386440913537327450e-03 8.925327699278353798e-04 1.325732689669530291e-03 -7.490148847954454341e-03 3.006055731895717308e-03 1.895446553562708325e-03 2.165026131441689147e-03 -2.917799253844319696e-03 1.001952794373829701e-03 1.162208260482089101e-03 1.627073698627137842e-03 -7.312195070463794154e-03 2.179386534996013373e-03 2.829391907076343835e-03 2.071016646227458874e-03
-2.862851233410123718e-03 1.313964834599964590e-03 4.742757658166053022e-04 1.660835031772625158e-03 -7.290078179576488411e-03 2.760029950810588897e-03 2.108336182848463951e-03 2.141784455762182210e-03 -3.062101169934620427e-03 9.731253746414661020e-04 1.069266573873101089e-03 1.521032527671526118e-03 -7.090929695043218448e-03 2.253495963667971700e-03 2.847394558172523446e-03 2.114043378320829870e-03
-2.761442514998791679e-03 1.490111789373954566e-03 6.199623186176787338e-04 1.427956604712192186e-03 -7.597653468219878886e-03 2.766777936435555613e-03 2.111285284870213427e-03 2.277802152396119807e-03 -2.940129493546772554e-03 1.272077025134839235e-03 1.050886430435968993e-03 1.551836752109432907e-03 -7.460928331117142737e-03 2.133851306139268426e-03 2.964086595608427487e-03 2.084012239075373751e-03
-2.725891821692434831e-03 1.770340488723314877e-03 4.729708358229894535e-04 1.359849701541321126e-03 -7.452640653089290940e-03 2.569779925708594748e-03 2.028680225599551346e-03 2.183226642979752691e-03 -2.945405835335465194e-03 1.323394334535188269e-03 1.058586678596165186e-03 1.287563494749526753e-03 -7.391689625869652877e-03 2.172488349195704233e-03 3.018550493390199842e-03 2.236941566569254723e-03
-2.889103780209640888e-03 1.786630458087983550e-03 7.036146130863290757e-04 1.371058197665650860e-03 -7.287364142856044003e-03 2.443961221855311602e-03 2.004286468169273836e-03 2.062911955831312275e-03 -2.975265771114728435e-03 1.386816921021334420e-03 1.215329741772848892e-03 1.296698561130901501e-03 -7.395094125529231600e-03 2.107106480996359145e-03 2.797880748805380534e-03 2.321268325690428649e-03
-3.093262964520075622e-03 1.494314362007940176e-03 6.387979865845632614e-04 1.457439726147193417e-03 -7.292444100821992604e-03 2.637134781817867136e-03 2.131981527145200127e-03 2.228626286392941958e-03 -3.056850036344214809e-03 1.266696811917337280e-03 1.031860372142786100e-03 1.109528734833840728e-03 -7.181565777808999497e-03 2.369173773331491317e-03 2.948207903080606821e-03 2.263579327111370481e-03
