# pops for 16 qbits with connectivity c5 and unitary DM 23257654201856
3.999999761581420898e-01 2.000000029802322388e-01 2.000000029802322388e-01 2.000000029802322388e-01 4.000000059604644775e-01 1.999999880790710449e-01 1.999999880790710449e-01 1.999999880790710449e-01 3.999999463558197021e-01 1.999999880790710449e-01 1.999999880790710449e-01 1.999999880790710449e-01 3.999999761581420898e-01 1.999999880790710449e-01 1.999999880790710449e-01 1.999999880790710449e-01
3.396292328834533691e-01 2.246182411909103394e-01 2.239605337381362915e-01 2.225357294082641602e-01 3.420454859733581543e-01 2.093757241964340210e-01 2.233037501573562622e-01 2.145312279462814331e-01 3.396292626857757568e-01 2.246182411909103394e-01 2.225357443094253540e-01 2.239605337381362915e-01 3.420455753803253174e-01 2.233037650585174561e-01 2.093757241964340210e-01 2.145312130451202393e-01
3.268063068389892578e-01 2.340070307254791260e-01 2.305411100387573242e-01 2.225292921066284180e-01 3.211923241615295410e-01 2.514074742794036865e-01 2.155567258596420288e-01 2.155155390501022339e-01 3.312735855579376221e-01 2.349261343479156494e-01 2.227179110050201416e-01 2.304933667182922363e-01 3.030456006526947021e-01 2.203051745891571045e-01 2.286789268255233765e-01 2.110034376382827759e-01
2.971094548702239990e-01 2.354350239038467407e-01 2.517109811305999756e-01 2.259156256914138794e-01 3.016628623008728027e-01 2.426785975694656372e-01 2.194712758064270020e-01 2.435720115900039673e-01 3.030300438404083252e-01 2.305069714784622192e-01 2.485644668340682983e-01 2.250530421733856201e-01 2.902409434318542480e-01 2.231415212154388428e-01 2.438805699348449707e-01 2.180265635251998901e-01
2.905285358428955078e-01 2.514673471450805664e-01 2.315969765186309814e-01 2.343347072601318359e-01 2.894367575645446777e-01 2.475614845752716064e-01 2.298591881990432739e-01 2.427708357572555542e-01 2.898122966289520264e-01 2.588082551956176758e-01 2.356609255075454712e-01 2.279725074768066406e-01 2.810720205307006836e-01 2.273126989603042603e-01 2.376517206430435181e-01 2.241536825895309448e-01
2.676022946834564209e-01 2.527666687965393066e-01 2.396792620420455933e-01 2.346506565809249878e-01 2.717602252960205078e-01 2.480673044919967651e-01 2.369979918003082275e-01 2.402596324682235718e-01 2.879312932491302490e-01 2.455989569425582886e-01 2.373503446578979492e-01 2.372109591960906982e-01 2.789183557033538818e-01 2.542735338211059570e-01 2.332104146480560303e-01 2.337219715118408203e-01
2.684266865253448486e-01 2.453404963016510010e-01 2.414611130952835083e-01 2.403521686792373657e-01 2.688474953174591064e-01 2.483737617731094360e-01 2.371383011341094971e-01 2.418439686298370361e-01 2.708556652069091797e-01 2.432451844215393066e-01 2.404519766569137573e-01 2.402465194463729858e-01 2.739983201026916504e-01 2.579073309898376465e-01 2.435504794120788574e-01 2.379602044820785522e-01
2.696755230426788330e-01 2.488813251256942749e-01 2.389249354600906372e-01 2.475197464227676392e-01 2.675990164279937744e-01 2.451552748680114746e-01 2.461685985326766968e-01 2.435074001550674438e-01 2.595330774784088135e-01 2.473364174365997314e-01 2.473132461309432983e-01 2.357860505580902100e-01 2.705333232879638672e-01 2.532622814178466797e-01 2.413422167301177979e-01 2.374613732099533081e-01
2.669232189655303955e-01 2.509908974170684814e-01 2.419375926256179810e-01 2.462912946939468384e-01 2.689544856548309326e-01 2.460991591215133667e-01 2.442706823348999023e-01 2.463523894548416138e-01 2.580848336219787598e-01 2.495189309120178223e-01 2.482618242502212524e-01 2.390958964824676514e-01 2.638970017433166504e-01 2.468949407339096069e-01 2.413870096206665039e-01 2.410394996404647827e-01
2.654767632484436035e-01 2.520596683025360107e-01 2.428977936506271362e-01 2.445280998945236206e-01 2.678049206733703613e-01 2.465372681617736816e-01 2.457979768514633179e-01 2.467172890901565552e-01 2.570708096027374268e-01 2.532604932785034180e-01 2.475201040506362915e-01 2.385562956333160400e-01 2.645184397697448730e-01 2.432736605405807495e-01 2.408487200736999512e-01 2.431314140558242798e-01
2.607388794422149658e-01 2.551078796386718750e-01 2.431132495403289795e-01 2.440101206302642822e-01 2.656833231449127197e-01 2.461832016706466675e-01 2.464232444763183594e-01 2.462008446455001831e-01 2.566606402397155762e-01 2.522884607315063477e-01 2.470333576202392578e-01 2.427996098995208740e-01 2.626789212226867676e-01 2.456077188253402710e-01 2.430850267410278320e-01 2.423851042985916138e-01
2.575112283229827881e-01 2.539528608322143555e-01 2.457953542470932007e-01 2.461981475353240967e-01 2.641910314559936523e-01 2.466424852609634399e-01 2.471268177032470703e-01 2.460427731275558472e-01 2.554432153701782227e-01 2.520110905170440674e-01 2.453735470771789551e-01 2.431410402059555054e-01 2.617834210395812988e-01 2.440402060747146606e-01 2.468577176332473755e-01 2.438885420560836792e-01
2.563664019107818604e-01 2.528558075428009033e-01 2.459785789251327515e-01 2.490935772657394409e-01 2.621633112430572510e-01 2.479319721460342407e-01 2.460759133100509644e-01 2.469951510429382324e-01 2.556654810905456543e-01 2.522705793380737305e-01 2.452889829874038696e-01 2.447637766599655151e-01 2.589436769485473633e-01 2.440147697925567627e-01 2.478152215480804443e-01 2.437762469053268433e-01
2.547430396080017090e-01 2.512880265712738037e-01 2.457835674285888672e-01 2.476972788572311401e-01 2.608306407928466797e-01 2.478566765785217285e-01 2.458713352680206299e-01 2.457491159439086914e-01 2.562490701675415039e-01 2.517267167568206787e-01 2.469346374273300171e-01 2.475680261850357056e-01 2.582909166812896729e-01 2.456517219543457031e-01 2.481033951044082642e-01 2.456553280353546143e-01
2.534292936325073242e-01 2.491779029369354248e-01 2.472719252109527588e-01 2.481696903705596924e-01 2.610223293304443359e-01 2.485063374042510986e-01 2.455797195434570312e-01 2.466624826192855835e-01 2.558228671550750732e-01 2.515091300010681152e-01 2.473132461309432983e-01 2.460195422172546387e-01 2.589428126811981201e-01 2.450563907623291016e-01 2.492175251245498657e-01 2.462982088327407837e-01
2.541121244430541992e-01 2.496012151241302490e-01 2.482272237539291382e-01 2.486860156059265137e-01 2.585932612419128418e-01 2.494556754827499390e-01 2.456489652395248413e-01 2.464843988418579102e-01 2.552487850189208984e-01 2.509170770645141602e-01 2.478377074003219604e-01 2.457704544067382812e-01 2.590934932231903076e-01 2.448294907808303833e-01 2.492356747388839722e-01 2.462578564882278442e-01
2.543763518333435059e-01 2.494057118892669678e-01 2.481942325830459595e-01 2.480646222829818726e-01 2.586340010166168213e-01 2.495144605636596680e-01 2.464070171117782593e-01 2.462124079465866089e-01 2.555343210697174072e-01 2.501328885555267334e-01 2.480423003435134888e-01 2.461392879486083984e-01 2.590899169445037842e-01 2.454125732183456421e-01 2.486549764871597290e-01 2.461841851472854614e-01
2.540568411350250244e-01 2.490476667881011963e-01 2.479424029588699341e-01 2.482552379369735718e-01 2.575961947441101074e-01 2.488760501146316528e-01 2.459374070167541504e-01 2.468391358852386475e-01 2.550095319747924805e-01 2.497653961181640625e-01 2.488114684820175171e-01 2.474991679191589355e-01 2.595548629760742188e-01 2.457488179206848145e-01 2.484956085681915283e-01 2.465635091066360474e-01
2.537716329097747803e-01 2.484929561614990234e-01 2.480661869049072266e-01 2.486590296030044556e-01 2.577015757560729980e-01 2.489320337772369385e-01 2.462023645639419556e-01 2.467250674962997437e-01 2.556710541248321533e-01 2.494712173938751221e-01 2.482561171054840088e-01 2.479200959205627441e-01 2.589623630046844482e-01 2.462145686149597168e-01 2.480441033840179443e-01 2.469088137149810791e-01
2.538455128669738770e-01 2.482811808586120605e-01 2.480080723762512207e-01 2.486689537763595581e-01 2.576082050800323486e-01 2.490096241235733032e-01 2.459339350461959839e-01 2.471953034400939941e-01 2.549698352813720703e-01 2.488182634115219116e-01 2.485795319080352783e-01 2.483170032501220703e-01 2.587093710899353027e-01 2.457471936941146851e-01 2.486688345670700073e-01 2.476381957530975342e-01
2.535997033119201660e-01 2.478455901145935059e-01 2.485270500183105469e-01 2.480239719152450562e-01 2.577490508556365967e-01 2.496289163827896118e-01 2.457289993762969971e-01 2.480758726596832275e-01 2.549140751361846924e-01 2.493460774421691895e-01 2.480651885271072388e-01 2.480769455432891846e-01 2.577678561210632324e-01 2.464435845613479614e-01 2.486732900142669678e-01 2.475328892469406128e-01
2.538070380687713623e-01 2.483210861682891846e-01 2.487866133451461792e-01 2.482953816652297974e-01 2.572650313377380371e-01 2.493888288736343384e-01 2.463723868131637573e-01 2.477758675813674927e-01 2.540430724620819092e-01 2.489794492721557617e-01 2.481297850608825684e-01 2.482124119997024536e-01 2.571361958980560303e-01 2.467547357082366943e-01 2.488979995250701904e-01 2.478331178426742554e-01
2.534182667732238770e-01 2.489899992942810059e-01 2.491620481014251709e-01 2.478110790252685547e-01 2.571009993553161621e-01 2.491719275712966919e-01 2.463518530130386353e-01 2.480061352252960205e-01 2.540667653083801270e-01 2.491038590669631958e-01 2.486094534397125244e-01 2.478633075952529907e-01 2.571409642696380615e-01 2.469746470451354980e-01 2.487417310476303101e-01 2.474859356880187988e-01
2.532333433628082275e-01 2.491479367017745972e-01 2.486530989408493042e-01 2.478010356426239014e-01 2.573887407779693604e-01 2.489779442548751831e-01 2.465727776288986206e-01 2.482373416423797607e-01 2.542968690395355225e-01 2.492493838071823120e-01 2.484237551689147949e-01 2.477957904338836670e-01 2.567112743854522705e-01 2.472048848867416382e-01 2.487958222627639771e-01 2.475089132785797119e-01
2.527109086513519287e-01 2.492529302835464478e-01 2.487528622150421143e-01 2.479494959115982056e-01 2.572096288204193115e-01 2.487951815128326416e-01 2.464804798364639282e-01 2.484619319438934326e-01 2.548702061176300049e-01 2.490988969802856445e-01 2.482784688472747803e-01 2.479224056005477905e-01 2.567999362945556641e-01 2.477625757455825806e-01 2.480288147926330566e-01 2.476242035627365112e-01
2.524884343147277832e-01 2.493759095668792725e-01 2.490148246288299561e-01 2.484648674726486206e-01 2.566873133182525635e-01 2.486957013607025146e-01 2.469238042831420898e-01 2.482379227876663208e-01 2.548733651638031006e-01 2.491658926010131836e-01 2.479555159807205200e-01 2.484212517738342285e-01 2.566593587398529053e-01 2.472257465124130249e-01 2.482304126024246216e-01 2.475786060094833374e-01
2.525519430637359619e-01 2.495612204074859619e-01 2.488164454698562622e-01 2.487304955720901489e-01 2.567905485630035400e-01 2.485232502222061157e-01 2.466864734888076782e-01 2.477802485227584839e-01 2.550407648086547852e-01 2.491729259490966797e-01 2.483848333358764648e-01 2.483051419258117676e-01 2.565282583236694336e-01 2.474931031465530396e-01 2.481543868780136108e-01 2.474787682294845581e-01
2.523878514766693115e-01 2.493254244327545166e-01 2.484950274229049683e-01 2.485474795103073120e-01 2.568168342113494873e-01 2.488935738801956177e-01 2.470668703317642212e-01 2.475955486297607422e-01 2.548259794712066650e-01 2.489493042230606079e-01 2.484443038702011108e-01 2.483552694320678711e-01 2.567779123783111572e-01 2.477796524763107300e-01 2.481041103601455688e-01 2.476336210966110229e-01
2.528396546840667725e-01 2.493647783994674683e-01 2.487882971763610840e-01 2.485785633325576782e-01 2.566650211811065674e-01 2.485752403736114502e-01 2.470525056123733521e-01 2.472645342350006104e-01 2.549531757831573486e-01 2.487958520650863647e-01 2.489324063062667847e-01 2.483254522085189819e-01 2.566537559032440186e-01 2.478063851594924927e-01 2.477406114339828491e-01 2.476623952388763428e-01
2.525362372398376465e-01 2.484483420848846436e-01 2.487839609384536743e-01 2.486467659473419189e-01 2.566010653972625732e-01 2.487820088863372803e-01 2.472716271877288818e-01 2.474423944950103760e-01 2.549123167991638184e-01 2.486573457717895508e-01 2.489279508590698242e-01 2.482318878173828125e-01 2.565328776836395264e-01 2.478634715080261230e-01 2.481928765773773193e-01 2.481674998998641968e-01
2.525428831577301025e-01 2.489974349737167358e-01 2.484653890132904053e-01 2.485264837741851807e-01 2.568095326423645020e-01 2.481719404458999634e-01 2.486068010330200195e-01 2.473454922437667847e-01 2.536380887031555176e-01 2.487494051456451416e-01 2.491349428892135620e-01 2.483742237091064453e-01 2.563459575176239014e-01 2.479247301816940308e-01 2.481096237897872925e-01 2.482556551694869995e-01
2.523107826709747314e-01 2.485916018486022949e-01 2.483651638031005859e-01 2.486832886934280396e-01 2.567469477653503418e-01 2.486683130264282227e-01 2.476846724748611450e-01 2.474657744169235229e-01 2.535525858402252197e-01 2.495809495449066162e-01 2.490654885768890381e-01 2.485486268997192383e-01 2.564117908477783203e-01 2.482868432998657227e-01 2.479723989963531494e-01 2.480632364749908447e-01
2.526064813137054443e-01 2.483489513397216797e-01 2.484231293201446533e-01 2.488300055265426636e-01 2.568743824958801270e-01 2.484208196401596069e-01 2.475041151046752930e-01 2.475085556507110596e-01 2.530498802661895752e-01 2.495580315589904785e-01 2.493096590042114258e-01 2.485827654600143433e-01 2.563184499740600586e-01 2.480944991111755371e-01 2.481535077095031738e-01 2.484151870012283325e-01
2.526847124099731445e-01 2.486429810523986816e-01 2.485712319612503052e-01 2.489361017942428589e-01 2.565570473670959473e-01 2.478853464126586914e-01 2.483239620923995972e-01 2.477017492055892944e-01 2.530259191989898682e-01 2.491675317287445068e-01 2.492948770523071289e-01 2.486308217048645020e-01 2.565637230873107910e-01 2.477857321500778198e-01 2.478862553834915161e-01 2.483403086662292480e-01
2.530732750892639160e-01 2.483547180891036987e-01 2.483529299497604370e-01 2.492831349372863770e-01 2.570892870426177979e-01 2.478834986686706543e-01 2.482693642377853394e-01 2.475948780775070190e-01 2.526938021183013916e-01 2.489605098962783813e-01 2.491243481636047363e-01 2.487306147813796997e-01 2.567448019981384277e-01 2.479331046342849731e-01 2.478936910629272461e-01 2.480164468288421631e-01
2.533085942268371582e-01 2.480736076831817627e-01 2.488190829753875732e-01 2.491811364889144897e-01 2.570036947727203369e-01 2.477857917547225952e-01 2.479767948389053345e-01 2.474866062402725220e-01 2.525752186775207520e-01 2.488846182823181152e-01 2.490828335285186768e-01 2.489048540592193604e-01 2.562865912914276123e-01 2.479301244020462036e-01 2.482796758413314819e-01 2.484190911054611206e-01
2.529637813568115234e-01 2.481240779161453247e-01 2.490419447422027588e-01 2.491589784622192383e-01 2.571491301059722900e-01 2.474273294210433960e-01 2.481257021427154541e-01 2.476443648338317871e-01 2.525323927402496338e-01 2.491984069347381592e-01 2.490702569484710693e-01 2.485636174678802490e-01 2.563680708408355713e-01 2.481091022491455078e-01 2.482535690069198608e-01 2.482674866914749146e-01
2.526884377002716064e-01 2.484472692012786865e-01 2.487999498844146729e-01 2.491142451763153076e-01 2.572673857212066650e-01 2.475956678390502930e-01 2.480552047491073608e-01 2.479712814092636108e-01 2.523124814033508301e-01 2.493926435708999634e-01 2.489976733922958374e-01 2.484448105096817017e-01 2.566870450973510742e-01 2.481794208288192749e-01 2.479788213968276978e-01 2.480658292770385742e-01
2.527772784233093262e-01 2.484709173440933228e-01 2.489370405673980713e-01 2.494800239801406860e-01 2.572166323661804199e-01 2.477889358997344971e-01 2.481670975685119629e-01 2.477724552154541016e-01 2.520288228988647461e-01 2.494341135025024414e-01 2.488477081060409546e-01 2.480846792459487915e-01 2.568781673908233643e-01 2.479232102632522583e-01 2.479271888732910156e-01 2.482640147209167480e-01
2.524877786636352539e-01 2.486272156238555908e-01 2.492004185914993286e-01 2.495362162590026855e-01 2.570640444755554199e-01 2.478415369987487793e-01 2.482818365097045898e-01 2.478351145982742310e-01 2.521409094333648682e-01 2.495118379592895508e-01 2.487150579690933228e-01 2.479212284088134766e-01 2.566452026367187500e-01 2.480601519346237183e-01 2.480261772871017456e-01 2.481033951044082642e-01
2.526683509349822998e-01 2.484566718339920044e-01 2.490403205156326294e-01 2.491527199745178223e-01 2.568323016166687012e-01 2.477570027112960815e-01 2.484217137098312378e-01 2.480301558971405029e-01 2.522740364074707031e-01 2.494231164455413818e-01 2.489823102951049805e-01 2.481941580772399902e-01 2.566058337688446045e-01 2.482334226369857788e-01 2.478798180818557739e-01 2.480460703372955322e-01
2.527947127819061279e-01 2.487936168909072876e-01 2.490154653787612915e-01 2.491248846054077148e-01 2.566685080528259277e-01 2.478222995996475220e-01 2.481702268123626709e-01 2.479695081710815430e-01 2.525054216384887695e-01 2.495786100625991821e-01 2.485888600349426270e-01 2.484096139669418335e-01 2.567975223064422607e-01 2.481698244810104370e-01 2.478501945734024048e-01 2.477387338876724243e-01
2.529075145721435547e-01 2.487349361181259155e-01 2.491311430931091309e-01 2.492187917232513428e-01 2.564816176891326904e-01 2.477059513330459595e-01 2.481475174427032471e-01 2.480317205190658569e-01 2.525729238986968994e-01 2.493435889482498169e-01 2.485219389200210571e-01 2.484083622694015503e-01 2.567262053489685059e-01 2.484019994735717773e-01 2.478552758693695068e-01 2.478085309267044067e-01
2.532286643981933594e-01 2.488515973091125488e-01 2.491825371980667114e-01 2.494640350341796875e-01 2.565088570117950439e-01 2.475400120019912720e-01 2.481476813554763794e-01 2.476545721292495728e-01 2.528274059295654297e-01 2.491110414266586304e-01 2.485506683588027954e-01 2.484574466943740845e-01 2.567813992500305176e-01 2.483832240104675293e-01 2.477872967720031738e-01 2.475214004516601562e-01
2.530181407928466797e-01 2.488284856081008911e-01 2.489214390516281128e-01 2.490635514259338379e-01 2.565599977970123291e-01 2.475479841232299805e-01 2.481967657804489136e-01 2.476667910814285278e-01 2.528303265571594238e-01 2.493201494216918945e-01 2.486609816551208496e-01 2.487423270940780640e-01 2.568062245845794678e-01 2.485497891902923584e-01 2.476742267608642578e-01 2.476107180118560791e-01
2.527760863304138184e-01 2.486670166254043579e-01 2.488129287958145142e-01 2.489579617977142334e-01 2.565259337425231934e-01 2.477855384349822998e-01 2.479923367500305176e-01 2.482697218656539917e-01 2.525932490825653076e-01 2.494353950023651123e-01 2.485659718513488770e-01 2.485277950763702393e-01 2.570821940898895264e-01 2.487451881170272827e-01 2.476056516170501709e-01 2.476548552513122559e-01
2.527621686458587646e-01 2.487982660531997681e-01 2.488434463739395142e-01 2.490279823541641235e-01 2.563383281230926514e-01 2.477167695760726929e-01 2.480626255273818970e-01 2.482379078865051270e-01 2.523799240589141846e-01 2.496110349893569946e-01 2.490194290876388550e-01 2.487815767526626587e-01 2.570770382881164551e-01 2.483209669589996338e-01 2.475852072238922119e-01 2.474351376295089722e-01
2.527036070823669434e-01 2.485644668340682983e-01 2.490125596523284912e-01 2.489039301872253418e-01 2.563732266426086426e-01 2.474094182252883911e-01 2.480492740869522095e-01 2.479819506406784058e-01 2.527109384536743164e-01 2.492946982383728027e-01 2.491189539432525635e-01 2.492846101522445679e-01 2.570915520191192627e-01 2.482551038265228271e-01 2.475952208042144775e-01 2.476482093334197998e-01
2.526382803916931152e-01 2.484997808933258057e-01 2.491697072982788086e-01 2.492402493953704834e-01 2.562374770641326904e-01 2.473964542150497437e-01 2.480204850435256958e-01 2.481311559677124023e-01 2.528179585933685303e-01 2.491897344589233398e-01 2.491701543331146240e-01 2.490742206573486328e-01 2.569161057472229004e-01 2.479668110609054565e-01 2.477184236049652100e-01 2.478105723857879639e-01
2.526857554912567139e-01 2.485305517911911011e-01 2.491985559463500977e-01 2.491881549358367920e-01 2.562075257301330566e-01 2.475372254848480225e-01 2.478843331336975098e-01 2.481014579534530640e-01 2.527839541435241699e-01 2.491206824779510498e-01 2.493202388286590576e-01 2.491945773363113403e-01 2.569227218627929688e-01 2.482153475284576416e-01 2.474185526371002197e-01 2.476879358291625977e-01
2.526683509349822998e-01 2.485915273427963257e-01 2.491530030965805054e-01 2.490592002868652344e-01 2.564581632614135742e-01 2.475912868976593018e-01 2.479766309261322021e-01 2.478353679180145264e-01 2.529436945915222168e-01 2.488857060670852661e-01 2.493828684091567993e-01 2.492124289274215698e-01 2.569473087787628174e-01 2.481102496385574341e-01 2.475210726261138916e-01 2.476606369018554688e-01
2.527776956558227539e-01 2.484660446643829346e-01 2.490496188402175903e-01 2.489207386970520020e-01 2.566066384315490723e-01 2.476988285779953003e-01 2.480740994215011597e-01 2.482383400201797485e-01 2.525465786457061768e-01 2.490036636590957642e-01 2.489406764507293701e-01 2.490818798542022705e-01 2.569592595100402832e-01 2.480224519968032837e-01 2.479417175054550171e-01 2.476691901683807373e-01
2.526797056198120117e-01 2.484493404626846313e-01 2.489023208618164062e-01 2.487595379352569580e-01 2.564705014228820801e-01 2.477472722530364990e-01 2.481762319803237915e-01 2.481569498777389526e-01 2.525501847267150879e-01 2.491345554590225220e-01 2.491897791624069214e-01 2.491326034069061279e-01 2.569756507873535156e-01 2.481025606393814087e-01 2.480829507112503052e-01 2.474873065948486328e-01
2.525672912597656250e-01 2.485536634922027588e-01 2.486842572689056396e-01 2.488494664430618286e-01 2.564166486263275146e-01 2.478520125150680542e-01 2.483582049608230591e-01 2.480603307485580444e-01 2.526214420795440674e-01 2.492044866085052490e-01 2.491956502199172974e-01 2.492169737815856934e-01 2.566796839237213135e-01 2.483227401971817017e-01 2.479542642831802368e-01 2.474602758884429932e-01
2.526130080223083496e-01 2.485032528638839722e-01 2.486876845359802246e-01 2.490213662385940552e-01 2.564066648483276367e-01 2.479346841573715210e-01 2.480578571557998657e-01 2.481173127889633179e-01 2.522894144058227539e-01 2.494907826185226440e-01 2.492430210113525391e-01 2.494914680719375610e-01 2.569125592708587646e-01 2.481355965137481689e-01 2.477505356073379517e-01 2.473421245813369751e-01
2.528637349605560303e-01 2.487048804759979248e-01 2.487474679946899414e-01 2.490693330764770508e-01 2.564300596714019775e-01 2.475592195987701416e-01 2.477980703115463257e-01 2.483251243829727173e-01 2.524777948856353760e-01 2.495986074209213257e-01 2.495592087507247925e-01 2.494964450597763062e-01 2.567077577114105225e-01 2.479516714811325073e-01 2.473884075880050659e-01 2.473194450139999390e-01
2.527193129062652588e-01 2.487140893936157227e-01 2.486333847045898438e-01 2.492349892854690552e-01 2.566584646701812744e-01 2.475806325674057007e-01 2.479892075061798096e-01 2.477501034736633301e-01 2.526587843894958496e-01 2.493270486593246460e-01 2.492907196283340454e-01 2.494283318519592285e-01 2.567794024944305420e-01 2.479770779609680176e-01 2.475791126489639282e-01 2.476765811443328857e-01
2.524778246879577637e-01 2.487190961837768555e-01 2.486919760704040527e-01 2.495035976171493530e-01 2.564711272716522217e-01 2.477043569087982178e-01 2.479447275400161743e-01 2.477674186229705811e-01 2.528723776340484619e-01 2.492558062076568604e-01 2.490615397691726685e-01 2.494118511676788330e-01 2.566056549549102783e-01 2.479536682367324829e-01 2.479505091905593872e-01 2.476056069135665894e-01
2.525838911533355713e-01 2.487778812646865845e-01 2.483024001121520996e-01 2.490634024143218994e-01 2.564382255077362061e-01 2.479997128248214722e-01 2.483117282390594482e-01 2.478028982877731323e-01 2.528695166110992432e-01 2.493827790021896362e-01 2.490487545728683472e-01 2.493483871221542358e-01 2.565495967864990234e-01 2.478854805231094360e-01 2.479559779167175293e-01 2.476764172315597534e-01
2.526367008686065674e-01 2.489134222269058228e-01 2.485245913267135620e-01 2.489994168281555176e-01 2.565784454345703125e-01 2.479741275310516357e-01 2.483312785625457764e-01 2.476064711809158325e-01 2.526569664478302002e-01 2.493826299905776978e-01 2.491294890642166138e-01 2.494166195392608643e-01 2.565472722053527832e-01 2.478584498167037964e-01 2.479662448167800903e-01 2.474749833345413208e-01
2.526050209999084473e-01 2.487596571445465088e-01 2.486167550086975098e-01 2.490592449903488159e-01 2.567914724349975586e-01 2.477376312017440796e-01 2.482594549655914307e-01 2.477291375398635864e-01 2.526786327362060547e-01 2.493768632411956787e-01 2.489283978939056396e-01 2.494516372680664062e-01 2.564073801040649414e-01 2.477151453495025635e-01 2.481469064950942993e-01 2.477335929870605469e-01
2.526012957096099854e-01 2.488921880722045898e-01 2.484617233276367188e-01 2.492508739233016968e-01 2.570891678333282471e-01 2.480487376451492310e-01 2.480271756649017334e-01 2.476088255643844604e-01 2.527005076408386230e-01 2.493018209934234619e-01 2.489175498485565186e-01 2.494293004274368286e-01 2.564390599727630615e-01 2.477255314588546753e-01 2.479608058929443359e-01 2.475423812866210938e-01
2.526212632656097412e-01 2.485485076904296875e-01 2.483667731285095215e-01 2.491703182458877563e-01 2.571375966072082520e-01 2.478946149349212646e-01 2.481945008039474487e-01 2.479362189769744873e-01 2.525652647018432617e-01 2.494722306728363037e-01 2.484353631734848022e-01 2.493793964385986328e-01 2.564040124416351318e-01 2.479871511459350586e-01 2.481407076120376587e-01 2.477430105209350586e-01
2.525818943977355957e-01 2.488855272531509399e-01 2.486249804496765137e-01 2.491110563278198242e-01 2.569269835948944092e-01 2.478276342153549194e-01 2.481074482202529907e-01 2.478042095899581909e-01 2.523581981658935547e-01 2.495341300964355469e-01 2.486113458871841431e-01 2.492222934961318970e-01 2.562563717365264893e-01 2.484655678272247314e-01 2.480504959821701050e-01 2.476287037134170532e-01
2.522926926612854004e-01 2.488424330949783325e-01 2.489555627107620239e-01 2.491647601127624512e-01 2.569993436336517334e-01 2.474918663501739502e-01 2.480589151382446289e-01 2.480642199516296387e-01 2.521809041500091553e-01 2.495150864124298096e-01 2.488975077867507935e-01 2.493019849061965942e-01 2.565467357635498047e-01 2.483715862035751343e-01 2.479159832000732422e-01 2.473973333835601807e-01
2.526113986968994141e-01 2.490034848451614380e-01 2.491364926099777222e-01 2.487355321645736694e-01 2.569857537746429443e-01 2.477537393569946289e-01 2.478309720754623413e-01 2.478123605251312256e-01 2.524680793285369873e-01 2.490399926900863647e-01 2.488738447427749634e-01 2.491602152585983276e-01 2.567123472690582275e-01 2.483355551958084106e-01 2.479381859302520752e-01 2.475988119840621948e-01
2.528987228870391846e-01 2.488688379526138306e-01 2.491807490587234497e-01 2.486338913440704346e-01 2.568746805191040039e-01 2.477431595325469971e-01 2.479586005210876465e-01 2.478669732809066772e-01 2.526172101497650146e-01 2.489923685789108276e-01 2.489511817693710327e-01 2.491872459650039673e-01 2.567287683486938477e-01 2.481802254915237427e-01 2.474853098392486572e-01 2.478287816047668457e-01
2.526167631149291992e-01 2.490988522768020630e-01 2.489441186189651489e-01 2.485740482807159424e-01 2.570379078388214111e-01 2.479546219110488892e-01 2.475921362638473511e-01 2.477652728557586670e-01 2.527675628662109375e-01 2.493084818124771118e-01 2.489243894815444946e-01 2.493140995502471924e-01 2.566386759281158447e-01 2.480140328407287598e-01 2.473731189966201782e-01 2.480725646018981934e-01
2.527554929256439209e-01 2.491781711578369141e-01 2.488260865211486816e-01 2.484134733676910400e-01 2.567425370216369629e-01 2.479374259710311890e-01 2.475242912769317627e-01 2.478833049535751343e-01 2.530629634857177734e-01 2.491596490144729614e-01 2.489548623561859131e-01 2.493197917938232422e-01 2.566363513469696045e-01 2.480264157056808472e-01 2.473952919244766235e-01 2.481805533170700073e-01
2.524303197860717773e-01 2.493814080953598022e-01 2.486939728260040283e-01 2.484535425901412964e-01 2.569749653339385986e-01 2.478597611188888550e-01 2.475308328866958618e-01 2.479359656572341919e-01 2.528854310512542725e-01 2.493472844362258911e-01 2.493027597665786743e-01 2.493198513984680176e-01 2.565157711505889893e-01 2.478112727403640747e-01 2.475057095289230347e-01 2.480476498603820801e-01
2.525099515914916992e-01 2.492326647043228149e-01 2.486835718154907227e-01 2.484451681375503540e-01 2.570164501667022705e-01 2.477296441793441772e-01 2.477882951498031616e-01 2.481612116098403931e-01 2.527674138545989990e-01 2.491358965635299683e-01 2.490957528352737427e-01 2.493082731962203979e-01 2.565213441848754883e-01 2.480884194374084473e-01 2.475220859050750732e-01 2.479903101921081543e-01
2.526340484619140625e-01 2.491341382265090942e-01 2.486052364110946655e-01 2.486660033464431763e-01 2.572520375251770020e-01 2.478292733430862427e-01 2.478581815958023071e-01 2.480869591236114502e-01 2.525307238101959229e-01 2.489861100912094116e-01 2.491784393787384033e-01 2.492628097534179688e-01 2.564654052257537842e-01 2.480087280273437500e-01 2.475069761276245117e-01 2.479913830757141113e-01
2.525156438350677490e-01 2.491966784000396729e-01 2.488525062799453735e-01 2.485869824886322021e-01 2.572375833988189697e-01 2.476468980312347412e-01 2.477962076663970947e-01 2.481547296047210693e-01 2.526712715625762939e-01 2.489999532699584961e-01 2.494114637374877930e-01 2.493466138839721680e-01 2.566638886928558350e-01 2.475807070732116699e-01 2.475471645593643188e-01 2.477881163358688354e-01
2.525139451026916504e-01 2.491563111543655396e-01 2.484751194715499878e-01 2.487413734197616577e-01 2.572438120841979980e-01 2.478405386209487915e-01 2.477751225233078003e-01 2.479130178689956665e-01 2.527707219123840332e-01 2.490165233612060547e-01 2.493050843477249146e-01 2.491631656885147095e-01 2.566452026367187500e-01 2.478718608617782593e-01 2.475339323282241821e-01 2.480306178331375122e-01
2.527918219566345215e-01 2.492903023958206177e-01 2.487893998622894287e-01 2.488411515951156616e-01 2.568747997283935547e-01 2.478339970111846924e-01 2.478447109460830688e-01 2.478824406862258911e-01 2.527285814285278320e-01 2.488537281751632690e-01 2.494267076253890991e-01 2.490452229976654053e-01 2.566726505756378174e-01 2.476443052291870117e-01 2.475651353597640991e-01 2.479112893342971802e-01
2.527823448181152344e-01 2.494345009326934814e-01 2.490514516830444336e-01 2.492120265960693359e-01 2.568365633487701416e-01 2.477162033319473267e-01 2.477092295885086060e-01 2.479688972234725952e-01 2.525361776351928711e-01 2.487440556287765503e-01 2.490452826023101807e-01 2.490363717079162598e-01 2.565500140190124512e-01 2.476419061422348022e-01 2.476866543292999268e-01 2.480445057153701782e-01
2.529328763484954834e-01 2.496316730976104736e-01 2.489062845706939697e-01 2.492674440145492554e-01 2.566745877265930176e-01 2.477369606494903564e-01 2.479853183031082153e-01 2.478418499231338501e-01 2.525268495082855225e-01 2.487401962280273438e-01 2.488307058811187744e-01 2.494035810232162476e-01 2.565787136554718018e-01 2.474352717399597168e-01 2.478170990943908691e-01 2.476867586374282837e-01
2.529080212116241455e-01 2.492504566907882690e-01 2.490122616291046143e-01 2.490795850753784180e-01 2.566955387592315674e-01 2.480227351188659668e-01 2.481055706739425659e-01 2.479027360677719116e-01 2.522434592247009277e-01 2.485817521810531616e-01 2.487694621086120605e-01 2.493945658206939697e-01 2.567475736141204834e-01 2.474495321512222290e-01 2.477185279130935669e-01 2.481143027544021606e-01
2.528330981731414795e-01 2.490386366844177246e-01 2.489724457263946533e-01 2.489871233701705933e-01 2.567780911922454834e-01 2.482301294803619385e-01 2.481903880834579468e-01 2.479469925165176392e-01 2.521328330039978027e-01 2.487405240535736084e-01 2.489226758480072021e-01 2.493349611759185791e-01 2.566661834716796875e-01 2.474882602691650391e-01 2.478193342685699463e-01 2.479143142700195312e-01
2.526828348636627197e-01 2.491373568773269653e-01 2.489594966173171997e-01 2.492353916168212891e-01 2.570647895336151123e-01 2.478453963994979858e-01 2.483048588037490845e-01 2.477466762065887451e-01 2.523036003112792969e-01 2.485226839780807495e-01 2.490792423486709595e-01 2.493041902780532837e-01 2.566988468170166016e-01 2.473156750202178955e-01 2.476775199174880981e-01 2.481173425912857056e-01
2.530368566513061523e-01 2.493603974580764771e-01 2.489081472158432007e-01 2.492446601390838623e-01 2.568049132823944092e-01 2.477511465549468994e-01 2.482014894485473633e-01 2.476692646741867065e-01 2.522764801979064941e-01 2.487863749265670776e-01 2.488499134778976440e-01 2.496401369571685791e-01 2.564696073532104492e-01 2.473403811454772949e-01 2.474161982536315918e-01 2.482399195432662964e-01
2.532278895378112793e-01 2.491087764501571655e-01 2.488421201705932617e-01 2.490028291940689087e-01 2.567214071750640869e-01 2.476992756128311157e-01 2.479674518108367920e-01 2.476747184991836548e-01 2.524444162845611572e-01 2.488812804222106934e-01 2.489939779043197632e-01 2.498775124549865723e-01 2.566249370574951172e-01 2.474940270185470581e-01 2.473462224006652832e-01 2.480890452861785889e-01
2.529861927032470703e-01 2.492287307977676392e-01 2.489109635353088379e-01 2.489833384752273560e-01 2.567445635795593262e-01 2.475753873586654663e-01 2.480659782886505127e-01 2.477492392063140869e-01 2.526934742927551270e-01 2.488270848989486694e-01 2.490112483501434326e-01 2.495069354772567749e-01 2.566785514354705811e-01 2.472325414419174194e-01 2.476458549499511719e-01 2.481556683778762817e-01
2.528273761272430420e-01 2.491709142923355103e-01 2.488643825054168701e-01 2.490914165973663330e-01 2.568666636943817139e-01 2.474956512451171875e-01 2.480482608079910278e-01 2.478797435760498047e-01 2.525436878204345703e-01 2.489306479692459106e-01 2.489802390336990356e-01 2.494549602270126343e-01 2.568564713001251221e-01 2.472771853208541870e-01 2.475496381521224976e-01 2.481586188077926636e-01
2.528346478939056396e-01 2.492921054363250732e-01 2.488602101802825928e-01 2.490607351064682007e-01 2.568769454956054688e-01 2.476563304662704468e-01 2.479210048913955688e-01 2.477423697710037231e-01 2.527346014976501465e-01 2.487971931695938110e-01 2.490522414445877075e-01 2.493097037076950073e-01 2.566414177417755127e-01 2.471763342618942261e-01 2.477119565010070801e-01 2.483279556035995483e-01
2.527644336223602295e-01 2.492463290691375732e-01 2.487340122461318970e-01 2.487546503543853760e-01 2.568501830101013184e-01 2.478565424680709839e-01 2.480081617832183838e-01 2.478029578924179077e-01 2.527161240577697754e-01 2.490181922912597656e-01 2.491849064826965332e-01 2.492880672216415405e-01 2.564924359321594238e-01 2.471745461225509644e-01 2.481053620576858521e-01 2.479987889528274536e-01
2.527068257331848145e-01 2.492709755897521973e-01 2.489000260829925537e-01 2.488751858472824097e-01 2.567742466926574707e-01 2.478147000074386597e-01 2.480670362710952759e-01 2.475792765617370605e-01 2.528562545776367188e-01 2.489699125289916992e-01 2.491943687200546265e-01 2.492886185646057129e-01 2.564885616302490234e-01 2.472461909055709839e-01 2.480907887220382690e-01 2.478726506233215332e-01
2.525328695774078369e-01 2.492949515581130981e-01 2.488793134689331055e-01 2.486785203218460083e-01 2.564736604690551758e-01 2.480069845914840698e-01 2.479208707809448242e-01 2.478301823139190674e-01 2.529266178607940674e-01 2.488215863704681396e-01 2.491242438554763794e-01 2.494929283857345581e-01 2.568373680114746094e-01 2.472196370363235474e-01 2.481145262718200684e-01 2.478412389755249023e-01
2.527178823947906494e-01 2.491775155067443848e-01 2.489374727010726929e-01 2.486624866724014282e-01 2.565914392471313477e-01 2.480226755142211914e-01 2.477430701255798340e-01 2.477648705244064331e-01 2.528725564479827881e-01 2.488879561424255371e-01 2.489815801382064819e-01 2.490667104721069336e-01 2.567283809185028076e-01 2.476410865783691406e-01 2.482111752033233643e-01 2.479885965585708618e-01
2.525746524333953857e-01 2.492017149925231934e-01 2.487650215625762939e-01 2.486033141613006592e-01 2.564765214920043945e-01 2.476510554552078247e-01 2.477484047412872314e-01 2.477710992097854614e-01 2.527988851070404053e-01 2.491980195045471191e-01 2.494070082902908325e-01 2.493185847997665405e-01 2.567864060401916504e-01 2.477816641330718994e-01 2.479330003261566162e-01 2.479801326990127563e-01
2.524722814559936523e-01 2.490013092756271362e-01 2.488663494586944580e-01 2.487672120332717896e-01 2.563975453376770020e-01 2.477513998746871948e-01 2.479264289140701294e-01 2.476092278957366943e-01 2.525618970394134521e-01 2.490038424730300903e-01 2.494765520095825195e-01 2.495799362659454346e-01 2.568749785423278809e-01 2.476687133312225342e-01 2.480612695217132568e-01 2.479764819145202637e-01
2.525124251842498779e-01 2.491403818130493164e-01 2.488571703433990479e-01 2.487578392028808594e-01 2.563511431217193604e-01 2.478163987398147583e-01 2.478747665882110596e-01 2.474817037582397461e-01 2.526523768901824951e-01 2.487765699625015259e-01 2.497851252555847168e-01 2.500281333923339844e-01 2.569483220577239990e-01 2.477321177721023560e-01 2.472945600748062134e-01 2.479863911867141724e-01
2.527520358562469482e-01 2.491712421178817749e-01 2.485598772764205933e-01 2.485826164484024048e-01 2.563819289207458496e-01 2.477171421051025391e-01 2.479016482830047607e-01 2.477252334356307983e-01 2.527301907539367676e-01 2.485104650259017944e-01 2.497790455818176270e-01 2.495162039995193481e-01 2.569769024848937988e-01 2.480949014425277710e-01 2.474497109651565552e-01 2.481461018323898315e-01
2.527622878551483154e-01 2.490124255418777466e-01 2.487937659025192261e-01 2.488556057214736938e-01 2.565604150295257568e-01 2.477400898933410645e-01 2.481351494789123535e-01 2.476033866405487061e-01 2.526659071445465088e-01 2.484127879142761230e-01 2.497121989727020264e-01 2.494097948074340820e-01 2.567342817783355713e-01 2.478918284177780151e-01 2.475227266550064087e-01 2.481826692819595337e-01
2.528717517852783203e-01 2.491100877523422241e-01 2.488182634115219116e-01 2.488560080528259277e-01 2.565406560897827148e-01 2.477855682373046875e-01 2.480303496122360229e-01 2.474390715360641479e-01 2.527602314949035645e-01 2.484305649995803833e-01 2.498363554477691650e-01 2.492519319057464600e-01 2.570514380931854248e-01 2.478493154048919678e-01 2.474379390478134155e-01 2.479256838560104370e-01
2.529816925525665283e-01 2.488517463207244873e-01 2.489766180515289307e-01 2.488975971937179565e-01 2.567885816097259521e-01 2.477324455976486206e-01 2.478824406862258911e-01 2.473406940698623657e-01 2.526772320270538330e-01 2.488617151975631714e-01 2.496582716703414917e-01 2.491270601749420166e-01 2.568988800048828125e-01 2.479935139417648315e-01 2.475966364145278931e-01 2.477300614118576050e-01
2.528151869773864746e-01 2.490479052066802979e-01 2.489211708307266235e-01 2.487956136465072632e-01 2.566016018390655518e-01 2.478852570056915283e-01 2.479752153158187866e-01 2.474097609519958496e-01 2.526484727859497070e-01 2.489321380853652954e-01 2.496267259120941162e-01 2.493769377470016479e-01 2.567991018295288086e-01 2.479120641946792603e-01 2.476364523172378540e-01 2.476115822792053223e-01
2.531188428401947021e-01 2.494892925024032593e-01 2.486950904130935669e-01 2.485131770372390747e-01 2.565421760082244873e-01 2.478814423084259033e-01 2.478192895650863647e-01 2.473923563957214355e-01 2.528329491615295410e-01 2.487031668424606323e-01 2.493035644292831421e-01 2.492962479591369629e-01 2.570478022098541260e-01 2.477966398000717163e-01 2.479398250579833984e-01 2.476231604814529419e-01
2.530170679092407227e-01 2.493676990270614624e-01 2.485492527484893799e-01 2.488230168819427490e-01 2.566608786582946777e-01 2.475231736898422241e-01 2.480135411024093628e-01 2.474970221519470215e-01 2.527025341987609863e-01 2.485370337963104248e-01 2.491628974676132202e-01 2.494166642427444458e-01 2.570623159408569336e-01 2.479806989431381226e-01 2.480268925428390503e-01 2.476543039083480835e-01
2.529265582561492920e-01 2.490830868482589722e-01 2.485829144716262817e-01 2.486322820186614990e-01 2.570987641811370850e-01 2.475484758615493774e-01 2.475044131278991699e-01 2.475210875272750854e-01 2.527436017990112305e-01 2.487989813089370728e-01 2.491553872823715210e-01 2.493731230497360229e-01 2.572125792503356934e-01 2.481586188077926636e-01 2.480160593986511230e-01 2.476388812065124512e-01
2.528067529201507568e-01 2.488223612308502197e-01 2.488026618957519531e-01 2.488438785076141357e-01 2.569282352924346924e-01 2.476272583007812500e-01 2.476002871990203857e-01 2.474661618471145630e-01 2.528298497200012207e-01 2.490236014127731323e-01 2.489991188049316406e-01 2.494513094425201416e-01 2.571533918380737305e-01 2.479069232940673828e-01 2.480825781822204590e-01 2.476505041122436523e-01
