# pops for 16 qbits with connectivity c5 and unitary DM 22859279449856
3.999999761581420898e-01 2.000000029802322388e-01 2.000000029802322388e-01 2.000000029802322388e-01 4.000000059604644775e-01 1.999999880790710449e-01 1.999999880790710449e-01 1.999999880790710449e-01 3.999999463558197021e-01 1.999999880790710449e-01 1.999999880790710449e-01 1.999999880790710449e-01 3.999999761581420898e-01 1.999999880790710449e-01 1.999999880790710449e-01 1.999999880790710449e-01
3.289472460746765137e-01 2.082888931035995483e-01 2.274636030197143555e-01 2.245565354824066162e-01 3.558904528617858887e-01 2.112641185522079468e-01 2.202025949954986572e-01 2.233865857124328613e-01 3.317345082759857178e-01 2.740254998207092285e-01 2.000000029802322388e-01 2.000000029802322388e-01 3.617199063301086426e-01 1.999999880790710449e-01 1.999999880790710449e-01 2.325201183557510376e-01
3.058484792709350586e-01 2.382425814867019653e-01 2.258106619119644165e-01 2.217166423797607422e-01 3.263607025146484375e-01 2.181060761213302612e-01 2.214316725730895996e-01 2.424832731485366821e-01 2.973520159721374512e-01 2.751742899417877197e-01 2.198564112186431885e-01 2.067024111747741699e-01 3.260529637336730957e-01 2.091081440448760986e-01 2.337587773799896240e-01 2.319950312376022339e-01
2.903974056243896484e-01 2.387097775936126709e-01 2.255636155605316162e-01 2.198063135147094727e-01 3.091326057910919189e-01 2.396262884140014648e-01 2.350472956895828247e-01 2.456814199686050415e-01 3.020749092102050781e-01 2.554894387722015381e-01 2.341333776712417603e-01 2.093349844217300415e-01 3.094671666622161865e-01 2.127588689327239990e-01 2.451543509960174561e-01 2.276221066713333130e-01
2.794747650623321533e-01 2.544597089290618896e-01 2.364814728498458862e-01 2.211366146802902222e-01 2.858161926269531250e-01 2.454346716403961182e-01 2.378282397985458374e-01 2.464765310287475586e-01 2.875809967517852783e-01 2.572475373744964600e-01 2.579903602600097656e-01 2.130967527627944946e-01 2.852852344512939453e-01 2.155017405748367310e-01 2.373193651437759399e-01 2.388696819543838501e-01
2.613537013530731201e-01 2.520331442356109619e-01 2.378858029842376709e-01 2.390191555023193359e-01 2.818178236484527588e-01 2.470392584800720215e-01 2.412533909082412720e-01 2.523281574249267578e-01 2.807308435440063477e-01 2.582369744777679443e-01 2.579229474067687988e-01 2.215745151042938232e-01 2.651516795158386230e-01 2.259529680013656616e-01 2.365113943815231323e-01 2.411880940198898315e-01
2.558534145355224609e-01 2.521339654922485352e-01 2.400680482387542725e-01 2.436024993658065796e-01 2.814394831657409668e-01 2.507128417491912842e-01 2.441688179969787598e-01 2.516697645187377930e-01 2.738904058933258057e-01 2.479774802923202515e-01 2.545268535614013672e-01 2.269090414047241211e-01 2.588923871517181396e-01 2.352963387966156006e-01 2.429365068674087524e-01 2.399220019578933716e-01
2.576182484626770020e-01 2.479839473962783813e-01 2.410159558057785034e-01 2.469044029712677002e-01 2.772987186908721924e-01 2.493549287319183350e-01 2.484303563833236694e-01 2.494906038045883179e-01 2.659397423267364502e-01 2.484855055809020996e-01 2.498583942651748657e-01 2.322810590267181396e-01 2.588919997215270996e-01 2.399453967809677124e-01 2.433625906705856323e-01 2.431379407644271851e-01
2.538291215896606445e-01 2.482857555150985718e-01 2.398446351289749146e-01 2.489000856876373291e-01 2.755436897277832031e-01 2.473317235708236694e-01 2.486718297004699707e-01 2.488916963338851929e-01 2.606153786182403564e-01 2.491119354963302612e-01 2.510700523853302002e-01 2.359862327575683594e-01 2.654715180397033691e-01 2.365417778491973877e-01 2.458965778350830078e-01 2.440077215433120728e-01
2.503154575824737549e-01 2.522280216217041016e-01 2.433908283710479736e-01 2.480807453393936157e-01 2.744970023632049561e-01 2.462959736585617065e-01 2.492899596691131592e-01 2.472005635499954224e-01 2.622670233249664307e-01 2.453627139329910278e-01 2.487058043479919434e-01 2.392249554395675659e-01 2.632907330989837646e-01 2.408200800418853760e-01 2.464936673641204834e-01 2.425361722707748413e-01
2.515099942684173584e-01 2.489946484565734863e-01 2.464876323938369751e-01 2.500565648078918457e-01 2.708071172237396240e-01 2.460163086652755737e-01 2.486099451780319214e-01 2.477308213710784912e-01 2.600406408309936523e-01 2.466357648372650146e-01 2.468655854463577271e-01 2.407390177249908447e-01 2.619487941265106201e-01 2.453858256340026855e-01 2.451270222663879395e-01 2.430439442396163940e-01
2.519904375076293945e-01 2.485740631818771362e-01 2.470496594905853271e-01 2.500561177730560303e-01 2.665387392044067383e-01 2.460744529962539673e-01 2.473216801881790161e-01 2.530446350574493408e-01 2.589956223964691162e-01 2.450461387634277344e-01 2.476152777671813965e-01 2.415333837270736694e-01 2.613688409328460693e-01 2.451815605163574219e-01 2.439749091863632202e-01 2.456340491771697998e-01
2.539235949516296387e-01 2.489948570728302002e-01 2.458567768335342407e-01 2.493638396263122559e-01 2.631809115409851074e-01 2.449026107788085938e-01 2.466797232627868652e-01 2.534139752388000488e-01 2.585753798484802246e-01 2.464938610792160034e-01 2.486706227064132690e-01 2.445399761199951172e-01 2.601383924484252930e-01 2.450752854347229004e-01 2.444498538970947266e-01 2.457398176193237305e-01
2.538585066795349121e-01 2.492009401321411133e-01 2.462061941623687744e-01 2.495966851711273193e-01 2.623734474182128906e-01 2.453757524490356445e-01 2.473194897174835205e-01 2.523853480815887451e-01 2.558470070362091064e-01 2.476767897605895996e-01 2.482874542474746704e-01 2.446003258228302002e-01 2.604402601718902588e-01 2.452391833066940308e-01 2.456934303045272827e-01 2.458987385034561157e-01
2.550093829631805420e-01 2.491383850574493408e-01 2.473431974649429321e-01 2.489517480134963989e-01 2.617017924785614014e-01 2.458267211914062500e-01 2.464664131402969360e-01 2.515486180782318115e-01 2.546675503253936768e-01 2.478241175413131714e-01 2.486587911844253540e-01 2.456473261117935181e-01 2.584248483180999756e-01 2.460826784372329712e-01 2.460919618606567383e-01 2.466159313917160034e-01
2.555794417858123779e-01 2.498727589845657349e-01 2.477832734584808350e-01 2.473643869161605835e-01 2.598289847373962402e-01 2.463865876197814941e-01 2.469395399093627930e-01 2.503831386566162109e-01 2.554971575736999512e-01 2.479896098375320435e-01 2.486484497785568237e-01 2.461304068565368652e-01 2.573536932468414307e-01 2.474634051322937012e-01 2.459456324577331543e-01 2.468328773975372314e-01
2.554573416709899902e-01 2.494272142648696899e-01 2.484088987112045288e-01 2.477044165134429932e-01 2.601935565471649170e-01 2.465210258960723877e-01 2.477028667926788330e-01 2.497145682573318481e-01 2.551201581954956055e-01 2.476766705513000488e-01 2.479280978441238403e-01 2.464549243450164795e-01 2.572561502456665039e-01 2.470789402723312378e-01 2.463030219078063965e-01 2.470514178276062012e-01
2.547975778579711914e-01 2.499641925096511841e-01 2.484822124242782593e-01 2.483569085597991943e-01 2.587629854679107666e-01 2.464855015277862549e-01 2.481074929237365723e-01 2.490017265081405640e-01 2.548197209835052490e-01 2.472408562898635864e-01 2.481394857168197632e-01 2.468283176422119141e-01 2.569224238395690918e-01 2.474210858345031738e-01 2.470564395189285278e-01 2.476122826337814331e-01
2.538555860519409180e-01 2.501038610935211182e-01 2.484069615602493286e-01 2.494100332260131836e-01 2.585174739360809326e-01 2.466198503971099854e-01 2.475430220365524292e-01 2.495018243789672852e-01 2.542581856250762939e-01 2.482815533876419067e-01 2.474048733711242676e-01 2.475958913564682007e-01 2.556450366973876953e-01 2.468901723623275757e-01 2.480860352516174316e-01 2.478788197040557861e-01
2.536270320415496826e-01 2.504896521568298340e-01 2.483299523591995239e-01 2.490777671337127686e-01 2.577250599861145020e-01 2.470313310623168945e-01 2.475264668464660645e-01 2.497304677963256836e-01 2.545017004013061523e-01 2.489223331212997437e-01 2.472385019063949585e-01 2.478113919496536255e-01 2.561847865581512451e-01 2.461349964141845703e-01 2.476630210876464844e-01 2.480047494173049927e-01
2.537755668163299561e-01 2.503841519355773926e-01 2.486677914857864380e-01 2.489750981330871582e-01 2.578957378864288330e-01 2.476677298545837402e-01 2.476960122585296631e-01 2.493882924318313599e-01 2.544377446174621582e-01 2.487335801124572754e-01 2.470009326934814453e-01 2.481500655412673950e-01 2.559615671634674072e-01 2.462915182113647461e-01 2.468299716711044312e-01 2.481433600187301636e-01
2.540114521980285645e-01 2.498363703489303589e-01 2.497483938932418823e-01 2.488948851823806763e-01 2.564584314823150635e-01 2.474967539310455322e-01 2.477113008499145508e-01 2.502927780151367188e-01 2.540232241153717041e-01 2.490374892950057983e-01 2.474941015243530273e-01 2.474510073661804199e-01 2.557862102985382080e-01 2.465239465236663818e-01 2.477110773324966431e-01 2.475216835737228394e-01
2.538128197193145752e-01 2.494600266218185425e-01 2.493803948163986206e-01 2.485838234424591064e-01 2.566497921943664551e-01 2.474907040596008301e-01 2.475935071706771851e-01 2.498560845851898193e-01 2.540348768234252930e-01 2.495938241481781006e-01 2.479437291622161865e-01 2.479511946439743042e-01 2.559030950069427490e-01 2.466660439968109131e-01 2.479505538940429688e-01 2.471284717321395874e-01
2.538992762565612793e-01 2.498315274715423584e-01 2.490505427122116089e-01 2.484944760799407959e-01 2.566650807857513428e-01 2.475948333740234375e-01 2.477101683616638184e-01 2.493239045143127441e-01 2.540914416313171387e-01 2.493753582239151001e-01 2.479386776685714722e-01 2.476874589920043945e-01 2.558696568012237549e-01 2.469085901975631714e-01 2.483370155096054077e-01 2.472208589315414429e-01
2.538395226001739502e-01 2.495849728584289551e-01 2.489211410284042358e-01 2.492122352123260498e-01 2.569076120853424072e-01 2.476586699485778809e-01 2.474894374608993530e-01 2.489563077688217163e-01 2.543280422687530518e-01 2.492664903402328491e-01 2.482959926128387451e-01 2.478593289852142334e-01 2.558947801589965820e-01 2.469063699245452881e-01 2.480634152889251709e-01 2.468146383762359619e-01
2.536153495311737061e-01 2.491183727979660034e-01 2.489675134420394897e-01 2.491944283246994019e-01 2.568367123603820801e-01 2.482561320066452026e-01 2.472468614578247070e-01 2.485452741384506226e-01 2.543657720088958740e-01 2.494630068540573120e-01 2.486272007226943970e-01 2.477280646562576294e-01 2.558238208293914795e-01 2.471306324005126953e-01 2.482192367315292358e-01 2.468604296445846558e-01
2.532072663307189941e-01 2.489204406738281250e-01 2.488256990909576416e-01 2.489553838968276978e-01 2.564814388751983643e-01 2.484082728624343872e-01 2.475784420967102051e-01 2.484725564718246460e-01 2.543784677982330322e-01 2.494020760059356689e-01 2.490694522857666016e-01 2.479877769947052002e-01 2.559908330440521240e-01 2.472672760486602783e-01 2.479343414306640625e-01 2.471191585063934326e-01
2.528288066387176514e-01 2.491267472505569458e-01 2.487227320671081543e-01 2.488742917776107788e-01 2.561798393726348877e-01 2.488938421010971069e-01 2.476596683263778687e-01 2.485634833574295044e-01 2.538277804851531982e-01 2.493187040090560913e-01 2.489976584911346436e-01 2.478609830141067505e-01 2.560819089412689209e-01 2.473747283220291138e-01 2.480012178421020508e-01 2.476863265037536621e-01
2.528582513332366943e-01 2.491974383592605591e-01 2.492627799510955811e-01 2.489339858293533325e-01 2.562906742095947266e-01 2.482134550809860229e-01 2.479482442140579224e-01 2.481445223093032837e-01 2.536016106605529785e-01 2.493255436420440674e-01 2.492361962795257568e-01 2.481274306774139404e-01 2.561403512954711914e-01 2.475356608629226685e-01 2.477532029151916504e-01 2.474294304847717285e-01
2.528757750988006592e-01 2.490828484296798706e-01 2.490079849958419800e-01 2.486360818147659302e-01 2.561767697334289551e-01 2.481998652219772339e-01 2.480124980211257935e-01 2.482605725526809692e-01 2.535687386989593506e-01 2.494897246360778809e-01 2.495293170213699341e-01 2.480074316263198853e-01 2.561222016811370850e-01 2.477843165397644043e-01 2.477760761976242065e-01 2.474683374166488647e-01
2.529598474502563477e-01 2.495664358139038086e-01 2.488338351249694824e-01 2.488409429788589478e-01 2.561597526073455811e-01 2.478844672441482544e-01 2.479988187551498413e-01 2.480083256959915161e-01 2.536479830741882324e-01 2.490528672933578491e-01 2.493980377912521362e-01 2.480812072753906250e-01 2.561426460742950439e-01 2.478213459253311157e-01 2.482724785804748535e-01 2.473295181989669800e-01
2.526207566261291504e-01 2.494993507862091064e-01 2.490470111370086670e-01 2.485229671001434326e-01 2.561274766921997070e-01 2.481624335050582886e-01 2.481358498334884644e-01 2.481365203857421875e-01 2.534455060958862305e-01 2.492392659187316895e-01 2.489581853151321411e-01 2.484631240367889404e-01 2.559881508350372314e-01 2.477964907884597778e-01 2.481454163789749146e-01 2.477100044488906860e-01
2.528439164161682129e-01 2.490610927343368530e-01 2.492504417896270752e-01 2.485169917345046997e-01 2.563709020614624023e-01 2.483988553285598755e-01 2.482796311378479004e-01 2.481212019920349121e-01 2.531129121780395508e-01 2.490171492099761963e-01 2.483548223972320557e-01 2.485750466585159302e-01 2.565723955631256104e-01 2.479830831289291382e-01 2.478218227624893188e-01 2.477182298898696899e-01
2.527369260787963867e-01 2.494655996561050415e-01 2.492753565311431885e-01 2.484886795282363892e-01 2.563780844211578369e-01 2.482738643884658813e-01 2.478617578744888306e-01 2.480959594249725342e-01 2.528736889362335205e-01 2.491006255149841309e-01 2.484931945800781250e-01 2.487000077962875366e-01 2.565620243549346924e-01 2.479382157325744629e-01 2.478859275579452515e-01 2.478684335947036743e-01
2.527692019939422607e-01 2.492694258689880371e-01 2.493165284395217896e-01 2.485205978155136108e-01 2.565441131591796875e-01 2.480438500642776489e-01 2.481317520141601562e-01 2.481737434864044189e-01 2.530366778373718262e-01 2.492568343877792358e-01 2.482170909643173218e-01 2.485972493886947632e-01 2.567920386791229248e-01 2.478280812501907349e-01 2.478011399507522583e-01 2.477000653743743896e-01
2.527984976768493652e-01 2.493733018636703491e-01 2.497414052486419678e-01 2.487185746431350708e-01 2.562336623668670654e-01 2.478803545236587524e-01 2.482636123895645142e-01 2.482591122388839722e-01 2.528703212738037109e-01 2.491966187953948975e-01 2.481519132852554321e-01 2.487931102514266968e-01 2.567213475704193115e-01 2.478583157062530518e-01 2.478331774473190308e-01 2.473051249980926514e-01
2.529660761356353760e-01 2.494875192642211914e-01 2.498550415039062500e-01 2.488187402486801147e-01 2.564896643161773682e-01 2.478160858154296875e-01 2.480773776769638062e-01 2.481903880834579468e-01 2.530185580253601074e-01 2.492293715476989746e-01 2.484956383705139160e-01 2.486091107130050659e-01 2.566546201705932617e-01 2.474677115678787231e-01 2.475342899560928345e-01 2.472881525754928589e-01
2.528838515281677246e-01 2.494738101959228516e-01 2.495328933000564575e-01 2.487671971321105957e-01 2.566980421543121338e-01 2.478676736354827881e-01 2.479768693447113037e-01 2.484328895807266235e-01 2.529928684234619141e-01 2.492574155330657959e-01 2.483957260847091675e-01 2.487092018127441406e-01 2.566693127155303955e-01 2.472287267446517944e-01 2.476710826158523560e-01 2.474406808614730835e-01
2.527414560317993164e-01 2.495644986629486084e-01 2.496959865093231201e-01 2.489735484123229980e-01 2.568870782852172852e-01 2.477480918169021606e-01 2.477858960628509521e-01 2.485353648662567139e-01 2.530262768268585205e-01 2.493303418159484863e-01 2.483211457729339600e-01 2.485178112983703613e-01 2.565176784992218018e-01 2.472084313631057739e-01 2.476985305547714233e-01 2.474460005760192871e-01
2.527867257595062256e-01 2.492605894804000854e-01 2.489894181489944458e-01 2.490154653787612915e-01 2.574592232704162598e-01 2.475205510854721069e-01 2.479262351989746094e-01 2.489736825227737427e-01 2.531459033489227295e-01 2.493453025817871094e-01 2.482569515705108643e-01 2.487595677375793457e-01 2.563355267047882080e-01 2.472647279500961304e-01 2.477030903100967407e-01 2.472551017999649048e-01
2.527158856391906738e-01 2.490542232990264893e-01 2.489928305149078369e-01 2.491124123334884644e-01 2.574433386325836182e-01 2.478136420249938965e-01 2.477709203958511353e-01 2.490286231040954590e-01 2.530562281608581543e-01 2.490313500165939331e-01 2.482700198888778687e-01 2.485860288143157959e-01 2.564118504524230957e-01 2.475920319557189941e-01 2.477439045906066895e-01 2.473747879266738892e-01
2.528032660484313965e-01 2.490841895341873169e-01 2.495563179254531860e-01 2.492622882127761841e-01 2.572108805179595947e-01 2.476221323013305664e-01 2.477826029062271118e-01 2.486101984977722168e-01 2.532634735107421875e-01 2.491096854209899902e-01 2.482057511806488037e-01 2.487178593873977661e-01 2.564636766910552979e-01 2.473300099372863770e-01 2.478114068508148193e-01 2.471642792224884033e-01
2.529186308383941650e-01 2.494021207094192505e-01 2.496008723974227905e-01 2.491465061902999878e-01 2.572905719280242920e-01 2.476780861616134644e-01 2.473622709512710571e-01 2.483130842447280884e-01 2.528354227542877197e-01 2.491323798894882202e-01 2.482316344976425171e-01 2.489143908023834229e-01 2.566020786762237549e-01 2.475416511297225952e-01 2.477628737688064575e-01 2.472652792930603027e-01
2.528524398803710938e-01 2.492397874593734741e-01 2.493392080068588257e-01 2.492359131574630737e-01 2.573453485965728760e-01 2.477866858243942261e-01 2.475133091211318970e-01 2.483597099781036377e-01 2.527945041656494141e-01 2.491769790649414062e-01 2.482387423515319824e-01 2.489702850580215454e-01 2.564935684204101562e-01 2.477572858333587646e-01 2.474324405193328857e-01 2.474616914987564087e-01
2.530151605606079102e-01 2.492751628160476685e-01 2.490675747394561768e-01 2.493799030780792236e-01 2.571276426315307617e-01 2.479336112737655640e-01 2.474939525127410889e-01 2.483793497085571289e-01 2.527589201927185059e-01 2.494252920150756836e-01 2.481508851051330566e-01 2.489141076803207397e-01 2.564841806888580322e-01 2.479106783866882324e-01 2.471952438354492188e-01 2.474861592054367065e-01
2.528452575206756592e-01 2.493735402822494507e-01 2.491271197795867920e-01 2.493226677179336548e-01 2.570970952510833740e-01 2.479618042707443237e-01 2.473352849483489990e-01 2.486094683408737183e-01 2.524524927139282227e-01 2.492513507604598999e-01 2.482560425996780396e-01 2.491389960050582886e-01 2.563997507095336914e-01 2.479256689548492432e-01 2.474808990955352783e-01 2.474202215671539307e-01
2.527351379394531250e-01 2.490345388650894165e-01 2.490762919187545776e-01 2.493361830711364746e-01 2.569647431373596191e-01 2.481315284967422485e-01 2.479013651609420776e-01 2.484925240278244019e-01 2.524402439594268799e-01 2.492391318082809448e-01 2.482485771179199219e-01 2.492136359214782715e-01 2.563285827636718750e-01 2.479244023561477661e-01 2.474849671125411987e-01 2.474459856748580933e-01
2.529292404651641846e-01 2.491119205951690674e-01 2.492889612913131714e-01 2.492857575416564941e-01 2.567006945610046387e-01 2.479449361562728882e-01 2.480031102895736694e-01 2.484076321125030518e-01 2.523607313632965088e-01 2.490594238042831421e-01 2.483314424753189087e-01 2.492459565401077271e-01 2.564185559749603271e-01 2.479311972856521606e-01 2.475234866142272949e-01 2.474546581506729126e-01
2.531858384609222412e-01 2.488936930894851685e-01 2.490146309137344360e-01 2.491203397512435913e-01 2.570718526840209961e-01 2.478828430175781250e-01 2.479739636182785034e-01 2.485290765762329102e-01 2.525205016136169434e-01 2.490786015987396240e-01 2.484577447175979614e-01 2.491477876901626587e-01 2.565164268016815186e-01 2.479532957077026367e-01 2.474731802940368652e-01 2.471778243780136108e-01
2.531291842460632324e-01 2.486672252416610718e-01 2.490648776292800903e-01 2.495321333408355713e-01 2.566062211990356445e-01 2.477543503046035767e-01 2.479049265384674072e-01 2.485372275114059448e-01 2.527750730514526367e-01 2.490892559289932251e-01 2.483420372009277344e-01 2.493301182985305786e-01 2.567605674266815186e-01 2.481565624475479126e-01 2.474013566970825195e-01 2.469464838504791260e-01
2.529363334178924561e-01 2.486571222543716431e-01 2.489811629056930542e-01 2.493778765201568604e-01 2.566222846508026123e-01 2.480473965406417847e-01 2.482285350561141968e-01 2.480752766132354736e-01 2.530676424503326416e-01 2.487901896238327026e-01 2.485035210847854614e-01 2.490441203117370605e-01 2.570875883102416992e-01 2.480523884296417236e-01 2.474277168512344360e-01 2.470983266830444336e-01
2.529301643371582031e-01 2.487871050834655762e-01 2.490803748369216919e-01 2.493473738431930542e-01 2.568147182464599609e-01 2.480131834745407104e-01 2.479366362094879150e-01 2.480164468288421631e-01 2.526376247406005859e-01 2.488590776920318604e-01 2.483586966991424561e-01 2.494498789310455322e-01 2.572055459022521973e-01 2.479586452245712280e-01 2.474733740091323853e-01 2.471286356449127197e-01
2.534106671810150146e-01 2.487800866365432739e-01 2.492521405220031738e-01 2.491836249828338623e-01 2.566811144351959229e-01 2.478670328855514526e-01 2.479387670755386353e-01 2.479123771190643311e-01 2.528948783874511719e-01 2.488186657428741455e-01 2.485867887735366821e-01 2.493494153022766113e-01 2.566119730472564697e-01 2.478927075862884521e-01 2.474749535322189331e-01 2.473421245813369751e-01
2.532056868076324463e-01 2.491694390773773193e-01 2.493331432342529297e-01 2.493256181478500366e-01 2.564118802547454834e-01 2.476659119129180908e-01 2.477490454912185669e-01 2.481651157140731812e-01 2.530664205551147461e-01 2.491619437932968140e-01 2.486623525619506836e-01 2.493773102760314941e-01 2.566459476947784424e-01 2.474967539310455322e-01 2.474520802497863770e-01 2.471086680889129639e-01
2.527797520160675049e-01 2.491474598646163940e-01 2.488752603530883789e-01 2.495670318603515625e-01 2.566703557968139648e-01 2.477916926145553589e-01 2.477070242166519165e-01 2.484872639179229736e-01 2.531917095184326172e-01 2.493272125720977783e-01 2.488886266946792603e-01 2.491633147001266479e-01 2.566157877445220947e-01 2.473166137933731079e-01 2.471916973590850830e-01 2.472765296697616577e-01
2.527874112129211426e-01 2.495044320821762085e-01 2.489731609821319580e-01 2.493518888950347900e-01 2.567188143730163574e-01 2.477543354034423828e-01 2.476024776697158813e-01 2.483332157135009766e-01 2.532047331333160400e-01 2.490791529417037964e-01 2.488038241863250732e-01 2.490641772747039795e-01 2.566990852355957031e-01 2.474868297576904297e-01 2.471075952053070068e-01 2.475260049104690552e-01
2.530486285686492920e-01 2.494629770517349243e-01 2.490421533584594727e-01 2.492195516824722290e-01 2.566604316234588623e-01 2.480853199958801270e-01 2.476216405630111694e-01 2.482781857252120972e-01 2.525933682918548584e-01 2.493249177932739258e-01 2.485886216163635254e-01 2.489128559827804565e-01 2.567285895347595215e-01 2.476009279489517212e-01 2.472708970308303833e-01 2.475580871105194092e-01
2.530025243759155273e-01 2.495200634002685547e-01 2.489160746335983276e-01 2.493563592433929443e-01 2.568165063858032227e-01 2.482239007949829102e-01 2.476377487182617188e-01 2.479457110166549683e-01 2.523130178451538086e-01 2.492480725049972534e-01 2.486405968666076660e-01 2.492940723896026611e-01 2.566842734813690186e-01 2.477426379919052124e-01 2.471540570259094238e-01 2.475015372037887573e-01
2.526812851428985596e-01 2.497121542692184448e-01 2.488421946763992310e-01 2.495254427194595337e-01 2.567810416221618652e-01 2.483415901660919189e-01 2.476822882890701294e-01 2.478370070457458496e-01 2.527356445789337158e-01 2.490469813346862793e-01 2.482884526252746582e-01 2.493588775396347046e-01 2.567121088504791260e-01 2.477075606584548950e-01 2.473092526197433472e-01 2.474352121353149414e-01
2.524387538433074951e-01 2.494157701730728149e-01 2.492040991783142090e-01 2.493738532066345215e-01 2.567684054374694824e-01 2.482441514730453491e-01 2.478820532560348511e-01 2.474365681409835815e-01 2.527979016304016113e-01 2.490114420652389526e-01 2.482723146677017212e-01 2.494948357343673706e-01 2.568574249744415283e-01 2.478209435939788818e-01 2.475714236497879028e-01 2.474071532487869263e-01
2.524689733982086182e-01 2.490470111370086670e-01 2.494398802518844604e-01 2.493737041950225830e-01 2.569077610969543457e-01 2.482936978340148926e-01 2.474767118692398071e-01 2.477558702230453491e-01 2.525460124015808105e-01 2.491218745708465576e-01 2.484427392482757568e-01 2.496967315673828125e-01 2.567073702812194824e-01 2.475985884666442871e-01 2.477187663316726685e-01 2.474012821912765503e-01
2.525670528411865234e-01 2.494942694902420044e-01 2.494403719902038574e-01 2.495927512645721436e-01 2.570030689239501953e-01 2.482326030731201172e-01 2.472866177558898926e-01 2.480474561452865601e-01 2.523642778396606445e-01 2.489257752895355225e-01 2.482070922851562500e-01 2.493093460798263550e-01 2.567791342735290527e-01 2.475434541702270508e-01 2.477422803640365601e-01 2.474613487720489502e-01
2.524859607219696045e-01 2.494088560342788696e-01 2.493230700492858887e-01 2.496379911899566650e-01 2.566515207290649414e-01 2.481267601251602173e-01 2.475813627243041992e-01 2.481921613216400146e-01 2.522801160812377930e-01 2.491690367460250854e-01 2.483223974704742432e-01 2.494834214448928833e-01 2.564732432365417480e-01 2.475562095642089844e-01 2.475716471672058105e-01 2.477330416440963745e-01
2.527396380901336670e-01 2.489997148513793945e-01 2.492567896842956543e-01 2.497753202915191650e-01 2.566673159599304199e-01 2.482664585113525391e-01 2.476837635040283203e-01 2.480186820030212402e-01 2.521968185901641846e-01 2.491424977779388428e-01 2.486384063959121704e-01 2.490480244159698486e-01 2.565126717090606689e-01 2.476362437009811401e-01 2.475982755422592163e-01 2.478162646293640137e-01
2.525762617588043213e-01 2.491005808115005493e-01 2.494087964296340942e-01 2.494794875383377075e-01 2.567230463027954102e-01 2.481718957424163818e-01 2.476658225059509277e-01 2.478540837764739990e-01 2.523786127567291260e-01 2.493743747472763062e-01 2.486463636159896851e-01 2.490084916353225708e-01 2.564659714698791504e-01 2.478505969047546387e-01 2.477590292692184448e-01 2.475333362817764282e-01
2.526617348194122314e-01 2.489019036293029785e-01 2.496066689491271973e-01 2.490277886390686035e-01 2.564508914947509766e-01 2.480850666761398315e-01 2.475302964448928833e-01 2.480679303407669067e-01 2.527996599674224854e-01 2.493472397327423096e-01 2.489412426948547363e-01 2.490910738706588745e-01 2.563160955905914307e-01 2.480407208204269409e-01 2.474161237478256226e-01 2.477122992277145386e-01
2.528358697891235352e-01 2.489446252584457397e-01 2.496088892221450806e-01 2.488986253738403320e-01 2.566756010055541992e-01 2.478153407573699951e-01 2.474161088466644287e-01 2.481371462345123291e-01 2.528875172138214111e-01 2.488326430320739746e-01 2.492433488368988037e-01 2.489472031593322754e-01 2.562927901744842529e-01 2.478591352701187134e-01 2.478101849555969238e-01 2.477915883064270020e-01
2.528537809848785400e-01 2.489539831876754761e-01 2.494203001260757446e-01 2.488596290349960327e-01 2.569061219692230225e-01 2.478627264499664307e-01 2.475479841232299805e-01 2.479276955127716064e-01 2.527939975261688232e-01 2.486600279808044434e-01 2.493549436330795288e-01 2.491466999053955078e-01 2.564032077789306641e-01 2.477845996618270874e-01 2.476728707551956177e-01 2.478480786085128784e-01
2.528538107872009277e-01 2.490211874246597290e-01 2.493105083703994751e-01 2.486464679241180420e-01 2.570862770080566406e-01 2.478714585304260254e-01 2.478966712951660156e-01 2.479601055383682251e-01 2.526260316371917725e-01 2.485086470842361450e-01 2.491869628429412842e-01 2.490676343441009521e-01 2.565180957317352295e-01 2.478376775979995728e-01 2.478899955749511719e-01 2.477150708436965942e-01
2.532477974891662598e-01 2.490286678075790405e-01 2.491997331380844116e-01 2.487349361181259155e-01 2.569001019001007080e-01 2.477804273366928101e-01 2.477462887763977051e-01 2.479560822248458862e-01 2.525172233581542969e-01 2.482690662145614624e-01 2.494566440582275391e-01 2.491187304258346558e-01 2.564081549644470215e-01 2.478815317153930664e-01 2.480202615261077881e-01 2.477308958768844604e-01
2.530012726783752441e-01 2.488119900226593018e-01 2.490034103393554688e-01 2.485805451869964600e-01 2.571583390235900879e-01 2.478644400835037231e-01 2.477748095989227295e-01 2.481759190559387207e-01 2.526886165142059326e-01 2.484646737575531006e-01 2.493107169866561890e-01 2.491168230772018433e-01 2.564440667629241943e-01 2.479514330625534058e-01 2.480296343564987183e-01 2.476197034120559692e-01
2.527852952480316162e-01 2.488476783037185669e-01 2.492345571517944336e-01 2.486182302236557007e-01 2.572058141231536865e-01 2.475860118865966797e-01 2.477349340915679932e-01 2.480707615613937378e-01 2.529409229755401611e-01 2.486275583505630493e-01 2.494631111621856689e-01 2.490735650062561035e-01 2.565870881080627441e-01 2.477471977472305298e-01 2.475966066122055054e-01 2.478770464658737183e-01
2.527920305728912354e-01 2.490383684635162354e-01 2.490118891000747681e-01 2.487635165452957153e-01 2.571027278900146484e-01 2.476010918617248535e-01 2.476405054330825806e-01 2.481330633163452148e-01 2.530106008052825928e-01 2.485096752643585205e-01 2.495023161172866821e-01 2.493655383586883545e-01 2.566238641738891602e-01 2.477392107248306274e-01 2.474510222673416138e-01 2.477108687162399292e-01
2.529385089874267578e-01 2.491634190082550049e-01 2.493607550859451294e-01 2.487781941890716553e-01 2.568005621433258057e-01 2.479787766933441162e-01 2.475191205739974976e-01 2.481038719415664673e-01 2.530146539211273193e-01 2.485522180795669556e-01 2.495027631521224976e-01 2.489411234855651855e-01 2.566466033458709717e-01 2.478969544172286987e-01 2.473710179328918457e-01 2.474275976419448853e-01
2.527851462364196777e-01 2.490102946758270264e-01 2.491550296545028687e-01 2.489555031061172485e-01 2.568988204002380371e-01 2.479090243577957153e-01 2.477845400571823120e-01 2.481449991464614868e-01 2.531637847423553467e-01 2.482846975326538086e-01 2.496523261070251465e-01 2.488534450531005859e-01 2.564225494861602783e-01 2.480925619602203369e-01 2.475336939096450806e-01 2.473499625921249390e-01
2.527629435062408447e-01 2.489956170320510864e-01 2.489098012447357178e-01 2.490444630384445190e-01 2.570497095584869385e-01 2.478976249694824219e-01 2.477930933237075806e-01 2.481215894222259521e-01 2.531279027462005615e-01 2.483704239130020142e-01 2.497093081474304199e-01 2.491518110036849976e-01 2.563782334327697754e-01 2.477495521306991577e-01 2.474028766155242920e-01 2.475313097238540649e-01
2.526246309280395508e-01 2.489434331655502319e-01 2.485673129558563232e-01 2.490915507078170776e-01 2.571960985660552979e-01 2.481458485126495361e-01 2.477761507034301758e-01 2.482298016548156738e-01 2.531004548072814941e-01 2.487033009529113770e-01 2.494586408138275146e-01 2.489981800317764282e-01 2.563554644584655762e-01 2.480047792196273804e-01 2.473433464765548706e-01 2.474571019411087036e-01
2.525332570075988770e-01 2.489532679319381714e-01 2.486333698034286499e-01 2.491972297430038452e-01 2.571509778499603271e-01 2.480110228061676025e-01 2.477914243936538696e-01 2.481536269187927246e-01 2.530268132686614990e-01 2.487543672323226929e-01 2.492453753948211670e-01 2.491120845079421997e-01 2.562777996063232422e-01 2.478719800710678101e-01 2.476412057876586914e-01 2.476423233747482300e-01
2.525018453598022461e-01 2.490338385105133057e-01 2.486165910959243774e-01 2.491691410541534424e-01 2.570064365863800049e-01 2.480902969837188721e-01 2.478926777839660645e-01 2.480248957872390747e-01 2.529289424419403076e-01 2.488510459661483765e-01 2.493009269237518311e-01 2.490165978670120239e-01 2.565511465072631836e-01 2.477108836174011230e-01 2.475231736898422241e-01 2.477775663137435913e-01
2.526414394378662109e-01 2.491216361522674561e-01 2.487131953239440918e-01 2.491320669651031494e-01 2.567986249923706055e-01 2.481024414300918579e-01 2.479161024093627930e-01 2.479102611541748047e-01 2.531057596206665039e-01 2.489050626754760742e-01 2.494689971208572388e-01 2.488269507884979248e-01 2.566249072551727295e-01 2.476844340562820435e-01 2.474709749221801758e-01 2.475731372833251953e-01
2.527242004871368408e-01 2.490809261798858643e-01 2.488301247358322144e-01 2.491259425878524780e-01 2.565705478191375732e-01 2.478878647089004517e-01 2.481021285057067871e-01 2.480139881372451782e-01 2.527387142181396484e-01 2.489833533763885498e-01 2.493965774774551392e-01 2.490451633930206299e-01 2.566145658493041992e-01 2.475877106189727783e-01 2.475618124008178711e-01 2.477323114871978760e-01
2.526132464408874512e-01 2.494129538536071777e-01 2.489284276962280273e-01 2.490855753421783447e-01 2.565692663192749023e-01 2.478588521480560303e-01 2.480524927377700806e-01 2.481096535921096802e-01 2.525737583637237549e-01 2.490745782852172852e-01 2.496589869260787964e-01 2.487736493349075317e-01 2.568033337593078613e-01 2.475977092981338501e-01 2.474003285169601440e-01 2.474830150604248047e-01
2.522328197956085205e-01 2.495997697114944458e-01 2.492086142301559448e-01 2.491243630647659302e-01 2.565619349479675293e-01 2.479663789272308350e-01 2.480338811874389648e-01 2.479026764631271362e-01 2.525666356086730957e-01 2.488895207643508911e-01 2.493995726108551025e-01 2.489351928234100342e-01 2.567231059074401855e-01 2.475793659687042236e-01 2.476852238178253174e-01 2.475867420434951782e-01
2.520453333854675293e-01 2.497719377279281616e-01 2.492294311523437500e-01 2.492905259132385254e-01 2.567269802093505859e-01 2.478166669607162476e-01 2.478825449943542480e-01 2.478670477867126465e-01 2.524914145469665527e-01 2.489811927080154419e-01 2.493938207626342773e-01 2.487772107124328613e-01 2.570413947105407715e-01 2.476396113634109497e-01 2.476000338792800903e-01 2.474406063556671143e-01
2.523266375064849854e-01 2.496020048856735229e-01 2.493891417980194092e-01 2.492918670177459717e-01 2.566277682781219482e-01 2.474791407585144043e-01 2.480235844850540161e-01 2.477201670408248901e-01 2.529074549674987793e-01 2.490179538726806641e-01 2.492881417274475098e-01 2.490928620100021362e-01 2.569658458232879639e-01 2.478194683790206909e-01 2.474223971366882324e-01 2.470212578773498535e-01
2.524320483207702637e-01 2.493752390146255493e-01 2.491633594036102295e-01 2.492399513721466064e-01 2.566879093647003174e-01 2.478279322385787964e-01 2.479535490274429321e-01 2.477803081274032593e-01 2.529155910015106201e-01 2.489140182733535767e-01 2.489101439714431763e-01 2.490388154983520508e-01 2.568862736225128174e-01 2.479948550462722778e-01 2.476508915424346924e-01 2.472247779369354248e-01
2.527447044849395752e-01 2.494044750928878784e-01 2.489425539970397949e-01 2.489928305149078369e-01 2.568931281566619873e-01 2.477694600820541382e-01 2.479399293661117554e-01 2.477731853723526001e-01 2.528342306613922119e-01 2.490734755992889404e-01 2.490138113498687744e-01 2.491784840822219849e-01 2.566727101802825928e-01 2.481860369443893433e-01 2.476024478673934937e-01 2.469740957021713257e-01
2.527279257774353027e-01 2.491917759180068970e-01 2.486945539712905884e-01 2.489796280860900879e-01 2.570224702358245850e-01 2.478056848049163818e-01 2.480657845735549927e-01 2.478239387273788452e-01 2.528176307678222656e-01 2.489136308431625366e-01 2.490000277757644653e-01 2.492256015539169312e-01 2.565345168113708496e-01 2.482223510742187500e-01 2.480024397373199463e-01 2.469675987958908081e-01
2.526246607303619385e-01 2.492439001798629761e-01 2.487959712743759155e-01 2.487744539976119995e-01 2.569773793220520020e-01 2.477484494447708130e-01 2.479694485664367676e-01 2.481774240732192993e-01 2.528057098388671875e-01 2.489612549543380737e-01 2.490511238574981689e-01 2.495185732841491699e-01 2.565436959266662598e-01 2.480691373348236084e-01 2.476491630077362061e-01 2.470851093530654907e-01
2.528389990329742432e-01 2.493302077054977417e-01 2.488104999065399170e-01 2.488873302936553955e-01 2.572640478610992432e-01 2.477689534425735474e-01 2.479874789714813232e-01 2.479815334081649780e-01 2.526020705699920654e-01 2.487718015909194946e-01 2.489980459213256836e-01 2.491925209760665894e-01 2.565387487411499023e-01 2.480372339487075806e-01 2.478939294815063477e-01 2.470921576023101807e-01
2.529970407485961914e-01 2.494265437126159668e-01 2.486739456653594971e-01 2.489379942417144775e-01 2.571689188480377197e-01 2.477126419544219971e-01 2.481228560209274292e-01 2.478291094303131104e-01 2.526554167270660400e-01 2.486721128225326538e-01 2.489456981420516968e-01 2.491901963949203491e-01 2.567762434482574463e-01 2.478543519973754883e-01 2.479036897420883179e-01 2.471287101507186890e-01
2.529728412628173828e-01 2.495457977056503296e-01 2.486633807420730591e-01 2.488635480403900146e-01 2.571965157985687256e-01 2.477700412273406982e-01 2.479714900255203247e-01 2.478853762149810791e-01 2.529178857803344727e-01 2.484370619058609009e-01 2.489499300718307495e-01 2.492738515138626099e-01 2.566180527210235596e-01 2.477458119392395020e-01 2.480639070272445679e-01 2.471198588609695435e-01
2.529164850711822510e-01 2.493782043457031250e-01 2.486503273248672485e-01 2.486640065908432007e-01 2.572742402553558350e-01 2.477419525384902954e-01 2.479413151741027832e-01 2.479137778282165527e-01 2.526215910911560059e-01 2.485571205615997314e-01 2.491491287946701050e-01 2.492376416921615601e-01 2.570436000823974609e-01 2.481601983308792114e-01 2.476987689733505249e-01 2.470469623804092407e-01
2.529169321060180664e-01 2.494146674871444702e-01 2.489441186189651489e-01 2.487899363040924072e-01 2.570765316486358643e-01 2.477013915777206421e-01 2.478555142879486084e-01 2.477811723947525024e-01 2.527998089790344238e-01 2.485406994819641113e-01 2.490894347429275513e-01 2.494738698005676270e-01 2.566043436527252197e-01 2.483253628015518188e-01 2.476096600294113159e-01 2.470716983079910278e-01
2.530750632286071777e-01 2.493699491024017334e-01 2.489910870790481567e-01 2.485812604427337646e-01 2.571791410446166992e-01 2.478102743625640869e-01 2.478752732276916504e-01 2.477129250764846802e-01 2.528798580169677734e-01 2.487516999244689941e-01 2.488969564437866211e-01 2.492855340242385864e-01 2.566218674182891846e-01 2.480487674474716187e-01 2.476282715797424316e-01 2.472872585058212280e-01
2.528885602951049805e-01 2.493331134319305420e-01 2.487804293632507324e-01 2.486939728260040283e-01 2.570657730102539062e-01 2.476620972156524658e-01 2.481918931007385254e-01 2.481022030115127563e-01 2.523846030235290527e-01 2.488440722227096558e-01 2.490457594394683838e-01 2.492908239364624023e-01 2.567450106143951416e-01 2.478364408016204834e-01 2.474495619535446167e-01 2.476808428764343262e-01
2.530620098114013672e-01 2.492677271366119385e-01 2.487173378467559814e-01 2.485956549644470215e-01 2.571506798267364502e-01 2.478194236755371094e-01 2.481960207223892212e-01 2.479092031717300415e-01 2.524484395980834961e-01 2.487523555755615234e-01 2.489398121833801270e-01 2.491832077503204346e-01 2.567885518074035645e-01 2.479905486106872559e-01 2.475127577781677246e-01 2.476613968610763550e-01
2.529182732105255127e-01 2.492996901273727417e-01 2.486011832952499390e-01 2.484986931085586548e-01 2.572541832923889160e-01 2.478491812944412231e-01 2.482779622077941895e-01 2.480188012123107910e-01 2.522852420806884766e-01 2.488834112882614136e-01 2.490761280059814453e-01 2.493426948785781860e-01 2.564526200294494629e-01 2.479161769151687622e-01 2.475908100605010986e-01 2.477299571037292480e-01
2.528028786182403564e-01 2.490554153919219971e-01 2.488773465156555176e-01 2.490189820528030396e-01 2.569031417369842529e-01 2.482111454010009766e-01 2.480912804603576660e-01 2.476163655519485474e-01 2.523896694183349609e-01 2.489521652460098267e-01 2.494960129261016846e-01 2.493004053831100464e-01 2.565951049327850342e-01 2.475981265306472778e-01 2.474476397037506104e-01 2.476392388343811035e-01
2.529677152633666992e-01 2.484119832515716553e-01 2.485144287347793579e-01 2.487640231847763062e-01 2.569937109947204590e-01 2.482677400112152100e-01 2.478744238615036011e-01 2.476956546306610107e-01 2.527709305286407471e-01 2.492336183786392212e-01 2.491424083709716797e-01 2.489997446537017822e-01 2.565699815750122070e-01 2.477046847343444824e-01 2.480236440896987915e-01 2.480602264404296875e-01
2.528780102729797363e-01 2.485193461179733276e-01 2.487947344779968262e-01 2.490841001272201538e-01 2.571798861026763916e-01 2.480709552764892578e-01 2.479400336742401123e-01 2.476187348365783691e-01 2.525989115238189697e-01 2.492281198501586914e-01 2.489535063505172729e-01 2.489801496267318726e-01 2.567240893840789795e-01 2.477596402168273926e-01 2.475946992635726929e-01 2.480698972940444946e-01
