# pops for 16 qbits with connectivity c5 and unitary DM 23186543202496
3.999999761581420898e-01 2.000000029802322388e-01 2.000000029802322388e-01 2.000000029802322388e-01 4.000000059604644775e-01 1.999999880790710449e-01 1.999999880790710449e-01 1.999999880790710449e-01 3.999999463558197021e-01 1.999999880790710449e-01 1.999999880790710449e-01 1.999999880790710449e-01 3.999999761581420898e-01 1.999999880790710449e-01 1.999999880790710449e-01 1.999999880790710449e-01
3.420455157756805420e-01 2.246182560920715332e-01 2.112641334533691406e-01 2.082888931035995483e-01 3.558904826641082764e-01 2.245565205812454224e-01 2.093757092952728271e-01 2.239605188369750977e-01 3.420454859733581543e-01 2.112641185522079468e-01 2.082888782024383545e-01 2.246182262897491455e-01 3.558904230594635010e-01 2.093757092952728271e-01 2.245565354824066162e-01 2.239605337381362915e-01
3.124935328960418701e-01 2.297958135604858398e-01 2.305886745452880859e-01 2.145072668790817261e-01 3.289551436901092529e-01 2.280515283346176147e-01 2.227235138416290283e-01 2.280449271202087402e-01 3.111063241958618164e-01 2.295268476009368896e-01 2.148959189653396606e-01 2.367380112409591675e-01 3.269912600517272949e-01 2.254495024681091309e-01 2.301496416330337524e-01 2.299820780754089355e-01
2.903530597686767578e-01 2.370066940784454346e-01 2.389022260904312134e-01 2.329212129116058350e-01 2.986618578433990479e-01 2.351229786872863770e-01 2.305816859006881714e-01 2.316107451915740967e-01 3.007427453994750977e-01 2.551371157169342041e-01 2.194508016109466553e-01 2.377212643623352051e-01 2.953909635543823242e-01 2.250170558691024780e-01 2.250439524650573730e-01 2.463356554508209229e-01
2.761440277099609375e-01 2.349096089601516724e-01 2.500375807285308838e-01 2.370027005672454834e-01 2.929746806621551514e-01 2.403866350650787354e-01 2.272305041551589966e-01 2.364746183156967163e-01 2.843133807182312012e-01 2.593516707420349121e-01 2.273202538490295410e-01 2.372458577156066895e-01 2.948091030120849609e-01 2.268123775720596313e-01 2.378406226634979248e-01 2.371462583541870117e-01
2.626750171184539795e-01 2.408934533596038818e-01 2.634343206882476807e-01 2.390810847282409668e-01 2.868464589118957520e-01 2.377676069736480713e-01 2.334310114383697510e-01 2.310313880443572998e-01 2.718648016452789307e-01 2.509253323078155518e-01 2.324678897857666016e-01 2.514701783657073975e-01 2.871278226375579834e-01 2.293269783258438110e-01 2.426269799470901489e-01 2.390296012163162231e-01
2.588711678981781006e-01 2.396285682916641235e-01 2.585650086402893066e-01 2.426608949899673462e-01 2.812379002571105957e-01 2.428466081619262695e-01 2.354199439287185669e-01 2.395506352186203003e-01 2.651604115962982178e-01 2.587134540081024170e-01 2.342623621225357056e-01 2.463906556367874146e-01 2.766432166099548340e-01 2.368927747011184692e-01 2.464805990457534790e-01 2.366756647825241089e-01
2.536975443363189697e-01 2.415416836738586426e-01 2.536697387695312500e-01 2.511420547962188721e-01 2.714799642562866211e-01 2.478276789188385010e-01 2.379873991012573242e-01 2.391405850648880005e-01 2.614560723304748535e-01 2.546429336071014404e-01 2.380742579698562622e-01 2.484653741121292114e-01 2.696036696434020996e-01 2.401932030916213989e-01 2.460006773471832275e-01 2.450769096612930298e-01
2.508752644062042236e-01 2.489944547414779663e-01 2.551522552967071533e-01 2.466970682144165039e-01 2.705895900726318359e-01 2.457102984189987183e-01 2.397052049636840820e-01 2.387625873088836670e-01 2.611194849014282227e-01 2.571153640747070312e-01 2.418155968189239502e-01 2.475133389234542847e-01 2.641580104827880859e-01 2.403123229742050171e-01 2.471702396869659424e-01 2.443087697029113770e-01
2.539513409137725830e-01 2.511298656463623047e-01 2.494572252035140991e-01 2.454102188348770142e-01 2.665860950946807861e-01 2.432636916637420654e-01 2.487076669931411743e-01 2.406051307916641235e-01 2.618155181407928467e-01 2.531655728816986084e-01 2.437064349651336670e-01 2.473813891410827637e-01 2.599779367446899414e-01 2.431134879589080811e-01 2.452427297830581665e-01 2.464853227138519287e-01
2.564325928688049316e-01 2.462040036916732788e-01 2.467083632946014404e-01 2.496817559003829956e-01 2.658676803112030029e-01 2.446364611387252808e-01 2.479343563318252563e-01 2.416460216045379639e-01 2.602934837341308594e-01 2.525460124015808105e-01 2.459959387779235840e-01 2.471079528331756592e-01 2.579979598522186279e-01 2.450775206089019775e-01 2.455527633428573608e-01 2.463167607784271240e-01
2.565031349658966064e-01 2.447964102029800415e-01 2.491042166948318481e-01 2.512684762477874756e-01 2.614931166172027588e-01 2.444858402013778687e-01 2.511240839958190918e-01 2.443972676992416382e-01 2.591004967689514160e-01 2.521440982818603516e-01 2.437385320663452148e-01 2.475387156009674072e-01 2.583750486373901367e-01 2.441990971565246582e-01 2.459124475717544556e-01 2.458186447620391846e-01
2.557847201824188232e-01 2.465447187423706055e-01 2.490290552377700806e-01 2.503735125064849854e-01 2.610106766223907471e-01 2.441149055957794189e-01 2.505910992622375488e-01 2.457237839698791504e-01 2.590862214565277100e-01 2.513706684112548828e-01 2.445131540298461914e-01 2.478279769420623779e-01 2.581370770931243896e-01 2.433190494775772095e-01 2.469381242990493774e-01 2.456347644329071045e-01
2.546994388103485107e-01 2.465173006057739258e-01 2.483345568180084229e-01 2.497714012861251831e-01 2.599649131298065186e-01 2.449498921632766724e-01 2.513732910156250000e-01 2.447625249624252319e-01 2.594064474105834961e-01 2.510842382907867432e-01 2.453338801860809326e-01 2.481189519166946411e-01 2.583684921264648438e-01 2.441861331462860107e-01 2.475952059030532837e-01 2.455327808856964111e-01
2.545601725578308105e-01 2.479694485664367676e-01 2.481104880571365356e-01 2.499281018972396851e-01 2.582340836524963379e-01 2.457776367664337158e-01 2.503077387809753418e-01 2.445103377103805542e-01 2.593674361705780029e-01 2.498541176319122314e-01 2.468756735324859619e-01 2.488653361797332764e-01 2.578221261501312256e-01 2.445485144853591919e-01 2.479195445775985718e-01 2.453486323356628418e-01
2.545301020145416260e-01 2.481699436902999878e-01 2.471952736377716064e-01 2.483972758054733276e-01 2.569777071475982666e-01 2.468012422323226929e-01 2.497427612543106079e-01 2.460755109786987305e-01 2.571148872375488281e-01 2.494255900382995605e-01 2.472237050533294678e-01 2.494717687368392944e-01 2.584154009819030762e-01 2.477385848760604858e-01 2.473441511392593384e-01 2.453754544258117676e-01
2.537803649902343750e-01 2.485112249851226807e-01 2.480161339044570923e-01 2.482077479362487793e-01 2.568706572055816650e-01 2.469824403524398804e-01 2.492184638977050781e-01 2.463027387857437134e-01 2.569505274295806885e-01 2.484062016010284424e-01 2.476536929607391357e-01 2.496264576911926270e-01 2.580081820487976074e-01 2.478465735912322998e-01 2.474857419729232788e-01 2.461321353912353516e-01
2.525316178798675537e-01 2.478395253419876099e-01 2.483193725347518921e-01 2.488446682691574097e-01 2.569124102592468262e-01 2.475525289773941040e-01 2.492457777261734009e-01 2.466438263654708862e-01 2.552523910999298096e-01 2.491848617792129517e-01 2.484983950853347778e-01 2.491310387849807739e-01 2.581654489040374756e-01 2.479802966117858887e-01 2.482715100049972534e-01 2.456254810094833374e-01
2.519280612468719482e-01 2.479282021522521973e-01 2.487082928419113159e-01 2.481703758239746094e-01 2.565171122550964355e-01 2.482331842184066772e-01 2.492147833108901978e-01 2.471897453069686890e-01 2.553086876869201660e-01 2.480223774909973145e-01 2.496879398822784424e-01 2.488148659467697144e-01 2.579967975616455078e-01 2.475522756576538086e-01 2.486724555492401123e-01 2.460540533065795898e-01
2.517922222614288330e-01 2.480341196060180664e-01 2.486712336540222168e-01 2.486293315887451172e-01 2.561868429183959961e-01 2.484945505857467651e-01 2.492132782936096191e-01 2.468681037425994873e-01 2.552983462810516357e-01 2.489959746599197388e-01 2.493165433406829834e-01 2.485703229904174805e-01 2.582089900970458984e-01 2.472645640373229980e-01 2.482311278581619263e-01 2.462235987186431885e-01
2.518725991249084473e-01 2.475423067808151245e-01 2.485827803611755371e-01 2.490694075822830200e-01 2.563346326351165771e-01 2.483672499656677246e-01 2.489889711141586304e-01 2.471316754817962646e-01 2.557550668716430664e-01 2.488279789686203003e-01 2.489165365695953369e-01 2.490205317735671997e-01 2.580800652503967285e-01 2.471361160278320312e-01 2.483098953962326050e-01 2.460633069276809692e-01
2.519982755184173584e-01 2.478186786174774170e-01 2.483658343553543091e-01 2.487914264202117920e-01 2.561306953430175781e-01 2.483191043138504028e-01 2.491283714771270752e-01 2.473372519016265869e-01 2.554106414318084717e-01 2.488737702369689941e-01 2.490597367286682129e-01 2.493177354335784912e-01 2.577150166034698486e-01 2.469532489776611328e-01 2.486939430236816406e-01 2.460852712392807007e-01
2.518426477909088135e-01 2.481697797775268555e-01 2.487145513296127319e-01 2.488707900047302246e-01 2.566700875759124756e-01 2.478356361389160156e-01 2.489410489797592163e-01 2.479806095361709595e-01 2.549090981483459473e-01 2.486344724893569946e-01 2.490317970514297485e-01 2.491212785243988037e-01 2.581704556941986084e-01 2.473004162311553955e-01 2.479177564382553101e-01 2.458885312080383301e-01
2.518941462039947510e-01 2.484495490789413452e-01 2.491096556186676025e-01 2.488413602113723755e-01 2.568508386611938477e-01 2.478606253862380981e-01 2.486448585987091064e-01 2.475851029157638550e-01 2.545146346092224121e-01 2.487383931875228882e-01 2.493324279785156250e-01 2.489409148693084717e-01 2.579961419105529785e-01 2.472850829362869263e-01 2.477083504199981689e-01 2.462468445301055908e-01
2.517783939838409424e-01 2.481788694858551025e-01 2.490993142127990723e-01 2.492678612470626831e-01 2.568347156047821045e-01 2.477209120988845825e-01 2.487021684646606445e-01 2.476537972688674927e-01 2.545312047004699707e-01 2.482620328664779663e-01 2.493201941251754761e-01 2.483392655849456787e-01 2.583377361297607422e-01 2.473952323198318481e-01 2.479806691408157349e-01 2.465964406728744507e-01
2.520839869976043701e-01 2.480856776237487793e-01 2.491240054368972778e-01 2.492858171463012695e-01 2.569693326950073242e-01 2.475436329841613770e-01 2.485575228929519653e-01 2.475860863924026489e-01 2.542162239551544189e-01 2.481153458356857300e-01 2.490118741989135742e-01 2.484766095876693726e-01 2.584705352783203125e-01 2.474569678306579590e-01 2.480965852737426758e-01 2.469186484813690186e-01
2.521203160285949707e-01 2.483264505863189697e-01 2.488292008638381958e-01 2.496575266122817993e-01 2.567044496536254883e-01 2.478807121515274048e-01 2.486750185489654541e-01 2.474305331707000732e-01 2.537722885608673096e-01 2.481170743703842163e-01 2.490196377038955688e-01 2.482722997665405273e-01 2.581651508808135986e-01 2.479648143053054810e-01 2.480879127979278564e-01 2.469754666090011597e-01
2.527039647102355957e-01 2.489598542451858521e-01 2.492797225713729858e-01 2.495914250612258911e-01 2.567997276782989502e-01 2.475486248731613159e-01 2.485337853431701660e-01 2.476232647895812988e-01 2.535586059093475342e-01 2.481316626071929932e-01 2.487543374300003052e-01 2.475445568561553955e-01 2.581235766410827637e-01 2.482947111129760742e-01 2.477612942457199097e-01 2.467896193265914917e-01
2.531321942806243896e-01 2.488219439983367920e-01 2.487975358963012695e-01 2.498221695423126221e-01 2.564645707607269287e-01 2.474131435155868530e-01 2.479755431413650513e-01 2.486425936222076416e-01 2.526692450046539307e-01 2.489072531461715698e-01 2.484235912561416626e-01 2.484973520040512085e-01 2.577391862869262695e-01 2.480414360761642456e-01 2.479104548692703247e-01 2.467404752969741821e-01
2.529856264591217041e-01 2.487337589263916016e-01 2.486961632966995239e-01 2.497385889291763306e-01 2.562706768512725830e-01 2.474781721830368042e-01 2.481200844049453735e-01 2.487777024507522583e-01 2.531901299953460693e-01 2.487906813621520996e-01 2.486195266246795654e-01 2.482635080814361572e-01 2.573094964027404785e-01 2.480383366346359253e-01 2.479734271764755249e-01 2.470126748085021973e-01
2.527655065059661865e-01 2.490507066249847412e-01 2.486688345670700073e-01 2.493991553783416748e-01 2.563688755035400391e-01 2.476541697978973389e-01 2.479931414127349854e-01 2.486983239650726318e-01 2.530487179756164551e-01 2.488554120063781738e-01 2.483726441860198975e-01 2.481528818607330322e-01 2.572839856147766113e-01 2.478647083044052124e-01 2.484797686338424683e-01 2.473417371511459351e-01
2.527616322040557861e-01 2.491993904113769531e-01 2.483901828527450562e-01 2.491190880537033081e-01 2.563747763633728027e-01 2.474083155393600464e-01 2.478636056184768677e-01 2.483918815851211548e-01 2.534885406494140625e-01 2.493753880262374878e-01 2.487788945436477661e-01 2.482359409332275391e-01 2.572189271450042725e-01 2.476979792118072510e-01 2.482610195875167847e-01 2.474328726530075073e-01
2.529383301734924316e-01 2.493359595537185669e-01 2.488659024238586426e-01 2.486319541931152344e-01 2.563950121402740479e-01 2.476347237825393677e-01 2.477640211582183838e-01 2.480180263519287109e-01 2.538530528545379639e-01 2.489176243543624878e-01 2.486816048622131348e-01 2.482467889785766602e-01 2.574006021022796631e-01 2.476389557123184204e-01 2.484514266252517700e-01 2.472244948148727417e-01
2.534870505332946777e-01 2.487027794122695923e-01 2.487674057483673096e-01 2.487371265888214111e-01 2.564474642276763916e-01 2.475571185350418091e-01 2.479261159896850586e-01 2.479588389396667480e-01 2.539443671703338623e-01 2.490633130073547363e-01 2.485481649637222290e-01 2.480924725532531738e-01 2.574513852596282959e-01 2.476302981376647949e-01 2.483701705932617188e-01 2.473143935203552246e-01
2.535519897937774658e-01 2.486799955368041992e-01 2.492057830095291138e-01 2.485254108905792236e-01 2.566178441047668457e-01 2.475256472826004028e-01 2.481298446655273438e-01 2.477467209100723267e-01 2.535477578639984131e-01 2.490288317203521729e-01 2.485876083374023438e-01 2.488929778337478638e-01 2.573231756687164307e-01 2.475208342075347900e-01 2.476328909397125244e-01 2.474810481071472168e-01
2.532964050769805908e-01 2.486380934715270996e-01 2.491291761398315430e-01 2.478782832622528076e-01 2.569574415683746338e-01 2.480688542127609253e-01 2.480685263872146606e-01 2.476808577775955200e-01 2.533120512962341309e-01 2.490247786045074463e-01 2.486031055450439453e-01 2.490967661142349243e-01 2.573944330215454102e-01 2.478033751249313354e-01 2.475879788398742676e-01 2.474581152200698853e-01
2.531998157501220703e-01 2.484786212444305420e-01 2.492497712373733521e-01 2.479757666587829590e-01 2.571700215339660645e-01 2.477196604013442993e-01 2.481362521648406982e-01 2.475890368223190308e-01 2.531283497810363770e-01 2.487645447254180908e-01 2.487815022468566895e-01 2.494402527809143066e-01 2.573776841163635254e-01 2.478796392679214478e-01 2.477443814277648926e-01 2.473629415035247803e-01
2.528541088104248047e-01 2.487585842609405518e-01 2.492935061454772949e-01 2.483841776847839355e-01 2.571153044700622559e-01 2.477117031812667847e-01 2.478156983852386475e-01 2.475858479738235474e-01 2.533102929592132568e-01 2.486796528100967407e-01 2.488794028759002686e-01 2.495242357254028320e-01 2.569646239280700684e-01 2.478746920824050903e-01 2.478915154933929443e-01 2.473548203706741333e-01
2.528487443923950195e-01 2.485947310924530029e-01 2.489320784807205200e-01 2.482198178768157959e-01 2.573955655097961426e-01 2.477982342243194580e-01 2.478700578212738037e-01 2.478596717119216919e-01 2.533533573150634766e-01 2.489127069711685181e-01 2.485643625259399414e-01 2.497855871915817261e-01 2.567786574363708496e-01 2.477845847606658936e-01 2.479230910539627075e-01 2.473769187927246094e-01
2.527177631855010986e-01 2.488936632871627808e-01 2.493051737546920776e-01 2.482947409152984619e-01 2.573168575763702393e-01 2.475810199975967407e-01 2.477134168148040771e-01 2.476962208747863770e-01 2.532031536102294922e-01 2.490434944629669189e-01 2.484730631113052368e-01 2.496472150087356567e-01 2.564043104648590088e-01 2.478255182504653931e-01 2.479015290737152100e-01 2.479809373617172241e-01
2.528732717037200928e-01 2.488578408956527710e-01 2.492930740118026733e-01 2.482591122388839722e-01 2.573055922985076904e-01 2.474489212036132812e-01 2.478182464838027954e-01 2.476628422737121582e-01 2.530541419982910156e-01 2.489021122455596924e-01 2.486607134342193604e-01 2.495435923337936401e-01 2.567075788974761963e-01 2.477748692035675049e-01 2.477142810821533203e-01 2.481218576431274414e-01
2.526873946189880371e-01 2.489598840475082397e-01 2.496365159749984741e-01 2.482614070177078247e-01 2.570904195308685303e-01 2.475064992904663086e-01 2.477524876594543457e-01 2.476242631673812866e-01 2.527096271514892578e-01 2.491869479417800903e-01 2.485564053058624268e-01 2.499448508024215698e-01 2.566795349121093750e-01 2.475691139698028564e-01 2.478020191192626953e-01 2.480306774377822876e-01
2.529291808605194092e-01 2.488173395395278931e-01 2.492844015359878540e-01 2.484542280435562134e-01 2.570777237415313721e-01 2.474166303873062134e-01 2.477920353412628174e-01 2.477472573518753052e-01 2.526001036167144775e-01 2.492133826017379761e-01 2.486494630575180054e-01 2.499799728393554688e-01 2.566508650779724121e-01 2.475361824035644531e-01 2.477755993604660034e-01 2.480735778808593750e-01
2.531239986419677734e-01 2.490162700414657593e-01 2.492817938327789307e-01 2.482930868864059448e-01 2.571374773979187012e-01 2.473171800374984741e-01 2.478079199790954590e-01 2.478289753198623657e-01 2.525961995124816895e-01 2.492995411157608032e-01 2.483090609312057495e-01 2.497708946466445923e-01 2.567000091075897217e-01 2.476959675550460815e-01 2.477407008409500122e-01 2.480788081884384155e-01
2.529937326908111572e-01 2.487406283617019653e-01 2.493656873703002930e-01 2.483586221933364868e-01 2.570873796939849854e-01 2.476171702146530151e-01 2.478367835283279419e-01 2.477628141641616821e-01 2.526380121707916260e-01 2.494510114192962646e-01 2.482917606830596924e-01 2.496271878480911255e-01 2.566927671432495117e-01 2.478291094303131104e-01 2.475593984127044678e-01 2.481458336114883423e-01
2.530562579631805420e-01 2.484889924526214600e-01 2.495719492435455322e-01 2.485540062189102173e-01 2.569759190082550049e-01 2.479013055562973022e-01 2.474446147680282593e-01 2.478506118059158325e-01 2.527469098567962646e-01 2.492157667875289917e-01 2.483092397451400757e-01 2.497146278619766235e-01 2.565953433513641357e-01 2.477126717567443848e-01 2.478210180997848511e-01 2.480385452508926392e-01
2.530148923397064209e-01 2.487115114927291870e-01 2.492298483848571777e-01 2.485693842172622681e-01 2.566826641559600830e-01 2.480775415897369385e-01 2.475951462984085083e-01 2.479626089334487915e-01 2.528171539306640625e-01 2.490069717168807983e-01 2.486684769392013550e-01 2.494589686393737793e-01 2.566153407096862793e-01 2.475886791944503784e-01 2.479863911867141724e-01 2.480120807886123657e-01
2.529764175415039062e-01 2.488197088241577148e-01 2.494421005249023438e-01 2.484898120164871216e-01 2.566202580928802490e-01 2.479218095541000366e-01 2.476127594709396362e-01 2.481686323881149292e-01 2.524613440036773682e-01 2.490236163139343262e-01 2.488861680030822754e-01 2.491161674261093140e-01 2.563274204730987549e-01 2.478983700275421143e-01 2.481223791837692261e-01 2.481107264757156372e-01
2.526622116565704346e-01 2.492307275533676147e-01 2.492444366216659546e-01 2.487578988075256348e-01 2.565238177776336670e-01 2.478289455175399780e-01 2.474508881568908691e-01 2.480359673500061035e-01 2.526275813579559326e-01 2.495151907205581665e-01 2.488471418619155884e-01 2.489598095417022705e-01 2.561807334423065186e-01 2.480010986328125000e-01 2.481676340103149414e-01 2.479635030031204224e-01
2.530145943164825439e-01 2.492848336696624756e-01 2.493451684713363647e-01 2.484066337347030640e-01 2.567224502563476562e-01 2.479513734579086304e-01 2.475847303867340088e-01 2.479842007160186768e-01 2.524266242980957031e-01 2.493881583213806152e-01 2.487206012010574341e-01 2.490548193454742432e-01 2.564219534397125244e-01 2.480013519525527954e-01 2.479521930217742920e-01 2.477379143238067627e-01
2.527842223644256592e-01 2.494115829467773438e-01 2.491654455661773682e-01 2.485938966274261475e-01 2.566182911396026611e-01 2.482246011495590210e-01 2.478624731302261353e-01 2.480422407388687134e-01 2.522863447666168213e-01 2.492827177047729492e-01 2.488629668951034546e-01 2.490654736757278442e-01 2.566295564174652100e-01 2.478535175323486328e-01 2.480530142784118652e-01 2.472611814737319946e-01
2.530090510845184326e-01 2.497655749320983887e-01 2.490986138582229614e-01 2.484111934900283813e-01 2.564707398414611816e-01 2.481246292591094971e-01 2.474194169044494629e-01 2.478914707899093628e-01 2.523597180843353271e-01 2.494717389345169067e-01 2.487002909183502197e-01 2.492787539958953857e-01 2.566697001457214355e-01 2.476669102907180786e-01 2.480974793434143066e-01 2.475621253252029419e-01
2.529320418834686279e-01 2.496093511581420898e-01 2.489740401506423950e-01 2.486164867877960205e-01 2.565153837203979492e-01 2.481950819492340088e-01 2.473974227905273438e-01 2.479670047760009766e-01 2.524359226226806641e-01 2.493435740470886230e-01 2.485604435205459595e-01 2.492355853319168091e-01 2.568618357181549072e-01 2.478187978267669678e-01 2.478282004594802856e-01 2.477062791585922241e-01
2.531776130199432373e-01 2.491735070943832397e-01 2.488303333520889282e-01 2.488535195589065552e-01 2.565911114215850830e-01 2.484020143747329712e-01 2.473892122507095337e-01 2.477894127368927002e-01 2.524122595787048340e-01 2.491750121116638184e-01 2.486813217401504517e-01 2.490791380405426025e-01 2.568250596523284912e-01 2.477864623069763184e-01 2.479082792997360229e-01 2.479231059551239014e-01
2.530251741409301758e-01 2.492333203554153442e-01 2.487962096929550171e-01 2.492166906595230103e-01 2.568592429161071777e-01 2.480152547359466553e-01 2.472229748964309692e-01 2.475861012935638428e-01 2.522537708282470703e-01 2.493648678064346313e-01 2.485566288232803345e-01 2.492546141147613525e-01 2.569489777088165283e-01 2.478551417589187622e-01 2.479424625635147095e-01 2.478658705949783325e-01
2.530289888381958008e-01 2.492336332798004150e-01 2.488388270139694214e-01 2.492368072271347046e-01 2.568868398666381836e-01 2.481537908315658569e-01 2.474536001682281494e-01 2.475712001323699951e-01 2.522749900817871094e-01 2.492210417985916138e-01 2.485283166170120239e-01 2.489961385726928711e-01 2.568868398666381836e-01 2.478922754526138306e-01 2.478713840246200562e-01 2.479226589202880859e-01
2.530501484870910645e-01 2.495464235544204712e-01 2.489464432001113892e-01 2.493836432695388794e-01 2.569805085659027100e-01 2.477662116289138794e-01 2.475288063287734985e-01 2.472709119319915771e-01 2.523919343948364258e-01 2.493681311607360840e-01 2.484665513038635254e-01 2.491136193275451660e-01 2.568327486515045166e-01 2.477196156978607178e-01 2.476744204759597778e-01 2.479572445154190063e-01
2.531017363071441650e-01 2.493823617696762085e-01 2.488529086112976074e-01 2.494489848613739014e-01 2.571414709091186523e-01 2.477222979068756104e-01 2.475208342075347900e-01 2.473550885915756226e-01 2.520584166049957275e-01 2.492869645357131958e-01 2.484668344259262085e-01 2.495356202125549316e-01 2.570685446262359619e-01 2.476226091384887695e-01 2.477067708969116211e-01 2.477256953716278076e-01
2.532812356948852539e-01 2.492481321096420288e-01 2.491990774869918823e-01 2.494528591632843018e-01 2.570710778236389160e-01 2.476948648691177368e-01 2.475459128618240356e-01 2.470324635505676270e-01 2.522412240505218506e-01 2.491035759449005127e-01 2.487002909183502197e-01 2.495269179344177246e-01 2.570006549358367920e-01 2.477261871099472046e-01 2.473583668470382690e-01 2.478142529726028442e-01
2.531267106533050537e-01 2.492130249738693237e-01 2.490131556987762451e-01 2.495743036270141602e-01 2.571157217025756836e-01 2.479492574930191040e-01 2.474811822175979614e-01 2.470522671937942505e-01 2.523344159126281738e-01 2.489842474460601807e-01 2.484971880912780762e-01 2.496557235717773438e-01 2.569157481193542480e-01 2.477948963642120361e-01 2.473157644271850586e-01 2.479733973741531372e-01
2.530493438243865967e-01 2.493172734975814819e-01 2.489952892065048218e-01 2.494312822818756104e-01 2.569871842861175537e-01 2.480313777923583984e-01 2.473182827234268188e-01 2.474047392606735229e-01 2.521627545356750488e-01 2.491080015897750854e-01 2.489125430583953857e-01 2.493389248847961426e-01 2.565926611423492432e-01 2.481703609228134155e-01 2.471528500318527222e-01 2.480241954326629639e-01
2.528188824653625488e-01 2.492820471525192261e-01 2.491682320833206177e-01 2.494576722383499146e-01 2.568644285202026367e-01 2.479027956724166870e-01 2.477470487356185913e-01 2.476541697978973389e-01 2.520872056484222412e-01 2.488141208887100220e-01 2.489364594221115112e-01 2.491296529769897461e-01 2.568691372871398926e-01 2.480068355798721313e-01 2.471207976341247559e-01 2.481373995542526245e-01
2.526335716247558594e-01 2.493783533573150635e-01 2.489041239023208618e-01 2.495418787002563477e-01 2.569378614425659180e-01 2.480289191007614136e-01 2.476661503314971924e-01 2.475012540817260742e-01 2.521054446697235107e-01 2.489516884088516235e-01 2.489221692085266113e-01 2.492238879203796387e-01 2.570012211799621582e-01 2.477235943078994751e-01 2.473015636205673218e-01 2.481752038002014160e-01
2.526769936084747314e-01 2.492966055870056152e-01 2.489734739065170288e-01 2.495841681957244873e-01 2.567102611064910889e-01 2.480300664901733398e-01 2.475521862506866455e-01 2.477683424949645996e-01 2.522872984409332275e-01 2.488329708576202393e-01 2.491958886384963989e-01 2.491116374731063843e-01 2.567289769649505615e-01 2.477188408374786377e-01 2.474123239517211914e-01 2.481168210506439209e-01
2.528329193592071533e-01 2.491717636585235596e-01 2.485977262258529663e-01 2.498316466808319092e-01 2.567373812198638916e-01 2.478802949190139771e-01 2.476566433906555176e-01 2.478836327791213989e-01 2.520792186260223389e-01 2.487216293811798096e-01 2.491120994091033936e-01 2.492363452911376953e-01 2.566545307636260986e-01 2.479883581399917603e-01 2.474489361047744751e-01 2.481635808944702148e-01
2.529216408729553223e-01 2.489238977432250977e-01 2.484004199504852295e-01 2.496321052312850952e-01 2.567389607429504395e-01 2.480277866125106812e-01 2.478037029504776001e-01 2.479988187551498413e-01 2.522260546684265137e-01 2.490126937627792358e-01 2.490170598030090332e-01 2.493168860673904419e-01 2.566870450973510742e-01 2.481201738119125366e-01 2.471808344125747681e-01 2.479885965585708618e-01
2.532059848308563232e-01 2.488200813531875610e-01 2.482937425374984741e-01 2.494608908891677856e-01 2.569437325000762939e-01 2.477842867374420166e-01 2.480929344892501831e-01 2.479106634855270386e-01 2.522840797901153564e-01 2.487034499645233154e-01 2.490071505308151245e-01 2.494036108255386353e-01 2.565822899341583252e-01 2.482498735189437866e-01 2.473000288009643555e-01 2.479538470506668091e-01
2.531461417675018311e-01 2.489613592624664307e-01 2.484372258186340332e-01 2.494515031576156616e-01 2.572475373744964600e-01 2.477111965417861938e-01 2.481305152177810669e-01 2.477215379476547241e-01 2.524262070655822754e-01 2.487483471632003784e-01 2.489908188581466675e-01 2.493487447500228882e-01 2.567799985408782959e-01 2.479702532291412354e-01 2.472962439060211182e-01 2.476289421319961548e-01
2.529897093772888184e-01 2.488795965909957886e-01 2.483644187450408936e-01 2.494229674339294434e-01 2.567968368530273438e-01 2.476243972778320312e-01 2.482103556394577026e-01 2.482495456933975220e-01 2.524713873863220215e-01 2.488281279802322388e-01 2.489748746156692505e-01 2.494278550148010254e-01 2.568241953849792480e-01 2.480901926755905151e-01 2.472964823246002197e-01 2.475455701351165771e-01
2.531912326812744141e-01 2.487625330686569214e-01 2.485519647598266602e-01 2.488688230514526367e-01 2.570385634899139404e-01 2.477352768182754517e-01 2.478746473789215088e-01 2.485147714614868164e-01 2.521796226501464844e-01 2.487268596887588501e-01 2.491565346717834473e-01 2.490350008010864258e-01 2.570348680019378662e-01 2.482725679874420166e-01 2.474240511655807495e-01 2.476291954517364502e-01
2.532675266265869141e-01 2.489061653614044189e-01 2.485713511705398560e-01 2.491224259138107300e-01 2.569612562656402588e-01 2.475712299346923828e-01 2.480860352516174316e-01 2.484772801399230957e-01 2.519863247871398926e-01 2.488055974245071411e-01 2.492542117834091187e-01 2.487727403640747070e-01 2.568655908107757568e-01 2.482311874628067017e-01 2.474382668733596802e-01 2.476792484521865845e-01
2.533409595489501953e-01 2.488869130611419678e-01 2.487818151712417603e-01 2.490619570016860962e-01 2.571099996566772461e-01 2.477552145719528198e-01 2.481627315282821655e-01 2.479560226202011108e-01 2.521279752254486084e-01 2.489675879478454590e-01 2.490128129720687866e-01 2.488345652818679810e-01 2.568710148334503174e-01 2.481562197208404541e-01 2.474320083856582642e-01 2.475386112928390503e-01
2.530122995376586914e-01 2.486851811408996582e-01 2.485742419958114624e-01 2.492622137069702148e-01 2.570872902870178223e-01 2.474499046802520752e-01 2.482032924890518188e-01 2.481900751590728760e-01 2.526577413082122803e-01 2.490216642618179321e-01 2.490644603967666626e-01 2.488194257020950317e-01 2.569441497325897217e-01 2.478311657905578613e-01 2.475088983774185181e-01 2.476844191551208496e-01
2.530345320701599121e-01 2.488146722316741943e-01 2.488159984350204468e-01 2.493563294410705566e-01 2.568665742874145508e-01 2.474065572023391724e-01 2.482118457555770874e-01 2.479578703641891479e-01 2.527164816856384277e-01 2.492991089820861816e-01 2.489351332187652588e-01 2.488576769828796387e-01 2.566386759281158447e-01 2.479885071516036987e-01 2.474420368671417236e-01 2.476542741060256958e-01
2.530376613140106201e-01 2.488077431917190552e-01 2.490296065807342529e-01 2.492345273494720459e-01 2.571539878845214844e-01 2.474007606506347656e-01 2.480551004409790039e-01 2.477764785289764404e-01 2.526607811450958252e-01 2.492000460624694824e-01 2.491907179355621338e-01 2.488065809011459351e-01 2.567539811134338379e-01 2.482063770294189453e-01 2.473792880773544312e-01 2.473026067018508911e-01
2.528851330280303955e-01 2.489739805459976196e-01 2.489804625511169434e-01 2.493840157985687256e-01 2.570494711399078369e-01 2.474962174892425537e-01 2.478425502777099609e-01 2.478840053081512451e-01 2.525477409362792969e-01 2.491042613983154297e-01 2.492766827344894409e-01 2.489071786403656006e-01 2.568887174129486084e-01 2.480987310409545898e-01 2.474821358919143677e-01 2.471948713064193726e-01
2.527517080307006836e-01 2.491261065006256104e-01 2.489052563905715942e-01 2.492760717868804932e-01 2.570446133613586426e-01 2.475805580615997314e-01 2.475483268499374390e-01 2.479713857173919678e-01 2.526024580001831055e-01 2.493985444307327271e-01 2.492288649082183838e-01 2.489028573036193848e-01 2.569068968296051025e-01 2.478942424058914185e-01 2.473890185356140137e-01 2.474692463874816895e-01
2.529369890689849854e-01 2.489073574542999268e-01 2.490364462137222290e-01 2.490566223859786987e-01 2.570069432258605957e-01 2.477218955755233765e-01 2.477074265480041504e-01 2.477930635213851929e-01 2.523135244846343994e-01 2.496371865272521973e-01 2.490682750940322876e-01 2.486993521451950073e-01 2.569912075996398926e-01 2.478129267692565918e-01 2.474997192621231079e-01 2.478071451187133789e-01
2.530847787857055664e-01 2.489592880010604858e-01 2.490698695182800293e-01 2.490663230419158936e-01 2.566332221031188965e-01 2.480492442846298218e-01 2.474536150693893433e-01 2.479771524667739868e-01 2.523553073406219482e-01 2.496128678321838379e-01 2.492134869098663330e-01 2.486160993576049805e-01 2.568956911563873291e-01 2.476508170366287231e-01 2.474166154861450195e-01 2.479416579008102417e-01
2.531245946884155273e-01 2.488511502742767334e-01 2.490347027778625488e-01 2.493003606796264648e-01 2.565320134162902832e-01 2.483160644769668579e-01 2.473300099372863770e-01 2.478045225143432617e-01 2.524637877941131592e-01 2.493648231029510498e-01 2.490963637828826904e-01 2.487189024686813354e-01 2.566656768321990967e-01 2.478475421667098999e-01 2.477918863296508789e-01 2.477535605430603027e-01
2.530942559242248535e-01 2.488079965114593506e-01 2.490231394767761230e-01 2.493751943111419678e-01 2.566132247447967529e-01 2.481716424226760864e-01 2.473701238632202148e-01 2.478378713130950928e-01 2.525144219398498535e-01 2.491658627986907959e-01 2.494284659624099731e-01 2.489174008369445801e-01 2.562350928783416748e-01 2.478840798139572144e-01 2.478397041559219360e-01 2.477174103260040283e-01
2.530899643898010254e-01 2.488546371459960938e-01 2.490299046039581299e-01 2.494279146194458008e-01 2.567583024501800537e-01 2.483203262090682983e-01 2.474359422922134399e-01 2.478689253330230713e-01 2.523756325244903564e-01 2.489394694566726685e-01 2.492107450962066650e-01 2.486985921859741211e-01 2.565189898014068604e-01 2.477912157773971558e-01 2.477789670228958130e-01 2.478963285684585571e-01
2.531505227088928223e-01 2.485622614622116089e-01 2.492327690124511719e-01 2.493494451045989990e-01 2.569652497768402100e-01 2.480643093585968018e-01 2.475676834583282471e-01 2.478938400745391846e-01 2.524132430553436279e-01 2.490689754486083984e-01 2.492462247610092163e-01 2.484908998012542725e-01 2.565670609474182129e-01 2.478207051753997803e-01 2.476577460765838623e-01 2.479450404644012451e-01
2.531864047050476074e-01 2.483182996511459351e-01 2.489821165800094604e-01 2.492796629667282104e-01 2.568832039833068848e-01 2.479758113622665405e-01 2.479698210954666138e-01 2.481906116008758545e-01 2.526368796825408936e-01 2.492236346006393433e-01 2.487290054559707642e-01 2.489459812641143799e-01 2.563585340976715088e-01 2.479131519794464111e-01 2.476274222135543823e-01 2.477752268314361572e-01
2.531744241714477539e-01 2.484464198350906372e-01 2.490172535181045532e-01 2.495154589414596558e-01 2.571908831596374512e-01 2.478371411561965942e-01 2.479044198989868164e-01 2.477784752845764160e-01 2.528529465198516846e-01 2.493371367454528809e-01 2.487801909446716309e-01 2.488146573305130005e-01 2.562754154205322266e-01 2.478169202804565430e-01 2.475398033857345581e-01 2.477141916751861572e-01
2.532745301723480225e-01 2.490416020154953003e-01 2.488120049238204956e-01 2.493209838867187500e-01 2.569231092929840088e-01 2.480010986328125000e-01 2.477714419364929199e-01 2.477196156978607178e-01 2.528885900974273682e-01 2.489901632070541382e-01 2.487936913967132568e-01 2.488477677106857300e-01 2.564832270145416260e-01 2.476742863655090332e-01 2.476358115673065186e-01 2.478177249431610107e-01
2.529723942279815674e-01 2.490383088588714600e-01 2.486729174852371216e-01 2.497090846300125122e-01 2.568326294422149658e-01 2.478425353765487671e-01 2.479517310857772827e-01 2.478447854518890381e-01 2.526945471763610840e-01 2.490851730108261108e-01 2.489401251077651978e-01 2.490779757499694824e-01 2.564732730388641357e-01 2.473547160625457764e-01 2.477447539567947388e-01 2.477606534957885742e-01
2.531611919403076172e-01 2.487963438034057617e-01 2.486824542284011841e-01 2.496732324361801147e-01 2.564169168472290039e-01 2.479260861873626709e-01 2.478953301906585693e-01 2.477342337369918823e-01 2.526997029781341553e-01 2.492879778146743774e-01 2.489293962717056274e-01 2.492213249206542969e-01 2.566938400268554688e-01 2.473868429660797119e-01 2.477661669254302979e-01 2.477244734764099121e-01
2.531792819499969482e-01 2.487080395221710205e-01 2.486489415168762207e-01 2.499951124191284180e-01 2.562804818153381348e-01 2.478645592927932739e-01 2.479722797870635986e-01 2.476370632648468018e-01 2.525705099105834961e-01 2.492851018905639648e-01 2.486475110054016113e-01 2.490632534027099609e-01 2.568613588809967041e-01 2.476189583539962769e-01 2.478213459253311157e-01 2.478417307138442993e-01
2.531778514385223389e-01 2.489482015371322632e-01 2.486892044544219971e-01 2.496071159839630127e-01 2.561363875865936279e-01 2.480670660734176636e-01 2.477309107780456543e-01 2.479290068149566650e-01 2.525303065776824951e-01 2.490344941616058350e-01 2.487512230873107910e-01 2.492238134145736694e-01 2.568823993206024170e-01 2.476879358291625977e-01 2.477879822254180908e-01 2.478116154670715332e-01
2.533462941646575928e-01 2.488388121128082275e-01 2.485090643167495728e-01 2.491964846849441528e-01 2.562141120433807373e-01 2.484564781188964844e-01 2.479322552680969238e-01 2.477921992540359497e-01 2.524531483650207520e-01 2.492527365684509277e-01 2.484617978334426880e-01 2.490447163581848145e-01 2.569620609283447266e-01 2.479605078697204590e-01 2.477794587612152100e-01 2.477952390909194946e-01
2.530457675457000732e-01 2.487357705831527710e-01 2.487027049064636230e-01 2.491437941789627075e-01 2.566882967948913574e-01 2.483355104923248291e-01 2.476991862058639526e-01 2.479346692562103271e-01 2.525875866413116455e-01 2.492635995149612427e-01 2.486423105001449585e-01 2.489567995071411133e-01 2.568148970603942871e-01 2.477666288614273071e-01 2.477352768182754517e-01 2.479425519704818726e-01
2.528216242790222168e-01 2.487531900405883789e-01 2.486562728881835938e-01 2.491034418344497681e-01 2.570912539958953857e-01 2.483119815587997437e-01 2.474561929702758789e-01 2.478871196508407593e-01 2.527558505535125732e-01 2.493363469839096069e-01 2.485226094722747803e-01 2.490104883909225464e-01 2.567663490772247314e-01 2.478925287723541260e-01 2.476619184017181396e-01 2.479680627584457397e-01
2.530009746551513672e-01 2.487565577030181885e-01 2.483937889337539673e-01 2.492992132902145386e-01 2.567089200019836426e-01 2.485115826129913330e-01 2.475014775991439819e-01 2.479085475206375122e-01 2.529452741146087646e-01 2.495665550231933594e-01 2.484815865755081177e-01 2.490293681621551514e-01 2.568551599979400635e-01 2.477198243141174316e-01 2.475952655076980591e-01 2.477211356163024902e-01
2.528601288795471191e-01 2.487742304801940918e-01 2.484560310840606689e-01 2.490873932838439941e-01 2.570026814937591553e-01 2.483410090208053589e-01 2.474620491266250610e-01 2.480975091457366943e-01 2.526215314865112305e-01 2.496343106031417847e-01 2.486904263496398926e-01 2.488068789243698120e-01 2.569870948791503906e-01 2.476883381605148315e-01 2.476180493831634521e-01 2.478675395250320435e-01
2.528860270977020264e-01 2.486306875944137573e-01 2.484310567378997803e-01 2.490861415863037109e-01 2.570046186447143555e-01 2.479843646287918091e-01 2.476675361394882202e-01 2.479863911867141724e-01 2.527625262737274170e-01 2.498870193958282471e-01 2.486023604869842529e-01 2.489592581987380981e-01 2.567642331123352051e-01 2.480296343564987183e-01 2.473897784948348999e-01 2.479235231876373291e-01
2.527610063552856445e-01 2.483644932508468628e-01 2.487180382013320923e-01 2.492142170667648315e-01 2.568971812725067139e-01 2.480365186929702759e-01 2.479423731565475464e-01 2.481166720390319824e-01 2.527200579643249512e-01 2.496071457862854004e-01 2.486895769834518433e-01 2.490430027246475220e-01 2.564522027969360352e-01 2.477474361658096313e-01 2.476946711540222168e-01 2.479904145002365112e-01
2.527731359004974365e-01 2.486481964588165283e-01 2.486238330602645874e-01 2.489172816276550293e-01 2.569825947284698486e-01 2.479209899902343750e-01 2.477384805679321289e-01 2.479223310947418213e-01 2.529128193855285645e-01 2.497505843639373779e-01 2.488040924072265625e-01 2.490610033273696899e-01 2.564399838447570801e-01 2.479131519794464111e-01 2.478604018688201904e-01 2.477261275053024292e-01
2.524538636207580566e-01 2.486733049154281616e-01 2.484233081340789795e-01 2.486382424831390381e-01 2.569544017314910889e-01 2.481436729431152344e-01 2.476582229137420654e-01 2.481466531753540039e-01 2.530398368835449219e-01 2.495309859514236450e-01 2.490949481725692749e-01 2.492362409830093384e-01 2.566633820533752441e-01 2.480003982782363892e-01 2.477104663848876953e-01 2.476270496845245361e-01
2.525004148483276367e-01 2.485801428556442261e-01 2.485454827547073364e-01 2.488644868135452271e-01 2.571582794189453125e-01 2.483100146055221558e-01 2.473588436841964722e-01 2.477740347385406494e-01 2.528938055038452148e-01 2.493584454059600830e-01 2.490730732679367065e-01 2.495624572038650513e-01 2.564329504966735840e-01 2.479346692562103271e-01 2.477606981992721558e-01 2.478871494531631470e-01
2.522322237491607666e-01 2.486987709999084473e-01 2.485230565071105957e-01 2.487654536962509155e-01 2.572751045227050781e-01 2.481416165828704834e-01 2.474980354309082031e-01 2.476935684680938721e-01 2.529802620410919189e-01 2.491810768842697144e-01 2.492236644029617310e-01 2.497711181640625000e-01 2.564702928066253662e-01 2.479568272829055786e-01 2.476398348808288574e-01 2.479439824819564819e-01
