# pops for 16 qbits with connectivity c5 and unitary DM 23224590793792
3.999999761581420898e-01 2.000000029802322388e-01 2.000000029802322388e-01 2.000000029802322388e-01 4.000000059604644775e-01 1.999999880790710449e-01 1.999999880790710449e-01 1.999999880790710449e-01 3.999999463558197021e-01 1.999999880790710449e-01 1.999999880790710449e-01 1.999999880790710449e-01 3.999999761581420898e-01 1.999999880790710449e-01 1.999999880790710449e-01 1.999999880790710449e-01
3.555775582790374756e-01 2.646841406822204590e-01 2.000000029802322388e-01 2.000000029802322388e-01 3.417257368564605713e-01 2.380125820636749268e-01 1.999999731779098511e-01 1.999999731779098511e-01 3.555775582790374756e-01 1.999999880790710449e-01 1.999999880790710449e-01 2.646841704845428467e-01 3.417257666587829590e-01 2.380125820636749268e-01 2.000000029802322388e-01 2.000000029802322388e-01
3.086158931255340576e-01 2.459404766559600830e-01 2.535322308540344238e-01 2.475895434617996216e-01 3.034840226173400879e-01 2.530960440635681152e-01 2.175302803516387939e-01 2.113036811351776123e-01 3.252035379409790039e-01 2.181277126073837280e-01 2.079620361328125000e-01 2.551137804985046387e-01 3.047961294651031494e-01 2.369229942560195923e-01 2.077493220567703247e-01 2.030322998762130737e-01
2.903531789779663086e-01 2.355050742626190186e-01 2.471224814653396606e-01 2.388792783021926880e-01 3.045342266559600830e-01 2.632784545421600342e-01 2.270096391439437866e-01 2.219217121601104736e-01 3.244063854217529297e-01 2.233476042747497559e-01 2.061273604631423950e-01 2.359502762556076050e-01 2.849852144718170166e-01 2.195441126823425293e-01 2.530019879341125488e-01 2.240330576896667480e-01
2.779458463191986084e-01 2.384732067584991455e-01 2.440395057201385498e-01 2.464898675680160522e-01 2.967241108417510986e-01 2.496386319398880005e-01 2.442588657140731812e-01 2.310339212417602539e-01 2.866066098213195801e-01 2.264695316553115845e-01 2.203821539878845215e-01 2.402263283729553223e-01 2.742807567119598389e-01 2.340011894702911377e-01 2.463297694921493530e-01 2.430996596813201904e-01
2.705911099910736084e-01 2.424188107252120972e-01 2.563092112541198730e-01 2.468861192464828491e-01 2.860377430915832520e-01 2.471056431531906128e-01 2.387299239635467529e-01 2.405254095792770386e-01 2.772606909275054932e-01 2.368645668029785156e-01 2.307621091604232788e-01 2.361807823181152344e-01 2.669814825057983398e-01 2.335370928049087524e-01 2.404594272375106812e-01 2.493497729301452637e-01
2.611584365367889404e-01 2.445885688066482544e-01 2.508302330970764160e-01 2.422996163368225098e-01 2.702266275882720947e-01 2.410894781351089478e-01 2.427200376987457275e-01 2.443977594375610352e-01 2.757813632488250732e-01 2.467959970235824585e-01 2.383848875761032104e-01 2.458320707082748413e-01 2.642536759376525879e-01 2.369018197059631348e-01 2.426884770393371582e-01 2.520508170127868652e-01
2.635927200317382812e-01 2.455180287361145020e-01 2.528448104858398438e-01 2.423171699047088623e-01 2.618184983730316162e-01 2.435841411352157593e-01 2.428385168313980103e-01 2.411872595548629761e-01 2.711049914360046387e-01 2.506948113441467285e-01 2.414593845605850220e-01 2.446859627962112427e-01 2.640257477760314941e-01 2.386985570192337036e-01 2.466632723808288574e-01 2.489659190177917480e-01
2.621800005435943604e-01 2.463946044445037842e-01 2.499827146530151367e-01 2.438614219427108765e-01 2.607334554195404053e-01 2.442409098148345947e-01 2.434996068477630615e-01 2.428083717823028564e-01 2.701373696327209473e-01 2.511162757873535156e-01 2.446836084127426147e-01 2.430171519517898560e-01 2.610677182674407959e-01 2.415813952684402466e-01 2.459756284952163696e-01 2.487194687128067017e-01
2.620519697666168213e-01 2.442385107278823853e-01 2.522453665733337402e-01 2.466243952512741089e-01 2.582939267158508301e-01 2.464160919189453125e-01 2.470973879098892212e-01 2.447550445795059204e-01 2.621017694473266602e-01 2.525524795055389404e-01 2.444283962249755859e-01 2.456661313772201538e-01 2.581753730773925781e-01 2.430083602666854858e-01 2.449319213628768921e-01 2.474126070737838745e-01
2.586929202079772949e-01 2.446596324443817139e-01 2.542935013771057129e-01 2.469416409730911255e-01 2.563503086566925049e-01 2.443115711212158203e-01 2.468072772026062012e-01 2.465779930353164673e-01 2.619051039218902588e-01 2.511303424835205078e-01 2.464018166065216064e-01 2.450719624757766724e-01 2.607661783695220947e-01 2.431527823209762573e-01 2.471223026514053345e-01 2.458142191171646118e-01
2.562289535999298096e-01 2.455903589725494385e-01 2.534082233905792236e-01 2.463740557432174683e-01 2.546619176864624023e-01 2.486397176980972290e-01 2.488017827272415161e-01 2.460925132036209106e-01 2.580463588237762451e-01 2.501336336135864258e-01 2.476449459791183472e-01 2.465445995330810547e-01 2.601055502891540527e-01 2.450281530618667603e-01 2.468112111091613770e-01 2.458875030279159546e-01
2.540783286094665527e-01 2.477708160877227783e-01 2.508730292320251465e-01 2.472589164972305298e-01 2.551204264163970947e-01 2.481514215469360352e-01 2.494571506977081299e-01 2.470875084400177002e-01 2.566113173961639404e-01 2.486449629068374634e-01 2.483185827732086182e-01 2.483359575271606445e-01 2.598750889301300049e-01 2.463002800941467285e-01 2.466853410005569458e-01 2.454304397106170654e-01
2.538744211196899414e-01 2.469961941242218018e-01 2.512775361537933350e-01 2.470852881669998169e-01 2.551918327808380127e-01 2.484575212001800537e-01 2.494181543588638306e-01 2.474966496229171753e-01 2.570519745349884033e-01 2.492125034332275391e-01 2.471873760223388672e-01 2.469731122255325317e-01 2.596300244331359863e-01 2.471089959144592285e-01 2.471499890089035034e-01 2.458879500627517700e-01
2.536345124244689941e-01 2.485946565866470337e-01 2.505123615264892578e-01 2.472643852233886719e-01 2.554123699665069580e-01 2.474278509616851807e-01 2.490901350975036621e-01 2.476964145898818970e-01 2.556794583797454834e-01 2.495806515216827393e-01 2.487616389989852905e-01 2.473914176225662231e-01 2.588253021240234375e-01 2.472390830516815186e-01 2.467940002679824829e-01 2.460951954126358032e-01
2.532047331333160400e-01 2.477198541164398193e-01 2.503010034561157227e-01 2.477285414934158325e-01 2.555132806301116943e-01 2.474557161331176758e-01 2.496814131736755371e-01 2.478661537170410156e-01 2.549349367618560791e-01 2.496912181377410889e-01 2.482807487249374390e-01 2.480686455965042114e-01 2.585085928440093994e-01 2.471571713685989380e-01 2.473909556865692139e-01 2.464963644742965698e-01
2.539640367031097412e-01 2.468807399272918701e-01 2.505632042884826660e-01 2.477793544530868530e-01 2.551943957805633545e-01 2.478543967008590698e-01 2.494172900915145874e-01 2.478172481060028076e-01 2.544312477111816406e-01 2.501238286495208740e-01 2.483212798833847046e-01 2.484895139932632446e-01 2.589330375194549561e-01 2.471958994865417480e-01 2.469250410795211792e-01 2.461088150739669800e-01
2.535074055194854736e-01 2.474534958600997925e-01 2.503234744071960449e-01 2.480282783508300781e-01 2.553239762783050537e-01 2.479926347732543945e-01 2.491715103387832642e-01 2.476698607206344604e-01 2.542213499546051025e-01 2.494852095842361450e-01 2.487195283174514771e-01 2.491121590137481689e-01 2.580602467060089111e-01 2.476559728384017944e-01 2.470299452543258667e-01 2.462442070245742798e-01
2.533172965049743652e-01 2.473633140325546265e-01 2.503503262996673584e-01 2.480439990758895874e-01 2.557130157947540283e-01 2.481893301010131836e-01 2.490381151437759399e-01 2.474552243947982788e-01 2.529204487800598145e-01 2.497826963663101196e-01 2.488953322172164917e-01 2.490386366844177246e-01 2.579091787338256836e-01 2.477047741413116455e-01 2.473858296871185303e-01 2.468917071819305420e-01
2.528741955757141113e-01 2.477970719337463379e-01 2.495041638612747192e-01 2.483088672161102295e-01 2.563288211822509766e-01 2.488627880811691284e-01 2.485726177692413330e-01 2.472220361232757568e-01 2.529389858245849609e-01 2.497331053018569946e-01 2.494758665561676025e-01 2.489338964223861694e-01 2.582173943519592285e-01 2.474827170372009277e-01 2.471646517515182495e-01 2.465819120407104492e-01
2.527984082698822021e-01 2.485322803258895874e-01 2.488988935947418213e-01 2.488346844911575317e-01 2.567418217658996582e-01 2.479997575283050537e-01 2.485492527484893799e-01 2.471154630184173584e-01 2.531963288784027100e-01 2.493638247251510620e-01 2.491000890731811523e-01 2.493917793035507202e-01 2.579215168952941895e-01 2.476899474859237671e-01 2.474127262830734253e-01 2.464523017406463623e-01
2.526841759681701660e-01 2.486533820629119873e-01 2.487978935241699219e-01 2.490313500165939331e-01 2.570166289806365967e-01 2.477695047855377197e-01 2.483691871166229248e-01 2.478159219026565552e-01 2.526841759681701660e-01 2.486467361450195312e-01 2.491697818040847778e-01 2.496872246265411377e-01 2.575620710849761963e-01 2.476328313350677490e-01 2.477472424507141113e-01 2.467309087514877319e-01
2.531275451183319092e-01 2.493332326412200928e-01 2.486556470394134521e-01 2.491516917943954468e-01 2.564406692981719971e-01 2.483339756727218628e-01 2.482935190200805664e-01 2.479828000068664551e-01 2.521495819091796875e-01 2.485868334770202637e-01 2.490608543157577515e-01 2.495799660682678223e-01 2.568914890289306641e-01 2.479410171508789062e-01 2.476885765790939331e-01 2.467815130949020386e-01
2.533994615077972412e-01 2.488581687211990356e-01 2.485750764608383179e-01 2.491986304521560669e-01 2.561754584312438965e-01 2.485173940658569336e-01 2.485924661159515381e-01 2.480024993419647217e-01 2.522932887077331543e-01 2.481337040662765503e-01 2.490789294242858887e-01 2.498317360877990723e-01 2.569710314273834229e-01 2.476996630430221558e-01 2.478130012750625610e-01 2.468584775924682617e-01
2.536265254020690918e-01 2.486219555139541626e-01 2.480043619871139526e-01 2.497582584619522095e-01 2.565383315086364746e-01 2.485348433256149292e-01 2.480952441692352295e-01 2.479812055826187134e-01 2.521210014820098877e-01 2.487805783748626709e-01 2.489990592002868652e-01 2.497263252735137939e-01 2.568549215793609619e-01 2.477892339229583740e-01 2.478529661893844604e-01 2.467140704393386841e-01
2.539765834808349609e-01 2.490470856428146362e-01 2.477551251649856567e-01 2.495057433843612671e-01 2.562154531478881836e-01 2.482308447360992432e-01 2.475632578134536743e-01 2.480796575546264648e-01 2.523978352546691895e-01 2.485927641391754150e-01 2.489180415868759155e-01 2.497347295284271240e-01 2.570366263389587402e-01 2.479410320520401001e-01 2.480379194021224976e-01 2.469661235809326172e-01
2.535045444965362549e-01 2.490319758653640747e-01 2.481838166713714600e-01 2.492454797029495239e-01 2.561672925949096680e-01 2.479469478130340576e-01 2.476853281259536743e-01 2.480478584766387939e-01 2.525841593742370605e-01 2.487773150205612183e-01 2.490028291940689087e-01 2.496216893196105957e-01 2.567600309848785400e-01 2.479678392410278320e-01 2.478417158126831055e-01 2.476299852132797241e-01
2.534469366073608398e-01 2.489882856607437134e-01 2.486645281314849854e-01 2.490957081317901611e-01 2.562014460563659668e-01 2.478258311748504639e-01 2.477524429559707642e-01 2.478380650281906128e-01 2.526006102561950684e-01 2.487842887639999390e-01 2.491321563720703125e-01 2.492747455835342407e-01 2.566490769386291504e-01 2.481087893247604370e-01 2.479291856288909912e-01 2.477066516876220703e-01
2.531763911247253418e-01 2.494419813156127930e-01 2.483564317226409912e-01 2.493891119956970215e-01 2.563819885253906250e-01 2.478097975254058838e-01 2.476228624582290649e-01 2.476346939802169800e-01 2.523953914642333984e-01 2.488599121570587158e-01 2.490867227315902710e-01 2.496002316474914551e-01 2.566776275634765625e-01 2.482777684926986694e-01 2.477299869060516357e-01 2.475577890872955322e-01
2.529404759407043457e-01 2.490008324384689331e-01 2.487227469682693481e-01 2.493251860141754150e-01 2.563374042510986328e-01 2.478622794151306152e-01 2.479780614376068115e-01 2.473894804716110229e-01 2.524513900279998779e-01 2.491910308599472046e-01 2.490218281745910645e-01 2.492095977067947388e-01 2.566474676132202148e-01 2.483280450105667114e-01 2.479805946350097656e-01 2.476123124361038208e-01
2.530339658260345459e-01 2.488063871860504150e-01 2.484386861324310303e-01 2.491531372070312500e-01 2.563547790050506592e-01 2.483009994029998779e-01 2.479019463062286377e-01 2.475664913654327393e-01 2.523796558380126953e-01 2.494160383939743042e-01 2.491854578256607056e-01 2.488895356655120850e-01 2.570537030696868896e-01 2.479557394981384277e-01 2.481995522975921631e-01 2.473624497652053833e-01
2.528664171695709229e-01 2.488371282815933228e-01 2.491397559642791748e-01 2.490019202232360840e-01 2.561205923557281494e-01 2.483474314212799072e-01 2.481772303581237793e-01 2.478683292865753174e-01 2.524632215499877930e-01 2.490455806255340576e-01 2.488092780113220215e-01 2.487353533506393433e-01 2.571045458316802979e-01 2.477117180824279785e-01 2.481129467487335205e-01 2.476570606231689453e-01
2.526611089706420898e-01 2.487435638904571533e-01 2.493860870599746704e-01 2.485549747943878174e-01 2.565758228302001953e-01 2.484394907951354980e-01 2.480305284261703491e-01 2.478274106979370117e-01 2.528163790702819824e-01 2.492686063051223755e-01 2.487060278654098511e-01 2.491311728954315186e-01 2.568635940551757812e-01 2.477060109376907349e-01 2.477543801069259644e-01 2.475332766771316528e-01
2.524245977401733398e-01 2.485807090997695923e-01 2.491465657949447632e-01 2.487028688192367554e-01 2.565139830112457275e-01 2.486138790845870972e-01 2.481810152530670166e-01 2.480553984642028809e-01 2.527661025524139404e-01 2.491771578788757324e-01 2.488032281398773193e-01 2.492693215608596802e-01 2.566866576671600342e-01 2.477951049804687500e-01 2.477534711360931396e-01 2.475284636020660400e-01
2.526728808879852295e-01 2.485080212354660034e-01 2.491141557693481445e-01 2.487121224403381348e-01 2.567040026187896729e-01 2.482079416513442993e-01 2.479705065488815308e-01 2.483292967081069946e-01 2.526272535324096680e-01 2.491546273231506348e-01 2.487236857414245605e-01 2.493702918291091919e-01 2.566752433776855469e-01 2.477375864982604980e-01 2.477895021438598633e-01 2.477011829614639282e-01
2.529892623424530029e-01 2.486508339643478394e-01 2.487447112798690796e-01 2.487646192312240601e-01 2.564431726932525635e-01 2.481862604618072510e-01 2.480764836072921753e-01 2.485463768243789673e-01 2.524002194404602051e-01 2.493153065443038940e-01 2.487874627113342285e-01 2.490976154804229736e-01 2.565241754055023193e-01 2.476754784584045410e-01 2.479818463325500488e-01 2.478145509958267212e-01
2.532852590084075928e-01 2.488910108804702759e-01 2.488010823726654053e-01 2.486703097820281982e-01 2.563709318637847900e-01 2.478020191192626953e-01 2.479245513677597046e-01 2.486565858125686646e-01 2.525586485862731934e-01 2.495314031839370728e-01 2.486773431301116943e-01 2.490524947643280029e-01 2.562871873378753662e-01 2.476246953010559082e-01 2.481054216623306274e-01 2.477593868970870972e-01
2.532510161399841309e-01 2.487216591835021973e-01 2.487256675958633423e-01 2.487685829401016235e-01 2.563821673393249512e-01 2.481939196586608887e-01 2.480404824018478394e-01 2.484258264303207397e-01 2.528301477432250977e-01 2.494045048952102661e-01 2.486255317926406860e-01 2.490360587835311890e-01 2.563800513744354248e-01 2.476158887147903442e-01 2.479307800531387329e-01 2.476659715175628662e-01
2.528640627861022949e-01 2.486535757780075073e-01 2.485770732164382935e-01 2.488853186368942261e-01 2.568927407264709473e-01 2.481383234262466431e-01 2.480591088533401489e-01 2.484390139579772949e-01 2.529799342155456543e-01 2.493285834789276123e-01 2.482497245073318481e-01 2.493738383054733276e-01 2.563259005546569824e-01 2.477080076932907104e-01 2.478705793619155884e-01 2.476522922515869141e-01
2.529534101486206055e-01 2.486062943935394287e-01 2.486483901739120483e-01 2.489226907491683960e-01 2.568213343620300293e-01 2.479634433984756470e-01 2.482500374317169189e-01 2.486159950494766235e-01 2.530071437358856201e-01 2.489232867956161499e-01 2.482982426881790161e-01 2.495487928390502930e-01 2.563418149948120117e-01 2.477854639291763306e-01 2.478747218847274780e-01 2.474370002746582031e-01
2.528154551982879639e-01 2.490357905626296997e-01 2.491376996040344238e-01 2.491092085838317871e-01 2.570238411426544189e-01 2.479782253503799438e-01 2.479375600814819336e-01 2.486089766025543213e-01 2.526781260967254639e-01 2.488657385110855103e-01 2.478539049625396729e-01 2.493571937084197998e-01 2.564811706542968750e-01 2.475456148386001587e-01 2.479251325130462646e-01 2.476444095373153687e-01
2.527842223644256592e-01 2.492209374904632568e-01 2.489796727895736694e-01 2.488808035850524902e-01 2.572479844093322754e-01 2.481770217418670654e-01 2.479809671640396118e-01 2.485561519861221313e-01 2.525169551372528076e-01 2.488524615764617920e-01 2.479719221591949463e-01 2.493433952331542969e-01 2.566666007041931152e-01 2.472564429044723511e-01 2.479321062564849854e-01 2.476304173469543457e-01
2.527707219123840332e-01 2.491533011198043823e-01 2.491022348403930664e-01 2.490271478891372681e-01 2.572411596775054932e-01 2.481288909912109375e-01 2.479646801948547363e-01 2.484395653009414673e-01 2.525227963924407959e-01 2.488557100296020508e-01 2.484487891197204590e-01 2.495132088661193848e-01 2.568146288394927979e-01 2.471263855695724487e-01 2.475820630788803101e-01 2.473066896200180054e-01
2.530369460582733154e-01 2.491255998611450195e-01 2.490850538015365601e-01 2.489088326692581177e-01 2.572345733642578125e-01 2.480375617742538452e-01 2.479080855846405029e-01 2.484909594058990479e-01 2.526454031467437744e-01 2.492486983537673950e-01 2.483004480600357056e-01 2.497116029262542725e-01 2.563471794128417969e-01 2.472980171442031860e-01 2.474361658096313477e-01 2.471827268600463867e-01
2.529930770397186279e-01 2.489358633756637573e-01 2.490245699882507324e-01 2.489415556192398071e-01 2.571776211261749268e-01 2.481929510831832886e-01 2.480029612779617310e-01 2.485590875148773193e-01 2.524907886981964111e-01 2.492476254701614380e-01 2.482930421829223633e-01 2.491487413644790649e-01 2.562367916107177734e-01 2.472838759422302246e-01 2.477085292339324951e-01 2.477608025074005127e-01
2.530682384967803955e-01 2.489353269338607788e-01 2.491144686937332153e-01 2.489854544401168823e-01 2.569767534732818604e-01 2.482320517301559448e-01 2.481143921613693237e-01 2.484008967876434326e-01 2.524634897708892822e-01 2.491865456104278564e-01 2.483436018228530884e-01 2.491583526134490967e-01 2.561761438846588135e-01 2.472472041845321655e-01 2.477219253778457642e-01 2.478729337453842163e-01
2.530405223369598389e-01 2.489086389541625977e-01 2.491098046302795410e-01 2.491481900215148926e-01 2.569116652011871338e-01 2.481693774461746216e-01 2.482780218124389648e-01 2.482765913009643555e-01 2.525434195995330811e-01 2.493571788072586060e-01 2.482717633247375488e-01 2.491825520992279053e-01 2.561399042606353760e-01 2.473305165767669678e-01 2.477059364318847656e-01 2.476236671209335327e-01
2.528660893440246582e-01 2.489597797393798828e-01 2.485318779945373535e-01 2.489027231931686401e-01 2.569651901721954346e-01 2.481506913900375366e-01 2.485502660274505615e-01 2.479681819677352905e-01 2.524895966053009033e-01 2.493491321802139282e-01 2.484754472970962524e-01 2.492104321718215942e-01 2.561376690864562988e-01 2.476996779441833496e-01 2.479364573955535889e-01 2.478045076131820679e-01
2.526904344558715820e-01 2.488389760255813599e-01 2.485657036304473877e-01 2.487307637929916382e-01 2.571939229965209961e-01 2.483981251716613770e-01 2.482455372810363770e-01 2.479925751686096191e-01 2.526864111423492432e-01 2.493453919887542725e-01 2.484773248434066772e-01 2.491142302751541138e-01 2.563505768775939941e-01 2.475888133049011230e-01 2.480171918869018555e-01 2.477616667747497559e-01
2.526345252990722656e-01 2.487134486436843872e-01 2.486413866281509399e-01 2.491096258163452148e-01 2.572937607765197754e-01 2.484797835350036621e-01 2.479788810014724731e-01 2.478046417236328125e-01 2.529428601264953613e-01 2.490750700235366821e-01 2.484889477491378784e-01 2.492003589868545532e-01 2.565020024776458740e-01 2.476960569620132446e-01 2.477025836706161499e-01 2.477336972951889038e-01
2.526099085807800293e-01 2.486470490694046021e-01 2.489255815744400024e-01 2.491823434829711914e-01 2.572555243968963623e-01 2.484621703624725342e-01 2.480559796094894409e-01 2.477526962757110596e-01 2.530232667922973633e-01 2.490440160036087036e-01 2.485302090644836426e-01 2.488967031240463257e-01 2.567274272441864014e-01 2.474900782108306885e-01 2.475819140672683716e-01 2.478126436471939087e-01
2.527794837951660156e-01 2.487089186906814575e-01 2.490175217390060425e-01 2.488521188497543335e-01 2.573325932025909424e-01 2.484948188066482544e-01 2.477918416261672974e-01 2.479138523340225220e-01 2.529643476009368896e-01 2.489326298236846924e-01 2.485761195421218872e-01 2.491619735956192017e-01 2.567735314369201660e-01 2.474566549062728882e-01 2.477060705423355103e-01 2.475348860025405884e-01
2.525779902935028076e-01 2.487348914146423340e-01 2.489870190620422363e-01 2.492110580205917358e-01 2.571669816970825195e-01 2.483320236206054688e-01 2.478910684585571289e-01 2.479901909828186035e-01 2.528055310249328613e-01 2.491097301244735718e-01 2.484056353569030762e-01 2.491865754127502441e-01 2.569043636322021484e-01 2.473192214965820312e-01 2.478528320789337158e-01 2.475223541259765625e-01
2.527310550212860107e-01 2.486070394515991211e-01 2.488371431827545166e-01 2.494252920150756836e-01 2.573963403701782227e-01 2.482395172119140625e-01 2.479426264762878418e-01 2.479864656925201416e-01 2.527298033237457275e-01 2.486473917961120605e-01 2.485744357109069824e-01 2.491156160831451416e-01 2.568932771682739258e-01 2.476834654808044434e-01 2.477817684412002563e-01 2.474061846733093262e-01
2.525624036788940430e-01 2.489069551229476929e-01 2.489669620990753174e-01 2.492100000381469727e-01 2.572919726371765137e-01 2.481777667999267578e-01 2.479623407125473022e-01 2.480870187282562256e-01 2.523528933525085449e-01 2.488599866628646851e-01 2.485978305339813232e-01 2.492628544569015503e-01 2.571739852428436279e-01 2.476395964622497559e-01 2.478545159101486206e-01 2.470901459455490112e-01
2.524847090244293213e-01 2.489454299211502075e-01 2.487586587667465210e-01 2.494389861822128296e-01 2.573271691799163818e-01 2.479036152362823486e-01 2.479082494974136353e-01 2.480089366436004639e-01 2.524734437465667725e-01 2.489592880010604858e-01 2.488319575786590576e-01 2.494494616985321045e-01 2.568985223770141602e-01 2.476023584604263306e-01 2.478573769330978394e-01 2.471491545438766479e-01
2.526412308216094971e-01 2.489285022020339966e-01 2.486028969287872314e-01 2.495234310626983643e-01 2.571376562118530273e-01 2.479956150054931641e-01 2.479301095008850098e-01 2.480358183383941650e-01 2.525463700294494629e-01 2.489942014217376709e-01 2.490852028131484985e-01 2.494176328182220459e-01 2.566818296909332275e-01 2.475664317607879639e-01 2.478825747966766357e-01 2.470277100801467896e-01
2.529201507568359375e-01 2.488000392913818359e-01 2.482282519340515137e-01 2.495492249727249146e-01 2.571941614151000977e-01 2.478139698505401611e-01 2.479513734579086304e-01 2.480276226997375488e-01 2.526616752147674561e-01 2.491361200809478760e-01 2.491845637559890747e-01 2.493260204792022705e-01 2.566416263580322266e-01 2.477320581674575806e-01 2.475296258926391602e-01 2.473006099462509155e-01
2.530681788921356201e-01 2.485430240631103516e-01 2.483689785003662109e-01 2.493923604488372803e-01 2.571689188480377197e-01 2.477984726428985596e-01 2.480929344892501831e-01 2.480519860982894897e-01 2.530422806739807129e-01 2.493028938770294189e-01 2.491411715745925903e-01 2.492474317550659180e-01 2.563941478729248047e-01 2.476422935724258423e-01 2.476021349430084229e-01 2.471399307250976562e-01
2.531177401542663574e-01 2.489842176437377930e-01 2.483211308717727661e-01 2.496601194143295288e-01 2.570691108703613281e-01 2.476451545953750610e-01 2.477554678916931152e-01 2.479318380355834961e-01 2.528693675994873047e-01 2.490355819463729858e-01 2.492779642343521118e-01 2.493054121732711792e-01 2.565090656280517578e-01 2.475167065858840942e-01 2.477638274431228638e-01 2.472343146800994873e-01
2.530691325664520264e-01 2.489733844995498657e-01 2.484233677387237549e-01 2.493815869092941284e-01 2.568549811840057373e-01 2.476888597011566162e-01 2.479071766138076782e-01 2.479746043682098389e-01 2.530669271945953369e-01 2.491047233343124390e-01 2.490933537483215332e-01 2.495013773441314697e-01 2.566165328025817871e-01 2.472080737352371216e-01 2.479250878095626831e-01 2.472077757120132446e-01
2.534492611885070801e-01 2.491540014743804932e-01 2.486494332551956177e-01 2.494328767061233521e-01 2.569006979465484619e-01 2.477042376995086670e-01 2.480398714542388916e-01 2.479664832353591919e-01 2.525387108325958252e-01 2.488600015640258789e-01 2.489165365695953369e-01 2.492831498384475708e-01 2.566335201263427734e-01 2.471418231725692749e-01 2.478811740875244141e-01 2.474451214075088501e-01
2.531500160694122314e-01 2.492608278989791870e-01 2.488836050033569336e-01 2.491258829832077026e-01 2.569738626480102539e-01 2.478469759225845337e-01 2.480895221233367920e-01 2.479660958051681519e-01 2.524917721748352051e-01 2.485170066356658936e-01 2.489558160305023193e-01 2.494997531175613403e-01 2.569051980972290039e-01 2.471738606691360474e-01 2.479326874017715454e-01 2.472239285707473755e-01
2.533880472183227539e-01 2.496521025896072388e-01 2.490385323762893677e-01 2.492652535438537598e-01 2.568955719470977783e-01 2.477408647537231445e-01 2.480247616767883301e-01 2.483071088790893555e-01 2.523368299007415771e-01 2.481013685464859009e-01 2.488245666027069092e-01 2.495292574167251587e-01 2.564646601676940918e-01 2.470995038747787476e-01 2.479002326726913452e-01 2.474281489849090576e-01
2.533491253852844238e-01 2.491888701915740967e-01 2.490850985050201416e-01 2.492103576660156250e-01 2.571384906768798828e-01 2.478463947772979736e-01 2.479687333106994629e-01 2.480385005474090576e-01 2.523161470890045166e-01 2.483033835887908936e-01 2.488335669040679932e-01 2.498055398464202881e-01 2.563820481300354004e-01 2.473674267530441284e-01 2.479272633790969849e-01 2.472358494997024536e-01
2.535065710544586182e-01 2.493146508932113647e-01 2.492488771677017212e-01 2.490028440952301025e-01 2.567719519138336182e-01 2.478100806474685669e-01 2.480457723140716553e-01 2.481248527765274048e-01 2.522439956665039062e-01 2.483606338500976562e-01 2.487263679504394531e-01 2.493633180856704712e-01 2.564469277858734131e-01 2.474818527698516846e-01 2.479164004325866699e-01 2.476316243410110474e-01
2.532169222831726074e-01 2.495072782039642334e-01 2.492748796939849854e-01 2.490442246198654175e-01 2.567445039749145508e-01 2.477383762598037720e-01 2.480057775974273682e-01 2.482935637235641479e-01 2.524084150791168213e-01 2.488099187612533569e-01 2.485576122999191284e-01 2.493666112422943115e-01 2.565457522869110107e-01 2.473791092634201050e-01 2.474054396152496338e-01 2.476982772350311279e-01
2.532036602497100830e-01 2.492377460002899170e-01 2.493719756603240967e-01 2.489238083362579346e-01 2.568211853504180908e-01 2.478198558092117310e-01 2.481014728546142578e-01 2.483457326889038086e-01 2.523676753044128418e-01 2.483134120702743530e-01 2.485460489988327026e-01 2.492921203374862671e-01 2.566909193992614746e-01 2.476336210966110229e-01 2.473462820053100586e-01 2.479810267686843872e-01
2.532568573951721191e-01 2.489662915468215942e-01 2.491267174482345581e-01 2.487581819295883179e-01 2.567294538021087646e-01 2.482303977012634277e-01 2.483085244894027710e-01 2.480054050683975220e-01 2.524477243423461914e-01 2.483752220869064331e-01 2.489055693149566650e-01 2.492186129093170166e-01 2.566493749618530273e-01 2.476555407047271729e-01 2.474281489849090576e-01 2.479345798492431641e-01
2.531151473522186279e-01 2.490918338298797607e-01 2.490823417901992798e-01 2.489078789949417114e-01 2.568842470645904541e-01 2.483201175928115845e-01 2.480725795030593872e-01 2.479076683521270752e-01 2.524451613426208496e-01 2.484805583953857422e-01 2.488673776388168335e-01 2.490028291940689087e-01 2.568694651126861572e-01 2.476537674665451050e-01 2.473573088645935059e-01 2.479383051395416260e-01
2.531986236572265625e-01 2.489821612834930420e-01 2.490077763795852661e-01 2.489885687828063965e-01 2.567207813262939453e-01 2.483792752027511597e-01 2.479129135608673096e-01 2.477982342243194580e-01 2.528277635574340820e-01 2.486556023359298706e-01 2.487924396991729736e-01 2.489290684461593628e-01 2.567833364009857178e-01 2.475878447294235229e-01 2.474365085363388062e-01 2.479956299066543579e-01
2.530890107154846191e-01 2.489009052515029907e-01 2.487340420484542847e-01 2.491632699966430664e-01 2.566325068473815918e-01 2.483473271131515503e-01 2.478513568639755249e-01 2.482699006795883179e-01 2.530595660209655762e-01 2.488867640495300293e-01 2.489008456468582153e-01 2.487334460020065308e-01 2.566718757152557373e-01 2.476632595062255859e-01 2.473248690366744995e-01 2.477675378322601318e-01
2.529809772968292236e-01 2.489549517631530762e-01 2.489238828420639038e-01 2.492770552635192871e-01 2.564459145069122314e-01 2.484607696533203125e-01 2.477505505084991455e-01 2.479265332221984863e-01 2.530996203422546387e-01 2.484262138605117798e-01 2.491341233253479004e-01 2.486998885869979858e-01 2.566885352134704590e-01 2.476028352975845337e-01 2.475268542766571045e-01 2.480975836515426636e-01
2.531911134719848633e-01 2.491202503442764282e-01 2.489816248416900635e-01 2.494083940982818604e-01 2.565721571445465088e-01 2.482771575450897217e-01 2.476664632558822632e-01 2.478124052286148071e-01 2.532020211219787598e-01 2.483914196491241455e-01 2.491102367639541626e-01 2.485564500093460083e-01 2.565802633762359619e-01 2.475047260522842407e-01 2.476121187210083008e-01 2.480094581842422485e-01
2.530026137828826904e-01 2.492342889308929443e-01 2.489228397607803345e-01 2.494737505912780762e-01 2.566781342029571533e-01 2.482790350914001465e-01 2.481226623058319092e-01 2.475842088460922241e-01 2.529900670051574707e-01 2.483519315719604492e-01 2.488882541656494141e-01 2.487030327320098877e-01 2.566156983375549316e-01 2.476090341806411743e-01 2.474889010190963745e-01 2.480517774820327759e-01
2.530014514923095703e-01 2.491785138845443726e-01 2.488032728433609009e-01 2.494745403528213501e-01 2.569542527198791504e-01 2.480598241090774536e-01 2.483472526073455811e-01 2.474784106016159058e-01 2.531166076660156250e-01 2.484372258186340332e-01 2.487015128135681152e-01 2.490831017494201660e-01 2.565133571624755859e-01 2.472048103809356689e-01 2.476125508546829224e-01 2.480295896530151367e-01
2.527701854705810547e-01 2.489989846944808960e-01 2.488801032304763794e-01 2.495567649602890015e-01 2.569459974765777588e-01 2.479223161935806274e-01 2.481414824724197388e-01 2.477756589651107788e-01 2.529482543468475342e-01 2.488142699003219604e-01 2.489341944456100464e-01 2.490798830986022949e-01 2.564624845981597900e-01 2.471766471862792969e-01 2.477222084999084473e-01 2.478667199611663818e-01
2.527980506420135498e-01 2.490713447332382202e-01 2.488652020692825317e-01 2.495110780000686646e-01 2.570737600326538086e-01 2.477815896272659302e-01 2.483539134263992310e-01 2.475365102291107178e-01 2.526616454124450684e-01 2.487419098615646362e-01 2.489205598831176758e-01 2.489025294780731201e-01 2.565608322620391846e-01 2.474857866764068604e-01 2.477097660303115845e-01 2.480214834213256836e-01
2.530773580074310303e-01 2.488949298858642578e-01 2.488782703876495361e-01 2.494014352560043335e-01 2.573460936546325684e-01 2.477753311395645142e-01 2.481905668973922729e-01 2.474275231361389160e-01 2.527516186237335205e-01 2.489139437675476074e-01 2.490792125463485718e-01 2.489156574010848999e-01 2.562417685985565186e-01 2.473157793283462524e-01 2.476177662611007690e-01 2.481687963008880615e-01
2.530511319637298584e-01 2.487633526325225830e-01 2.488352060317993164e-01 2.493662983179092407e-01 2.575146555900573730e-01 2.476759999990463257e-01 2.481269389390945435e-01 2.476578652858734131e-01 2.528299093246459961e-01 2.491024732589721680e-01 2.488549053668975830e-01 2.490719109773635864e-01 2.563936710357666016e-01 2.472319602966308594e-01 2.474733144044876099e-01 2.480463832616806030e-01
2.531569004058837891e-01 2.485494017601013184e-01 2.487395107746124268e-01 2.494127154350280762e-01 2.574386298656463623e-01 2.475308030843734741e-01 2.482521981000900269e-01 2.479113191366195679e-01 2.531875669956207275e-01 2.489527016878128052e-01 2.489147633314132690e-01 2.491331249475479126e-01 2.565256357192993164e-01 2.472652643918991089e-01 2.474298626184463501e-01 2.475955337285995483e-01
2.530601918697357178e-01 2.489294856786727905e-01 2.489653974771499634e-01 2.490747869014739990e-01 2.574828863143920898e-01 2.475985586643218994e-01 2.482953220605850220e-01 2.475847899913787842e-01 2.531064748764038086e-01 2.486992031335830688e-01 2.490560114383697510e-01 2.491346597671508789e-01 2.565422952175140381e-01 2.471558153629302979e-01 2.476188391447067261e-01 2.476911246776580811e-01
2.530294656753540039e-01 2.489509880542755127e-01 2.488405704498291016e-01 2.493496090173721313e-01 2.571850717067718506e-01 2.478771507740020752e-01 2.479928582906723022e-01 2.475318461656570435e-01 2.530707120895385742e-01 2.487015575170516968e-01 2.490660101175308228e-01 2.492106109857559204e-01 2.565942108631134033e-01 2.471703588962554932e-01 2.476423829793930054e-01 2.477824538946151733e-01
2.529209554195404053e-01 2.490308880805969238e-01 2.489908188581466675e-01 2.490427792072296143e-01 2.570981085300445557e-01 2.480892390012741089e-01 2.478495836257934570e-01 2.477350085973739624e-01 2.527420520782470703e-01 2.486415654420852661e-01 2.493170350790023804e-01 2.491817176342010498e-01 2.565185129642486572e-01 2.473265081644058228e-01 2.474959641695022583e-01 2.480149567127227783e-01
2.529975771903991699e-01 2.491724491119384766e-01 2.489704191684722900e-01 2.490067929029464722e-01 2.569796442985534668e-01 2.480086088180541992e-01 2.478739917278289795e-01 2.477479279041290283e-01 2.528826296329498291e-01 2.486525028944015503e-01 2.493675649166107178e-01 2.491039037704467773e-01 2.569057643413543701e-01 2.474044859409332275e-01 2.472665458917617798e-01 2.476550042629241943e-01
2.526725530624389648e-01 2.491494715213775635e-01 2.491097897291183472e-01 2.492141127586364746e-01 2.568532228469848633e-01 2.480369955301284790e-01 2.477292418479919434e-01 2.479920089244842529e-01 2.528565526008605957e-01 2.488795071840286255e-01 2.491638660430908203e-01 2.489081025123596191e-01 2.569337487220764160e-01 2.473531514406204224e-01 2.473116368055343628e-01 2.478317320346832275e-01
2.526721358299255371e-01 2.493628263473510742e-01 2.489718198776245117e-01 2.493140697479248047e-01 2.570082545280456543e-01 2.481282651424407959e-01 2.476859241724014282e-01 2.480548769235610962e-01 2.523795366287231445e-01 2.487832903861999512e-01 2.492538839578628540e-01 2.486906647682189941e-01 2.569245398044586182e-01 2.473585605621337891e-01 2.473978996276855469e-01 2.480090856552124023e-01
2.529085576534271240e-01 2.491278052330017090e-01 2.491919547319412231e-01 2.492678463459014893e-01 2.571961283683776855e-01 2.479736506938934326e-01 2.477475702762603760e-01 2.479232400655746460e-01 2.524957358837127686e-01 2.485135048627853394e-01 2.493427842855453491e-01 2.487080246210098267e-01 2.566085755825042725e-01 2.474370747804641724e-01 2.474346458911895752e-01 2.481184601783752441e-01
2.528503835201263428e-01 2.491564452648162842e-01 2.492956221103668213e-01 2.492771446704864502e-01 2.571735978126525879e-01 2.478052526712417603e-01 2.477798610925674438e-01 2.479577213525772095e-01 2.526361346244812012e-01 2.484816163778305054e-01 2.491722851991653442e-01 2.488703429698944092e-01 2.566236853599548340e-01 2.474778741598129272e-01 2.474838793277740479e-01 2.479536533355712891e-01
2.527523934841156006e-01 2.492131739854812622e-01 2.491380721330642700e-01 2.491211593151092529e-01 2.570378482341766357e-01 2.479930371046066284e-01 2.477884739637374878e-01 2.480492442846298218e-01 2.525972723960876465e-01 2.483858764171600342e-01 2.491512596607208252e-01 2.488577663898468018e-01 2.567528784275054932e-01 2.475425153970718384e-01 2.475358396768569946e-01 2.480786889791488647e-01
2.530955076217651367e-01 2.492890506982803345e-01 2.488402873277664185e-01 2.490112632513046265e-01 2.570133805274963379e-01 2.480372637510299683e-01 2.475109994411468506e-01 2.482955902814865112e-01 2.525052130222320557e-01 2.484834641218185425e-01 2.491321563720703125e-01 2.489808201789855957e-01 2.565707266330718994e-01 2.477047741413116455e-01 2.472950965166091919e-01 2.482298165559768677e-01
2.529001832008361816e-01 2.491194456815719604e-01 2.489790469408035278e-01 2.487615048885345459e-01 2.570737004280090332e-01 2.481915056705474854e-01 2.476623356342315674e-01 2.481403052806854248e-01 2.523493766784667969e-01 2.487342357635498047e-01 2.491157650947570801e-01 2.491189986467361450e-01 2.567146122455596924e-01 2.477331608533859253e-01 2.472981810569763184e-01 2.481030225753784180e-01
2.526603639125823975e-01 2.489771246910095215e-01 2.492158710956573486e-01 2.490664720535278320e-01 2.572374939918518066e-01 2.480234056711196899e-01 2.477653473615646362e-01 2.478820681571960449e-01 2.522152960300445557e-01 2.484523653984069824e-01 2.487818300724029541e-01 2.493827939033508301e-01 2.566604316234588623e-01 2.479805052280426025e-01 2.473703920841217041e-01 2.483236342668533325e-01
2.528221905231475830e-01 2.486897706985473633e-01 2.492503374814987183e-01 2.490406781435012817e-01 2.572959959506988525e-01 2.482098191976547241e-01 2.475760728120803833e-01 2.480186522006988525e-01 2.522576749324798584e-01 2.487650662660598755e-01 2.489061504602432251e-01 2.494612038135528564e-01 2.564781010150909424e-01 2.476627975702285767e-01 2.472135722637176514e-01 2.483471632003784180e-01
2.527612149715423584e-01 2.487139254808425903e-01 2.491077482700347900e-01 2.492802888154983521e-01 2.571215033531188965e-01 2.481236755847930908e-01 2.474403530359268188e-01 2.481380552053451538e-01 2.523244321346282959e-01 2.487472742795944214e-01 2.490222007036209106e-01 2.494668215513229370e-01 2.564701735973358154e-01 2.478076815605163574e-01 2.471685707569122314e-01 2.483012080192565918e-01
2.524921894073486328e-01 2.489075213670730591e-01 2.490271180868148804e-01 2.493397146463394165e-01 2.569008171558380127e-01 2.479024231433868408e-01 2.477364987134933472e-01 2.483805269002914429e-01 2.524204552173614502e-01 2.487183958292007446e-01 2.491825819015502930e-01 2.491795569658279419e-01 2.566455602645874023e-01 2.475007772445678711e-01 2.476638853549957275e-01 2.479970902204513550e-01
2.525791525840759277e-01 2.486626505851745605e-01 2.493083775043487549e-01 2.490630894899368286e-01 2.568902075290679932e-01 2.478853613138198853e-01 2.479114383459091187e-01 2.483864277601242065e-01 2.521846294403076172e-01 2.489501535892486572e-01 2.489024400711059570e-01 2.490919381380081177e-01 2.567466199398040771e-01 2.479613572359085083e-01 2.475669533014297485e-01 2.479042857885360718e-01
2.529241740703582764e-01 2.487838715314865112e-01 2.491730898618698120e-01 2.490907162427902222e-01 2.568561434745788574e-01 2.477097064256668091e-01 2.476851046085357666e-01 2.484638690948486328e-01 2.523809075355529785e-01 2.491528838872909546e-01 2.490972727537155151e-01 2.490955740213394165e-01 2.565376758575439453e-01 2.477791160345077515e-01 2.473856806755065918e-01 2.478791326284408569e-01
2.527188360691070557e-01 2.490217983722686768e-01 2.491623312234878540e-01 2.490720897912979126e-01 2.565762698650360107e-01 2.475301176309585571e-01 2.479095906019210815e-01 2.483554333448410034e-01 2.525413334369659424e-01 2.491364330053329468e-01 2.492696344852447510e-01 2.492460161447525024e-01 2.566076219081878662e-01 2.477443218231201172e-01 2.471836656332015991e-01 2.479195147752761841e-01
2.528571784496307373e-01 2.494449764490127563e-01 2.492533028125762939e-01 2.489256411790847778e-01 2.569066286087036133e-01 2.473555952310562134e-01 2.476347088813781738e-01 2.479684203863143921e-01 2.524229586124420166e-01 2.490694224834442139e-01 2.491401731967926025e-01 2.490694224834442139e-01 2.567950189113616943e-01 2.475408166646957397e-01 2.476307302713394165e-01 2.479799538850784302e-01
2.528361082077026367e-01 2.496374696493148804e-01 2.492483705282211304e-01 2.489394396543502808e-01 2.566342353820800781e-01 2.473690807819366455e-01 2.476123422384262085e-01 2.480694502592086792e-01 2.523250281810760498e-01 2.488424181938171387e-01 2.490586191415786743e-01 2.491122335195541382e-01 2.568051815032958984e-01 2.475857138633728027e-01 2.479756176471710205e-01 2.479435652494430542e-01
