# pops for 16 qbits with connectivity c5 and unitary DM 23157610119488
3.999999761581420898e-01 2.000000029802322388e-01 2.000000029802322388e-01 2.000000029802322388e-01 4.000000059604644775e-01 1.999999880790710449e-01 1.999999880790710449e-01 1.999999880790710449e-01 3.999999463558197021e-01 1.999999880790710449e-01 1.999999880790710449e-01 1.999999880790710449e-01 3.999999761581420898e-01 1.999999880790710449e-01 1.999999880790710449e-01 1.999999880790710449e-01
3.420455455780029297e-01 2.233866006135940552e-01 2.274636030197143555e-01 2.246182262897491455e-01 3.289472162723541260e-01 2.093757241964340210e-01 2.202025949954986572e-01 2.239605188369750977e-01 3.420455455780029297e-01 2.246182411909103394e-01 2.274636179208755493e-01 2.233866006135940552e-01 3.289472162723541260e-01 2.202025949954986572e-01 2.093757241964340210e-01 2.239605337381362915e-01
3.166895210742950439e-01 2.210201621055603027e-01 2.294297218322753906e-01 2.284389138221740723e-01 3.034807741641998291e-01 2.179643213748931885e-01 2.428472191095352173e-01 2.228336632251739502e-01 3.118217587471008301e-01 2.298064380884170532e-01 2.501116991043090820e-01 2.139587402343750000e-01 2.932241559028625488e-01 2.533937990665435791e-01 2.186300158500671387e-01 2.463490962982177734e-01
2.845273911952972412e-01 2.268885374069213867e-01 2.520588934421539307e-01 2.304767817258834839e-01 2.942304611206054688e-01 2.149422466754913330e-01 2.363729625940322876e-01 2.228589504957199097e-01 2.803806364536285400e-01 2.342175394296646118e-01 2.609484493732452393e-01 2.203627675771713257e-01 2.951077818870544434e-01 2.463528960943222046e-01 2.344828248023986816e-01 2.657907903194427490e-01
2.624014019966125488e-01 2.335675507783889771e-01 2.515479028224945068e-01 2.356568872928619385e-01 2.852277159690856934e-01 2.241412103176116943e-01 2.426209747791290283e-01 2.271926105022430420e-01 2.664325833320617676e-01 2.343089133501052856e-01 2.694947421550750732e-01 2.335139065980911255e-01 2.883925735950469971e-01 2.584698200225830078e-01 2.338593155145645142e-01 2.531718015670776367e-01
2.617446184158325195e-01 2.364655882120132446e-01 2.439307421445846558e-01 2.358170151710510254e-01 2.804941534996032715e-01 2.258166223764419556e-01 2.455787509679794312e-01 2.325087040662765503e-01 2.554844915866851807e-01 2.371013015508651733e-01 2.627527713775634766e-01 2.508078515529632568e-01 2.854179143905639648e-01 2.508925497531890869e-01 2.408978492021560669e-01 2.542889118194580078e-01
2.612539231777191162e-01 2.412756532430648804e-01 2.500112950801849365e-01 2.365984469652175903e-01 2.715991437435150146e-01 2.330861538648605347e-01 2.449844777584075928e-01 2.359820902347564697e-01 2.548255920410156250e-01 2.466163784265518188e-01 2.552960813045501709e-01 2.467254847288131714e-01 2.783375382423400879e-01 2.462316453456878662e-01 2.448310852050781250e-01 2.523448765277862549e-01
2.624083757400512695e-01 2.483654767274856567e-01 2.501049637794494629e-01 2.383182644844055176e-01 2.717034816741943359e-01 2.359336018562316895e-01 2.429221868515014648e-01 2.359170764684677124e-01 2.530663907527923584e-01 2.476683408021926880e-01 2.535304129123687744e-01 2.447859346866607666e-01 2.735575139522552490e-01 2.464157193899154663e-01 2.435013353824615479e-01 2.518006861209869385e-01
2.620364427566528320e-01 2.465945184230804443e-01 2.490579634904861450e-01 2.411291897296905518e-01 2.683550417423248291e-01 2.406161129474639893e-01 2.440392225980758667e-01 2.371237576007843018e-01 2.522374987602233887e-01 2.497870475053787231e-01 2.522536218166351318e-01 2.452227771282196045e-01 2.691313028335571289e-01 2.481113672256469727e-01 2.459455579519271851e-01 2.483582794666290283e-01
2.644219696521759033e-01 2.478135228157043457e-01 2.478625923395156860e-01 2.424096912145614624e-01 2.687932848930358887e-01 2.377789318561553955e-01 2.457530796527862549e-01 2.383577972650527954e-01 2.512808144092559814e-01 2.476589977741241455e-01 2.515301406383514404e-01 2.455454617738723755e-01 2.673002183437347412e-01 2.496849298477172852e-01 2.477626204490661621e-01 2.460457235574722290e-01
2.577666938304901123e-01 2.538891434669494629e-01 2.447415292263031006e-01 2.448997646570205688e-01 2.663145363330841064e-01 2.408373206853866577e-01 2.455525845289230347e-01 2.391892522573471069e-01 2.528199851512908936e-01 2.455035448074340820e-01 2.496777772903442383e-01 2.497014999389648438e-01 2.664117515087127686e-01 2.483810484409332275e-01 2.489642500877380371e-01 2.453490048646926880e-01
2.575361728668212891e-01 2.523520886898040771e-01 2.445857077836990356e-01 2.463034987449645996e-01 2.642810940742492676e-01 2.419924437999725342e-01 2.462144941091537476e-01 2.395702898502349854e-01 2.541092932224273682e-01 2.470700144767761230e-01 2.482974082231521606e-01 2.496692389249801636e-01 2.643702924251556396e-01 2.484142929315567017e-01 2.499468624591827393e-01 2.452863156795501709e-01
2.557394206523895264e-01 2.511918544769287109e-01 2.448662668466567993e-01 2.482595294713973999e-01 2.601267099380493164e-01 2.427815794944763184e-01 2.469416111707687378e-01 2.429289072751998901e-01 2.551263570785522461e-01 2.470545768737792969e-01 2.500570416450500488e-01 2.489188313484191895e-01 2.629084885120391846e-01 2.478718161582946777e-01 2.496645301580429077e-01 2.455620765686035156e-01
2.549313902854919434e-01 2.512036859989166260e-01 2.469113916158676147e-01 2.462700456380844116e-01 2.603850066661834717e-01 2.433194220066070557e-01 2.465293258428573608e-01 2.432855814695358276e-01 2.547752559185028076e-01 2.470711022615432739e-01 2.501958012580871582e-01 2.492427527904510498e-01 2.621876001358032227e-01 2.476891577243804932e-01 2.495067119598388672e-01 2.464952170848846436e-01
2.543760240077972412e-01 2.504561841487884521e-01 2.488519400358200073e-01 2.458663582801818848e-01 2.600543498992919922e-01 2.450818866491317749e-01 2.465287297964096069e-01 2.440195232629776001e-01 2.538988590240478516e-01 2.479539960622787476e-01 2.495152056217193604e-01 2.489130645990371704e-01 2.611708939075469971e-01 2.485704720020294189e-01 2.483006715774536133e-01 2.464412748813629150e-01
2.548240125179290771e-01 2.487512677907943726e-01 2.486983537673950195e-01 2.460642457008361816e-01 2.588062286376953125e-01 2.460550069808959961e-01 2.470626235008239746e-01 2.449731975793838501e-01 2.537481486797332764e-01 2.486333996057510376e-01 2.497563362121582031e-01 2.490223795175552368e-01 2.606138288974761963e-01 2.486528903245925903e-01 2.483290284872055054e-01 2.460084110498428345e-01
2.540896534919738770e-01 2.495376914739608765e-01 2.484811842441558838e-01 2.458037137985229492e-01 2.589273452758789062e-01 2.465355694293975830e-01 2.463722825050354004e-01 2.454876005649566650e-01 2.538382112979888916e-01 2.484317570924758911e-01 2.498355805873870850e-01 2.492262870073318481e-01 2.605804800987243652e-01 2.483319342136383057e-01 2.481931149959564209e-01 2.463270574808120728e-01
2.532240450382232666e-01 2.497090995311737061e-01 2.495039999485015869e-01 2.458322495222091675e-01 2.582032382488250732e-01 2.458034157752990723e-01 2.467141598463058472e-01 2.458611279726028442e-01 2.541682422161102295e-01 2.486425936222076416e-01 2.492219656705856323e-01 2.493453025817871094e-01 2.605704963207244873e-01 2.479908317327499390e-01 2.473924160003662109e-01 2.478161454200744629e-01
2.533425390720367432e-01 2.496985495090484619e-01 2.491628825664520264e-01 2.463115751743316650e-01 2.584767639636993408e-01 2.463931441307067871e-01 2.466934621334075928e-01 2.458223551511764526e-01 2.534360885620117188e-01 2.490471750497817993e-01 2.490724325180053711e-01 2.491354793310165405e-01 2.598468959331512451e-01 2.483203858137130737e-01 2.476833909749984741e-01 2.475561499595642090e-01
2.531538307666778564e-01 2.498926222324371338e-01 2.493918091058731079e-01 2.464687973260879517e-01 2.584596574306488037e-01 2.464053481817245483e-01 2.462874799966812134e-01 2.458416074514389038e-01 2.534629702568054199e-01 2.507407069206237793e-01 2.492358982563018799e-01 2.493584752082824707e-01 2.575343847274780273e-01 2.478191703557968140e-01 2.479941546916961670e-01 2.479521632194519043e-01
2.534690201282501221e-01 2.496594637632369995e-01 2.497139424085617065e-01 2.464093118906021118e-01 2.579365670680999756e-01 2.463503628969192505e-01 2.460867315530776978e-01 2.462758272886276245e-01 2.532606720924377441e-01 2.493327707052230835e-01 2.491934001445770264e-01 2.490992248058319092e-01 2.576906383037567139e-01 2.487730085849761963e-01 2.487074732780456543e-01 2.480407357215881348e-01
2.537119090557098389e-01 2.490921318531036377e-01 2.497421801090240479e-01 2.473658621311187744e-01 2.578772604465484619e-01 2.463922500610351562e-01 2.463798522949218750e-01 2.470417916774749756e-01 2.530201375484466553e-01 2.490707635879516602e-01 2.498077601194381714e-01 2.490536868572235107e-01 2.571594715118408203e-01 2.479747086763381958e-01 2.483276128768920898e-01 2.479816824197769165e-01
2.538360953330993652e-01 2.489561140537261963e-01 2.498434185981750488e-01 2.473897486925125122e-01 2.576330006122589111e-01 2.468966394662857056e-01 2.467290014028549194e-01 2.469694018363952637e-01 2.524868547916412354e-01 2.489419430494308472e-01 2.497230172157287598e-01 2.491525113582611084e-01 2.572205662727355957e-01 2.481344193220138550e-01 2.485855668783187866e-01 2.475007474422454834e-01
2.536035478115081787e-01 2.490327358245849609e-01 2.496795058250427246e-01 2.470378428697586060e-01 2.578451335430145264e-01 2.468971908092498779e-01 2.471013069152832031e-01 2.470561563968658447e-01 2.529501020908355713e-01 2.483912110328674316e-01 2.495220154523849487e-01 2.496545910835266113e-01 2.577064037322998047e-01 2.477192431688308716e-01 2.487384378910064697e-01 2.470635026693344116e-01
2.537447512149810791e-01 2.500295639038085938e-01 2.484094947576522827e-01 2.476497739553451538e-01 2.569654285907745361e-01 2.472279220819473267e-01 2.475185394287109375e-01 2.473638802766799927e-01 2.525406181812286377e-01 2.490227967500686646e-01 2.489876151084899902e-01 2.499228268861770630e-01 2.571413815021514893e-01 2.471526861190795898e-01 2.488955408334732056e-01 2.474261224269866943e-01
2.537240386009216309e-01 2.500451505184173584e-01 2.484334111213684082e-01 2.476110160350799561e-01 2.571125030517578125e-01 2.470859885215759277e-01 2.475828677415847778e-01 2.473143488168716431e-01 2.528440654277801514e-01 2.493717521429061890e-01 2.488233447074890137e-01 2.496245056390762329e-01 2.567981481552124023e-01 2.474951297044754028e-01 2.483684271574020386e-01 2.477641850709915161e-01
2.538019716739654541e-01 2.499605715274810791e-01 2.487969398498535156e-01 2.476557344198226929e-01 2.569381892681121826e-01 2.470283061265945435e-01 2.473489344120025635e-01 2.473786771297454834e-01 2.524855434894561768e-01 2.493840456008911133e-01 2.488072067499160767e-01 2.497697174549102783e-01 2.569002211093902588e-01 2.472639828920364380e-01 2.482689619064331055e-01 2.482098639011383057e-01
2.533054947853088379e-01 2.502345442771911621e-01 2.490663379430770874e-01 2.475391626358032227e-01 2.568385303020477295e-01 2.470500469207763672e-01 2.479287087917327881e-01 2.470335066318511963e-01 2.521243095397949219e-01 2.494380474090576172e-01 2.486313283443450928e-01 2.494060844182968140e-01 2.571705281734466553e-01 2.476659566164016724e-01 2.480257451534271240e-01 2.485403418540954590e-01
2.531905472278594971e-01 2.500740885734558105e-01 2.487527728080749512e-01 2.478209137916564941e-01 2.568495273590087891e-01 2.470684796571731567e-01 2.481078505516052246e-01 2.469586730003356934e-01 2.522403001785278320e-01 2.492201775312423706e-01 2.485596537590026855e-01 2.492316365242004395e-01 2.573132514953613281e-01 2.479638010263442993e-01 2.480628639459609985e-01 2.485842704772949219e-01
2.529058754444122314e-01 2.499603331089019775e-01 2.488215565681457520e-01 2.479322552680969238e-01 2.569335997104644775e-01 2.473879158496856689e-01 2.477907985448837280e-01 2.470904588699340820e-01 2.528432607650756836e-01 2.486530095338821411e-01 2.486338019371032715e-01 2.487474232912063599e-01 2.572860717773437500e-01 2.481416910886764526e-01 2.485000938177108765e-01 2.483705580234527588e-01
2.532875537872314453e-01 2.499662041664123535e-01 2.487106770277023315e-01 2.480078190565109253e-01 2.568165659904479980e-01 2.477252781391143799e-01 2.480324506759643555e-01 2.468968629837036133e-01 2.531339526176452637e-01 2.493087202310562134e-01 2.486009299755096436e-01 2.485471814870834351e-01 2.570139765739440918e-01 2.477155327796936035e-01 2.482538670301437378e-01 2.479810565710067749e-01
2.529743015766143799e-01 2.495886385440826416e-01 2.490319907665252686e-01 2.478382289409637451e-01 2.566322982311248779e-01 2.476264983415603638e-01 2.482086569070816040e-01 2.475428134202957153e-01 2.535333931446075439e-01 2.490839511156082153e-01 2.485927641391754150e-01 2.486576586961746216e-01 2.566936612129211426e-01 2.475788146257400513e-01 2.482882291078567505e-01 2.481266856193542480e-01
2.533828020095825195e-01 2.493276745080947876e-01 2.489584386348724365e-01 2.477212101221084595e-01 2.565016150474548340e-01 2.479140162467956543e-01 2.480477988719940186e-01 2.475897818803787231e-01 2.533685266971588135e-01 2.494212687015533447e-01 2.484067529439926147e-01 2.485140860080718994e-01 2.566878199577331543e-01 2.476736009120941162e-01 2.485229969024658203e-01 2.479601055383682251e-01
2.536959946155548096e-01 2.499417066574096680e-01 2.487864494323730469e-01 2.476149201393127441e-01 2.565483152866363525e-01 2.476603388786315918e-01 2.477162033319473267e-01 2.474793195724487305e-01 2.527614831924438477e-01 2.493979334831237793e-01 2.483997941017150879e-01 2.488632053136825562e-01 2.565926313400268555e-01 2.480161637067794800e-01 2.484383732080459595e-01 2.480855435132980347e-01
2.537612318992614746e-01 2.497997730970382690e-01 2.486748099327087402e-01 2.479773312807083130e-01 2.566629946231842041e-01 2.471211552619934082e-01 2.477246075868606567e-01 2.471392601728439331e-01 2.527803778648376465e-01 2.493019551038742065e-01 2.489166557788848877e-01 2.487702369689941406e-01 2.565089464187622070e-01 2.478114366531372070e-01 2.487296760082244873e-01 2.483179718255996704e-01
2.534172236919403076e-01 2.494245618581771851e-01 2.486473917961120605e-01 2.484337985515594482e-01 2.565237283706665039e-01 2.469236254692077637e-01 2.476746588945388794e-01 2.476059794425964355e-01 2.525713741779327393e-01 2.493184804916381836e-01 2.490766048431396484e-01 2.490435242652893066e-01 2.565791904926300049e-01 2.478508502244949341e-01 2.489055097103118896e-01 2.480018585920333862e-01
2.531609237194061279e-01 2.494440227746963501e-01 2.487141042947769165e-01 2.485491335391998291e-01 2.564937770366668701e-01 2.469504922628402710e-01 2.475983500480651855e-01 2.475532889366149902e-01 2.529567182064056396e-01 2.495004534721374512e-01 2.491457611322402954e-01 2.489798963069915771e-01 2.565584778785705566e-01 2.480543851852416992e-01 2.485005855560302734e-01 2.478380948305130005e-01
2.531487941741943359e-01 2.494464963674545288e-01 2.485740929841995239e-01 2.487387657165527344e-01 2.562215328216552734e-01 2.468601018190383911e-01 2.478408515453338623e-01 2.476333826780319214e-01 2.533642053604125977e-01 2.494981288909912109e-01 2.491026967763900757e-01 2.491885125637054443e-01 2.565295994281768799e-01 2.475758194923400879e-01 2.483629435300827026e-01 2.479122877120971680e-01
2.530645430088043213e-01 2.493910938501358032e-01 2.486184984445571899e-01 2.488259226083755493e-01 2.563041448593139648e-01 2.470784485340118408e-01 2.478094696998596191e-01 2.475313246250152588e-01 2.534986734390258789e-01 2.493666708469390869e-01 2.490777224302291870e-01 2.489524483680725098e-01 2.566546201705932617e-01 2.481622248888015747e-01 2.479254454374313354e-01 2.477369159460067749e-01
2.530721724033355713e-01 2.490527927875518799e-01 2.486603409051895142e-01 2.485690265893936157e-01 2.563996613025665283e-01 2.472321391105651855e-01 2.480251491069793701e-01 2.476120293140411377e-01 2.531072795391082764e-01 2.493044137954711914e-01 2.491425424814224243e-01 2.486735433340072632e-01 2.565748691558837891e-01 2.488144487142562866e-01 2.479435205459594727e-01 2.478141039609909058e-01
2.527477145195007324e-01 2.492176890373229980e-01 2.485150992870330811e-01 2.484684735536575317e-01 2.568024992942810059e-01 2.474605739116668701e-01 2.477770596742630005e-01 2.476342916488647461e-01 2.527399659156799316e-01 2.494359910488128662e-01 2.490121275186538696e-01 2.488737553358078003e-01 2.565102875232696533e-01 2.485158443450927734e-01 2.481722980737686157e-01 2.481143623590469360e-01
2.526946961879730225e-01 2.489254027605056763e-01 2.488882392644882202e-01 2.490259706974029541e-01 2.571522295475006104e-01 2.475962638854980469e-01 2.474947571754455566e-01 2.479172497987747192e-01 2.527255713939666748e-01 2.491793185472488403e-01 2.488857805728912354e-01 2.488640844821929932e-01 2.562196552753448486e-01 2.485089600086212158e-01 2.479150593280792236e-01 2.480047494173049927e-01
2.527088522911071777e-01 2.487629204988479614e-01 2.491894513368606567e-01 2.488833367824554443e-01 2.572211921215057373e-01 2.474241703748703003e-01 2.475763410329818726e-01 2.480075657367706299e-01 2.528675198554992676e-01 2.492344826459884644e-01 2.488691657781600952e-01 2.491169869899749756e-01 2.560779154300689697e-01 2.482943236827850342e-01 2.478177994489669800e-01 2.479459494352340698e-01
2.526489794254302979e-01 2.483081966638565063e-01 2.492175251245498657e-01 2.489651441574096680e-01 2.569821774959564209e-01 2.475179880857467651e-01 2.479971498250961304e-01 2.481365799903869629e-01 2.530395090579986572e-01 2.490883618593215942e-01 2.489261031150817871e-01 2.493302226066589355e-01 2.559242248535156250e-01 2.478801310062408447e-01 2.480030208826065063e-01 2.480324953794479370e-01
2.529869377613067627e-01 2.487323135137557983e-01 2.492813318967819214e-01 2.489056885242462158e-01 2.565726339817047119e-01 2.474811375141143799e-01 2.480135858058929443e-01 2.481367737054824829e-01 2.529027462005615234e-01 2.487870603799819946e-01 2.488950937986373901e-01 2.492827624082565308e-01 2.561407685279846191e-01 2.477705329656600952e-01 2.477277517318725586e-01 2.483807057142257690e-01
2.531397044658660889e-01 2.487685829401016235e-01 2.491767853498458862e-01 2.487864792346954346e-01 2.565173208713531494e-01 2.473558783531188965e-01 2.479559928178787231e-01 2.480301707983016968e-01 2.529819309711456299e-01 2.490704059600830078e-01 2.490393817424774170e-01 2.496415823698043823e-01 2.563700377941131592e-01 2.477412521839141846e-01 2.475027441978454590e-01 2.479195147752761841e-01
2.528042197227478027e-01 2.487540394067764282e-01 2.490842640399932861e-01 2.490283548831939697e-01 2.565753757953643799e-01 2.475987225770950317e-01 2.479527741670608521e-01 2.478962093591690063e-01 2.530165016651153564e-01 2.491258680820465088e-01 2.489346861839294434e-01 2.494485676288604736e-01 2.562713623046875000e-01 2.477465718984603882e-01 2.478869855403900146e-01 2.478733509778976440e-01
2.526380717754364014e-01 2.489060312509536743e-01 2.491171658039093018e-01 2.489187866449356079e-01 2.566619217395782471e-01 2.477882802486419678e-01 2.478354722261428833e-01 2.478642314672470093e-01 2.531286776065826416e-01 2.490046024322509766e-01 2.488866299390792847e-01 2.493128329515457153e-01 2.564470767974853516e-01 2.478726804256439209e-01 2.478334605693817139e-01 2.477817833423614502e-01
2.529083192348480225e-01 2.488740831613540649e-01 2.491727173328399658e-01 2.490343153476715088e-01 2.568572759628295898e-01 2.479474097490310669e-01 2.476035356521606445e-01 2.478888034820556641e-01 2.530859708786010742e-01 2.488165646791458130e-01 2.487846016883850098e-01 2.491142898797988892e-01 2.565371692180633545e-01 2.477419972419738770e-01 2.477898597717285156e-01 2.478407919406890869e-01
2.528911232948303223e-01 2.486115843057632446e-01 2.488657683134078979e-01 2.492001205682754517e-01 2.569244205951690674e-01 2.477316707372665405e-01 2.478711009025573730e-01 2.481906712055206299e-01 2.533819079399108887e-01 2.491828054189682007e-01 2.487481981515884399e-01 2.491703182458877563e-01 2.562804222106933594e-01 2.475553601980209351e-01 2.476945966482162476e-01 2.476975470781326294e-01
2.529837191104888916e-01 2.484591007232666016e-01 2.489318847656250000e-01 2.490803599357604980e-01 2.570386528968811035e-01 2.476007044315338135e-01 2.477649450302124023e-01 2.482554018497467041e-01 2.532481849193572998e-01 2.491581141948699951e-01 2.486723512411117554e-01 2.489710301160812378e-01 2.571059465408325195e-01 2.477460205554962158e-01 2.472207993268966675e-01 2.477603405714035034e-01
2.531491518020629883e-01 2.485017031431198120e-01 2.488543093204498291e-01 2.489096373319625854e-01 2.572137415409088135e-01 2.473609894514083862e-01 2.473852783441543579e-01 2.482440471649169922e-01 2.534338831901550293e-01 2.490572333335876465e-01 2.485288083553314209e-01 2.494396716356277466e-01 2.571172416210174561e-01 2.477197349071502686e-01 2.474335730075836182e-01 2.476485222578048706e-01
2.529999911785125732e-01 2.486425042152404785e-01 2.487397938966751099e-01 2.488311231136322021e-01 2.568323016166687012e-01 2.475764751434326172e-01 2.475442886352539062e-01 2.480610311031341553e-01 2.532975375652313232e-01 2.493016570806503296e-01 2.486803531646728516e-01 2.496128082275390625e-01 2.571202814579010010e-01 2.478554099798202515e-01 2.472934275865554810e-01 2.476084381341934204e-01
2.527691125869750977e-01 2.488516271114349365e-01 2.487282902002334595e-01 2.488843351602554321e-01 2.569318115711212158e-01 2.474352568387985229e-01 2.475775629281997681e-01 2.480494529008865356e-01 2.533900141716003418e-01 2.489992678165435791e-01 2.489132434129714966e-01 2.493050694465637207e-01 2.569658458232879639e-01 2.476844787597656250e-01 2.476392090320587158e-01 2.478727549314498901e-01
2.525921463966369629e-01 2.491093128919601440e-01 2.489856630563735962e-01 2.487360537052154541e-01 2.565710544586181641e-01 2.474948763847351074e-01 2.478432208299636841e-01 2.478951066732406616e-01 2.534454464912414551e-01 2.490509301424026489e-01 2.488844245672225952e-01 2.493006885051727295e-01 2.571612000465393066e-01 2.474561333656311035e-01 2.474209964275360107e-01 2.480500042438507080e-01
2.520871460437774658e-01 2.493188083171844482e-01 2.487784922122955322e-01 2.488595247268676758e-01 2.568570971488952637e-01 2.474919110536575317e-01 2.482219189405441284e-01 2.476182430982589722e-01 2.533127963542938232e-01 2.491801679134368896e-01 2.490339279174804688e-01 2.495513856410980225e-01 2.568982243537902832e-01 2.473601400852203369e-01 2.475800216197967529e-01 2.478474378585815430e-01
2.523512840270996094e-01 2.493637502193450928e-01 2.486927956342697144e-01 2.488710880279541016e-01 2.567204236984252930e-01 2.479475289583206177e-01 2.482738643884658813e-01 2.476762384176254272e-01 2.531492114067077637e-01 2.490130215883255005e-01 2.488006800413131714e-01 2.494298517704010010e-01 2.569590806961059570e-01 2.472688853740692139e-01 2.475742697715759277e-01 2.479051947593688965e-01
2.524905502796173096e-01 2.491930872201919556e-01 2.488376200199127197e-01 2.490841001272201538e-01 2.567102015018463135e-01 2.476736754179000854e-01 2.481900900602340698e-01 2.477176338434219360e-01 2.529918551445007324e-01 2.491739988327026367e-01 2.489868551492691040e-01 2.492171823978424072e-01 2.568076550960540771e-01 2.474831789731979370e-01 2.476969063282012939e-01 2.477426081895828247e-01
2.528041899204254150e-01 2.491903454065322876e-01 2.485246360301971436e-01 2.489717006683349609e-01 2.565785050392150879e-01 2.479204982519149780e-01 2.481426745653152466e-01 2.477644383907318115e-01 2.530378401279449463e-01 2.490652650594711304e-01 2.487443089485168457e-01 2.492481470108032227e-01 2.571750581264495850e-01 2.474670410156250000e-01 2.477654218673706055e-01 2.475971579551696777e-01
2.529174387454986572e-01 2.492788881063461304e-01 2.486632466316223145e-01 2.490373700857162476e-01 2.564205229282379150e-01 2.478247284889221191e-01 2.481812983751296997e-01 2.480054050683975220e-01 2.528662681579589844e-01 2.490049004554748535e-01 2.485473901033401489e-01 2.491666823625564575e-01 2.568306028842926025e-01 2.478061169385910034e-01 2.479011863470077515e-01 2.475449889898300171e-01
2.527654767036437988e-01 2.490300238132476807e-01 2.485750764608383179e-01 2.487474381923675537e-01 2.567391395568847656e-01 2.479460984468460083e-01 2.479927688837051392e-01 2.481155097484588623e-01 2.532097101211547852e-01 2.490633726119995117e-01 2.487697303295135498e-01 2.491246908903121948e-01 2.568000257015228271e-01 2.476452887058258057e-01 2.479841560125350952e-01 2.474884837865829468e-01
2.528422772884368896e-01 2.491457462310791016e-01 2.491427809000015259e-01 2.485694289207458496e-01 2.568731009960174561e-01 2.479408383369445801e-01 2.476083636283874512e-01 2.477890700101852417e-01 2.529447376728057861e-01 2.489670664072036743e-01 2.487934082746505737e-01 2.487844675779342651e-01 2.568743228912353516e-01 2.478874474763870239e-01 2.482120692729949951e-01 2.476218193769454956e-01
2.527788281440734863e-01 2.494153231382369995e-01 2.494783997535705566e-01 2.487933486700057983e-01 2.570325434207916260e-01 2.477168440818786621e-01 2.475322633981704712e-01 2.475085854530334473e-01 2.527853548526763916e-01 2.489169389009475708e-01 2.486001998186111450e-01 2.488054037094116211e-01 2.568519413471221924e-01 2.480398714542388916e-01 2.481732219457626343e-01 2.475678771734237671e-01
2.527953684329986572e-01 2.492303103208541870e-01 2.494313120841979980e-01 2.487418949604034424e-01 2.565573155879974365e-01 2.479624897241592407e-01 2.475084066390991211e-01 2.476313114166259766e-01 2.528714239597320557e-01 2.488432526588439941e-01 2.487830519676208496e-01 2.490863949060440063e-01 2.566454708576202393e-01 2.479910552501678467e-01 2.483428269624710083e-01 2.475749701261520386e-01
2.530141472816467285e-01 2.492992132902145386e-01 2.493543922901153564e-01 2.487918883562088013e-01 2.562431097030639648e-01 2.478328943252563477e-01 2.477037906646728516e-01 2.476190328598022461e-01 2.528058290481567383e-01 2.489775419235229492e-01 2.488654553890228271e-01 2.490011304616928101e-01 2.565717101097106934e-01 2.478480488061904907e-01 2.482522428035736084e-01 2.478163689374923706e-01
2.530364692211151123e-01 2.492269426584243774e-01 2.493234127759933472e-01 2.488424628973007202e-01 2.562690079212188721e-01 2.478155940771102905e-01 2.475885152816772461e-01 2.477560043334960938e-01 2.528393566608428955e-01 2.491156160831451416e-01 2.487539201974868774e-01 2.491163164377212524e-01 2.564120888710021973e-01 2.480039894580841064e-01 2.480278760194778442e-01 2.478691041469573975e-01
2.528600692749023438e-01 2.491207420825958252e-01 2.495456188917160034e-01 2.490788996219635010e-01 2.564746141433715820e-01 2.477132081985473633e-01 2.475484907627105713e-01 2.475772053003311157e-01 2.531505823135375977e-01 2.488523423671722412e-01 2.489314675331115723e-01 2.490365058183670044e-01 2.563127279281616211e-01 2.481022179126739502e-01 2.482502162456512451e-01 2.474417388439178467e-01
2.529245913028717041e-01 2.489858418703079224e-01 2.493723928928375244e-01 2.493105530738830566e-01 2.565223276615142822e-01 2.476976066827774048e-01 2.478088885545730591e-01 2.472966164350509644e-01 2.532351016998291016e-01 2.484702169895172119e-01 2.486512362957000732e-01 2.492776215076446533e-01 2.563966512680053711e-01 2.481604814529418945e-01 2.482054531574249268e-01 2.476810961961746216e-01
2.528815567493438721e-01 2.488926947116851807e-01 2.490555495023727417e-01 2.491579949855804443e-01 2.566673755645751953e-01 2.476488351821899414e-01 2.479002028703689575e-01 2.471908777952194214e-01 2.529960274696350098e-01 2.488014549016952515e-01 2.486480772495269775e-01 2.490923553705215454e-01 2.568251490592956543e-01 2.480697482824325562e-01 2.484139055013656616e-01 2.477546632289886475e-01
2.526089251041412354e-01 2.491126805543899536e-01 2.488756477832794189e-01 2.487904876470565796e-01 2.568645179271697998e-01 2.479188591241836548e-01 2.477557212114334106e-01 2.474683076143264771e-01 2.529940605163574219e-01 2.490636855363845825e-01 2.489960789680480957e-01 2.493047565221786499e-01 2.565205693244934082e-01 2.477640807628631592e-01 2.481819093227386475e-01 2.477762848138809204e-01
2.526174485683441162e-01 2.490272969007492065e-01 2.489815503358840942e-01 2.485255300998687744e-01 2.568352520465850830e-01 2.478343993425369263e-01 2.475778162479400635e-01 2.477243244647979736e-01 2.527202069759368896e-01 2.489445358514785767e-01 2.490039318799972534e-01 2.492180615663528442e-01 2.566226720809936523e-01 2.482007145881652832e-01 2.480227351188659668e-01 2.481399327516555786e-01
2.529940605163574219e-01 2.487929910421371460e-01 2.488456666469573975e-01 2.489429861307144165e-01 2.567551434040069580e-01 2.479893565177917480e-01 2.474825680255889893e-01 2.478124052286148071e-01 2.526639699935913086e-01 2.490206956863403320e-01 2.492302656173706055e-01 2.489840388298034668e-01 2.566331326961517334e-01 2.478698939085006714e-01 2.479099631309509277e-01 2.480692565441131592e-01
2.527985870838165283e-01 2.489297837018966675e-01 2.490352243185043335e-01 2.488034218549728394e-01 2.566162943840026855e-01 2.479897588491439819e-01 2.474321424961090088e-01 2.480099052190780640e-01 2.526803016662597656e-01 2.489984184503555298e-01 2.492416650056838989e-01 2.491205036640167236e-01 2.566097974777221680e-01 2.479173243045806885e-01 2.478684484958648682e-01 2.479447722434997559e-01
2.528497576713562012e-01 2.487734109163284302e-01 2.492873221635818481e-01 2.486848235130310059e-01 2.566933333873748779e-01 2.479600906372070312e-01 2.475670576095581055e-01 2.477993369102478027e-01 2.526139914989471436e-01 2.489320039749145508e-01 2.494650036096572876e-01 2.489401549100875854e-01 2.566671669483184814e-01 2.480367720127105713e-01 2.476541548967361450e-01 2.480719536542892456e-01
2.526905238628387451e-01 2.489722520112991333e-01 2.495494782924652100e-01 2.483657896518707275e-01 2.564595043659210205e-01 2.478136867284774780e-01 2.475879639387130737e-01 2.478505522012710571e-01 2.525406479835510254e-01 2.488524168729782104e-01 2.494449615478515625e-01 2.487267404794692993e-01 2.569621801376342773e-01 2.481144070625305176e-01 2.479911595582962036e-01 2.480739653110504150e-01
2.525357007980346680e-01 2.490384280681610107e-01 2.493813484907150269e-01 2.484446018934249878e-01 2.562631070613861084e-01 2.475994527339935303e-01 2.477041929960250854e-01 2.478383034467697144e-01 2.526881992816925049e-01 2.488680183887481689e-01 2.496932893991470337e-01 2.488869726657867432e-01 2.571254074573516846e-01 2.480807453393936157e-01 2.478351742029190063e-01 2.480132132768630981e-01
2.525464892387390137e-01 2.488477379083633423e-01 2.493149042129516602e-01 2.486591339111328125e-01 2.562526762485504150e-01 2.476628720760345459e-01 2.476964592933654785e-01 2.478249073028564453e-01 2.525593936443328857e-01 2.489603757858276367e-01 2.495912462472915649e-01 2.491354942321777344e-01 2.570414245128631592e-01 2.478239089250564575e-01 2.478850781917572021e-01 2.481941133737564087e-01
2.528052628040313721e-01 2.487314492464065552e-01 2.491969615221023560e-01 2.486454397439956665e-01 2.563003897666931152e-01 2.480358779430389404e-01 2.473951727151870728e-01 2.476668804883956909e-01 2.526852190494537354e-01 2.490965574979782104e-01 2.496374398469924927e-01 2.489869445562362671e-01 2.569520473480224609e-01 2.477907538414001465e-01 2.481884658336639404e-01 2.478811740875244141e-01
2.526554167270660400e-01 2.487421631813049316e-01 2.490284442901611328e-01 2.487801611423492432e-01 2.564147710800170898e-01 2.481282502412796021e-01 2.474386096000671387e-01 2.475896179676055908e-01 2.527857422828674316e-01 2.490263283252716064e-01 2.493685483932495117e-01 2.492932975292205811e-01 2.568455636501312256e-01 2.482363879680633545e-01 2.478883862495422363e-01 2.477743625640869141e-01
2.525345683097839355e-01 2.487152963876724243e-01 2.491155415773391724e-01 2.489073127508163452e-01 2.565338313579559326e-01 2.480429857969284058e-01 2.474503815174102783e-01 2.474775016307830811e-01 2.526593804359436035e-01 2.490397542715072632e-01 2.494726628065109253e-01 2.490122020244598389e-01 2.570495009422302246e-01 2.479982376098632812e-01 2.480089813470840454e-01 2.479778677225112915e-01
2.527104914188385010e-01 2.489542067050933838e-01 2.487091571092605591e-01 2.489869892597198486e-01 2.564069926738739014e-01 2.479790151119232178e-01 2.476474046707153320e-01 2.475572824478149414e-01 2.528347969055175781e-01 2.490638792514801025e-01 2.495838105678558350e-01 2.491417676210403442e-01 2.565193176269531250e-01 2.481769621372222900e-01 2.477609515190124512e-01 2.479628771543502808e-01
2.526921331882476807e-01 2.488783299922943115e-01 2.488982230424880981e-01 2.489078640937805176e-01 2.567221522331237793e-01 2.479067295789718628e-01 2.477156966924667358e-01 2.475132495164871216e-01 2.528432607650756836e-01 2.488505840301513672e-01 2.493451684713363647e-01 2.489171922206878662e-01 2.567195594310760498e-01 2.481045424938201904e-01 2.476281672716140747e-01 2.483530044555664062e-01
2.527600824832916260e-01 2.489650249481201172e-01 2.489336133003234863e-01 2.491851001977920532e-01 2.565763592720031738e-01 2.479764223098754883e-01 2.477828860282897949e-01 2.474885880947113037e-01 2.526143491268157959e-01 2.488612234592437744e-01 2.492134124040603638e-01 2.486322224140167236e-01 2.566564977169036865e-01 2.481753528118133545e-01 2.477428913116455078e-01 2.484318017959594727e-01
2.526500523090362549e-01 2.490181773900985718e-01 2.489426136016845703e-01 2.490145862102508545e-01 2.565167248249053955e-01 2.481649369001388550e-01 2.478561401367187500e-01 2.474206537008285522e-01 2.527014911174774170e-01 2.487944215536117554e-01 2.492357492446899414e-01 2.486216425895690918e-01 2.567253112792968750e-01 2.484634518623352051e-01 2.474234700202941895e-01 2.484463453292846680e-01
2.525470256805419922e-01 2.489156872034072876e-01 2.490044832229614258e-01 2.491697967052459717e-01 2.564279139041900635e-01 2.479656338691711426e-01 2.478928118944168091e-01 2.476605772972106934e-01 2.524594068527221680e-01 2.491129487752914429e-01 2.490442842245101929e-01 2.486626356840133667e-01 2.566796541213989258e-01 2.484742254018783569e-01 2.475630789995193481e-01 2.484155148267745972e-01
2.525807619094848633e-01 2.486592233180999756e-01 2.493653148412704468e-01 2.490549981594085693e-01 2.563935816287994385e-01 2.481046169996261597e-01 2.476494312286376953e-01 2.477759420871734619e-01 2.526590824127197266e-01 2.495767027139663696e-01 2.490800470113754272e-01 2.482983618974685669e-01 2.564494609832763672e-01 2.486296743154525757e-01 2.475578486919403076e-01 2.481605857610702515e-01
2.528677284717559814e-01 2.490973472595214844e-01 2.489992678165435791e-01 2.487512677907943726e-01 2.563731968402862549e-01 2.478785365819931030e-01 2.477410882711410522e-01 2.478754669427871704e-01 2.529006004333496094e-01 2.495059818029403687e-01 2.492547333240509033e-01 2.482176125049591064e-01 2.563740611076354980e-01 2.483877390623092651e-01 2.475392967462539673e-01 2.482316792011260986e-01
2.527271807193756104e-01 2.493249475955963135e-01 2.490058988332748413e-01 2.486083209514617920e-01 2.562226951122283936e-01 2.477656453847885132e-01 2.477753460407257080e-01 2.477490156888961792e-01 2.531333267688751221e-01 2.491506785154342651e-01 2.495138943195343018e-01 2.487706243991851807e-01 2.564565539360046387e-01 2.482754290103912354e-01 2.475844770669937134e-01 2.479315549135208130e-01
2.528086304664611816e-01 2.493841648101806641e-01 2.487532794475555420e-01 2.487338930368423462e-01 2.564035356044769287e-01 2.475938349962234497e-01 2.479045838117599487e-01 2.474447935819625854e-01 2.530502676963806152e-01 2.491622418165206909e-01 2.494025528430938721e-01 2.488125711679458618e-01 2.566161453723907471e-01 2.482326924800872803e-01 2.476793974637985229e-01 2.480129897594451904e-01
2.528151571750640869e-01 2.491892576217651367e-01 2.487596273422241211e-01 2.487417608499526978e-01 2.564530968666076660e-01 2.476866245269775391e-01 2.480001598596572876e-01 2.473810315132141113e-01 2.529458999633789062e-01 2.491890937089920044e-01 2.494516521692276001e-01 2.489704787731170654e-01 2.566606402397155762e-01 2.481121867895126343e-01 2.477860450744628906e-01 2.478527873754501343e-01
2.529810369014739990e-01 2.491712123155593872e-01 2.489741891622543335e-01 2.486261874437332153e-01 2.566320896148681641e-01 2.474350929260253906e-01 2.478082627058029175e-01 2.474165409803390503e-01 2.530743479728698730e-01 2.494231313467025757e-01 2.492874562740325928e-01 2.490349858999252319e-01 2.567108273506164551e-01 2.479695081710815430e-01 2.477341592311859131e-01 2.477164268493652344e-01
2.527464330196380615e-01 2.491843104362487793e-01 2.487819343805313110e-01 2.486771047115325928e-01 2.570026218891143799e-01 2.475207000970840454e-01 2.475987970829010010e-01 2.474424839019775391e-01 2.528468370437622070e-01 2.492984384298324585e-01 2.493186295032501221e-01 2.489735484123229980e-01 2.568211257457733154e-01 2.481552660465240479e-01 2.479382157325744629e-01 2.476889640092849731e-01
2.525494992733001709e-01 2.491254657506942749e-01 2.488849014043807983e-01 2.486820816993713379e-01 2.567702531814575195e-01 2.474863678216934204e-01 2.478851079940795898e-01 2.475707083940505981e-01 2.530012726783752441e-01 2.491370886564254761e-01 2.493751943111419678e-01 2.491081506013870239e-01 2.569147646427154541e-01 2.480684965848922729e-01 2.478667944669723511e-01 2.475691586732864380e-01
2.525912523269653320e-01 2.490601539611816406e-01 2.487611174583435059e-01 2.487352043390274048e-01 2.568036317825317383e-01 2.474736720323562622e-01 2.481287121772766113e-01 2.472472041845321655e-01 2.529274523258209229e-01 2.491683214902877808e-01 2.495204061269760132e-01 2.491872608661651611e-01 2.570875585079193115e-01 2.481739670038223267e-01 2.476883530616760254e-01 2.474410086870193481e-01
2.526941895484924316e-01 2.490552961826324463e-01 2.489824742078781128e-01 2.485741376876831055e-01 2.566970884799957275e-01 2.474995106458663940e-01 2.478597611188888550e-01 2.473595440387725830e-01 2.529257535934448242e-01 2.491757571697235107e-01 2.496818602085113525e-01 2.490465939044952393e-01 2.572848498821258545e-01 2.479659467935562134e-01 2.476446777582168579e-01 2.475478351116180420e-01
2.525816857814788818e-01 2.494430840015411377e-01 2.487218379974365234e-01 2.483265548944473267e-01 2.566629946231842041e-01 2.477462887763977051e-01 2.478455454111099243e-01 2.474651634693145752e-01 2.529407143592834473e-01 2.493648380041122437e-01 2.495885938405990601e-01 2.490343749523162842e-01 2.570164799690246582e-01 2.479178160429000854e-01 2.475375384092330933e-01 2.478016912937164307e-01
2.523967027664184570e-01 2.494525909423828125e-01 2.488360553979873657e-01 2.483979165554046631e-01 2.567835748195648193e-01 2.477636784315109253e-01 2.480919510126113892e-01 2.473998516798019409e-01 2.526454031467437744e-01 2.495893985033035278e-01 2.492231577634811401e-01 2.488868087530136108e-01 2.569841444492340088e-01 2.480175048112869263e-01 2.478639036417007446e-01 2.476624101400375366e-01
2.523736655712127686e-01 2.492141425609588623e-01 2.490404695272445679e-01 2.482962757349014282e-01 2.568772733211517334e-01 2.473455667495727539e-01 2.479374110698699951e-01 2.473071515560150146e-01 2.526720166206359863e-01 2.499576359987258911e-01 2.493981719017028809e-01 2.489087581634521484e-01 2.571153938770294189e-01 2.482450008392333984e-01 2.476592510938644409e-01 2.476466894149780273e-01
2.522307336330413818e-01 2.492531538009643555e-01 2.492965310811996460e-01 2.485388815402984619e-01 2.566933631896972656e-01 2.474627792835235596e-01 2.479089051485061646e-01 2.473987787961959839e-01 2.528303265571594238e-01 2.499275207519531250e-01 2.493322789669036865e-01 2.487494200468063354e-01 2.568660676479339600e-01 2.481990307569503784e-01 2.477113306522369385e-01 2.475959062576293945e-01
2.521093189716339111e-01 2.492698729038238525e-01 2.492251396179199219e-01 2.484936267137527466e-01 2.566993236541748047e-01 2.473985999822616577e-01 2.477254420518875122e-01 2.475562244653701782e-01 2.531291842460632324e-01 2.496167719364166260e-01 2.494058758020401001e-01 2.487275451421737671e-01 2.567608058452606201e-01 2.483021765947341919e-01 2.479021847248077393e-01 2.476727813482284546e-01
2.521771490573883057e-01 2.493105083703994751e-01 2.493668496608734131e-01 2.484330832958221436e-01 2.564295232295989990e-01 2.475598901510238647e-01 2.477174103260040283e-01 2.474830895662307739e-01 2.529926300048828125e-01 2.496855407953262329e-01 2.493959516286849976e-01 2.488645464181900024e-01 2.566906809806823730e-01 2.483636438846588135e-01 2.480400204658508301e-01 2.474842220544815063e-01
