# ex_work for 16 qbits with connectivity 6 in chunks 4
3.516373505723891651e-02 3.516373505723891651e-02 3.516373505723891651e-02 3.516373505723891651e-02 -1.245112338684901676e-01 3.516374571164630064e-02 3.516374571164630064e-02 3.516374571164630064e-02 3.516374571164630064e-02 3.516374571164630064e-02 3.516374571164630064e-02 3.516374571164630064e-02 3.516374571164630064e-02 3.516374571164630064e-02 3.516374571164630064e-02 3.516374571164630064e-02
2.273147731789575826e-02 1.751499848330344625e-02 -1.634193361148025825e-02 1.874057121507518783e-02 -1.069781375447243360e-01 2.273149769145005328e-02 2.273149769145005328e-02 2.273149769145005328e-02 2.273149769145005328e-02 2.273149769145005328e-02 2.273149769145005328e-02 2.273149769145005328e-02 2.273149769145005328e-02 2.273149769145005328e-02 2.273149769145005328e-02 2.273149769145005328e-02
1.959974356425929834e-02 1.566406152723192127e-02 -1.943432376715406237e-02 2.440483261481863307e-03 -9.680052942244579683e-02 1.104085010254963507e-02 1.968931972849261719e-02 1.968931972849261719e-02 1.968931972849261719e-02 1.968931972849261719e-02 1.968931972849261719e-02 1.968931972849261719e-02 1.968931972849261719e-02 1.968931972849261719e-02 1.957197731595501644e-02 1.874780697403827245e-02
1.851476723958360784e-02 7.514989949946431977e-03 -2.552531277182411643e-02 -6.642027114171206561e-04 -8.946513488711210771e-02 1.163500297776939342e-02 1.810547049391189947e-02 1.767907384192329498e-02 1.718573619113418841e-02 1.831572211214168786e-02 1.831572211214168786e-02 1.831572211214168786e-02 1.831572211214168786e-02 1.767427782435902761e-02 1.822891481465324648e-02 1.770251799402567522e-02
-6.411064023984099601e-03 5.983804056197677274e-03 -1.547286701194812084e-02 6.319601111346701168e-03 -7.407983694436434674e-02 3.703216681903662502e-03 9.570603063526925483e-03 8.403205294346832461e-04 1.532929628147236892e-02 1.616968944369575473e-02 1.611485635753306597e-02 1.605137901653547541e-02 1.599153271442293675e-02 1.552761942302832189e-02 1.615379576675389506e-02 1.578329515645715900e-02
-9.525150812940429840e-03 5.411893827046259688e-03 -8.205975735762227954e-03 2.000862063573733036e-03 -7.334364347629042380e-02 -1.072083946269035502e-03 4.841214160378921015e-03 8.878610618545989056e-03 1.524868864419197390e-02 1.603751842148454926e-02 1.595857889253478670e-02 1.602023986084250354e-02 1.586085215218228234e-02 1.540723200056809232e-02 1.614154921631617487e-02 1.564669880675192970e-02
-6.383208418669449394e-03 3.178989528987494987e-03 -1.440502113990394786e-03 -3.391847235374669325e-03 -7.034317244156637616e-02 4.243716940488626997e-04 3.187549325995156242e-03 1.055445887420217860e-02 1.564823059468541111e-02 1.457674004943107851e-02 1.406817271745106762e-02 1.556925859776711607e-02 1.561449790617772983e-02 1.518505552106314688e-02 1.581839235553547315e-02 6.100965329143017389e-03
3.116802420301945271e-03 8.447930376698667247e-04 -5.206315927600663369e-03 -6.561523407478630360e-03 -7.095373794862575023e-02 3.837317284282618578e-05 3.149502699452496560e-03 1.212683307944359586e-02 1.513550115073778249e-02 1.575201114696786128e-02 1.413102752189909599e-02 1.505083226171959228e-02 1.548045686706997839e-02 1.355505037666489103e-02 1.574440627011387817e-02 8.086359831536583942e-03
-4.052406251669971905e-03 -6.178254955814094750e-04 -3.458334684317434290e-03 -1.373082640746406966e-03 -6.526732535109409927e-02 -4.492379282438156967e-04 -3.827828288902523999e-03 9.832426273200620126e-03 1.509132713649805925e-02 1.515415262883278678e-02 1.373723343918465019e-02 1.439908440506086108e-02 1.486560641180612909e-02 1.328677761073037908e-02 1.516187875887270962e-02 7.869738262576385368e-03
-1.937905474350617779e-03 -1.997153644567057924e-03 -4.460510739928220253e-03 -1.933573887077191821e-04 -6.863651106977398941e-02 -2.230047146267363865e-03 -4.775371208939918578e-04 1.411810807122702155e-02 1.505162058088165521e-02 1.544979323176700649e-02 1.441550265551928833e-02 1.443982284043068311e-02 1.542221329719026084e-02 1.389023925874255730e-02 1.493073017054131341e-02 7.913425184614731461e-03
8.964003424315569561e-04 4.023666602760725408e-03 -5.335316310038361841e-03 -4.948539194766037562e-03 -6.576848136960587732e-02 -1.477045840419196655e-03 3.868986727106059429e-03 1.575905136493544606e-02 1.238302221899649329e-02 1.098843274896683063e-02 1.435583384566719613e-02 1.423003077793032548e-02 1.493830136118818284e-02 1.369864228305036312e-02 9.599910862702632983e-03 3.148900386801200494e-03
-1.117857225558232804e-04 5.334224405473362608e-03 -6.869215401824275806e-03 -5.668374551812885645e-03 -6.577199950249967841e-02 -6.167937798390942623e-04 3.771277548602374428e-03 1.491438791124785959e-02 1.515371285789327699e-02 1.068937019178347117e-02 1.275652833587967612e-02 1.379686866551111529e-02 1.344744129148915147e-02 1.399996888242254975e-02 1.122590230750341624e-02 4.492282617583076912e-03
3.267097445691010413e-04 6.984170467538934265e-03 -6.786041443162570477e-03 -5.127155985297356285e-03 -6.456254283099623070e-02 -9.764581380246222572e-04 1.571138966617939255e-03 1.634366759067963637e-02 1.430153478952445045e-02 1.001630855041064569e-02 1.255612736680577698e-02 1.338846734441738982e-02 1.386215299805932354e-02 1.371929604128203049e-02 1.118698151967119879e-02 2.030296162844963219e-03
-1.547395948112729623e-03 6.512039860000048887e-04 -4.939188896268497525e-03 2.996391527078793096e-04 -6.207991316194082926e-02 1.830924411422261760e-03 -2.410696276456139543e-04 1.089630397427076083e-02 1.338947309127300374e-02 1.099719147834420964e-02 1.236880983818902831e-02 1.271850891417690248e-02 1.352456176055572869e-02 1.169735420790390598e-02 1.119656804692439889e-02 3.541687656776784394e-03
-2.813571425789583884e-04 4.251367395447064670e-03 -6.214738439171502149e-03 -2.873258937449978817e-03 -6.027817821781714103e-02 3.466219195909709880e-03 4.560647615857209985e-03 1.286404882009660293e-02 9.969300648036645562e-03 7.051685214634648841e-03 1.195704017841174235e-02 1.224813422574483335e-02 1.353360207014750634e-02 1.211859112034082732e-02 8.409904495501722282e-03 9.305703830933474393e-04
-5.059572813479747133e-03 1.555854085326769916e-03 -3.938541359276140352e-03 1.342726939780095573e-03 -5.588219301029011266e-02 3.369098173441724582e-03 3.382642568110430167e-03 7.078496809878848973e-03 1.011122310299287022e-02 8.315310348371162882e-03 1.117616635955915629e-02 1.061773096137260536e-02 1.180087747310943659e-02 1.047614442252965856e-02 9.026613697654093521e-03 2.621335717199718262e-03
-4.904323258279140625e-03 1.654510187510773226e-04 -2.073930258477192212e-03 1.211021094979615595e-03 -5.405000560629315276e-02 2.909785710412209764e-03 1.215546111647448305e-03 7.836365445200721425e-03 1.065328142337551229e-02 8.408603971684006431e-03 9.429216444663587882e-03 9.412547275861278540e-03 1.111489960101044380e-02 1.100353967070110718e-02 1.004199400426265820e-02 1.620729496410269451e-03
-7.651403919906675337e-03 2.861511054717389216e-03 -7.908340990622290392e-04 2.736818222532258482e-03 -5.368560313621231761e-02 2.002783386409327446e-03 9.292321184806936498e-05 8.903014011182782891e-03 1.039656694374652655e-02 7.211921025765541220e-03 9.787541039119589809e-03 9.150009156315438638e-03 1.125570437172173678e-02 1.111390729131613193e-02 1.002441816715395929e-02 4.378471315641747539e-04
-3.059955562390608095e-03 2.804721963636904250e-03 -4.060398246802507903e-03 2.821387263712505245e-03 -5.150164196943250033e-02 1.390071258241211503e-03 8.125664904198371882e-03 7.968282320850124389e-03 3.360162326285429536e-03 7.419964231173876296e-03 9.827670343681219056e-03 9.018649775669676169e-03 1.066247962055122921e-02 8.789205897816057197e-03 5.296242928010576854e-03 2.108109772470475544e-03
-3.167741055148337679e-03 3.163204836031272178e-03 -4.235561807099203976e-03 3.327240555813734853e-03 -5.197843131085786578e-02 3.565179245914813604e-03 6.046899967985654850e-03 8.131908593373145949e-03 3.126624823522972628e-03 7.381962698785726057e-03 1.009116154102811941e-02 8.814653012027393389e-03 1.070693110975160477e-02 7.423355604193486446e-03 6.829620734819516654e-03 2.104896961084051516e-03
-3.292327990050708357e-03 4.391821265120636995e-03 -1.114503512010395865e-03 4.441572902933834982e-04 -5.300574926402953219e-02 8.015334022267738045e-04 5.639544086478889828e-03 1.107822213360599301e-02 3.616339462937695221e-03 7.366312588559731193e-03 9.455926612309931839e-03 9.193681889308573385e-03 1.116611889849161710e-02 9.104378136087261028e-03 6.425646596102477411e-03 1.172046775956840821e-03
-3.076877454400125597e-03 4.826334174357402480e-03 2.045537871749517593e-05 -4.901619698260873022e-04 -5.239405320698527213e-02 2.308672726092046571e-04 6.271723808033860190e-03 1.107654010099982933e-02 5.276596613714041976e-03 6.576506378524650184e-03 8.462929187916797685e-03 9.443341454476974345e-03 1.094183732152191960e-02 8.984538510746559875e-03 6.418860651557122682e-03 -7.080642024127104016e-04
-2.940912996464200603e-03 4.618480577621914170e-03 1.667200630589820570e-03 -2.268092061912651853e-03 -5.134725701919808788e-02 2.411854993744885593e-03 4.072954250201348513e-03 9.430744779461109825e-03 6.412308418740417584e-03 6.496763988522030742e-03 8.173612550272046917e-03 8.442169239375024378e-03 9.471265975185428482e-03 6.950029806279052133e-03 7.286551010967402819e-03 1.618160894269581778e-03
-3.004501248378275546e-03 4.460279600515247925e-03 2.391125583695043709e-03 -2.910411892406629397e-03 -5.015410776488949535e-02 6.201352713111267338e-04 2.648526104024827819e-03 1.100350465145748767e-02 6.058762856505579657e-03 6.360715720324684741e-03 8.012975198437591318e-03 8.940934882859871355e-03 9.191329867512155680e-03 7.906438972630954951e-03 6.855084856056153919e-03 1.225576724017786185e-03
-4.462122188814525436e-04 2.824438333908123669e-03 9.791930405285156035e-04 -1.447688266379488489e-03 -4.910372111531934036e-02 3.021754370019209476e-03 7.257608800447967919e-03 8.676673673211536195e-03 1.119376067508492771e-03 6.208038890314648318e-03 8.512458821103857307e-03 8.831608062290777911e-03 8.744457612655770484e-03 7.432234148873753839e-03 3.845311450181671583e-03 1.853626510484041902e-03
-5.114487124871950697e-04 3.364241573332676927e-03 2.060845191590655510e-04 -1.321821764780729781e-03 -4.803915972101209519e-02 3.619373227296761655e-03 6.331303182319624606e-03 7.424956543841010337e-03 2.004358409059804180e-03 6.439783439817778690e-03 7.835006980814896577e-03 8.182171270427390786e-03 6.598460501442493867e-03 6.658142009152760721e-03 5.044519104062494645e-03 3.346353424639002174e-03
-2.925585683437980766e-03 4.706065401575518226e-03 2.144452696076853092e-03 2.269708703314879535e-04 -4.719150381617819023e-02 3.329362297733849067e-03 3.830015126008833124e-03 9.312500453145073145e-03 3.477197230864637750e-03 4.726920504773099961e-03 6.061485098070172779e-03 6.563822792414175482e-03 6.343996948698344025e-03 6.943128368918037412e-03 6.502099690735100093e-03 2.401244759770310329e-03
-1.576504465534903868e-03 4.757394912921091013e-03 1.551012525371205141e-03 3.100639110692081021e-04 -4.803860872984857394e-02 3.231619605484935005e-03 5.040848902703177516e-03 1.028695158873667824e-02 3.798642343228640032e-03 3.840415387368316912e-03 5.783875924546504413e-03 5.997333357091003125e-03 6.834288012789951385e-03 7.185284374550771590e-03 6.451178019506712338e-03 1.682476253939029984e-03
-1.086733117724190088e-03 2.998581741265988424e-03 1.038297605447671039e-03 2.004734776931863666e-03 -4.764324285427132266e-02 3.885700398512527409e-03 4.366976157699372502e-03 9.721584688165101421e-03 2.400783921405652381e-03 5.246498989953780022e-03 5.967866824681863219e-03 5.750470053076532466e-03 7.334103923440598097e-03 6.300500754753890140e-03 7.023339126151637718e-03 1.438027453219582665e-03
-1.377759797780236722e-03 4.492354511096040975e-03 1.428837598343962777e-03 3.492845943750041288e-04 -4.693602757293510730e-02 2.589033885730150381e-03 3.922483356189794719e-03 1.050169598845156378e-02 2.567329756437500884e-03 4.458007468238812249e-03 6.387094774509161077e-03 5.871931789672458872e-03 7.088917502872022804e-03 6.340379869324201320e-03 6.973259572466142080e-03 1.606112656372665022e-03
-2.383637930310867053e-03 5.557526398899877672e-03 1.483222573832892847e-03 1.191785544490197180e-03 -4.722169737683790114e-02 1.860669595786010279e-03 4.203980612287089476e-03 8.873182565695183696e-03 3.007094814542881148e-03 4.869645754417581060e-03 7.172392076611239578e-03 5.290801206482714965e-03 7.488717644184721828e-03 7.033928797701853412e-03 6.502725107537375704e-03 1.559604495395515433e-03
-8.694485004843277966e-04 5.318057189225900740e-03 6.363970269839780121e-04 1.446764762687203663e-03 -4.663846869763769304e-02 2.466362825453969222e-03 6.379911030410998635e-03 7.590881814601400067e-03 1.409426362874933742e-03 4.606896980061048891e-03 6.834204658727990531e-03 5.710021061732517555e-03 7.574227412961072672e-03 6.325204293218309945e-03 4.910895799290999029e-03 2.190335186767262965e-03
-9.159763193373137401e-04 6.207420730891239843e-03 -6.505194649610280232e-04 1.518572649260505969e-03 -4.638294166110722150e-02 3.245269885428738420e-03 5.050624513506153483e-03 7.700154607015353633e-03 1.806661870076560266e-03 4.436639654268772007e-03 7.106892857278591935e-03 5.591527077646892170e-03 7.563738697561681566e-03 5.718387676404346719e-03 5.593848016522105088e-03 2.132066788634571879e-03
-1.403832232187042636e-03 4.777265996926676785e-03 2.446187488973932582e-04 2.395049815417171508e-03 -4.558124124420230572e-02 4.985846030620522118e-03 4.214367904335237884e-03 5.631753390674671192e-03 2.482988267202789617e-03 3.914944268832720037e-03 6.841539727960289051e-03 5.568095227295568120e-03 6.391075931299087728e-03 5.530692543055035215e-03 5.673739838735575476e-03 3.266359460386070342e-03
-3.938617469907569179e-04 6.155471127731093964e-03 1.291897545870179754e-03 1.834576775345376966e-03 -4.477616575527126885e-02 3.377644779420948748e-03 4.251300668361589555e-03 7.706542134402308113e-03 9.239178700367203052e-04 3.305485391082332251e-03 5.991881598078172173e-03 5.465599665305876168e-03 6.949442627851805387e-03 5.828159601446592473e-03 4.140442333129792235e-03 2.302546898022281036e-03
-2.942446168837191118e-04 6.013661906012178482e-03 7.842904406436410287e-04 2.326536399919334336e-03 -4.468525290672161615e-02 3.267431473588547179e-03 5.170158223821625515e-03 7.113100864966952035e-03 1.164003553535853264e-03 2.719613600105183927e-03 6.125450688979028509e-03 5.793422960389555537e-03 6.648422690155795546e-03 5.652219235657157843e-03 3.706764699885733549e-03 2.758462455084321075e-03
-1.450417997466010248e-03 6.493783109433222400e-03 1.909062453038393690e-03 1.776512046010583204e-03 -4.366032287906281700e-02 2.675097577291713109e-03 4.101262789442879607e-03 7.370889227149114015e-03 1.746905584146299460e-03 3.422296516321322521e-03 5.392167807672787819e-03 5.101283540908753411e-03 6.417873775977363249e-03 5.457748915403775464e-03 3.627644981168411456e-03 3.135880118313720544e-03
-9.876093688287101643e-04 6.456600574867251731e-03 9.264209790574237397e-04 1.774894304697192558e-03 -4.289827948161922117e-02 1.761511423723949700e-03 5.730207498444067453e-03 7.419245537529871835e-03 9.249992646219658580e-04 3.367609457504947262e-03 5.741308585472846941e-03 5.325550731872573905e-03 5.816565585026049409e-03 5.254283511205476605e-03 3.576966422569852373e-03 2.836404476800339497e-03
-7.309052468895553588e-04 6.970688969110004109e-03 1.943185301010074068e-04 1.448022814188335873e-03 -4.295761353173507130e-02 2.912329243529930990e-03 4.942912259298613657e-03 8.176656663981228534e-03 1.211572733886600532e-03 3.127733498784387653e-03 5.633446152189586741e-03 5.209526398404842884e-03 5.875008231977968225e-03 5.431990154785412174e-03 3.833165932117515908e-03 1.828588607274960701e-03
-1.785212978177869430e-03 7.259589746321853596e-03 1.435868878008366616e-03 2.163704481623637474e-03 -4.253014867865219373e-02 2.430286093664795356e-03 4.123428891394832242e-03 8.600022356785608571e-03 2.275665868769812233e-03 2.828547270141558694e-03 4.390566505418335916e-03 5.328149596116599565e-03 5.259668638672128534e-03 5.167692641821326760e-03 4.541690706791115355e-03 1.319947365598301333e-03
-1.032144873433156343e-03 8.062991792925975135e-03 2.351849726966989684e-03 2.073665668487890620e-03 -4.285801255406760518e-02 2.043996626234244329e-03 6.004568826338691975e-03 8.022911135460813331e-03 2.015553931946442983e-03 1.828037774044857094e-03 3.965252950292957011e-03 5.511322514427969763e-03 5.545103586989783180e-03 5.163141197451379463e-03 2.679076255700046059e-03 1.656626370322324474e-03
-1.343185943784853649e-03 8.047967104520742376e-03 2.332195567570840167e-03 2.304570054846206712e-03 -4.203500673170665336e-02 1.353062337275723771e-03 5.350206423802960319e-03 8.002635386700790443e-03 2.621820852460363550e-03 1.761366112215012559e-03 3.350409553626598497e-03 5.479784724944470470e-03 5.097003776513870689e-03 5.150815267126750835e-03 3.074009639523726019e-03 1.914255928998553121e-03
-7.415061101534131498e-04 6.411736454047282756e-03 3.007349071303708904e-03 2.617599650232606441e-03 -4.221636671344367736e-02 3.518451044371047332e-03 4.704605166884589205e-03 6.666499998881752695e-03 1.987008574363162243e-03 2.089425061143217015e-03 3.644054305070901136e-03 5.487750386208294084e-03 4.664636994457011313e-03 4.487434959729631918e-03 3.371337342292910454e-03 2.696132411139932385e-03
-1.094983518378775779e-03 7.044352922005127880e-03 4.064515910156691648e-03 2.903971203543563497e-03 -4.228119862921964067e-02 3.986799484432711899e-03 4.045153646455974805e-03 7.614295253172185564e-03 2.327855708740563835e-03 1.429328015883680114e-03 3.050583926066322525e-03 4.682394495730602714e-03 4.519048989014376808e-03 4.982313772602213475e-03 3.841938039781471557e-03 1.400549099680356482e-03
6.371122468738530742e-04 6.440808402658338219e-03 3.817520179782384754e-03 3.102088489146202516e-03 -4.181216073983590187e-02 4.505127153712653112e-03 5.444650664312621936e-03 6.925355857089084827e-03 1.043503123251115789e-03 2.082846872682937375e-03 2.989157213691122188e-03 4.320223377803403784e-03 4.218602735596495290e-03 4.209602828335727055e-03 2.364520947902083812e-03 1.823683567963911133e-03
3.266706407832079494e-04 6.744802855301604977e-03 3.787790584376484783e-03 3.032483289947135192e-03 -4.077822287107768506e-02 4.537974153290551434e-03 4.979835484550170117e-03 5.954940815251379138e-03 1.470881686792943318e-03 1.531679576267895799e-03 3.134320947489131325e-03 4.184494774340096791e-03 3.409222283608592287e-03 3.730515226437615406e-03 2.695480251064945841e-03 2.659842655801323338e-03
-1.748436874074330786e-04 6.990295242962979265e-03 4.666578876719119397e-03 3.515997624045385551e-03 -3.975315619960265168e-02 3.693281909766661392e-03 3.976703044141741313e-03 5.855765027395039117e-03 1.549752757843579501e-03 1.601356525741699484e-03 2.981458924724114321e-03 3.746189727689008039e-03 3.156516366915656548e-03 3.942988841659695633e-03 3.071170624485379877e-03 1.952307220339338919e-03
5.335432957449956970e-04 6.653962539816558885e-03 4.836233318550875460e-03 2.777331863380321734e-03 -3.955466001641824020e-02 4.001517129163621213e-03 4.196022727993335526e-03 6.037263242444241944e-03 1.033461208659208676e-03 1.702462504926735695e-03 2.789005826495991654e-03 3.913691697301329049e-03 3.320592411067790298e-03 3.783515651183730951e-03 2.908634065058106257e-03 1.709671552831087396e-03
8.821228996517222008e-04 5.420447080196005331e-03 5.064445239320925808e-03 2.842972872374428372e-03 -3.885023289035390709e-02 4.306188137819549899e-03 4.481268205702896613e-03 6.294112022703602163e-03 1.326620048416650985e-04 2.193694766576410361e-03 2.685591951997852705e-03 3.470505147777865496e-03 3.303084422515364677e-03 3.466353672657677531e-03 2.509316262382139603e-03 2.002990832684174716e-03
5.849356962539595527e-05 4.843944495684961160e-03 5.358007917913081182e-03 3.936233020671973601e-03 -3.862837898630473027e-02 4.426227743249607285e-03 4.430422106367613334e-03 5.930242383050447763e-03 6.252921133430738073e-04 2.102916749148954489e-03 2.618561452608305588e-03 3.108942551598084872e-03 3.233638288159465957e-03 3.418430565483629620e-03 2.734783738726954353e-03 1.873747675020837880e-03
3.867103322413149337e-04 5.122057139898497473e-03 4.809684836548088448e-03 3.551427897526483919e-03 -3.821138724757661836e-02 4.815772297618232424e-03 4.903176347631199410e-03 6.160068799128707098e-03 2.662181796537947209e-05 1.977125473587009168e-03 2.481249012268470569e-03 3.287296525856769902e-03 3.518397802305232597e-03 3.057739714956014387e-03 2.357494064250867122e-03 1.609911505832786359e-03
7.683649592781016191e-04 5.888284413572392184e-03 4.624247171486664879e-03 3.157166893036866557e-03 -3.835100787627603036e-02 4.794411990987738209e-03 4.931326471233368931e-03 5.887890705089935880e-03 2.969467642358611988e-04 1.938721519535363969e-03 2.634191713314856104e-03 3.437281764538395630e-03 3.265151346056524139e-03 2.930328183322457748e-03 1.826622613795743800e-03 1.894761758670215641e-03
5.331331643505294758e-04 5.932344399099963132e-03 3.662279363493303654e-03 3.659253819348481755e-03 -3.801723996164327324e-02 4.817630945577490269e-03 4.737681158426902336e-03 6.292684864912429649e-03 3.438198087438010773e-04 1.655825526740554478e-03 2.840359893677529748e-03 3.284773325363202906e-03 3.424211262457181777e-03 2.688144957673872446e-03 2.472977707009018072e-03 1.413411005688023237e-03
8.522544709100770893e-04 6.660273735322799586e-03 3.258048546932073783e-03 3.186598753743516074e-03 -3.789362177350357602e-02 5.235990127043023065e-03 4.838725283285224589e-03 6.087305910836201921e-03 2.729354705579034081e-05 1.561601671859773680e-03 2.909201970851123600e-03 3.214808211735944304e-03 3.512351545598726282e-03 2.076426502827555341e-03 2.598566344575357467e-03 1.569919795352437471e-03
8.666770846000146529e-04 6.088756561078518571e-03 3.290872059315004539e-03 3.447664371673040892e-03 -3.768641305509084355e-02 4.869750749392758732e-03 5.293119238586063875e-03 6.145365930577960899e-03 -1.353107896051793406e-04 1.817418638552903594e-03 2.773393293980842139e-03 3.156972133145543712e-03 3.428655882824306351e-03 2.632369879809494644e-03 2.377139760218987923e-03 1.202324589972804175e-03
9.365801317702512939e-04 6.181432507050441290e-03 3.984747541411372621e-03 3.163537688922509437e-03 -3.807008367653972464e-02 4.646510429878497779e-03 4.972692344241613424e-03 6.639076846110366498e-03 -4.764507371421031564e-05 1.733226029514566609e-03 2.655105427599450257e-03 3.245532571295983802e-03 3.579972894626105243e-03 2.662982456099231236e-03 2.416746821908742019e-03 1.098669109555906482e-03
7.322552159673053609e-04 6.215706667951727445e-03 4.525207074204233744e-03 3.715591748279172424e-03 -3.859728327726069663e-02 4.480133855546536252e-03 5.276749670125450639e-03 6.505622886505787149e-03 9.522173582065539309e-04 1.430309244985962557e-03 2.130998226674714422e-03 3.354647890970673205e-03 3.221947081891050543e-03 3.016736732769382395e-03 2.360246127220909027e-03 7.849105769802611947e-04
9.750145882079796784e-04 6.207479077546667993e-03 4.524518528822628859e-03 3.447136872401474796e-03 -3.830538993965956762e-02 5.066966262238118378e-03 4.901558660225421513e-03 5.901860050705060035e-03 7.527158001075699798e-04 1.582688496199391318e-03 2.168393300057591417e-03 3.333346003197506548e-03 2.982539359505808566e-03 2.301496365618346026e-03 2.480003067964806247e-03 1.582707863844067496e-03
8.491636963141363428e-04 6.439160257488755340e-03 4.441588013970888468e-03 3.826886055876549744e-03 -3.791404552974231290e-02 4.262475123650605324e-03 5.772837464622264554e-03 6.126619684228838333e-03 1.074329952950037599e-04 1.123650196066012293e-03 1.856800983261766092e-03 2.793742527359030243e-03 3.183702637954977099e-03 2.922385028217593626e-03 2.254476539550257386e-03 1.677238983059622371e-03
7.952715972116351350e-04 6.583319789275352343e-03 4.335187522797304474e-03 3.056706021724768432e-03 -3.748404552018074626e-02 4.581243399971500832e-03 5.576432510666737286e-03 6.100414082443685743e-03 9.067307444025969241e-05 1.320536684713570974e-03 1.683358119086078922e-03 3.202958952528875761e-03 2.943713466869617330e-03 2.888525982648021840e-03 2.206283087043175908e-03 1.599459829103729806e-03
1.280676693521259641e-03 6.236543373097987175e-03 4.454296324054903521e-03 3.426094879057096400e-03 -3.802044642873633751e-02 4.788596400609531657e-03 5.362633226717082938e-03 6.266383951027318898e-03 1.536477621178055785e-04 1.350339405324501923e-03 1.976024433584435986e-03 2.853606195184816511e-03 3.252593938858987319e-03 2.681116683075729541e-03 1.876702777612469482e-03 1.827679216863347831e-03
1.176225392356451942e-03 6.208767945329274514e-03 5.441142829451676120e-03 2.962537721619949889e-03 -3.823881906175503193e-02 4.556005983312461961e-03 5.215374665452383353e-03 6.175104315710066433e-03 5.717844048280880300e-04 1.185433963524372327e-03 1.500935020454388083e-03 3.291509951675364570e-03 3.166303458592611021e-03 2.827688708961537557e-03 2.014433831673454432e-03 1.842546642805809043e-03
9.762677393561111205e-04 6.370960423541797285e-03 3.934836669594826350e-03 3.098612603880046817e-03 -3.798513245655862208e-02 5.596294117591871058e-03 5.581318776116064688e-03 6.084535913930634587e-03 4.059635402497825890e-04 1.059495591125003472e-03 1.982081317302502102e-03 3.060050640041132430e-03 3.143012872260196947e-03 2.577265941374162241e-03 2.319567926489130884e-03 1.557823536102913645e-03
1.125036236006798571e-03 5.639373982658818507e-03 3.774541532616878733e-03 3.830638046075405569e-03 -3.787174881725105524e-02 5.392392745815599575e-03 5.505318379337939029e-03 6.041015490243648901e-03 7.081608063403834570e-04 8.299857473431892759e-04 2.148764106294239092e-03 3.091604810175277093e-03 3.160961043909932440e-03 2.385901169379674083e-03 2.355745182015386071e-03 1.548693861651792743e-03
8.486578767952193854e-04 5.369845797681113697e-03 3.662174601681506513e-03 3.885420720524445769e-03 -3.762091364613195238e-02 5.853201899621472519e-03 5.607573123973629350e-03 5.837536562466697290e-03 3.346509360080942501e-04 9.343159099675407871e-04 2.474839871721970161e-03 2.961241229653529573e-03 2.837575123389332772e-03 2.422853032703236372e-03 2.454401433959045933e-03 1.669320896683848445e-03
1.085457445160417601e-03 5.305173287640279484e-03 4.082982392165398870e-03 3.645175947608505183e-03 -3.726295862905660422e-02 5.198033719472108100e-03 5.105251881338154253e-03 5.814723724332102918e-03 6.311248071193109989e-04 1.115921422198446963e-03 1.974782057023311433e-03 2.819625730325908339e-03 3.072191340161286449e-03 2.793722198003804110e-03 2.230657606980400876e-03 1.681585448010144371e-03
1.211023341628225284e-04 5.761007590895829943e-03 4.347144107803972181e-03 3.884842097921596508e-03 -3.697445873114671433e-02 4.535691875344360913e-03 5.322680461635600178e-03 5.889125979020172486e-03 7.835822502619567810e-04 1.135658737578846634e-03 1.845026135731957619e-03 2.754997399753856668e-03 2.945683870335020788e-03 2.978428773105222180e-03 2.186189261479266031e-03 1.646927662034524710e-03
1.593759149848238132e-04 6.492991847761113086e-03 3.602321541630910604e-03 4.038582137381450596e-03 -3.707666410577233063e-02 4.584476813246043080e-03 5.708073315339253113e-03 5.447725667106580530e-03 8.010397509243314231e-04 8.880657563238529952e-04 2.063505824264115062e-03 2.945716021639234808e-03 2.796198699310821229e-03 2.781403658407107481e-03 2.398318250223930095e-03 1.603832095620012473e-03
1.453750375618797369e-04 6.787200970848682874e-03 3.336660213678459882e-03 3.620555081271498773e-03 -3.683387950459019594e-02 4.960973099949589002e-03 5.983399300244855376e-03 5.656294127823219102e-03 5.972633322582986777e-04 6.018191567325257944e-04 2.085618512396331115e-03 3.219947347995791385e-03 2.613472606904448936e-03 2.652007066133875782e-03 2.050768669964338903e-03 1.660476009204446589e-03
7.844674647933341197e-05 6.789023259852281118e-03 3.885236981154770956e-03 3.968893196076241428e-03 -3.677068446795679624e-02 4.761413824504563512e-03 5.749607786582734172e-03 5.596633635225121799e-03 8.314276445436856022e-04 8.941218721475778985e-04 1.609430298373805282e-03 3.044336893150292357e-03 2.661350861091128350e-03 2.630034132274982912e-03 2.193767412829828595e-03 1.176363931304343687e-03
2.673928748890122336e-04 6.887242741450790538e-03 4.144314968247776731e-03 3.927337025435070211e-03 -3.649006369145239848e-02 4.182698637411639414e-03 5.799771596489140639e-03 5.981318468200342436e-03 5.557121547377048354e-04 7.223493478806700769e-04 1.601756327771405256e-03 2.989209377568546790e-03 2.839482897064845527e-03 2.492988968617191464e-03 2.041678635724417882e-03 1.020473837054090794e-03
3.563774742894586798e-04 5.881502954348601271e-03 4.574123790346770919e-03 4.338725600635793579e-03 -3.579736709860630722e-02 4.319458400690047960e-03 5.390798242375844686e-03 5.348951831038194216e-03 3.058910583145774804e-04 1.150283698115086130e-03 1.429105358098563998e-03 2.918930238594215267e-03 3.020284951593271445e-03 2.373078815120273615e-03 1.992561371129031485e-03 9.449177210473092958e-04
-1.521151764296238974e-04 6.482473245030858332e-03 5.067931704996839898e-03 4.774870519915781937e-03 -3.587938561277757149e-02 4.283410670134704321e-03 5.104003276747377804e-03 5.651129253476816321e-03 7.011102354659454758e-04 7.590482637559144759e-04 1.142581393047198890e-03 2.937927405491855704e-03 2.857381316137823368e-03 2.509130780091376519e-03 2.015326734152688305e-03 3.971011820966572703e-04
1.383922599457731713e-04 6.129485160127016302e-03 5.155163669815530231e-03 4.451469065099973588e-03 -3.541171907055001150e-02 3.899956826931504604e-03 5.208190422298701779e-03 5.624019018159838283e-03 1.081056936801331873e-04 1.084935961292814643e-03 1.396892815164943631e-03 2.875542570248701153e-03 2.842856211221924008e-03 2.649974599100633505e-03 1.910317292682471493e-03 3.240066560109809983e-04
1.213973018720044340e-04 6.223409247898176871e-03 5.336735501195949763e-03 4.314873076758580714e-03 -3.555188901950900870e-02 4.035396208217103403e-03 5.246099242041939170e-03 5.634380706531737226e-03 2.614361653329427392e-04 8.953800940195142700e-04 1.568866557985962047e-03 2.948882260188394160e-03 2.812110266109992159e-03 2.446492635686396515e-03 1.437039470701093101e-03 7.319517907358327139e-04
4.973569595002927392e-06 5.768564234118677900e-03 5.468684432746317645e-03 4.750349199063053432e-03 -3.550985236172003734e-02 4.422367196595559241e-03 4.502271642774490282e-03 5.937047749461961225e-03 3.097465534996203898e-04 7.187327696868732940e-04 1.849005999443384309e-03 2.792970371426829485e-03 2.802361529438081224e-03 2.349436741274745031e-03 1.587673426762468629e-03 6.840623717910894897e-04
-4.388026656251346996e-05 5.969403885000596106e-03 4.991518685709781834e-03 4.459510139019362725e-03 -3.506483989004726548e-02 4.153225369363480746e-03 5.036871488947046969e-03 6.294278137529876749e-03 -3.306379367510942817e-04 6.649218130224352494e-04 1.910270708047437458e-03 2.930399229565746385e-03 2.625000583423358399e-03 2.334595664979966564e-03 1.477718753747779947e-03 8.249262237915292763e-04
1.421282165826494846e-04 5.870972018724486714e-03 5.279670848233011804e-03 4.697660393336222304e-03 -3.539861419884442195e-02 4.448600108854007876e-03 5.266139778409738119e-03 5.953521925974192969e-03 -4.857849807214474212e-04 1.051349182834687744e-03 1.942085068409586451e-03 2.618968036974894664e-03 2.542208518934253002e-03 2.293463330602035690e-03 1.387334438763589747e-03 7.963442758708550676e-04
4.286521780279019516e-04 5.965501798802266310e-03 5.128914568305000324e-03 4.578675196289514956e-03 -3.530143739263281316e-02 4.593889348176278045e-03 4.924658736588261899e-03 6.282608271089157488e-03 -4.498767423808274803e-04 1.021554119226357775e-03 1.605018838163563017e-03 2.556140199800104561e-03 2.659525993505732367e-03 2.569714454835969955e-03 1.320097432520315030e-03 4.767307942296807998e-04
4.081225388929706865e-04 6.021480964997269654e-03 4.996825366963788227e-03 4.260630706524631828e-03 -3.557002796323516930e-02 5.248775043883848607e-03 4.932902233465356716e-03 6.217838547095004553e-03 -7.143984455489221243e-05 8.828882655805300825e-04 1.447501465615030165e-03 2.739246011924901039e-03 2.512397511421951644e-03 2.475975655621586585e-03 1.398915888244748945e-03 5.932849261078398505e-04
5.402461830615864829e-04 5.590779711741264597e-03 4.728338395901065735e-03 5.232066404889363850e-03 -3.572774618221941090e-02 4.741560065550084156e-03 4.828010353484796756e-03 5.791684805786864385e-03 2.519371582687125180e-04 1.085590810817931235e-03 1.704912643993288218e-03 2.726951407070950326e-03 2.241364558455617717e-03 2.507638704399068989e-03 1.563465949291045287e-03 7.253480992455693449e-04
3.832433872977246696e-04 5.745325735900323229e-03 4.889785789996139477e-03 4.779324138225007554e-03 -3.541856392196419956e-02 4.639721329601075028e-03 4.957806868190540658e-03 6.277250814233790478e-03 -1.612446662470093069e-04 8.764150794664904258e-04 1.645480991504240202e-03 2.878044850609263756e-03 2.259716627896180084e-03 2.377251963946786471e-03 1.673698716612533575e-03 6.006446449386699648e-04
1.937627799683917047e-04 5.638390582941941315e-03 5.102769735158046473e-03 4.810447623288538650e-03 -3.476305425977551516e-02 4.711754875423872571e-03 4.841460556249972853e-03 5.475988021256767389e-03 -1.061963180223955249e-04 8.886289140607533336e-04 1.554884034058109498e-03 2.845721725999328204e-03 2.353034358214304515e-03 2.420994527587013237e-03 1.397893612664401295e-03 6.845490482620356521e-04
5.585989462665267181e-04 5.436542882908257726e-03 4.941707996185309634e-03 4.813216135834227048e-03 -3.492982713189479033e-02 4.631991232016983984e-03 4.643255029786638212e-03 5.968062556254350413e-03 -5.137803930782864091e-05 7.238963154663373206e-04 1.499479870091524397e-03 3.024395004980899842e-03 2.252111242848930418e-03 2.401338495718316913e-03 1.416858363692159945e-03 7.975551451884820356e-04
6.968675137801129578e-04 5.523410351007763952e-03 5.299397255126315869e-03 4.696735593265527475e-03 -3.524124345820373039e-02 4.795430147714511461e-03 4.988389937677305784e-03 6.215767961460407463e-03 -2.447595601963526769e-05 1.462231652184730029e-04 1.309028535061687723e-03 3.042122582931752316e-03 2.643082866320089173e-03 2.214594315184272629e-03 1.142035284258152619e-03 8.785488379010489377e-04
5.259374226359062824e-04 5.365242839981129892e-03 5.092498733050008705e-03 4.446690598238806254e-03 -3.483957860144621527e-02 4.735802805501653119e-03 5.109933879196431467e-03 6.089456999025885491e-03 -4.273030914623340425e-04 5.199332969733899820e-04 1.543685903162192972e-03 2.910469551374234628e-03 2.432445849942460690e-03 2.286212153024279152e-03 1.466617505054679423e-03 8.466170227354560167e-04
6.962233622376286986e-06 5.839286308722423449e-03 4.949461533189081046e-03 4.673503465339568820e-03 -3.514079820103819390e-02 4.828056783697249298e-03 5.394018103971511512e-03 6.102637788724859028e-03 -2.716449354533186241e-04 7.923237078545495487e-04 1.498525438861834577e-03 2.551017646787564954e-03 2.383910711188776208e-03 2.286963268000990254e-03 1.599356886925098163e-03 7.890942075529125237e-04
-3.102759763846660773e-05 5.973065580136568617e-03 5.059128585388593911e-03 4.433653917830679587e-03 -3.471916556737068837e-02 4.646909365345947354e-03 5.406806605922399173e-03 5.727969549358369848e-03 -1.001886334649623804e-04 7.448773879914006354e-04 1.352853205152391384e-03 2.536020079954656552e-03 2.199934878866491913e-03 2.212194349455614412e-03 1.759016953591196857e-03 8.516477254249947863e-04
-2.927567150786440644e-05 5.851628497777294421e-03 4.864029840499459710e-03 4.563420264909879079e-03 -3.456226414116168877e-02 4.510710593347433059e-03 5.580890864608346533e-03 5.516615300911097142e-03 -1.225066248866536344e-04 7.903438616283919990e-04 1.051793912796677955e-03 2.334762869581955263e-03 2.653413361795157067e-03 2.249114876964031316e-03 1.736204671748266693e-03 9.781909714839734371e-04
1.135342053992809044e-04 5.902358624734314538e-03 4.899000555347078796e-03 4.340319309549847161e-03 -3.445791433455112213e-02 4.443084568749288039e-03 5.353035101326365612e-03 5.244108305879319198e-03 4.204825512200274849e-04 6.788990640857506557e-04 1.488849714890461053e-03 2.275335588487696799e-03 2.372834674704824010e-03 2.177386340565521002e-03 1.453910643102317157e-03 1.174884462497249220e-03
7.370631046135966960e-06 5.953092765059906158e-03 5.206085435581094684e-03 4.106631707743872532e-03 -3.461903608759344525e-02 4.173587968436694856e-03 5.356490428581829957e-03 5.719410064683708335e-03 2.832370029243033087e-04 1.249471166687601484e-03 1.143320180049876887e-03 2.201436704203823484e-03 2.224215391257647681e-03 2.309397830105420525e-03 1.358434631308561361e-03 1.301264080082615345e-03
-1.152642207732234463e-04 6.053902327769451232e-03 4.679631800093423874e-03 3.760220409068396660e-03 -3.439502818993590144e-02 4.763756304882062372e-03 5.151448680695730128e-03 6.285516742588303889e-03 3.607339692045250846e-04 8.039713720367183854e-04 1.074660102658068096e-03 2.524202781143758314e-03 1.935344889036580331e-03 2.330146276414437299e-03 1.601437609585028982e-03 1.068406769099190844e-03
6.022076744220213992e-06 6.076032352951633506e-03 5.042945325732605018e-03 4.156476072571905177e-03 -3.441479198326981986e-02 4.029945132774569172e-03 5.509676486188037556e-03 6.137880707177275144e-03 2.042334457197744649e-04 7.557565463539119878e-04 1.320420731893888694e-03 2.320316415265483243e-03 2.087903839041549241e-03 2.136521118474110463e-03 1.255486613845150376e-03 1.272444202115477095e-03
-7.362354125072151140e-05 6.065233793709498035e-03 4.714045303402646797e-03 4.204192718989990633e-03 -3.419399143317868733e-02 4.025848999937311178e-03 5.562239628363408253e-03 5.516588817044691673e-03 2.400239866450179266e-04 1.256290967206361627e-03 1.166592452440741489e-03 2.448556348984922294e-03 1.959535022900261211e-03 2.270170867623684009e-03 1.393261993953485729e-03 1.204407888879009680e-03
-4.280807725554699558e-06 5.907962320212427863e-03 4.889192329001833259e-03 3.886689613526792767e-03 -3.440115450107757156e-02 4.434664682274067592e-03 5.492335959440234824e-03 6.068451026693080785e-03 1.223525120404311568e-04 9.204808195733459259e-04 1.111601853155533238e-03 2.191686746905294105e-03 2.132979355256622422e-03 2.427407637125780001e-03 1.458091130528095395e-03 1.242859518567861633e-03
3.554867772986708679e-04 5.385174958799311164e-03 5.220792942719491153e-03 4.002260835954092946e-03 -3.434279783689873911e-02 4.732357581734318239e-03 5.575985982424837110e-03 5.866189827079750126e-03 -5.799275452086654519e-05 5.331290766295226306e-04 1.171511073859431455e-03 2.359428287565426986e-03 2.290981564105285580e-03 2.652716029221132300e-03 9.938195158842356731e-04 1.117897211556538855e-03
-6.455959454213563292e-05 5.670780435650215820e-03 5.411811708563229670e-03 4.010155122205294118e-03 -3.421548367681839786e-02 4.858197215117745528e-03 5.284017264106106136e-03 6.145860936137358121e-03 -2.243751446739248505e-04 4.534417427212968023e-04 1.139183768585555652e-03 2.063142589824708186e-03 2.588843394255864027e-03 2.565177922793502284e-03 1.074204433813300431e-03 1.066180597752005134e-03
-1.695531408432921557e-04 6.041042130210417041e-03 4.655031679577200515e-03 4.223064708403639032e-03 -3.407669699786082529e-02 4.773219935782556898e-03 5.847954112537675185e-03 6.011928161861155272e-03 -5.690027496928584498e-04 3.546998633263419342e-04 1.056516309897072813e-03 2.393178833606190731e-03 2.433107911927559399e-03 2.465845863040729957e-03 1.231783426530411868e-03 1.104830884519705314e-03
-1.115495382006410484e-04 5.677981422250246400e-03 4.917452069277455408e-03 4.188029399884964782e-03 -3.397314798273275149e-02 5.370805582005705112e-03 5.511895317091388032e-03 5.674472340889892552e-03 -5.069754265800679310e-04 4.434555491288804849e-04 1.082820033404829864e-03 2.364632632160950949e-03 2.335204071923222165e-03 2.288881995526705765e-03 1.237475772387693551e-03 1.206457106065718680e-03
-6.303667434898448736e-05 5.587425131048928684e-03 4.895368238601839443e-03 4.004880478743050136e-03 -3.374250850808017954e-02 5.164893230403040658e-03 5.414256374182940812e-03 5.701823415519822504e-03 -2.578994380722943332e-04 6.271920436304998696e-04 1.155939864667779359e-03 2.198389017125902505e-03 2.222070474802213640e-03 2.268038617829978149e-03 1.156143678038312880e-03 1.238895368740021213e-03
-1.691631062213185246e-05 5.501961873195932752e-03 4.872555391609300311e-03 4.477806578281473895e-03 -3.365987609304944145e-02 4.604779500286998277e-03 5.148501028599323202e-03 5.520966976499157991e-03 -1.046512867625645928e-04 9.013637389621906694e-04 1.032013315797380678e-03 2.250781785106148371e-03 2.243014077562957131e-03 2.309039872067620517e-03 1.174019761080759934e-03 1.248647086237419847e-03
