# ex_work for 12 qbits with connectivity gas and unitary DM 23319354537984
-8.680106917424235125e-02 1.348041174442052847e-01 1.348041174442052847e-01 1.348041174442052847e-01 -8.680111343724494777e-02 1.348041324481576153e-01 1.348041324481576153e-01 1.348041324481576153e-01 -8.680106917424235125e-02 1.348041324481576431e-01 1.348041324481576431e-01 1.348041324481576431e-01
-6.287352212240047977e-02 6.980275987000860577e-03 8.000576519403138076e-02 8.000576519403138076e-02 -7.802089249323990172e-02 8.000576519403138076e-02 4.760929117279073114e-02 5.182013396630721913e-02 -6.141987078588853621e-02 8.000576519403138076e-02 4.230622193298894801e-02 2.023121488531866557e-03
-4.103813819034980714e-02 -5.245300270028946735e-03 3.574521636646491030e-02 5.228517042594695713e-02 -6.087181192033969818e-02 5.328982990683048954e-02 1.738041002660980355e-02 2.384689109393758194e-02 -4.017542023484991370e-02 6.054736524973087369e-02 2.458428016862937437e-02 -1.181242644855987588e-02
-2.883036605900863095e-02 3.314527183477261867e-03 1.492250477521692327e-02 2.273255967664487495e-02 -5.571148189964249264e-02 4.808370687732817922e-02 1.214553469616161396e-02 1.364642902704410292e-02 -3.236424163143343524e-02 4.254240332891978671e-02 2.619320290511542235e-02 -2.179062593080709816e-03
-2.312861066907537580e-02 -7.626767046745206672e-04 9.608061309941455519e-03 2.879088574036498156e-03 -3.156966541298957679e-02 3.315512853767633300e-02 5.961769869221669911e-03 1.054054414422263969e-02 -3.187122811194712663e-02 2.588827543813554052e-02 2.578148365892183116e-02 2.831766025765718002e-03
-2.015935443474133407e-02 6.882969198722642575e-03 3.884161722930916209e-03 8.036566244770761147e-03 -1.840957823769525173e-02 1.385816968605355429e-02 5.115858417290813052e-03 1.645286360885996751e-02 -3.684628323597057692e-02 1.495076394806995820e-02 2.211858929856110045e-02 4.749419881726005092e-03
-1.813678854280638408e-02 8.986388777338493589e-03 7.782195374636113362e-03 4.619958739524786424e-03 -2.066479528385038039e-02 1.073229620194825901e-02 1.278530249827422756e-02 1.385357868337126243e-02 -3.101651287132219104e-02 1.193980336014745409e-02 1.826050501678146490e-02 -2.568762941127249524e-03
-1.718597308521822159e-02 4.273704223041046267e-03 6.326889903396025125e-03 4.050045212080496775e-03 -1.335373815247515444e-02 5.700262489724247476e-03 1.088278823292101148e-02 1.177864328873761031e-02 -2.503644709519952175e-02 1.493690267360972025e-02 1.147255888549631939e-02 -3.373862128724697609e-03
-1.933093677002324998e-02 7.851074218371374355e-03 7.107643779413551355e-03 -2.861255169060778879e-03 -1.090755786066673928e-02 6.106321544941709437e-03 1.342809373988243342e-02 1.075849755809151626e-02 -2.278911537998067754e-02 1.254557701618707992e-02 1.067121816901964691e-02 -2.678918480179850493e-03
-1.272383363695317286e-02 7.733800359718184803e-03 5.692101881638103426e-03 -1.928287463258749820e-03 -1.094475038912833681e-02 -6.857678822097138492e-03 1.333140407760619039e-02 1.162770516287748961e-02 -1.786476025012299212e-02 1.103765844165321280e-02 1.078596851179002523e-02 -2.772754932930683331e-03
-1.070396670303189711e-02 5.530816274467041140e-03 3.604425909213929483e-03 8.885885773880686147e-04 -9.554080715879448987e-03 -3.652368529069542104e-03 1.080889131340018357e-02 9.970382406244607254e-03 -1.762315873177323217e-02 7.376222647076888586e-03 1.003851563301649645e-02 -1.440270025028679872e-03
-7.522494469290862476e-03 6.111395942335872897e-03 6.757700340724810510e-03 2.888718346603702091e-03 -1.165784178992777115e-02 -3.065342524355147823e-03 7.483822572793702443e-03 8.075407833451050954e-03 -1.860212343531134765e-02 7.282523622971895372e-03 7.975443697812301461e-03 -7.796132728829111101e-04
-6.142813046082567889e-03 5.472376979099441430e-03 8.019950590371112756e-03 3.035326109438515191e-03 -1.095590707762830393e-02 -4.579508132801915661e-03 7.446287217687416922e-03 7.793234807720608726e-03 -1.497351952751244455e-02 4.397458122390697326e-03 5.833964062631564508e-03 -1.585539863300152027e-03
-6.296080355233543008e-03 6.495186293286404726e-03 6.080285202532371459e-03 4.192733955315501755e-03 -1.186254941667856840e-02 -3.306273340536031863e-03 8.805119192113120691e-03 6.591865397364279205e-03 -9.731729465838227094e-03 -1.704267048944204570e-03 3.620793639942731807e-03 -4.533357124479755969e-05
-8.983060490867878639e-03 4.558172829993639014e-03 8.613578634163909092e-03 1.182219157710062652e-03 -1.206996638515605083e-02 1.379220202896687202e-04 6.936900963172174146e-03 6.288007106183413596e-03 -1.103269453246369727e-02 9.464705317735319298e-04 4.194091165796417012e-03 2.302131945610554932e-03
-1.186150718094527989e-02 1.694383925255445221e-03 7.437550813242231607e-03 -8.698834472006508655e-04 -1.060531606252471115e-02 1.276568587621672735e-03 6.026958035500276124e-03 6.835107228598122191e-03 -1.130413655818599157e-02 4.783428993277833406e-03 5.153901632673128091e-03 4.744658131765359596e-03
-1.377755585729853634e-02 2.703997547690635550e-03 7.785908122505942261e-03 -2.743096368402222346e-03 -1.065633892932025747e-02 3.578885327556677060e-03 8.147959952595049474e-03 5.064028932754796944e-03 -9.872450350978076092e-03 3.481773164041482727e-03 6.346861123525324166e-03 3.528777580472999831e-03
-1.303825380564391061e-02 3.344986143026514556e-03 7.832139130778039554e-03 -1.472011177330816113e-03 -1.191455154424557808e-02 3.450326674625815802e-03 7.079934170994360565e-03 5.496310552145476820e-03 -1.057398870147236922e-02 3.471664293137355708e-03 5.231715044757728403e-03 4.730942696846793076e-03
-1.153779653707274339e-02 3.047975434944376165e-03 7.159290678389653058e-03 9.828231348890613655e-04 -1.191771387588104296e-02 2.704756131825173607e-03 7.412383771168154327e-03 4.112477988942988064e-03 -1.104955262998789413e-02 3.443139776771153484e-03 5.527552147088357799e-03 3.417261761561266736e-03
-9.408375267357039357e-03 2.574135383356390000e-03 5.816912400969907054e-03 7.575689272113460271e-04 -1.044446166523946111e-02 1.346481593658864322e-03 7.814699843998891213e-03 3.719977954165184977e-03 -1.096423446525287941e-02 3.540368837881483714e-03 4.565012686561759070e-03 3.344298549413297732e-03
-9.355189500173773792e-03 1.145176151252373176e-03 6.460132955296166331e-03 -1.308284065407110119e-03 -1.020846382064239874e-02 2.089871623903236022e-03 8.285282421333689876e-03 3.462529134798378403e-03 -1.051156841204243034e-02 4.546929701619157639e-03 3.356404544258353127e-03 4.716765077434363108e-03
-1.009584952338189907e-02 2.703775617329634302e-03 6.711295846929665222e-03 -2.571182350675880351e-04 -9.946317872188662965e-03 3.709626729603315420e-03 7.175741053068671223e-03 2.127652114535764829e-03 -1.024004063399732746e-02 2.613607275470292406e-03 3.359597074635471605e-03 4.730281731830910351e-03
-1.005557038088183801e-02 2.034898661418665326e-03 6.996266487859707610e-03 9.308896095318175542e-04 -1.032166595187357025e-02 3.606851628915598747e-03 7.945351966481573394e-03 2.294209102156143966e-03 -1.034458307394186399e-02 2.014820145941072227e-03 4.209658637785729414e-03 3.361203798209609194e-03
-1.082510617967841378e-02 1.315742752954450695e-03 8.048516944166873507e-03 -7.871317039880859211e-05 -9.800091127893812218e-03 3.203339630057596733e-03 8.620092260002721815e-03 3.372277772473196433e-03 -1.060343767603560625e-02 1.304961828522045340e-03 5.024150997913029784e-03 3.316319118201880006e-03
-1.048907357361485160e-02 1.708446690634786956e-03 7.010236731851160821e-03 1.237225142040004324e-03 -9.979398400042931508e-03 2.430355655400302534e-03 6.768487576948415373e-03 4.606590749394904455e-03 -1.051797229486723176e-02 2.455932402764342357e-03 5.627128653072594605e-03 1.845088711307796888e-03
-9.596717230235802046e-03 1.529905234959626648e-03 5.939677181459174053e-03 1.798801355554019649e-03 -1.076864176387401159e-02 2.379502387449140399e-03 6.475880141445700469e-03 5.358331668715281097e-03 -1.003693793776083872e-02 2.331330524058148387e-03 4.254068366980868175e-03 2.876559886442326113e-03
-9.331588617539911604e-03 2.063986623341511513e-03 4.405182985080831684e-03 1.390362140224869715e-03 -1.134375721785043679e-02 2.718806371509017820e-03 5.626922619592687400e-03 5.112727470601769429e-03 -8.448855421734071183e-03 1.123248478220022911e-03 6.002068136578751940e-03 3.037354894316952013e-03
-1.069527890258123622e-02 1.532196009473187417e-03 4.210775951024807451e-03 2.440693242529027099e-03 -1.016403619838063092e-02 1.490807498366505642e-03 4.365853874799694757e-03 4.628997040819263914e-03 -7.766037289855842393e-03 2.519064827163687917e-03 5.735449336355149565e-03 3.933898951006095830e-03
-1.072680187988041094e-02 1.054548084199397441e-03 3.701609868316316655e-03 1.943514623958647256e-03 -1.003642621508307915e-02 2.295464965650098176e-03 3.909697347860981512e-03 4.817062503263281302e-03 -7.560104240697723688e-03 3.377296147337704654e-03 5.349554292987126168e-03 4.053945674484140185e-03
-1.016568554795657491e-02 1.576792138627354858e-03 3.005502225750173069e-03 1.113776577761002367e-03 -8.606315207981260484e-03 1.406806575409166957e-03 2.669095754742373868e-03 5.907601621287765330e-03 -7.637481167874666209e-03 3.135382008363143437e-03 5.186462599922707188e-03 4.332921077865798873e-03
-1.003433859185337215e-02 2.020307516267704634e-03 3.322466878430054872e-03 1.858559132641159420e-03 -8.814994571355243974e-03 1.679760382447497693e-03 2.106980795128173423e-03 5.272721808784901210e-03 -7.988900498929675520e-03 3.062087342832532123e-03 5.190048833603722565e-03 4.266990221834777997e-03
-8.663587557848795306e-03 2.716529422024659655e-03 1.958723207485466630e-03 7.496763295014932660e-04 -8.516810965394116736e-03 2.190896905588170327e-03 2.389951782569001756e-03 5.246014111310826240e-03 -8.459229930689801669e-03 2.634086969920660173e-03 5.291797379968096043e-03 4.239413714332981691e-03
-8.871615711171371155e-03 1.983679365558320504e-03 2.251256294017642788e-03 1.959966101834098064e-03 -1.004713294415682939e-02 3.764461945129054642e-03 2.271102244882994628e-03 5.695271085627682910e-03 -8.896574779499132751e-03 3.468734910218726139e-03 4.538183366748318667e-03 3.945311624556737014e-03
-9.995023865646794278e-03 1.837701750586904223e-03 2.178677541135877818e-03 3.892226520527888086e-03 -1.027063887559706221e-02 5.442875058259570575e-03 1.991475791863122746e-03 4.857076142558686312e-03 -9.216444793661009161e-03 2.656710111587883959e-03 4.353368667627755852e-03 4.596529392118815088e-03
-1.053472869027543245e-02 1.447199970300138338e-03 3.422634992736572554e-03 1.940442916886532965e-03 -1.010480519020767742e-02 4.949165253078887869e-03 2.707985493499959206e-03 4.589946015732616728e-03 -8.585015889556910432e-03 3.795664946314634969e-03 4.073817220600902539e-03 4.576016494421028882e-03
-1.174441289785047894e-02 2.891852167081071512e-03 3.714836464378713440e-03 2.600846646833457430e-03 -1.032258386884460713e-02 4.543564716716015466e-03 3.563934857508093551e-03 3.679037275111666540e-03 -7.292163758381668172e-03 3.347150417885257773e-03 2.963140002965299839e-03 4.363483428621082669e-03
-1.338601687632451180e-02 4.469615551860109393e-03 3.521569839470965833e-03 2.374190522124284327e-03 -1.058063316364154030e-02 5.088592837497385099e-03 3.129731519861870311e-03 4.620252359734427182e-03 -7.451532317997751689e-03 3.523761468242935565e-03 3.888537513871416842e-03 3.509969267443980526e-03
-1.157341596308409520e-02 4.652020520257946733e-03 4.707752543366272059e-03 2.903497421421482021e-03 -1.145841893612350657e-02 4.641524239796822326e-03 3.028950999129313877e-03 3.681601641145793632e-03 -8.014922891484579578e-03 3.227205087463347246e-03 3.364375354021109481e-03 3.413706186161736492e-03
-1.173945168012196713e-02 3.986292156271913599e-03 4.044053575787419190e-03 3.060957961647676855e-03 -1.152565365099816885e-02 5.142590598521025111e-03 3.524609883792654674e-03 3.304337441508990898e-03 -7.469967061107811619e-03 3.979753199328075683e-03 3.899704772861401544e-03 2.340174213048121666e-03
-1.260507283956142401e-02 4.287512686987049980e-03 4.356111712179239377e-03 3.266253367111402253e-03 -1.016411748933690462e-02 4.968320468010530531e-03 1.413013299904509719e-03 2.720443115724876203e-03 -7.820647421206049221e-03 4.351636586406467527e-03 4.129933608649116912e-03 3.643665676191361075e-03
-1.254642606598450373e-02 4.796210895546264286e-03 4.054914939956097072e-03 3.234533868483470409e-03 -9.658383525838035860e-03 4.849956285543731774e-03 1.400914097347022436e-03 2.059908608498933584e-03 -8.770029042388398713e-03 4.979256681405816801e-03 4.218217988330921243e-03 3.985710680974707994e-03
-1.232678563894671828e-02 4.177479782585967819e-03 3.526073143535811936e-03 3.948779908328018187e-03 -9.909758335789130290e-03 4.191387029055844080e-03 2.629316116392898823e-03 2.235746351010605391e-03 -7.750767493281310316e-03 5.014080840274925781e-03 3.054065840430967346e-03 3.633959462253559189e-03
-1.198993559594119761e-02 3.542242068292658554e-03 3.810520376017153578e-03 4.515626491316505724e-03 -9.628971759482714624e-03 5.357433879433101849e-03 4.186951781145527123e-03 1.804082923372661356e-03 -8.880450236751168819e-03 4.695898398292410771e-03 2.841586388410327017e-03 2.244371674943979825e-03
-1.158150976775917766e-02 3.767025433826128901e-03 3.452215819043375454e-03 5.697394399499445400e-03 -9.085784394353216276e-03 5.560309189536011276e-03 2.790609734821215479e-03 1.716085525727148019e-03 -1.002071044541734575e-02 4.075574192397227700e-03 3.598257913894018292e-03 2.560111983291143284e-03
-1.023238526474358652e-02 4.652031550804215654e-03 2.696827308810547611e-03 5.652577032751082871e-03 -1.067724894061766738e-02 3.784526772682185458e-03 3.092773703883430324e-03 2.096349531270884879e-03 -1.048544834099501312e-02 4.061092264843342223e-03 3.908438629586922716e-03 4.052778988527815963e-03
-1.023978298266860557e-02 3.621137109894924724e-03 2.306895954562739829e-03 5.557852439649047481e-03 -1.017273347582174636e-02 4.073447821006833704e-03 3.258683694225323127e-03 2.177672997438261180e-03 -1.010906277834981368e-02 4.122883324362764008e-03 3.585555602342411011e-03 4.271118304877534640e-03
-1.032232116893138860e-02 4.271699860292841634e-03 3.211905168339654424e-03 5.991827665831383001e-03 -1.137829089840647866e-02 4.610367334238285250e-03 4.516615354525107921e-03 1.932156408647090970e-03 -1.071313206506146164e-02 3.367839177426421721e-03 2.508857330140319350e-03 4.804490940731977362e-03
-9.418519685337228137e-03 4.222745201514028525e-03 3.371846610966377708e-03 4.630673772281551290e-03 -1.065216953700530086e-02 5.052330741797856489e-03 4.262073082065317119e-03 1.798233933825987016e-03 -1.136439962003807369e-02 4.384074116970298855e-03 1.415222752445011731e-03 4.947532204678061971e-03
-9.934341271040609406e-03 5.268210015550273476e-03 2.471949069905885529e-03 4.065573587009458680e-03 -1.025274378197122381e-02 3.691493497619783171e-03 4.587765077726969551e-03 2.455225681743407069e-03 -1.183889253924999899e-02 4.374632952219296295e-03 2.999442838757432166e-03 4.833580920153339455e-03
-1.029256372070799785e-02 5.005179279806356261e-03 2.613174643353961910e-03 4.164466579940484005e-03 -9.821115866188391899e-03 3.708401245802898493e-03 3.654372899061379947e-03 2.372190300473667364e-03 -1.139025764031754637e-02 4.322003427380246253e-03 3.039278292566186413e-03 5.249252698271119136e-03
-9.070153057436029093e-03 3.989403778656470771e-03 2.400891079358665522e-03 4.662541345875396114e-03 -9.344439457913994440e-03 4.451685270381360027e-03 4.295426262362171677e-03 1.528664267829326967e-03 -1.136696907514478036e-02 3.344225017201535918e-03 2.678636617468776928e-03 4.795603070224038235e-03
-9.393428888528993978e-03 4.695515577447090944e-03 1.146226001669046167e-03 2.973810534183026280e-03 -8.338372907505813697e-03 4.113396121399984749e-03 3.458187857025222644e-03 3.322047289458626620e-03 -1.047789299108532919e-02 2.551155599831978187e-03 2.849485082692629779e-03 5.221431696350606853e-03
-9.101810226289707567e-03 3.536798659632764495e-03 2.306696476549933636e-03 2.523240289545638278e-03 -9.103176538879481985e-03 2.019481387440041475e-03 3.554846328523506103e-03 4.609804304483051084e-03 -1.067991778426966021e-02 3.709080882286359005e-03 4.027139422073264252e-03 4.797397768001089927e-03
-8.668367741979749949e-03 3.016900424879611839e-03 5.434721021234551223e-04 3.437433630816450446e-03 -7.421432893886925793e-03 2.656774506417917351e-03 4.030511965657119881e-03 4.074073911114296960e-03 -1.052627983051553778e-02 1.944613813652578457e-03 3.974161819121004892e-03 4.855034410512858341e-03
-9.290001026193459716e-03 4.158861851715661348e-03 2.723075535916652350e-03 2.592805664893370939e-03 -8.803573707426437175e-03 2.401844879709957425e-03 3.678975544315505122e-03 3.439991793864440213e-03 -1.083122202745764179e-02 2.816528634950471975e-03 3.739009764509784641e-03 5.583922200791773677e-03
-9.931798141635703528e-03 4.748093662885599815e-03 3.032775819499879556e-03 3.038751607342639414e-03 -8.981777282658325381e-03 2.052435759021205286e-03 3.900768200007419251e-03 4.998542164620567094e-03 -1.059947470995910128e-02 2.653931601126837542e-03 3.250835360872825208e-03 4.131853118263801097e-03
-9.132884689046128282e-03 3.434100536492070213e-03 2.490419826042806432e-03 2.601184958408317427e-03 -7.741359298186005142e-03 2.018344781553724990e-03 4.157019860602425773e-03 5.030483241275781128e-03 -1.059922539029211144e-02 1.837791207962348157e-03 4.216566826953870549e-03 3.700358876678648459e-03
-8.193667923769135802e-03 3.961614071847899612e-03 3.075964538110858865e-03 2.632392330765489109e-03 -9.000940750447194647e-03 1.843524240533064634e-03 4.211309009092052517e-03 4.333052932728469545e-03 -1.023827240131143686e-02 2.570814200468176606e-03 3.931358988776050868e-03 2.848030211564899373e-03
-9.236806125441910514e-03 4.810364358550960756e-03 2.585464694985259871e-03 3.512410239164198093e-03 -9.679726436320158431e-03 2.145914870366081792e-03 3.820226623738748068e-03 4.361227455595562651e-03 -9.498396235807348570e-03 2.609690726929320571e-03 3.673121601155243318e-03 3.005214180635241115e-03
-8.991651423298233081e-03 3.799510887034555917e-03 2.492901895696490559e-03 2.945705084466209052e-03 -8.882467339752271249e-03 2.684284642099578257e-03 4.916462387387704296e-03 4.159122490572263707e-03 -1.007682516383031149e-02 2.713430093233201723e-03 3.279230607785266725e-03 2.998903282789742390e-03
-8.689755575730673601e-03 2.891140309590226228e-03 2.843819273749529589e-03 3.618667255742854302e-03 -9.049903741572230473e-03 2.436657803850248143e-03 5.166557818016156989e-03 4.888496853333759544e-03 -9.213839481654488572e-03 3.527411767696187264e-03 1.428490563403090382e-03 2.077018913617878319e-03
-8.862174099157573218e-03 3.279010676154927792e-03 3.008988533512521688e-03 3.506649003737310512e-03 -8.121369980369665467e-03 1.981297578520110209e-03 4.921804063753218092e-03 4.237102366815546223e-03 -9.114389432601680691e-03 3.753338935193950652e-03 1.226724204686936888e-03 1.985215836270216947e-03
-7.886476532510457507e-03 2.459992791003336003e-03 3.232532442786311723e-03 2.478517266523897096e-03 -8.670609706736746511e-03 1.510698391824072308e-03 4.789834498108777941e-03 3.822923378035992040e-03 -9.511364562264300673e-03 4.769281902587629851e-03 1.258137437705074326e-03 3.559465965984240886e-03
-8.180333974080220699e-03 2.735130068415202436e-03 2.632622957953359693e-03 2.559767319546699116e-03 -8.208836877410263105e-03 1.869605890737403419e-03 4.214148394590000457e-03 4.530577904657967503e-03 -9.686200265713151847e-03 4.578826889989640395e-03 1.048000648651756976e-03 3.717198042414304390e-03
-8.794469549091962074e-03 2.129921051213153407e-03 2.970603232541299630e-03 3.691391332769273972e-03 -8.557837011869330601e-03 2.498344702475428954e-03 4.179048180646068728e-03 2.970895082955304391e-03 -8.720250505967298144e-03 4.234688046515004863e-03 9.073377842354485301e-04 4.281141225025768444e-03
-8.526318231640659523e-03 2.469584006390044672e-03 4.716678492122713430e-03 2.685054237436800342e-03 -8.765688709212512281e-03 1.993135318209654852e-03 3.901069685263251156e-03 3.473077912534664347e-03 -8.892662511544644280e-03 3.233357536918697941e-03 1.747888676759115720e-03 3.756001895283000210e-03
-9.015612809931222021e-03 4.402110747668480824e-03 3.591973381514613345e-03 5.367095413379294015e-03 -1.015705277070306188e-02 1.511390048964922003e-03 3.653697296016816982e-03 2.080475275645332980e-03 -9.469377625526038261e-03 3.097052245977961402e-03 2.962298146384489527e-03 4.148872274374077775e-03
-1.026946557264583545e-02 3.816027237632926838e-03 4.327348601261733936e-03 4.728675761100507163e-03 -9.306209864904262108e-03 1.594183292632815000e-03 3.229912899691384908e-03 2.769853236167066444e-03 -9.426188305808186341e-03 2.583824833388191546e-03 4.190344431187623293e-03 3.973513670935937582e-03
-9.318966800701673076e-03 2.573151926586520703e-03 3.174526658164054504e-03 4.720675907693054965e-03 -9.698528358562783294e-03 1.920392535643860362e-03 3.299740035610445373e-03 3.300918012875446710e-03 -9.203750215863211112e-03 2.266138901789258725e-03 4.070924826976219345e-03 4.988710921017034707e-03
-9.910612058951192085e-03 2.839106815022882178e-03 3.675930998566251384e-03 4.759691823600689306e-03 -9.862419950478630570e-03 1.741936419293744175e-03 3.408416663212343167e-03 4.141689188213879859e-03 -9.121341432599492510e-03 1.805260000979389250e-03 4.119789311803636299e-03 4.606855553237238984e-03
-1.131437059420748251e-02 2.557389448191896546e-03 4.549808623022779872e-03 4.575037370562176978e-03 -9.429217004897835763e-03 1.240072468716522242e-03 4.131503487083576509e-03 3.627874092735230635e-03 -8.779136666507834919e-03 2.951582170676551355e-03 4.152312511863646971e-03 4.059167046667398054e-03
-1.075168082357139294e-02 1.987011557883328842e-03 2.707894385745726780e-03 3.857547104111682616e-03 -9.634086679915023627e-03 3.044821590384098019e-03 4.179665544387236621e-03 3.296515258429685499e-03 -9.347171352502106970e-03 4.249658548938248931e-03 5.040746806602633238e-03 3.692622106813236212e-03
-1.046552004961439145e-02 9.064171968675972758e-04 3.819659612524100873e-03 4.730225214431342702e-03 -9.706842427228804665e-03 2.810166187373546592e-03 3.284782604154795616e-03 4.624894913406560511e-03 -1.002681836719065099e-02 4.530259676159970918e-03 4.518033832132754488e-03 3.396569371972787531e-03
-9.518692370886875503e-03 1.534079909530353201e-03 4.802180279958389447e-03 5.390994949851449745e-03 -1.040589509340297814e-02 1.902594641345502820e-03 2.187072858948857328e-03 5.132133595356967379e-03 -9.605808864654312093e-03 3.561329874102983368e-03 3.956918043249093783e-03 3.400264385686613787e-03
-1.018768622913337682e-02 2.081614589515178720e-03 3.925490970511139564e-03 5.491872958833086786e-03 -1.052558684725135758e-02 3.098361712193011160e-03 1.899746726884874457e-03 5.196319853689321082e-03 -9.096252679702798369e-03 3.445185725194869347e-03 4.203655108910225174e-03 2.834092124475691334e-03
-9.247348452913998693e-03 1.697991038557371095e-03 4.568492350494146245e-03 6.182287870778901961e-03 -1.044237983144717143e-02 2.502051579163666606e-03 1.838512967169312132e-03 4.789043485502244082e-03 -9.414720371186841366e-03 3.365093534073700619e-03 3.398100064596645559e-03 3.039980713890326047e-03
-9.202157043180576174e-03 2.073987306760756346e-03 3.733164547336998394e-03 6.385407665845584460e-03 -9.548919827248723846e-03 2.311557354064094124e-03 1.704530373757105451e-03 3.621528063882653234e-03 -9.069838539840101646e-03 3.911314458872051404e-03 3.214077554149048343e-03 2.932301397251911926e-03
-8.925798550604347251e-03 1.569701427549999046e-03 4.567016608877620329e-03 6.233765572128486566e-03 -9.120869039802420239e-03 2.826376289377232481e-03 2.314960568940207467e-03 1.347070360996027467e-03 -9.457548399014201537e-03 4.047230025286426350e-03 2.713711756857950172e-03 3.926813290529834050e-03
-1.035235554464618811e-02 2.281499114558091295e-04 5.322109398541259237e-03 6.653714440764945184e-03 -7.985780314767687224e-03 2.604498721003784250e-03 2.812876297699907439e-03 3.044293185594599150e-03 -9.915358544072161440e-03 4.376709096891251427e-03 3.088259565995035011e-03 2.339274959730269342e-03
-9.831286750000237107e-03 -4.678389665901044403e-04 4.174142243158459123e-03 4.976207524974665154e-03 -8.123485243951358847e-03 3.625241781114696762e-03 3.007789850709019584e-03 2.900410905925155606e-03 -9.247673252519020975e-03 4.600885615375766707e-03 3.960461982196907330e-03 2.442073857248608371e-03
-1.077833256462993120e-02 -5.884506680053312993e-04 3.852977214939506782e-03 4.972625153493664442e-03 -8.794148556335614625e-03 3.933916167210878799e-03 3.636267502003399238e-03 4.200368735288991483e-03 -9.030720753183727953e-03 4.743968589702031446e-03 4.076604920601771195e-03 2.021024330701435157e-03
-1.119362603255877157e-02 1.431070119038138069e-03 4.983490489583045253e-03 3.642773690972640841e-03 -9.155374179119366018e-03 1.857375685587278223e-03 2.994394544218084708e-03 4.405925141629330431e-03 -8.631581938814508054e-03 4.742288003537879944e-03 4.762092091593636209e-03 2.424662448050649271e-03
-1.033074780941908334e-02 6.402424633443956885e-04 4.323650592513078594e-03 4.815551393065799907e-03 -8.553484498885252640e-03 3.379107879833783204e-03 3.162354709869939339e-03 4.203954553467140372e-03 -9.029469046729982767e-03 3.799915674047192257e-03 4.581825414387809964e-03 1.113161422558234595e-03
-1.060809915115362712e-02 1.989249217996790550e-03 4.738991551727345791e-03 4.703476602237649344e-03 -8.954988371384418541e-03 3.009345167104212054e-03 3.543515586533087409e-03 4.225071155703741949e-03 -9.514839797708160574e-03 3.103373951145200777e-03 4.367845836154013624e-03 1.638672334417726022e-03
-1.094571053155441592e-02 3.686691445034807370e-03 4.638165547794269664e-03 6.234200895808373298e-03 -9.686034494360147920e-03 2.337712573818655389e-03 2.375552778641651982e-03 4.695714915155216503e-03 -9.612017346758528619e-03 4.024355284163809963e-03 2.528820861928229944e-03 2.175127854872125569e-03
-9.305633334744994531e-03 2.877105088160285089e-03 3.242705430421845107e-03 5.486166748061356568e-03 -9.378114921748682484e-03 2.731721000013921912e-03 2.032545077469267731e-03 5.532786906361822007e-03 -9.520077245077198172e-03 4.041529768985841452e-03 1.809769700177989941e-03 2.572095439458896293e-03
-8.808766278952178189e-03 2.789783771864071463e-03 2.079811561501015375e-03 5.174630452481667961e-03 -9.480039412412941471e-03 1.774648624892300429e-03 1.561140737544479407e-03 5.545018411148232296e-03 -9.704896761089145882e-03 4.711587642802365743e-03 2.640768144280025362e-03 3.827064417907048623e-03
-8.774561177625856898e-03 2.915627120223863479e-03 2.129421777110469989e-03 4.824113350311033319e-03 -9.209859711199513271e-03 1.520998386339929851e-03 2.092447345234868788e-03 3.921030743838592979e-03 -9.022612442619116005e-03 4.223041199214243487e-03 3.154868819263229214e-03 4.148266747028122800e-03
-1.024692645012250693e-02 2.590692215615491949e-03 2.296951997333977757e-03 4.882899209029490338e-03 -9.111156103647070556e-03 2.244657838088240896e-03 2.651081593588686895e-03 3.736455808565725296e-03 -9.995801383059721434e-03 3.967188499364550543e-03 3.446546662145819930e-03 5.826448302834479412e-03
-1.007859188456021633e-02 3.006058988252248518e-03 2.697562701573203749e-03 4.192642013431499733e-03 -8.063011257425950484e-03 2.637909349972868741e-03 3.081882335396782593e-03 3.449674573456795734e-03 -1.004960363586406696e-02 3.563970748743864724e-03 2.843028572757551938e-03 4.800104512470198571e-03
-1.026802482719886729e-02 2.213628980540887237e-03 2.665432745363636828e-03 3.950119782978523363e-03 -7.779011789051740351e-03 2.799464388822135285e-03 2.937527660781734992e-03 2.478555285752154919e-03 -8.918636782172573857e-03 3.455834840128340236e-03 2.387039431800504728e-03 6.018564939025458638e-03
-1.008048799927663622e-02 2.585487863013796305e-03 3.078843072163213717e-03 2.889376405003518927e-03 -8.760474409901028783e-03 3.016099476424370391e-03 3.399422528887264747e-03 2.718585282443852953e-03 -8.889487673611300156e-03 4.481530420357310654e-03 1.725630111427958139e-03 5.876217372254915680e-03
-1.088432089082476927e-02 2.701657857510029234e-03 3.700154201061997550e-03 3.789008457795734006e-03 -9.738740104242365678e-03 2.885334151913411787e-03 4.254132171037102762e-03 1.704228562118702620e-03 -8.034920717999684964e-03 5.724982291562354109e-03 1.845123921985039476e-03 4.262232209776314722e-03
-1.022805181390264509e-02 2.970618290487556708e-03 3.800902177905136035e-03 3.153517607627026598e-03 -9.972102069474379424e-03 2.744835858854657688e-03 3.749939770710840076e-03 2.953281788519905061e-03 -8.172404342016657483e-03 4.244513138365791152e-03 2.556352608388281610e-03 4.302188147850691084e-03
-9.287153741570634141e-03 2.964540600192030508e-03 4.384188005852545679e-03 2.762599094211463848e-03 -9.133816349177982866e-03 3.343613429454316346e-03 3.402966844804502285e-03 1.783999007748028436e-03 -8.774671592197906544e-03 3.319698244344812012e-03 2.167245922907761867e-03 5.004572954477364000e-03
-9.746697982748882619e-03 2.874774325130030183e-03 4.787460612927833814e-03 3.100338934995086788e-03 -8.806437815918036552e-03 3.362856788413224468e-03 3.481257320147232697e-03 2.625629739587876602e-03 -9.019382465259479648e-03 2.790493412632640956e-03 1.745509374802102888e-03 4.798189731599964217e-03
-9.872735695318636540e-03 2.712515164962165000e-03 6.236793077003907615e-03 2.599761251589038143e-03 -9.167794134136838732e-03 3.440968918269931426e-03 3.545556657762190689e-03 3.531825994492259965e-03 -8.454189471083882815e-03 3.249733893723559877e-03 3.802110721269137987e-04 3.838742250972855367e-03
-9.444518514709404275e-03 4.167155478159396270e-03 5.625792141761144609e-03 3.091139153126587057e-03 -9.415382520551952156e-03 3.447290104715320172e-03 3.205061451394654228e-03 2.602393036357661393e-03 -8.193115475938050202e-03 3.394748179291436681e-03 7.700565453963383088e-04 2.700834130436114214e-03
-9.281128231494257391e-03 3.809915736074271937e-03 4.642707600430267395e-03 4.381694495428147505e-03 -8.997331791263761883e-03 2.310999486628023680e-03 3.928017866614076301e-03 3.729818463377111617e-03 -8.794113655212857164e-03 2.907595775715168113e-03 7.429812909780283275e-04 2.559864785223667141e-03
-9.002531654090636937e-03 1.848989062146488577e-03 5.054607421633668975e-03 4.210814693953824316e-03 -9.709510832999103044e-03 3.199334618172773245e-03 3.115337459343358196e-03 3.816229028807480682e-03 -8.255421089334358253e-03 2.793757155890839311e-03 1.887749809538079781e-03 2.954749885154996612e-03
-8.527026341519578292e-03 1.703992289225384621e-03 5.136780216331402957e-03 4.018542926982088259e-03 -1.071462971212276682e-02 3.147269731670193030e-03 2.692760166379656352e-03 4.030077545409397298e-03 -8.041820423732476061e-03 3.344271183468219139e-03 2.604509980363988852e-03 2.583325566222838179e-03
