# ex_work for 12 qbits with connectivity gas and unitary DM 23179091011776
-8.680106917424235125e-02 1.348041174442052847e-01 1.348041174442052847e-01 1.348041174442052847e-01 -8.680111343724494777e-02 1.348041324481576153e-01 1.348041324481576153e-01 1.348041324481576153e-01 -8.680106917424235125e-02 1.348041324481576431e-01 1.348041324481576431e-01 1.348041324481576431e-01
-7.696780378610942885e-02 7.663393221466779925e-02 7.663391931160574988e-02 5.393201395887013000e-02 -7.696785190862058534e-02 7.663390640854376989e-02 7.235534468822073240e-02 7.235534468822073240e-02 -7.696785190862059922e-02 5.393209447267843099e-02 7.235533185065448625e-02 5.393209447267843099e-02
-5.726783708235178016e-02 5.364653593804290937e-02 2.879668924416024442e-02 1.433736085642121558e-02 -6.014661206227844142e-02 4.978652056150227601e-02 3.685726116071955799e-02 4.761626382848561240e-02 -5.717616572204349545e-02 3.334580746593684281e-02 3.991860630069479082e-02 1.567570614192665551e-02
-4.727706683200431220e-02 4.345240320678508961e-02 1.277528200867720891e-02 2.113967264119749612e-02 -4.536652847536448013e-02 4.491918619600812623e-02 2.377159754093100680e-02 3.559389319917316552e-02 -3.428054598391787333e-02 2.024842132827547880e-02 -6.539385592300637345e-03 2.799965065130836667e-03
-3.610989387133733963e-02 2.988306728153563435e-02 1.586643537253036237e-02 1.801893139283767056e-02 -4.631961380741206336e-02 3.232841438545624307e-02 2.299622029940269485e-02 -4.901037981464354681e-03 -2.565441789765042155e-02 1.893788272664880673e-02 1.010062756771481184e-02 1.171459295023811152e-02
-2.341652305688956756e-02 2.070733711941573352e-02 9.736824702292209239e-04 1.453971494550406265e-02 -3.019075962670998009e-02 1.333522006033494370e-02 3.300051150195428690e-02 -2.712897525566504518e-03 -2.075364280852984647e-02 2.305468580606447049e-02 5.663349712762803453e-03 -9.906948841915933293e-03
-2.144030047373095271e-02 1.784111753128828429e-02 2.975255173748149007e-04 1.235643205640729429e-02 -2.260804704773212992e-02 8.624373200683878651e-03 2.893949740860588676e-02 -2.087701420541178670e-03 -2.466581476868824618e-02 1.922739616352947545e-02 5.010354549348063416e-03 -3.085147068798045275e-03
-1.375010565487184457e-02 5.051008799027529098e-03 4.576352047145229238e-03 1.415354797209348453e-02 -1.872318132821937028e-02 8.045848235790230632e-03 1.741984538234054788e-02 1.041731535166215330e-03 -1.790224812650822311e-02 3.475324588822663492e-03 6.654511706632540782e-03 -1.524326388664884891e-03
-1.353709177686416437e-02 -4.081414805707696096e-03 7.331444709658270845e-03 1.346372020719342408e-02 -1.019871400732109620e-02 -9.347044742925762024e-04 1.515413630676286892e-02 3.115605107343681710e-03 -1.027514453395026763e-02 4.233489269029839207e-03 2.799325164255154260e-03 -2.186471026071392602e-03
-1.249177299805069238e-02 4.436469510035152635e-04 7.506447515265907491e-03 1.311377930216876299e-02 -1.184084682589532124e-02 7.618717224791828274e-04 1.101438531006147456e-02 5.634207645907194284e-04 -9.790409203224248111e-03 7.354993522768576465e-03 8.092724018921620055e-04 -3.086758016574271679e-03
-1.004787345070575107e-02 -2.176328617054663819e-03 6.358738025152195494e-03 1.052090512057767512e-02 -9.854397320352941206e-03 -2.318981057568004090e-03 1.196601478117615899e-02 2.701736170454984483e-03 -1.139931246035765476e-02 8.074270403853413963e-03 -1.791690436056605183e-03 1.792527799134985755e-03
-9.498101381604054025e-03 -2.215474968422377709e-03 3.821248890950515367e-03 9.940247610444380086e-03 -1.006238795654262712e-02 -3.439338783415448516e-03 1.208894328790941115e-02 3.192973004173557325e-03 -1.019234920591633592e-02 5.989373484851125487e-03 -3.026687992592219266e-04 4.090349528307455143e-03
-1.046624499249329716e-02 -3.527509540247286647e-04 4.674135368530406981e-03 7.882244773691194500e-03 -8.940690514372495387e-03 -2.273099292548557207e-03 9.651629052079922083e-03 2.041071647963294336e-03 -9.253230940474812052e-03 3.486287983246199977e-03 2.197276874217372281e-03 4.052035024943277317e-03
-1.016909222331014405e-02 3.539638053596460068e-03 5.692603652426815770e-03 4.292738244850618883e-03 -1.059025472758477922e-02 8.843141787335588545e-04 7.640109392642329203e-03 1.610116852507436367e-03 -1.254110262649959888e-02 5.602856007118118403e-03 2.923003928536634707e-03 4.212670704075544351e-03
-9.878317492952539206e-03 5.481798098067732286e-03 4.572851150945893110e-03 3.072548852098744461e-03 -1.067941383767735501e-02 9.346506877494422261e-04 7.294304155233536681e-03 2.710080281635295508e-04 -7.172538813448457035e-03 2.301292088763159938e-03 1.620743795990819709e-03 4.418685426677531301e-03
-1.035958352644101438e-02 4.250073679486159224e-03 5.387241907352532597e-03 2.740901077225009388e-03 -9.043278325893975081e-03 1.803184922909399288e-03 4.381755800513302546e-03 2.642490206514645171e-03 -6.429647545824741448e-03 9.878422368609955043e-04 2.316904570509668426e-03 3.157367050186618649e-03
-1.028372947768568454e-02 5.156676530670155183e-03 5.365605660977787982e-03 7.416097972639250791e-04 -1.052803760410445967e-02 2.734832983489307329e-03 4.033289734694746678e-03 3.034248221572484125e-03 -6.800898521839453259e-03 2.234647215736945431e-03 3.794467357837101248e-03 2.619319442500604896e-03
-1.079593029050309773e-02 5.437525218379698350e-03 4.563654666485181602e-03 2.398361314902696696e-03 -1.119137496206998143e-02 2.714682781570718680e-03 3.451420332570009041e-03 3.424577440313199359e-03 -6.975179942741454100e-03 3.632366118138669574e-03 1.502253068691176063e-03 4.127483776220508375e-03
-9.811925259937969573e-03 5.775787775137835103e-03 4.925227459605272147e-03 3.014107209809386689e-03 -1.170044950576378494e-02 2.797307961836642629e-03 3.283588931150807546e-03 3.908208980162351277e-03 -6.703853746662674466e-03 2.521437904583589962e-03 9.937919609086210641e-05 4.131244451327240400e-03
-9.556142427326131186e-03 6.583629623081435969e-03 5.238263695140998530e-03 1.801900537289306088e-03 -1.208676206884346307e-02 2.917242897054659733e-03 3.438810886906074234e-03 3.827032728317142883e-03 -6.888495136915070982e-03 2.756214246034508191e-03 1.091701474461488370e-03 3.176031189346848697e-03
-1.030600098210096745e-02 7.072812252338412688e-03 4.104999512571453832e-03 1.355206256989885394e-03 -1.257142865384983967e-02 2.719209081472076690e-03 4.363381228304766962e-03 3.674394714725843277e-03 -5.738280716341575584e-03 2.205486114619101094e-03 1.866676993652251681e-03 3.642043642256632182e-03
-1.006989687345385617e-02 7.298563192430693874e-03 2.906423448637834341e-03 1.273108907444310458e-03 -1.218993878378568652e-02 3.291766898111596167e-03 3.756713843882676044e-03 3.131554408219839811e-03 -7.992631749251757900e-03 4.627056788466681753e-03 1.882638478456605778e-03 4.638605684603317250e-03
-8.417661677290874320e-03 6.437392239419415831e-03 2.480561959822644158e-03 7.723769808698658723e-04 -1.198390472470674782e-02 3.874321643015628171e-03 3.403469581822682159e-03 2.650328499003911948e-03 -8.285857352060483835e-03 3.367099660340743591e-03 3.039454133200718278e-03 4.944598011660966165e-03
-7.799215162745946894e-03 6.030246381447990772e-03 2.029981306549891087e-03 1.744910728331098898e-03 -1.287062790659506892e-02 4.761911393000253616e-03 3.486491236072149658e-03 2.723408226677020982e-03 -9.115497043096184790e-03 2.760885620721046426e-03 3.285253535637235652e-03 5.440008120553330856e-03
-8.424524249489409242e-03 6.440169124031116903e-03 1.533833288886555591e-03 2.699119203535072301e-03 -1.287150515147052893e-02 3.788021620586847459e-03 2.970075605066239705e-03 4.422443551329887854e-03 -9.379322200439516380e-03 2.887092512333666334e-03 3.599661903051081923e-03 4.929780585233394657e-03
-9.859118063906926674e-03 5.647209705970304174e-03 2.147743481871521552e-03 4.120959718184256416e-03 -1.147792277652557626e-02 3.203366813506673075e-03 3.323400489392134248e-03 3.672426278173535324e-03 -8.871819928389436047e-03 2.798865426486763213e-03 3.233489420806370633e-03 4.486181547552178621e-03
-9.746710378724012663e-03 4.532737813367187195e-03 3.229784384584637440e-03 3.355617510093178175e-03 -1.164929160803771478e-02 4.258831870927116264e-03 3.223840357822338985e-03 3.978009326954488022e-03 -8.879874333025424352e-03 3.624578749747729006e-03 2.371222109203316181e-03 4.115784142118700424e-03
-9.981737130461914784e-03 4.239901358421018472e-03 3.001833877548877073e-03 3.318735869435240557e-03 -1.180477441328612286e-02 5.164820734182390752e-03 2.833360793200944208e-03 4.342793287911544606e-03 -7.996941417297131344e-03 3.453840959425696997e-03 2.973326119198021773e-03 2.821186615419193303e-03
-1.127013279097684693e-02 3.550246622955558623e-03 3.415009629442820448e-03 2.662739712850813005e-03 -1.022424478151630518e-02 5.640672012413160130e-03 3.131896023610415605e-03 5.020487019696532292e-03 -8.768753910437160348e-03 4.470911380748914324e-03 3.214939520612083816e-03 1.607692086795676741e-03
-1.171893891502393502e-02 2.880625619037448844e-03 4.152451402803995599e-03 3.347752651523243621e-03 -1.046404017846087539e-02 5.266145159305299708e-03 2.715941481472015830e-03 5.351679491072338854e-03 -7.927101663819045504e-03 3.934503315790236627e-03 3.521546494869020293e-03 1.396640878006856447e-03
-1.068614072384123891e-02 2.674987065257117616e-03 5.272952406026426911e-03 2.157739532666879019e-03 -9.845204849324093455e-03 5.614646881274009543e-03 2.547252357132719948e-03 5.104145628029487826e-03 -8.503832967980639451e-03 4.528629358961703405e-03 3.252054818563440437e-03 2.041520570482903061e-04
-1.030802983806389066e-02 3.358537997254877183e-03 4.209155381361191772e-03 2.472930590156336480e-03 -9.592709923154653026e-03 4.878841385656471248e-03 2.355155414702088910e-03 5.339922313617400697e-03 -9.058807736038532524e-03 5.817172260383968521e-03 2.759915743541973589e-03 6.822729374231361753e-05
-9.515570631274379229e-03 2.824125327482850546e-03 2.601552404115415208e-03 4.554286226027242333e-03 -1.018401195391220072e-02 5.561006335068235593e-03 3.051205930048773215e-03 4.858113562058443032e-03 -8.914513977515789445e-03 5.806196535879116702e-03 2.627830923176872023e-03 -9.752824851624170271e-04
-9.208484674950062274e-03 3.378678066411571531e-03 3.870149194388393648e-03 4.436652333007874011e-03 -9.880519398659123875e-03 4.473771282971368210e-03 3.238755701749896753e-03 3.431210157234472913e-03 -9.596224767482902304e-03 5.354841000551332358e-03 2.859128289215956149e-03 -1.385686807821284163e-04
-1.034200099990914383e-02 4.119659767546982043e-03 1.260440022000034214e-03 4.797966242399591581e-03 -1.033965155097147509e-02 4.402068681801927716e-03 2.470101675772646763e-03 4.962419596687390501e-03 -7.076939689249448287e-03 4.302380993253006498e-03 3.001759209451791959e-03 5.724957406893503619e-04
-1.027021120553606170e-02 3.844121879233137942e-03 7.949793883239505976e-04 5.984507714256673792e-03 -1.045500673887076078e-02 4.377635992897979493e-03 3.155692928212302031e-03 5.093758112691853558e-03 -7.421366948543091716e-03 4.631212402891675753e-03 1.037412596662974163e-03 1.449761676451023383e-03
-1.051043538021577753e-02 3.782573708540068642e-03 5.585458238268588629e-04 5.656969867862121117e-03 -1.042479692363036323e-02 2.926355501475580954e-03 4.106748069272788369e-03 5.585917296007605719e-03 -7.332114599381294416e-03 4.288328171573632143e-03 1.501908826030048764e-03 2.087251439395871287e-03
-1.193121219739096822e-02 4.594957894137463063e-03 2.053293466289799613e-03 4.740124479025220605e-03 -1.021094478755283676e-02 2.703624310448525785e-03 5.451195095620230309e-03 4.997802576778668203e-03 -8.047480327677429546e-03 3.270190645228778469e-03 2.920700507172442964e-03 1.937638568723018540e-03
-1.302097621875697615e-02 4.255157494012683055e-03 2.003218272237244219e-03 4.533680091246382847e-03 -1.060376454417690829e-02 3.310485968994453850e-03 5.784390003554118302e-03 4.960200564146642274e-03 -8.054579764699431460e-03 4.203701049418366760e-03 2.707033974828941710e-03 2.672654353054594676e-03
-1.234852010236107273e-02 4.874438592805487892e-03 2.194139078466433770e-03 4.537998434346719734e-03 -9.871641412316381134e-03 2.761966605967234971e-03 4.547038212265455855e-03 4.720192001393479740e-03 -7.866619517409802545e-03 2.731992485163521698e-03 3.433243199080787331e-03 2.738202754335567878e-03
-1.112349675450093923e-02 5.015015079316463391e-03 3.283526189167610548e-03 4.183578853277305012e-03 -1.042355008117604870e-02 3.895464175290636565e-03 4.849372489882668516e-03 3.797741661103693801e-03 -7.840956607067921594e-03 2.551727514286831599e-03 2.891614622632889074e-03 1.245081998556463090e-03
-9.939088156285696626e-03 4.515543150871523075e-03 2.590932288243870830e-03 2.859135697049139391e-03 -1.008284975056470897e-02 3.579644215968496440e-03 4.827428955924432420e-03 4.221338737316373581e-03 -8.597106255053416080e-03 4.024106877942070989e-03 2.809812209236959429e-03 1.358374949405461232e-03
-1.096176446518301248e-02 4.756224939879425025e-03 2.920140626169046624e-03 3.669219343812801619e-03 -9.823601151662376615e-03 4.076154504024850737e-03 3.580828397675332644e-03 3.805471439134119199e-03 -8.202615749937029049e-03 3.047251736943943756e-03 4.232971970939456742e-03 1.134861458164009365e-03
-9.792336558927059592e-03 3.768178704218342993e-03 2.414022795238503129e-03 2.677147564971729937e-03 -9.097594777058614149e-03 3.960931491824114421e-03 3.367686067773541930e-03 3.539545939900531814e-03 -7.818958988773983682e-03 2.615776583192498846e-03 3.455394967487680335e-03 2.761833872699242728e-03
-8.951002953091228773e-03 4.646207367276062282e-03 2.605545663223018948e-03 3.239556077763030163e-03 -8.183961914273233523e-03 3.679082273674472593e-03 1.312873426705605953e-03 3.579669212651668143e-03 -8.744697495733094392e-03 2.292094344481302153e-03 4.002455690834304074e-03 2.278790884810843673e-03
-8.754091340027088386e-03 4.290870654766932961e-03 2.074384996717265443e-03 2.519088431430186337e-03 -8.206416195849856529e-03 3.939189076466016737e-03 2.076913297126904354e-03 3.917957055120891048e-03 -8.588220364741650653e-03 1.974963648550545452e-03 3.308937486496984267e-03 3.146195631946677781e-03
-8.347310074254286894e-03 4.372282060116892272e-03 1.104976404173160353e-03 2.607354772191473186e-03 -8.520649835403371411e-03 4.281447580895131333e-03 2.601162274527033663e-03 4.496578766796040065e-03 -8.775044513481079778e-03 2.291314715805639179e-03 2.779000559261004481e-03 2.840607636633189510e-03
-8.981216723565133356e-03 4.597493210411535657e-03 7.613299987370064420e-04 3.391313590205645608e-03 -9.028880378788640623e-03 4.745461678746176748e-03 2.819975888971579681e-03 4.630140733757580340e-03 -8.045223884154285160e-03 2.291193261516693246e-03 1.716583997411461407e-03 2.921168511468024212e-03
-8.643390960503186463e-03 4.654828653397630883e-03 1.147958841533721318e-03 3.189036688854027333e-03 -8.322387109763179983e-03 3.921173258988555448e-03 2.463681887170491268e-03 4.117481035266235337e-03 -8.623785071465812566e-03 2.397086991473774704e-03 1.436796258284050130e-03 3.997220358714713428e-03
-8.192377187815229334e-03 4.494642267483436524e-03 1.587218056678228783e-03 3.326482573776697992e-03 -8.812159994913210809e-03 3.547555755565856388e-03 2.246846067184552886e-03 3.151638452581131435e-03 -9.390598927192649048e-03 3.122083220239977620e-03 1.852333114566618189e-03 4.904484743417764601e-03
-7.280350458382553805e-03 4.100908893307783978e-03 1.227221830548189813e-03 2.241901485629828154e-03 -9.596591565661099360e-03 2.738090463049683981e-03 4.335023280781299601e-03 3.609688493089784934e-03 -8.519285450716946109e-03 3.458036897263737537e-03 9.407984337769882471e-04 4.478757620438826061e-03
-8.824118401462304959e-03 2.355767228433104828e-03 2.356086021646827851e-03 3.966819980299293898e-03 -9.718134248887606505e-03 2.905098395233565549e-03 5.257892678024203743e-03 3.291772407134796463e-03 -7.725334437446964436e-03 3.347521765906128453e-03 1.335826114357252644e-03 3.278293966215426510e-03
-9.646675309649372504e-03 2.796583917067762496e-03 3.059030847705548027e-03 3.339064988970557885e-03 -8.975523977539775697e-03 2.383752429968425714e-03 4.579266217638225389e-03 2.139494354242935797e-03 -8.562729330855209375e-03 4.706948315295610662e-03 1.723025439108838257e-03 4.406247499498410804e-03
-8.907740586526180851e-03 2.230708452486191828e-03 3.253883562776728813e-03 3.659816127256227021e-03 -9.769198589857494217e-03 3.122257371669710010e-03 4.200045127178595253e-03 1.465966590510619756e-03 -8.689601866802022442e-03 4.576274846089690464e-03 2.565072208103646566e-03 4.261435182892053981e-03
-8.087250884325922207e-03 2.830243314254066861e-03 2.378354519976412680e-03 3.964181595661851222e-03 -9.825289583554970910e-03 2.230291222488203773e-03 3.059827385949142643e-03 2.453607892692454689e-03 -8.109769139238835051e-03 3.816140678510694662e-03 4.746174113266077646e-03 2.318912688350633234e-03
-8.058130326360803120e-03 1.786879679496379200e-03 3.103451745800533870e-03 2.556511697523408851e-03 -9.430406984959787894e-03 2.222119800595280005e-03 3.438650268040968887e-03 2.676751118115080433e-03 -8.120305782143169213e-03 3.559346516784580965e-03 5.420910360422070799e-03 2.571359495083260904e-03
-7.986189943257514939e-03 1.585634901493975218e-03 3.187369704324786220e-03 1.842191455067981962e-03 -1.051646092091036364e-02 4.552699288152227235e-03 2.933705114268107556e-03 3.214181309206655054e-03 -7.922720791281975122e-03 4.591452911713510450e-03 5.476231777335045965e-03 9.528244354091768226e-04
-8.590466396590182296e-03 1.989595963829516884e-03 1.608809042585081835e-03 3.242750971260518599e-03 -1.023748042778945162e-02 4.944743858615391167e-03 3.395361754179595029e-03 2.624526993334238938e-03 -8.068284690147895649e-03 4.444437030790999825e-03 5.836204534370101338e-03 7.921508655444276176e-04
-8.261087983548459981e-03 3.000683886793210995e-03 1.261290904630879952e-03 2.993080131099136714e-03 -1.075914986560425404e-02 4.589397879105054645e-03 3.642788889139758884e-03 2.110859055258232971e-03 -8.668353699245588684e-03 3.554969816942072421e-03 6.398927903771324706e-03 2.222819237911609694e-03
-7.439734732080856804e-03 2.407490756086064828e-03 3.000368649379926787e-03 2.944011546091821353e-03 -1.205323887720231336e-02 3.976030893773909239e-03 4.261759647564404389e-03 2.293086700424279509e-03 -8.338908117825309316e-03 2.679799170500785001e-03 5.850313984018100724e-03 2.543543421073311307e-03
-7.079601947933223706e-03 1.669927700597797311e-03 2.585778340931120956e-03 2.977580677804390809e-03 -1.199082382376497578e-02 4.012439535775447902e-03 4.810065248528230634e-03 3.333874131859792742e-03 -8.197446056683387744e-03 2.640676443948917346e-03 5.690156584474531307e-03 1.619227862849802017e-03
-7.990582788165239217e-03 6.346878158086567299e-04 1.664063821443400627e-03 2.601569900104142453e-03 -1.001226210746041130e-02 4.144193225496352502e-03 5.492537644467857146e-03 3.615949760264394221e-03 -8.639795730307242225e-03 3.239198432538005837e-03 4.385081269708115091e-03 2.785442459940792436e-03
-8.383853049958769899e-03 1.710615165998607837e-03 2.442246457414406612e-03 1.566042137252204522e-03 -1.117151162676301504e-02 3.385222800700862181e-03 4.392859300513312845e-03 4.421726049701370578e-03 -8.297455468750306387e-03 2.550356284271062569e-03 5.800366099623519012e-03 3.692201333609263902e-03
-8.891507851450680677e-03 3.039371815600647696e-03 2.852494119481587941e-03 1.638074881501590902e-03 -1.086088032357063193e-02 3.882413340939655337e-03 4.802292396954560907e-03 4.003125322258050713e-03 -9.204332575949780021e-03 3.552321793990029317e-03 4.006788177264132035e-03 3.387556701599009693e-03
-8.692225133574826151e-03 3.753372579962761888e-03 2.408083808116875599e-03 1.194905871573042917e-03 -1.044096129121453893e-02 4.118209702717651709e-03 4.618809122987580819e-03 4.101456111262440085e-03 -9.875842044032108816e-03 3.658282804438854618e-03 3.457988344354670594e-03 3.921632719516315001e-03
-9.361385673914509112e-03 3.830103809095774386e-03 3.492940476884504476e-03 1.801327711091480540e-03 -9.982124418544034705e-03 2.940982502465031793e-03 4.890769500740434032e-03 3.247667317607341991e-03 -9.752207748554845429e-03 4.404825474528534755e-03 3.433231768493260044e-03 3.267993293122397301e-03
-8.500578434300715136e-03 3.630116981999197308e-03 4.061170769314708523e-03 1.122223173429827891e-03 -1.059881895801990589e-02 3.711275759613096373e-03 4.666098030354470273e-03 3.201955524127029357e-03 -9.057333185277129453e-03 4.694565533941818213e-03 2.828555867906363489e-03 2.348460777769389388e-03
-9.251802430599479626e-03 2.688061417478778380e-03 2.922313341607915733e-03 1.943813936693256778e-03 -9.798654613164013011e-03 4.429195007562839598e-03 3.966993035647181642e-03 3.175151353131245354e-03 -8.223786211964120157e-03 5.357804797993075997e-03 1.991927050565097789e-03 2.767381444417197234e-03
-9.048812005023497071e-03 2.871577462489615772e-03 3.868974953157843736e-03 1.128367678141760540e-03 -1.025717344290979181e-02 4.803878232902263588e-03 3.964766628663607927e-03 2.857439256691841206e-03 -7.933332914942982025e-03 4.351420850039625435e-03 3.016574655985647477e-03 2.348864102162821592e-03
-8.759171844275048802e-03 1.279425766794422062e-03 3.252302470906380614e-03 2.829971731558131049e-03 -1.040202489912404361e-02 4.107027463835824857e-03 3.029452563309741053e-03 1.617408970685745842e-03 -5.994962793999374442e-03 5.636591471312998002e-03 2.698650549307000414e-03 2.452370611089488631e-03
-1.004706924373315394e-02 2.006226814863976918e-03 4.282880127877803159e-03 2.909035875888676178e-03 -9.133565359916660450e-03 3.099128798889004034e-03 5.000530904735700846e-03 8.106072320143848633e-05 -8.139275688755250385e-03 5.416611153178842869e-03 3.497985215319367267e-03 3.060065850039257566e-03
-8.654544691868050824e-03 1.637810710352377791e-03 3.357278693893830414e-03 2.686463199866796769e-03 -9.515224475996285000e-03 4.501176197288589073e-03 3.382240887288726766e-03 1.035118127027916200e-03 -8.477562494984576882e-03 4.005407476308724124e-03 4.519925920858496385e-03 3.403223497228515665e-03
-8.858430524386470481e-03 1.682858076867476543e-03 4.151781241282332009e-03 2.803354032216601004e-03 -9.295931981134743227e-03 4.945896500377496355e-03 2.519896551687380876e-03 1.416885231135741078e-03 -8.655486042291294160e-03 5.607401932308521755e-03 2.889626780886262510e-03 2.717469403006588305e-03
-9.494574240805089826e-03 3.760172271121367538e-03 3.602767329415841602e-03 3.219394729578105817e-03 -9.211806042611511008e-03 4.381753157236350192e-03 2.095134690679862060e-03 1.826580300206076101e-03 -8.925589278068392363e-03 5.356897880442683391e-03 1.787899080348920788e-03 3.622280328588164781e-03
-9.832545407021947223e-03 4.580082168523702882e-03 2.690814255958146745e-03 3.471648525797713016e-03 -9.398676611408507062e-03 4.293635125355025478e-03 3.233696339373451096e-03 2.839901123813188578e-03 -9.702357680737889664e-03 4.001943404179347102e-03 1.668138874848556878e-03 4.347659954835662172e-03
-1.013726085615838761e-02 3.772236885791206001e-03 2.556353688273655441e-03 3.347080396780370819e-03 -9.414740414625626802e-03 4.108183144324236216e-03 2.248813425975398732e-03 3.031376053922341541e-03 -7.759929704080302353e-03 5.087300352187257985e-03 1.573646272395315448e-03 3.564463624436670260e-03
-9.846832307535862902e-03 3.246330077205200094e-03 3.032632647539000668e-03 2.602711923586285749e-03 -9.945937262546788310e-03 4.008663636986200748e-03 1.698248611758557082e-03 3.548945463950234965e-03 -8.033985924592432562e-03 4.603328251531247500e-03 2.905418069950037405e-03 4.216614686957678715e-03
-1.077574171035782999e-02 4.470987984361005953e-03 3.170625906918253436e-03 3.109195606784497575e-03 -9.175080017610396169e-03 3.463561708869329105e-03 2.341854728697397546e-03 3.993027935261252680e-03 -8.294132636805319481e-03 3.560258272060983723e-03 2.372512207627960629e-03 3.855130935489633690e-03
-9.763493176887967639e-03 4.557573317591174372e-03 2.248498336963271772e-03 3.165505830451933664e-03 -9.344127921563347150e-03 3.480314789773379051e-03 2.373022169105175848e-03 3.848040757311262366e-03 -8.857779507706008831e-03 4.599800707590990384e-03 3.192444145551348329e-03 2.543134758272233478e-03
-9.374803930532518356e-03 3.919226684375709362e-03 2.429781151092548844e-03 1.833365652821586063e-03 -9.407474795506539852e-03 3.711791475401307171e-03 3.524620053448211145e-03 3.683383904130522763e-03 -8.065985417928323367e-03 3.613115977810772098e-03 3.728889040350305984e-03 2.282421395329365787e-03
-1.132743826510201890e-02 3.422026707405917585e-03 2.368078539667561530e-03 1.803265461348761570e-03 -1.034282646777842825e-02 4.176600926623847028e-03 4.932036047527009123e-03 3.914652517079986703e-03 -6.539730882770535166e-03 2.798635205716016976e-03 3.156517584319923353e-03 3.806036845708987704e-03
-1.116774466224755395e-02 3.576335648400555834e-03 4.030456902372555120e-03 5.949468636809140650e-04 -1.075253941750412522e-02 4.942097669806118018e-03 4.020034191235426387e-03 2.557778439228519142e-03 -6.912048656713960619e-03 3.632195391748930559e-03 2.805578302299427222e-03 4.962170731184322413e-03
-1.131886563240379166e-02 4.941385408804961632e-03 4.185188859585544513e-03 1.660319192153030194e-03 -1.007399859517873857e-02 4.323611332976121276e-03 3.533746974383663100e-03 3.567035366297885771e-03 -8.235056565971102596e-03 2.949795385121838781e-03 2.517925674491796901e-03 4.289936559967515335e-03
-1.312349433289265212e-02 6.030002771594467591e-03 3.644456562881970112e-03 3.483566997954992087e-03 -1.107080405999474361e-02 4.143639839000132566e-03 4.230087238959890500e-03 4.819244819896328219e-03 -9.301033299099025278e-03 1.998157848477929380e-03 3.100497995914385050e-03 5.080653326603631371e-03
-1.260591868071041753e-02 6.175008915641875748e-03 3.288950504220965448e-03 2.546433078265966047e-03 -9.384854822530536503e-03 3.113315190159712375e-03 4.767840823590939990e-03 3.755327926755878346e-03 -1.053092611016011836e-02 3.367339995721520436e-03 3.027338205284176888e-03 5.328884611425536814e-03
-1.289850738701727589e-02 6.155438013288221273e-03 4.103670018491890545e-03 2.568574984985627033e-03 -1.017229514090213158e-02 3.593776176567912116e-03 4.318181559893727664e-03 3.219599657255536960e-03 -9.699322870756154485e-03 3.695687185993999733e-03 2.162764705979472978e-03 5.863890718921945487e-03
-1.229113944267836572e-02 4.918816247894474379e-03 4.172943927479596735e-03 1.923848804868780269e-03 -1.004280070669985765e-02 2.644325906923391742e-03 4.503911157855239496e-03 3.346187643574575175e-03 -9.420032184942691428e-03 4.445501325160300735e-03 3.557016041228911862e-03 4.934836491005107836e-03
-1.161588895823812903e-02 3.381153190061030305e-03 2.762957592062167868e-03 3.221149954236140166e-03 -9.798581734257726453e-03 3.263455949548685515e-03 5.154807024005714916e-03 4.169524251239796302e-03 -1.100010144266828568e-02 4.594051225382949320e-03 4.201125158080657070e-03 4.435409050968527542e-03
-1.251991406935925796e-02 3.523760484981099030e-03 3.219841956854106561e-03 3.655988168095912396e-03 -1.042738853552609146e-02 4.202825727086835494e-03 4.213406229881163853e-03 4.130822193818392031e-03 -1.128254666562642297e-02 5.331670749285402980e-03 4.566317931022925714e-03 4.479081454579036080e-03
-1.138060147751509057e-02 4.912773736469682601e-03 2.483329898476944152e-03 4.097134942145898295e-03 -9.422228423375573689e-03 4.487083491687383734e-03 3.945487077831647503e-03 2.457218452633131225e-03 -1.194135904907684537e-02 6.324197431421050945e-03 3.719865702225073813e-03 3.192821106912874587e-03
-1.011328509547658287e-02 4.580372612282676038e-03 2.088990704112281705e-03 4.078290526976786901e-03 -9.397652131810367571e-03 3.275560458025903940e-03 4.102553989768666434e-03 3.245518217914999601e-03 -1.158997752759170601e-02 5.961122793739175203e-03 2.680775287156289891e-03 3.663281118278345454e-03
-1.004629623374824268e-02 4.156670320825621608e-03 2.388347037499412729e-03 4.758321152221032906e-03 -9.374369977613089891e-03 4.983268242208715657e-03 3.261210085203314953e-03 3.648099991317663507e-03 -1.129774382848866381e-02 5.090203830187657076e-03 2.427982260389291262e-03 2.510194650242298254e-03
-1.035530514986101637e-02 4.341480121374894502e-03 2.429143786075040057e-03 4.374991833439741649e-03 -9.142215881370660893e-03 3.585284782308716285e-03 3.188639246387252671e-03 2.206042545889943564e-03 -1.063332682197504903e-02 4.674224953916681150e-03 3.414706338481932144e-03 4.302976819086497436e-03
-1.110273626576759390e-02 4.337624414653133871e-03 3.402514604998131600e-03 4.565981163909229278e-03 -8.052613066386158855e-03 3.736172517823783262e-03 2.875324270437718942e-03 2.145250783970310566e-03 -1.144161482192579404e-02 4.529033042486600193e-03 3.295431818706894955e-03 4.206469610857087142e-03
-1.086052655592660392e-02 3.808369969598652920e-03 3.664535704515125506e-03 5.157273741849613402e-03 -9.313819738819404184e-03 4.607591093205254569e-03 3.289651931021215191e-03 2.010397382080583023e-03 -1.034581026262452325e-02 4.528732324532782315e-03 3.272236435439369439e-03 2.640133863558618080e-03
-9.455381949938264016e-03 5.318621146480561127e-03 4.559167893307285169e-03 3.720910027116740727e-03 -1.094572470335950301e-02 3.698435038137574613e-03 3.177220948405481016e-03 7.139504113091636826e-04 -1.116313399008062035e-02 5.680017995117465739e-03 3.727672777196284343e-03 3.649947154250505772e-03
-8.975364552534810872e-03 4.498238566936593914e-03 3.178526321281348408e-03 4.507608177910726703e-03 -1.032910748115655440e-02 4.642350286743373786e-03 2.750198653389284223e-03 1.331525956391243614e-03 -8.998357505198237641e-03 4.638188615878374027e-03 1.421444542992897613e-03 3.475843500447998741e-03
-1.011496876276755420e-02 3.641061961549973882e-03 3.283990250745907630e-03 5.133741698859278432e-03 -1.068628900727948416e-02 5.438938020214511421e-03 3.637972652762496133e-03 1.957457430905384412e-03 -9.067634004751518387e-03 5.170698292777400028e-03 1.946293830529700225e-04 3.841525878806394557e-03
-1.043178434814400098e-02 4.503514705268882486e-03 3.749529740223875827e-03 4.997740609987877565e-03 -1.032854573565602195e-02 4.986760107025186260e-03 3.242183294904508409e-03 1.716616137158366931e-03 -8.883588046062833657e-03 5.313166734948897990e-03 -1.343057124453129862e-04 3.679013785983384355e-03
-8.935764704202358438e-03 5.508426501311622717e-03 2.482131360356956348e-03 4.997023737214331858e-03 -9.433313550216792728e-03 2.222360333374260536e-03 2.757508644567844940e-03 3.893357579362747515e-03 -9.435942171806642811e-03 4.681157771393870681e-03 7.353144936603971072e-04 2.613426686903891263e-03
-9.043974261942625339e-03 5.792903088909562292e-03 2.639312548244055617e-03 4.506070412950282517e-03 -9.927828909551062592e-03 1.053884383206988217e-03 2.567300185717349276e-03 4.317065356540302629e-03 -8.736407373038618945e-03 4.939904945151299409e-03 1.242242819189118188e-03 2.739289404005889293e-03
