# ex_work for 12 qbits with connectivity gas and unitary DM 23372915898304
-8.680106917424235125e-02 1.348041174442052847e-01 1.348041174442052847e-01 1.348041174442052847e-01 -8.680111343724494777e-02 1.348041324481576153e-01 1.348041324481576153e-01 1.348041324481576153e-01 -8.680106917424235125e-02 1.348041324481576431e-01 1.348041324481576431e-01 1.348041324481576431e-01
-6.136862406472638753e-02 -8.738752388934562312e-03 8.414039748898263782e-02 8.414039748898263782e-02 -6.745520823005270172e-02 3.939430473905720237e-02 8.414041038512888593e-02 6.332554484794834793e-02 -8.330938529082262956e-02 5.243320749708953177e-02 5.140885416791674684e-02 8.414041038512885817e-02
-4.519501210424392568e-02 -1.408275550691339599e-03 6.089583578001474956e-02 5.809573348787366170e-02 -5.264970859006298104e-02 3.962164464192105551e-02 2.380780291600741172e-02 4.219714851180546983e-02 -7.582304357492256064e-02 3.230153985862278809e-02 3.243295463138824719e-02 5.469545427456119768e-02
-3.723503487116284344e-02 -7.636820467727783480e-03 4.437525064755426518e-02 3.886010781351791760e-02 -3.954785863946701924e-02 1.718338099342956588e-02 1.437515215724625636e-02 2.058527725489078114e-02 -5.412080816017376256e-02 1.569306736548358935e-02 1.587470961955815552e-02 4.943866897876648958e-02
-3.607677075505675429e-02 -7.049877399551787889e-03 1.800351342009837846e-02 2.954810827249318428e-02 -2.634746028590019898e-02 1.696110276350024440e-02 1.845953532203908551e-02 1.257872042909490180e-02 -4.192517686827727103e-02 2.033433614364365052e-02 1.060542462190717551e-02 2.694757220660490282e-02
-2.165688326599125857e-02 3.068637657615147160e-03 -1.759223407306955984e-04 6.645281884168062828e-03 -2.363683915051779591e-02 1.406435571794217680e-02 1.149024329631907065e-02 6.413149297304440548e-03 -3.145985092740574002e-02 1.879579592794819454e-02 1.139000215993028753e-02 2.567167993325873004e-02
-1.914135663417339261e-02 -4.994374639646837442e-03 -2.225705864908286453e-04 1.396749744047819444e-02 -1.504329230973834239e-02 1.402924012282676276e-02 1.508909303527761550e-02 7.909813289952624324e-03 -2.274116112999825801e-02 1.037254218637147056e-02 -1.846204691532150931e-03 1.455168532659035022e-02
-1.626899640583311102e-02 -8.781893087584470093e-05 -3.492993322672389468e-03 1.294516239383793760e-02 -1.214676519013680941e-02 1.099984229016089804e-02 1.701258625551579223e-02 6.054703849480494449e-03 -2.168984377046635770e-02 1.212076283319825191e-02 -6.865120586729793820e-03 1.154864819058473192e-02
-1.139649216663531257e-02 3.301471258862031903e-03 1.592557349164285679e-03 8.170660227343520474e-03 -1.171318676745609737e-02 8.480848205678398824e-03 1.127611684675874741e-02 -5.461724846146341628e-04 -1.850281889663439247e-02 9.079024199373614615e-03 -3.318722511670761394e-03 9.555731365731699734e-03
-1.181822559557301790e-02 4.940801597832226305e-03 5.184885640297035199e-03 2.950116396298329245e-03 -9.895670027839545413e-03 8.422594265138196382e-04 8.053032749571758728e-03 1.113229025276548734e-03 -1.494716922477962347e-02 1.075905474624562486e-02 2.439762575511871499e-03 4.437756597905019064e-03
-1.265644904301565545e-02 6.194517353831414767e-03 6.433322722759877987e-03 4.789576996501938508e-03 -7.393222252181746480e-03 8.827982413307375797e-04 3.977928275160501521e-03 2.581512806536515308e-03 -1.516904477464145126e-02 7.025893760591093648e-03 1.355778254712746746e-03 5.662142627899633546e-03
-1.237933763330667340e-02 7.436784955549050578e-03 4.609374308682898970e-03 5.894830000800571623e-03 -1.000048609113757259e-02 3.529300177152563424e-03 1.742906519022701783e-03 5.433967778145439194e-03 -1.529318750453208774e-02 6.865374608433255643e-03 9.870095162223388105e-04 5.219913643271439224e-03
-1.153316826498539636e-02 8.560097273148565417e-03 3.810841708873903728e-03 4.689217845407035040e-03 -9.815294731702582653e-03 2.570615059639040721e-03 3.194535542969018788e-03 4.959519983205728545e-03 -1.517688116671660550e-02 7.568862220965609511e-03 4.967657558919968139e-04 4.540256023432815043e-03
-1.053239336184346418e-02 7.186180744717124251e-03 3.741552933191088191e-03 2.920850628888822537e-03 -9.842987387281735417e-03 1.350552197849032602e-03 3.204595940450779071e-03 4.307915171444787021e-03 -1.301591745176454429e-02 6.436670627577376590e-03 2.249239897886061608e-03 5.091325468174492941e-03
-1.050230121298329801e-02 7.779532416349634050e-03 2.967375023342504539e-03 1.654289421942435395e-03 -8.737014422108580272e-03 1.699863476812014159e-03 1.157507685642642382e-03 3.900629971903062879e-03 -1.060281769288008887e-02 5.336637505207584946e-03 2.380361066870319287e-03 5.483200921586656520e-03
-1.003255614378080474e-02 3.590923186701613576e-03 4.131847792747122411e-03 4.424712496182475231e-03 -8.470207126656794858e-03 6.221640023407722445e-04 2.923109790298898496e-03 4.095603738664898089e-03 -8.618683995855861563e-03 4.492384611090405148e-03 2.397688880566348386e-03 2.405485257018950569e-03
-1.098672765287385389e-02 4.041114519357086148e-03 3.244763787478043178e-03 5.805288103527139580e-03 -9.458745924692419163e-03 1.132085145284573774e-03 4.118023449396462053e-03 3.613070226492978796e-03 -9.852577797248534067e-03 4.619241820157855317e-03 2.807832978924207443e-03 3.366906297312851227e-03
-9.423908300991936174e-03 4.616687299992592794e-03 4.298291880632267720e-03 4.132669012034910667e-03 -8.984648195759979000e-03 7.716902410417987232e-04 3.281565793076252416e-03 1.807234593035397493e-03 -9.223860794248809475e-03 5.276460284366625043e-03 2.871418934336722722e-03 2.622785231500522618e-03
-8.585733383585772427e-03 4.815191050180040594e-03 4.440551261081135924e-03 4.313673241391947737e-03 -8.989158561920078741e-03 5.790530648406103662e-04 3.034183026944548781e-03 1.943448026886923424e-03 -9.509621718500123333e-03 5.139858223488184309e-03 2.968961476767386417e-03 1.833866666154489612e-03
-1.044638032666819587e-02 3.818996118836503854e-03 3.763015518165028009e-03 5.729811232028630269e-03 -8.301808698214325696e-03 1.547727520299533102e-03 4.763714500147205391e-03 2.025612434509651769e-03 -9.519218499784950702e-03 3.747084059308002004e-03 3.162490640572088868e-03 1.858389984029495479e-03
-9.489397822638830429e-03 2.977449153572826832e-03 3.428178533201267468e-03 4.846138637752881589e-03 -1.002761859181063378e-02 3.211590697269203591e-03 5.052451143263143873e-03 2.988541349101412215e-03 -9.631634846165679220e-03 2.972519559920479629e-03 2.043639896125683513e-03 3.856343535488799060e-03
-9.353702493658121522e-03 3.072309201761709834e-03 4.419288143278406883e-03 4.560487496474127656e-03 -9.820918677751014694e-03 4.006852526366919652e-03 3.526686337653933689e-03 2.131921391746542920e-03 -9.180975661472920782e-03 8.770669405193330095e-04 3.801574838854625792e-03 4.088145244657052056e-03
-8.700152234764245429e-03 3.062677446365335079e-03 6.084296034688962095e-03 4.073231625095831074e-03 -9.969769746081661582e-03 2.756168909379250100e-03 2.796947235314634680e-03 2.197824530824061488e-03 -1.058883428177853116e-02 2.058381589916652606e-03 2.850771283465837816e-03 5.686203234875619739e-03
-8.513999641584581862e-03 4.012221746886582806e-03 5.614035767855297433e-03 5.215526344066126994e-03 -9.209450414819679576e-03 1.611160987762693406e-03 3.276133039064961852e-03 7.399597949139843488e-04 -1.156994501875508417e-02 2.627922109394161682e-03 3.729128790258821879e-03 4.825917812676248225e-03
-8.798648142238555195e-03 3.195795540224886065e-03 5.159932858665260309e-03 4.130300625244985938e-03 -8.991751125804475428e-03 2.926105419777088983e-03 3.401415236477686472e-03 8.114466563387931659e-04 -1.030155873547282906e-02 3.002180444358710978e-03 3.369477828921157037e-03 4.190898716036580915e-03
-9.182418465302885982e-03 3.623039841896824598e-03 5.871940855637433274e-03 2.991005344676396938e-03 -9.496543739521389957e-03 3.386772447942347410e-03 2.441378309214386425e-03 1.685391456464121118e-03 -1.042986556432705381e-02 2.867885177043080422e-03 3.062102714370458761e-03 5.443796947901416959e-03
-1.023318399373759208e-02 4.391796530432678577e-03 4.908146188235903810e-03 2.485878071245409705e-03 -8.926247361074493222e-03 3.645112368366951790e-03 3.127768994001032914e-03 1.718080847456705806e-03 -9.984840105824762183e-03 2.794109460197890561e-03 3.925672313487930769e-03 4.387249864603880861e-03
-9.992918580763893513e-03 4.274611097171850636e-03 4.625532104039707312e-03 2.374142716718158873e-03 -8.214078963134941250e-03 2.943947442341097055e-03 3.635001498119406517e-03 2.115848304703578809e-03 -9.227238580465120868e-03 3.211953692453437502e-03 3.331230858433269909e-03 2.890153516165880777e-03
-9.938410399645236995e-03 3.448428103375395827e-03 5.075119031254283347e-03 2.304740861611317884e-03 -8.943988571485218461e-03 4.079422944165767353e-03 3.269633974822219562e-03 2.571332074467567921e-03 -1.063370668102319762e-02 4.117325978429234139e-03 3.694833936583907016e-03 3.240925261571702635e-03
-9.551467532342787156e-03 4.884902817527332283e-03 4.748704529039311784e-03 2.644969206839524727e-03 -9.700931821135679728e-03 3.874982122328288897e-03 2.948376299986586735e-03 1.785800880733726765e-03 -9.916321175436003041e-03 3.677346851676670768e-03 3.123928183389724621e-03 3.712908808257885107e-03
-9.274929734671314568e-03 3.599828239493996912e-03 5.950272033723779351e-03 1.180057764760039781e-03 -1.047782196367373284e-02 4.534764400074087730e-03 2.810380465006985084e-03 2.356139161688896363e-03 -9.952013812527396933e-03 3.219908273575045055e-03 3.455842977858846615e-03 4.964888037211947699e-03
-8.681497156153246408e-03 3.181393057530880041e-03 6.464677030447986417e-03 2.259927926348313332e-04 -1.013123944294811070e-02 4.312141324026852462e-03 3.371909748162715131e-03 3.172774495446041565e-03 -1.108979675953924646e-02 4.056416627407281698e-03 3.714600527408764424e-03 3.839666642118508798e-03
-9.731019579090036814e-03 3.282277250316031035e-03 5.017654414134050701e-03 1.664913309180253518e-03 -9.459648889241941555e-03 4.356491775002602554e-03 3.878675240448164249e-03 3.734239335289853915e-03 -1.010209870208658017e-02 3.366933901924073526e-03 3.758288288488898822e-03 2.486652872927382074e-03
-9.430988577972554757e-03 2.680733745516399730e-03 4.757783514452094444e-03 1.724413778300581913e-03 -9.994012717007710184e-03 3.945107729399316768e-03 2.678423739191629870e-03 4.436665384184358164e-03 -9.773996530926263096e-03 4.204819713077641470e-03 3.560206704239821628e-03 3.448588850367838472e-03
-9.920525957507274339e-03 3.348745754494152679e-03 3.145963478976249172e-03 3.830127997894682262e-03 -1.007345333217038105e-02 2.951530918221208222e-03 4.642247614417015049e-03 3.653406489291538810e-03 -1.023013528267304774e-02 2.724819083879940606e-03 3.933374761495611258e-03 4.371792392373068277e-03
-1.064656660148836399e-02 3.142364205498182194e-03 3.925787438687410209e-03 2.518558344367803972e-03 -9.515847349510395473e-03 4.424930891954929717e-03 3.430571648752411048e-03 3.811512970882419138e-03 -1.088692946112961024e-02 3.972995091543448168e-03 2.897781906915494407e-03 5.461075332697015901e-03
-1.015410635332342215e-02 3.045242459172632296e-03 2.931546972817703715e-03 2.958998125650617525e-03 -9.093863313445024049e-03 4.035946154588518527e-03 3.407904684745765526e-03 4.352232001483742965e-03 -1.268747338673168086e-02 4.057658251358988756e-03 3.894084363244070587e-03 5.984913739738955546e-03
-9.973284532688442630e-03 2.804825154657807334e-03 3.009525529318324288e-03 2.646737807129526977e-03 -9.093677048694853368e-03 4.542556676802866900e-03 2.835671704931753273e-03 4.674065306424599053e-03 -1.182993192888048654e-02 3.621749281512678248e-03 4.785694408732587765e-03 4.508469918569429045e-03
-1.016915334749968723e-02 2.752211693623465589e-03 4.731875593182777173e-03 1.504274524164713692e-03 -9.421445863477311000e-03 4.149580404673315626e-03 3.791120322342870965e-03 4.137960763104290250e-03 -1.055318192036627800e-02 4.073115779178577978e-03 4.273666231094695213e-03 3.123399975774112346e-03
-9.730679627193131523e-03 2.361294741801037156e-03 4.839758526687288828e-03 2.474139480651187020e-03 -9.766378945870051592e-03 3.998420731884011654e-03 3.884933246116543080e-03 4.797807671268624306e-03 -1.213541185412716703e-02 3.098113284216158416e-03 5.043525011681396393e-03 3.797946564607908131e-03
-1.093689819723272887e-02 1.907518150338573812e-03 5.911964639098996402e-03 3.857995255971165618e-03 -9.011430866245121601e-03 3.358557821470388102e-03 4.020027051648025936e-03 5.166100489855609060e-03 -1.229859062051495699e-02 2.877413211920486040e-03 4.592781972152639412e-03 3.355381765183547329e-03
-1.100932148768192509e-02 2.899018488273424898e-03 5.523268999131895722e-03 2.864443595349956337e-03 -9.753836907870164566e-03 2.680891494593241279e-03 4.573822121116018213e-03 4.987526163255776024e-03 -1.172095517084591372e-02 4.018340037552118119e-03 4.306758746796844790e-03 3.430427294721102340e-03
-9.476059801678236166e-03 2.318832663285007485e-03 2.737591912521190277e-03 3.211015295029977668e-03 -8.901910885255109526e-03 1.730078791934535221e-03 4.641828195695396272e-03 3.397411174192694044e-03 -1.106460997706978575e-02 4.352027733351884926e-03 4.843712443645357447e-03 4.514562034744230672e-03
-8.435756123871328976e-03 1.865298776944283475e-03 2.222099842778686198e-03 2.482957315443845570e-03 -8.120194135237531960e-03 1.583120672406813749e-03 5.029351565718574897e-03 3.673279618796340337e-03 -1.219702086850454198e-02 5.193642220286743758e-03 4.388711433840199010e-03 4.596010845469900019e-03
-8.655495703305586541e-03 1.874567036582381382e-03 3.135921005151625068e-03 3.417352498736550559e-03 -8.763273984059880700e-03 2.669051542499855344e-03 3.499716887466051973e-03 4.956038831205604629e-03 -1.215470477155069541e-02 5.584410149498152294e-03 2.694721761047451369e-03 4.107991910620082017e-03
-8.325706942942222993e-03 3.183670930889979239e-03 2.721009805104831689e-03 3.030918106365411771e-03 -8.721800158402773576e-03 3.122661317177688294e-03 1.799013660200318590e-03 4.299014998221255095e-03 -1.222314919717092802e-02 5.219850808181596136e-03 4.085762953445670233e-03 4.122167796553331473e-03
-8.559926275670358756e-03 3.298420157617255877e-03 2.393570275221876785e-03 2.047963917468434859e-03 -9.380090666789875700e-03 4.033493178587311580e-03 1.947765999174346082e-03 5.273901427415282096e-03 -1.149731497156749639e-02 4.538180988371567047e-03 4.127037988454460710e-03 4.099750386779150470e-03
-7.754695266820385915e-03 2.669219283497724013e-03 1.411793639744036120e-03 1.395652652542303442e-03 -1.006241224551432042e-02 5.549692881366402770e-03 1.756115653074558774e-03 4.892724856823428385e-03 -9.754587044723322595e-03 3.280636774269145295e-03 4.199999351619849823e-03 4.489932305079142802e-03
-7.821941508104628474e-03 2.932733117633163061e-03 1.932394864066882753e-03 1.586383657843825658e-03 -9.963757013703175916e-03 4.883547025588376271e-03 2.791762733948743511e-03 5.500122398542608287e-03 -1.145248614923473178e-02 3.764505844409270826e-03 2.421917019069100459e-03 5.772470877889287338e-03
-8.354011199450414246e-03 2.764848016980146327e-03 1.771379099327784938e-03 1.737241998873057013e-03 -9.252544700938782410e-03 5.765279816517636380e-03 3.781541104990068965e-03 4.856529379649007598e-03 -1.159063554759852052e-02 3.834434667160591375e-03 1.529074803216645597e-03 5.504068849521917203e-03
-8.615839583389050746e-03 2.911833770757261790e-03 3.197173395662372859e-03 2.635904696778843068e-03 -9.718694630545612195e-03 5.805948763126274857e-03 3.682818083659958330e-03 4.652052001580035852e-03 -1.129569879766447599e-02 3.501038999692267922e-03 4.918030553273483553e-04 5.143485478558672448e-03
-8.582269278794929859e-03 4.069855541983586310e-03 2.427669775887322627e-03 1.528674744710621994e-03 -1.023462450283552615e-02 4.776693029270685960e-03 3.988850091255473178e-03 3.688813050435621379e-03 -9.682849469183565580e-03 3.488557098265356558e-03 1.298322633915149514e-03 5.412531966769702427e-03
-7.898664261002099826e-03 4.568583696657552151e-03 3.260792830567831729e-03 1.463420256535407282e-03 -9.495648287011618227e-03 4.220067008560259361e-03 4.618932503020662522e-03 3.824333406722028959e-03 -1.135182187963484565e-02 2.636184361291169908e-03 1.527948808503898706e-03 4.863916352435590507e-03
-7.461619990983975499e-03 4.097011449546496611e-03 4.231967462100062749e-03 2.024485006239056493e-03 -9.265515758903875715e-03 2.603602653353782534e-03 2.815727559459682214e-03 4.162090209037175824e-03 -1.014104995132757495e-02 4.183356232623747575e-03 1.516150470314874465e-03 3.150704349384940081e-03
-8.931047953171556558e-03 3.855707676009882071e-03 4.026910811114085484e-03 2.154195540438295486e-03 -9.234409044728660726e-03 4.039245381357975048e-03 5.089650671874753132e-03 3.022895792164537795e-03 -1.160702874300126135e-02 3.612320718951577986e-03 2.437058036111903157e-03 3.885036954724346153e-03
-8.781521345726177319e-03 4.637323299989799114e-03 4.142065564042351350e-03 2.590131378141977223e-03 -9.948684412049754733e-03 2.743124079488325640e-03 6.776110914332768471e-03 3.180810900597228798e-03 -1.150973422733473847e-02 3.503905051624180058e-03 2.942971364515010145e-03 2.193333448067590410e-03
-9.410933334279532672e-03 6.155714127194222667e-03 3.772353880106687606e-03 2.986923205408249706e-03 -9.322442089066833998e-03 2.369180197311637325e-03 6.126171000472755215e-03 2.937468344928978545e-03 -1.198391633992732311e-02 4.161886457307027373e-03 3.051585455054526934e-03 1.728695082061024787e-03
-1.006639048878582229e-02 4.955592929246097587e-03 2.459351352408359684e-03 3.763902806779761013e-03 -1.000702223364924835e-02 3.341834179984981470e-03 5.107166382084239904e-03 3.206854972795860226e-03 -1.049358623587819637e-02 3.264029877087806786e-03 3.984154843661086472e-03 2.934488310809032444e-03
-1.029782228794742446e-02 4.540062947350171491e-03 2.116315329507643950e-03 4.426646168812676738e-03 -9.673042377870498532e-03 4.038701787130182658e-03 5.192818648942137093e-03 3.186319783031920944e-03 -1.098279123844302096e-02 3.395155275867671983e-03 2.853607497534658196e-03 3.727963496752056960e-03
-1.061345045364256272e-02 4.444635108419617633e-03 2.198006817714624490e-03 4.733338330139313585e-03 -9.012341223471659682e-03 4.111100616576462106e-03 4.778521494961642836e-03 2.938378971919615706e-03 -1.103765689556395098e-02 3.194787029390958998e-03 3.155821588722313147e-03 3.589894386926380850e-03
-1.162040676910594886e-02 4.320405501634838087e-03 2.984444970351938283e-03 4.982221636999344984e-03 -9.077707052497567888e-03 2.239501085996715036e-03 4.714518330828225065e-03 4.725131627716482562e-03 -1.076138819792966071e-02 3.581085137037498447e-03 1.950578013297623323e-03 4.605878516425862892e-03
-1.105622847353293116e-02 4.607457335982843676e-03 2.354402671034159893e-03 4.612148359945694720e-03 -8.850220993752249549e-03 3.278123861746271104e-03 3.669955745081890635e-03 4.432225838796307292e-03 -9.267284973591678396e-03 2.469031541982424655e-03 2.268563455987951741e-03 3.731465463945041455e-03
-1.037678070704124537e-02 4.473846328884204665e-03 2.411477052292133275e-03 5.666994360518039751e-03 -1.000036739759961602e-02 2.647035726338102784e-03 4.122781097119876219e-03 4.752647932824640917e-03 -8.787850679266722559e-03 2.587845872764220779e-03 1.380923881470770987e-03 3.399523525668046199e-03
-9.776012987939229279e-03 5.504909561567659232e-03 2.280583026689582491e-03 4.278370763815012197e-03 -9.356883240518051523e-03 2.515808155184016265e-03 3.860654799990700242e-03 4.167666865290187150e-03 -9.087790162371397681e-03 1.745445809271029946e-03 2.315680283237592316e-03 3.662162549798227834e-03
-7.877760374563530510e-03 4.581777046159789084e-03 2.342631832049021662e-03 4.165342727016183196e-03 -9.451021974307305396e-03 2.318084509848648746e-03 4.293475784240385895e-03 3.026316351660105798e-03 -9.412141972161988668e-03 1.723717713431527007e-03 3.304185221309313605e-03 2.866901646146146395e-03
-8.093365611390469436e-03 4.604783936826697260e-03 1.454312111183773482e-03 3.731060612672489150e-03 -1.058214577283781918e-02 4.918993485157443710e-03 4.161767601532880174e-03 3.506328536109604588e-03 -8.865664220077326685e-03 1.837490310500503781e-03 3.632270645977284194e-03 1.731294509905621391e-03
-9.298631371765380543e-03 5.110513447023326029e-03 2.726055594118133828e-03 4.006033271473345529e-03 -1.073177757571073393e-02 3.404320987511856751e-03 3.611522803434759950e-03 2.345185881772824093e-03 -8.613663748475740289e-03 4.080737818538098492e-03 4.155795589000216977e-03 1.382534431638986639e-03
-8.518874208209950213e-03 6.204471425397435624e-03 3.177585982677113424e-03 3.881201003581304012e-03 -1.015058295948132253e-02 1.638038230892888440e-03 3.440172721230824650e-03 2.352543926917612018e-03 -8.764287712115974641e-03 3.138613021937684908e-03 4.414743528323887729e-03 1.220252106960183778e-03
-8.646101837780797647e-03 5.475039280336824188e-03 3.079058596960160526e-03 3.686602919714670936e-03 -9.979432202006310870e-03 1.409409542205742249e-03 3.421684433078186083e-03 3.456689222236153727e-03 -8.187788662329664735e-03 2.130167539562165865e-03 4.779074052187940076e-03 1.310538786300412782e-03
-9.095584311031827338e-03 4.923000569330425111e-03 4.350840881502443004e-03 2.880581467082015106e-03 -9.241264858947190186e-03 1.995423917337175047e-03 3.181663856040831476e-03 3.425802952955079791e-03 -9.009017536604891838e-03 2.999225190861111532e-03 4.278506990792546594e-03 1.283998951987090457e-03
-8.505872880486242335e-03 4.715321639622297584e-03 4.125942810212003022e-03 3.243538508884888025e-03 -9.577246602602711850e-03 2.185730099124782912e-03 3.524752741946180195e-03 3.167635945230555961e-03 -9.716662120563183611e-03 2.620355338594701315e-03 4.088679876643082356e-03 2.150467847890211257e-03
-8.600464469435345136e-03 5.708273859918702904e-03 3.679761991371367086e-03 3.027994963208654761e-03 -9.032662895870300149e-03 2.015863080936867568e-03 3.367458048189182936e-03 3.404398475497106853e-03 -1.007579025184229815e-02 1.766677989316043718e-03 4.124811775134580583e-03 2.649279104750508658e-03
-8.212910285676855784e-03 5.409588925161714495e-03 2.370201383359966333e-03 3.478296521088847064e-03 -9.462059906973503340e-03 2.253713609385488321e-03 3.913666943133550964e-03 2.651019971677019346e-03 -8.556842564495927700e-03 2.017246093290343649e-03 2.987660695462876145e-03 2.959860390375850924e-03
-9.879538498413905842e-03 5.795083823764616768e-03 2.741886386447608091e-03 4.464836324255604810e-03 -1.052107961752574670e-02 1.754687772873931954e-03 4.159219413077259488e-03 3.573299481371220929e-03 -9.273045219756139226e-03 3.270424648365431730e-03 3.600741486491755051e-03 2.647735516558748486e-03
-9.936495135099372711e-03 4.821075288120039298e-03 3.312919798665645010e-03 4.962524175538316797e-03 -1.092618661447398651e-02 2.834842026323176889e-03 4.476378323555216081e-03 3.118373907282936085e-03 -1.012876018208832413e-02 3.952996365387476639e-03 3.834604771452755547e-03 2.205111666927324614e-03
-9.053616349224143101e-03 4.934844384457732873e-03 3.538112968461656731e-03 4.368939680986162061e-03 -1.113060389270924093e-02 2.853765573830494267e-03 4.685196391409639054e-03 3.722045420282550730e-03 -9.368825777788919104e-03 2.482433108092164595e-03 3.420187894853184054e-03 1.860716408904059373e-03
-9.274470912312543155e-03 5.712779409075677273e-03 3.458624793219440639e-03 3.920774985770307530e-03 -1.051539981122603072e-02 2.839843763115154716e-03 3.083397809585079839e-03 2.138194760753279328e-03 -8.533314551651361921e-03 3.347556001426840646e-03 3.788891078370836257e-03 2.156779396295265862e-03
-8.736091288640310953e-03 5.825255420567757372e-03 3.957959945433205291e-03 4.064297228854705721e-03 -1.096139548220048318e-02 2.381707609117984185e-03 2.871975383914330150e-03 3.903155005179949517e-03 -8.755505873684680390e-03 3.188115621479479037e-03 2.578134765718893828e-03 1.844772722419454067e-03
-9.441869727142211330e-03 4.188903072730070995e-03 3.783143727026055773e-03 4.035568297871191916e-03 -1.081076653392523852e-02 4.845256171356660674e-03 2.898238859193144178e-03 3.927197821662848330e-03 -7.452351619441670121e-03 3.300435292173278627e-03 1.825951145730452582e-03 9.709570615339944196e-04
-9.455445909715856287e-03 3.745403050124186065e-03 3.575144584305319992e-03 4.160331807577674623e-03 -1.032051092549990910e-02 4.834109174279240841e-03 2.243476612928648698e-03 4.816029861910718461e-03 -7.685569420251620563e-03 2.700054270795910344e-03 2.357310926957803532e-03 1.055540352079063814e-03
-8.544097503840480251e-03 4.086637883459981122e-03 1.505814634563863328e-03 3.823739196691191156e-03 -1.024348533668170518e-02 4.120060822951486512e-03 2.364695993736987221e-03 4.340858780055168419e-03 -8.485941561462151395e-03 3.612238254724488284e-03 3.641849453472583657e-03 1.746202465072326220e-03
-9.538003306534927409e-03 3.367005442287238689e-03 1.461968376829668502e-03 5.068553111583699693e-03 -8.333564694031105058e-03 5.196143885993870573e-03 2.095671325754621967e-03 4.911905480941819620e-03 -8.275084722052326175e-03 2.178267308987469515e-03 3.294555910825093959e-03 4.475061307936880218e-04
-1.043839114992956528e-02 2.852663652176075804e-03 2.484453005784170200e-03 4.997676100264409997e-03 -8.003194106126456514e-03 3.742693633271735459e-03 3.419095683974430512e-03 4.609053052017985513e-03 -7.914797600498459443e-03 2.214651798589145973e-03 3.395448443481267030e-03 5.188169484622033763e-04
-9.822348731982070286e-03 3.414264660836167226e-03 2.965464788419868141e-03 4.387167106525915669e-03 -9.056703229713065559e-03 4.386682218671990492e-03 3.428136426944554394e-03 4.538220197851524154e-03 -8.995271337817920335e-03 2.118481071663817859e-03 3.492638726176483695e-03 1.192537887457016102e-03
-1.112286343221760392e-02 3.229475980574329948e-03 2.571213409394567870e-03 3.157438756903022722e-03 -1.015550316811496441e-02 5.556640949604721089e-03 4.281715312961901360e-03 4.865813649204141916e-03 -8.728580383873193321e-03 1.558696664267911767e-03 4.495293702435457922e-03 2.703519489352798014e-03
-1.220023801798421174e-02 2.507454657170668684e-03 2.047791004282110451e-03 4.239273846283437425e-03 -1.027183456440516202e-02 5.333905429752133949e-03 4.737013224088645197e-03 4.674602464056543984e-03 -8.507981315007845727e-03 2.063730845712250829e-03 5.617390811446586023e-03 2.380293564525768051e-03
-1.221236332754781911e-02 3.008820149054239595e-03 1.382249500084153666e-03 2.798499862952520071e-03 -8.810667239806137946e-03 4.291719816967877292e-03 5.258400409481701031e-03 3.708427758595064620e-03 -7.946862833799014925e-03 2.668199991716220000e-03 6.001047881558746813e-03 2.174148338061325774e-03
-1.309047472212137436e-02 3.600687017853753617e-03 2.506227097152616441e-03 3.435002668727293960e-03 -9.500186180806611744e-03 4.276522416618471975e-03 5.113627491067939713e-03 4.271028487068873579e-03 -8.954869397891643962e-03 3.283429908416788008e-03 5.184956178700825952e-03 2.564716885913213319e-03
-1.349179450978452849e-02 4.360437693613754967e-03 3.918370711189334867e-03 3.352202470841088647e-03 -1.014291000524514437e-02 3.618406998079871581e-03 5.522759091634100830e-03 4.248525243790343339e-03 -8.990109427405053658e-03 3.622894596536941139e-03 4.496804954322841316e-03 2.361051997926476125e-03
-1.284596715971643086e-02 5.323787961300234690e-03 2.278271689394571059e-03 3.035544838971792909e-03 -9.007161362334422522e-03 3.722198882796016756e-03 4.317127457951117596e-03 5.179277454971938088e-03 -9.491089521881899971e-03 4.065115829260127801e-03 4.223451877261862573e-03 1.865502526532940080e-03
-1.255770785199582761e-02 4.214444447963966618e-03 3.214958092677669757e-03 2.333685634377149175e-03 -8.974831398340866323e-03 4.533086452655990355e-03 3.477316844863280292e-03 4.586351532855758445e-03 -8.829517787104553678e-03 4.921841337633376702e-03 4.042242377389296606e-03 1.535131012959833636e-03
-1.270268457684685728e-02 3.627600600448978221e-03 1.649274031906852430e-03 2.760833855386027932e-03 -9.477085225565026402e-03 6.105563303822131999e-03 3.429834706583914303e-03 5.663291380559948122e-03 -8.165929493908768641e-03 4.150587394151202848e-03 3.798924454293993880e-03 1.712836238911073349e-03
-1.244194024772304723e-02 3.510058754969219881e-03 2.428835785013500666e-03 2.870063437464329473e-03 -9.133167503223748457e-03 5.685104176542121919e-03 3.345635829006254718e-03 3.955666359199888626e-03 -7.031321283434056706e-03 4.203414320234443065e-03 1.717477473303693353e-03 3.148421952085207753e-03
-1.295466586987760980e-02 4.385840659116365010e-03 3.933505532393556658e-03 3.412707311833684809e-03 -9.269846940026298110e-03 4.468214443720510722e-03 3.285730768033249573e-03 3.100343874388870533e-03 -7.847008621313973295e-03 5.314442472520106327e-03 1.555879689969295702e-03 3.093234012298053896e-03
-1.101134866182192952e-02 4.047232998544385632e-03 3.954367530185109655e-03 2.814706073867923215e-03 -8.799202612844907526e-03 4.885402963400675702e-03 3.503691368122367408e-03 2.107807893180495881e-03 -7.483502278311869593e-03 4.551600598661081909e-03 1.425700753174784490e-03 2.017088368069745469e-03
-1.235088125238296974e-02 4.023000724708411004e-03 3.681399386401403625e-03 2.481405190174487164e-03 -1.014639105741192183e-02 5.670499226518219832e-03 3.204728674085194785e-03 2.035509256416007801e-03 -6.692697100860164894e-03 4.785782150916142140e-03 2.362341277652476538e-03 3.307840752457508453e-03
-1.289149063109608882e-02 3.290882035111182807e-03 3.833520566967061390e-03 1.837642357223515099e-03 -9.938666135324618345e-03 5.332108499293690927e-03 3.525693413509477844e-03 2.549944899020566928e-03 -7.847697785985796246e-03 5.641100127585193733e-03 3.102282708239091982e-03 4.149412401897593222e-03
-1.209178893284728641e-02 2.970162924501272127e-03 4.262806561011042369e-03 3.215168271656594374e-03 -1.015766474128677876e-02 4.586015461612994934e-03 3.481476594789822705e-03 2.228253875150067349e-03 -7.674916902121273893e-03 5.129971717591383547e-03 2.472005555881803471e-03 3.996085294634290838e-03
-1.030704607586141637e-02 2.663433186197828630e-03 4.205081651472371979e-03 2.681907465795891309e-03 -9.020972539903785239e-03 4.737464480735014555e-03 3.317977670326210070e-03 1.932057256979388552e-03 -8.457045637246252134e-03 4.967308334349170018e-03 2.833547029147940634e-03 2.487462477503803605e-03
-9.711161790487778805e-03 2.669556511747202786e-03 3.176843505180697996e-03 1.867955290711863572e-03 -1.052924232203757138e-02 4.999832187910994985e-03 3.493951477956927423e-03 4.379740583631920592e-03 -8.755970756260379045e-03 5.572826628901099075e-03 2.318786757614217219e-03 2.758592919552389777e-03
-9.815371392185235494e-03 2.210860597459337468e-03 2.975430025495088074e-03 2.911057736913140633e-03 -1.051539561464592820e-02 4.521089532259027488e-03 4.603688043692599763e-03 5.038573355627034948e-03 -8.808372662976331896e-03 4.004194138350878479e-03 2.339957639948807202e-03 2.778426767272028971e-03
