# pops for 12 qbits with connectivity gas and unitary DM 23150049230976
4.000000357627868652e-01 2.000000327825546265e-01 2.000000327825546265e-01 2.000000327825546265e-01 4.000000953674316406e-01 2.000000178813934326e-01 2.000000178813934326e-01 2.000000178813934326e-01 4.000000357627868652e-01 2.000000178813934326e-01 2.000000178813934326e-01 2.000000178813934326e-01
3.289472460746765137e-01 2.655780017375946045e-01 2.000000029802322388e-01 2.274636030197143555e-01 3.476025760173797607e-01 2.507685720920562744e-01 2.000000029802322388e-01 1.999999731779098511e-01 3.360508680343627930e-01 2.000000029802322388e-01 2.202026098966598511e-01 2.233866006135940552e-01
3.108942508697509766e-01 2.490150034427642822e-01 2.127877622842788696e-01 2.492917627096176147e-01 3.047565519809722900e-01 2.566331326961517334e-01 2.157033383846282959e-01 2.195857167243957520e-01 3.031701147556304932e-01 2.223630994558334351e-01 2.315154224634170532e-01 2.242837995290756226e-01
2.854530811309814453e-01 2.306505888700485229e-01 2.297890335321426392e-01 2.431420087814331055e-01 2.919707596302032471e-01 2.599145770072937012e-01 2.187639474868774414e-01 2.465987056493759155e-01 2.912400662899017334e-01 2.277423888444900513e-01 2.327474951744079590e-01 2.419872879981994629e-01
2.679391801357269287e-01 2.319053262472152710e-01 2.346351295709609985e-01 2.448910474777221680e-01 2.881874740123748779e-01 2.520646154880523682e-01 2.235930413007736206e-01 2.404438406229019165e-01 2.870486974716186523e-01 2.288620918989181519e-01 2.329535931348800659e-01 2.674758136272430420e-01
2.550879120826721191e-01 2.464622408151626587e-01 2.353394180536270142e-01 2.429105937480926514e-01 2.774780690670013428e-01 2.560246884822845459e-01 2.325820177793502808e-01 2.422170490026473999e-01 2.813830375671386719e-01 2.283650785684585571e-01 2.398006469011306763e-01 2.623491585254669189e-01
2.570505440235137939e-01 2.443168759346008301e-01 2.364721447229385376e-01 2.427910417318344116e-01 2.749142944812774658e-01 2.497779130935668945e-01 2.339117825031280518e-01 2.391852736473083496e-01 2.758902907371520996e-01 2.356809675693511963e-01 2.475583106279373169e-01 2.624504268169403076e-01
2.559062242507934570e-01 2.435934692621231079e-01 2.384237200021743774e-01 2.430442571640014648e-01 2.701382637023925781e-01 2.443372309207916260e-01 2.438753098249435425e-01 2.391014695167541504e-01 2.706763446331024170e-01 2.442404776811599731e-01 2.521878182888031006e-01 2.544753551483154297e-01
2.565054297447204590e-01 2.410726547241210938e-01 2.402882575988769531e-01 2.440291494131088257e-01 2.681825459003448486e-01 2.416978180408477783e-01 2.448633909225463867e-01 2.387727946043014526e-01 2.695716619491577148e-01 2.452925741672515869e-01 2.524720132350921631e-01 2.572515904903411865e-01
2.608177959918975830e-01 2.396714836359024048e-01 2.440027594566345215e-01 2.472998052835464478e-01 2.660207152366638184e-01 2.409410625696182251e-01 2.469871938228607178e-01 2.397009730339050293e-01 2.684588730335235596e-01 2.434473931789398193e-01 2.481975108385086060e-01 2.544540762901306152e-01
2.610715627670288086e-01 2.402251362800598145e-01 2.473684102296829224e-01 2.487901896238327026e-01 2.651782333850860596e-01 2.413965612649917603e-01 2.460934966802597046e-01 2.414452433586120605e-01 2.671959400177001953e-01 2.430192381143569946e-01 2.453910261392593384e-01 2.528246343135833740e-01
2.610077261924743652e-01 2.410872876644134521e-01 2.484493702650070190e-01 2.512814700603485107e-01 2.636234462261199951e-01 2.429201900959014893e-01 2.461885064840316772e-01 2.426212728023529053e-01 2.652595639228820801e-01 2.413833737373352051e-01 2.445699125528335571e-01 2.516075372695922852e-01
2.564138770103454590e-01 2.423150241374969482e-01 2.495300322771072388e-01 2.513720393180847168e-01 2.640756070613861084e-01 2.432050257921218872e-01 2.453609853982925415e-01 2.473146617412567139e-01 2.625470161437988281e-01 2.438225001096725464e-01 2.449740767478942871e-01 2.490688413381576538e-01
2.554790675640106201e-01 2.406992912292480469e-01 2.481361329555511475e-01 2.521074414253234863e-01 2.623869776725769043e-01 2.438637763261795044e-01 2.455040812492370605e-01 2.486644983291625977e-01 2.629768550395965576e-01 2.436687201261520386e-01 2.469285279512405396e-01 2.495842576026916504e-01
2.558318376541137695e-01 2.406564354896545410e-01 2.507117688655853271e-01 2.528621852397918701e-01 2.614435851573944092e-01 2.461001276969909668e-01 2.472295016050338745e-01 2.475444823503494263e-01 2.640806734561920166e-01 2.421996444463729858e-01 2.471600472927093506e-01 2.441793084144592285e-01
2.581790983676910400e-01 2.423205971717834473e-01 2.485777884721755981e-01 2.497555613517761230e-01 2.610523402690887451e-01 2.456776797771453857e-01 2.481217384338378906e-01 2.489054501056671143e-01 2.625286281108856201e-01 2.437195479869842529e-01 2.494714260101318359e-01 2.416896075010299683e-01
2.573475241661071777e-01 2.434951364994049072e-01 2.475615590810775757e-01 2.500069439411163330e-01 2.614060342311859131e-01 2.467203736305236816e-01 2.464344203472137451e-01 2.480645179748535156e-01 2.628560066223144531e-01 2.439554184675216675e-01 2.488011419773101807e-01 2.433504462242126465e-01
2.570450603961944580e-01 2.420737445354461670e-01 2.475117594003677368e-01 2.501449882984161377e-01 2.614920735359191895e-01 2.485458105802536011e-01 2.472230046987533569e-01 2.471594065427780151e-01 2.644417881965637207e-01 2.437810450792312622e-01 2.462369650602340698e-01 2.443438470363616943e-01
2.560403347015380859e-01 2.435359656810760498e-01 2.482274621725082397e-01 2.477801889181137085e-01 2.608080804347991943e-01 2.486278116703033447e-01 2.474098354578018188e-01 2.455289512872695923e-01 2.627118229866027832e-01 2.471312731504440308e-01 2.455218583345413208e-01 2.466757744550704956e-01
2.574663162231445312e-01 2.431037575006484985e-01 2.475119978189468384e-01 2.471572011709213257e-01 2.614166438579559326e-01 2.499933093786239624e-01 2.472645342350006104e-01 2.444556504487991333e-01 2.626847326755523682e-01 2.472189664840698242e-01 2.456014156341552734e-01 2.461248636245727539e-01
2.591061890125274658e-01 2.439809739589691162e-01 2.478500008583068848e-01 2.460698038339614868e-01 2.608951330184936523e-01 2.491677254438400269e-01 2.460984140634536743e-01 2.452061772346496582e-01 2.613436877727508545e-01 2.485952526330947876e-01 2.467134296894073486e-01 2.449725419282913208e-01
2.582926750183105469e-01 2.437568157911300659e-01 2.470098286867141724e-01 2.480624020099639893e-01 2.603482007980346680e-01 2.477252930402755737e-01 2.472530603408813477e-01 2.455857992172241211e-01 2.604138553142547607e-01 2.485049813985824585e-01 2.470853030681610107e-01 2.459611296653747559e-01
2.589250206947326660e-01 2.450178563594818115e-01 2.476643323898315430e-01 2.473095059394836426e-01 2.597146332263946533e-01 2.475353479385375977e-01 2.468051165342330933e-01 2.453104406595230103e-01 2.602062523365020752e-01 2.474934607744216919e-01 2.472106814384460449e-01 2.468066215515136719e-01
2.586175203323364258e-01 2.454670369625091553e-01 2.476228773593902588e-01 2.489838153123855591e-01 2.597417533397674561e-01 2.461063563823699951e-01 2.469361424446105957e-01 2.450377494096755981e-01 2.595712542533874512e-01 2.477871328592300415e-01 2.466716617345809937e-01 2.474559694528579712e-01
2.591868042945861816e-01 2.458628863096237183e-01 2.481330037117004395e-01 2.481659948825836182e-01 2.590221762657165527e-01 2.447800785303115845e-01 2.471693903207778931e-01 2.452344596385955811e-01 2.596617043018341064e-01 2.480355203151702881e-01 2.472394853830337524e-01 2.475077509880065918e-01
2.589421570301055908e-01 2.457439452409744263e-01 2.479598969221115112e-01 2.480792999267578125e-01 2.595276832580566406e-01 2.456292510032653809e-01 2.476554661989212036e-01 2.446506917476654053e-01 2.595708072185516357e-01 2.478890120983123779e-01 2.470847815275192261e-01 2.472662478685379028e-01
2.588976025581359863e-01 2.460817098617553711e-01 2.487869560718536377e-01 2.483639866113662720e-01 2.598999142646789551e-01 2.459427118301391602e-01 2.470155060291290283e-01 2.440382540225982666e-01 2.589944303035736084e-01 2.481496781110763550e-01 2.465599626302719116e-01 2.472684830427169800e-01
2.606214880943298340e-01 2.460920959711074829e-01 2.489301562309265137e-01 2.472677379846572876e-01 2.609856724739074707e-01 2.458494305610656738e-01 2.476473897695541382e-01 2.440011203289031982e-01 2.572810351848602295e-01 2.480894327163696289e-01 2.470489293336868286e-01 2.461847513914108276e-01
2.594216167926788330e-01 2.460517287254333496e-01 2.492551207542419434e-01 2.475522905588150024e-01 2.604666352272033691e-01 2.448903769254684448e-01 2.470445930957794189e-01 2.452116608619689941e-01 2.572742700576782227e-01 2.484577000141143799e-01 2.481587231159210205e-01 2.462143898010253906e-01
2.591408193111419678e-01 2.451147586107254028e-01 2.484578341245651245e-01 2.477211654186248779e-01 2.604573667049407959e-01 2.449593544006347656e-01 2.477432489395141602e-01 2.449602037668228149e-01 2.572878599166870117e-01 2.499708980321884155e-01 2.484062910079956055e-01 2.457793056964874268e-01
2.592635154724121094e-01 2.456576228141784668e-01 2.480796277523040771e-01 2.469561994075775146e-01 2.613134384155273438e-01 2.473633885383605957e-01 2.476783692836761475e-01 2.448756992816925049e-01 2.568232715129852295e-01 2.482091188430786133e-01 2.483929395675659180e-01 2.453859001398086548e-01
2.586810290813446045e-01 2.464244216680526733e-01 2.467331588268280029e-01 2.476241886615753174e-01 2.601784467697143555e-01 2.482789158821105957e-01 2.465326935052871704e-01 2.462909072637557983e-01 2.575711309909820557e-01 2.476913630962371826e-01 2.483045458793640137e-01 2.456881552934646606e-01
2.584156095981597900e-01 2.467321604490280151e-01 2.464858889579772949e-01 2.480797469615936279e-01 2.603554427623748779e-01 2.467465400695800781e-01 2.472627013921737671e-01 2.476331442594528198e-01 2.584281861782073975e-01 2.467339932918548584e-01 2.475177645683288574e-01 2.456077486276626587e-01
2.575123906135559082e-01 2.461599558591842651e-01 2.474496811628341675e-01 2.486774474382400513e-01 2.608355879783630371e-01 2.471516877412796021e-01 2.471076250076293945e-01 2.471674829721450806e-01 2.579225897789001465e-01 2.473325431346893311e-01 2.461117655038833618e-01 2.465703189373016357e-01
2.574784159660339355e-01 2.465341836214065552e-01 2.472640275955200195e-01 2.487100362777709961e-01 2.605061531066894531e-01 2.452648431062698364e-01 2.470967620611190796e-01 2.472325116395950317e-01 2.585493028163909912e-01 2.473022788763046265e-01 2.473393082618713379e-01 2.467211782932281494e-01
2.591718137264251709e-01 2.461162358522415161e-01 2.475621253252029419e-01 2.478723227977752686e-01 2.594005763530731201e-01 2.476261109113693237e-01 2.461863309144973755e-01 2.475093305110931396e-01 2.577370107173919678e-01 2.476051449775695801e-01 2.461553066968917847e-01 2.470566630363464355e-01
2.591231763362884521e-01 2.456105202436447144e-01 2.474294751882553101e-01 2.468753755092620850e-01 2.603941261768341064e-01 2.473725229501724243e-01 2.471348941326141357e-01 2.484236359596252441e-01 2.566974163055419922e-01 2.479839920997619629e-01 2.452101260423660278e-01 2.477436065673828125e-01
2.593093514442443848e-01 2.457838654518127441e-01 2.480890601873397827e-01 2.477418482303619385e-01 2.608706653118133545e-01 2.463070601224899292e-01 2.469095587730407715e-01 2.483529895544052124e-01 2.557100951671600342e-01 2.468803822994232178e-01 2.458379417657852173e-01 2.482061535120010376e-01
2.584546804428100586e-01 2.470831125974655151e-01 2.478579431772232056e-01 2.478327900171279907e-01 2.606410980224609375e-01 2.467471212148666382e-01 2.457488328218460083e-01 2.478883266448974609e-01 2.566595077514648438e-01 2.465674281120300293e-01 2.460936158895492554e-01 2.484243065118789673e-01
2.602288722991943359e-01 2.469325363636016846e-01 2.469928711652755737e-01 2.474367320537567139e-01 2.601426839828491211e-01 2.458590567111968994e-01 2.468965351581573486e-01 2.475647479295730591e-01 2.578812837600708008e-01 2.462401092052459717e-01 2.466990351676940918e-01 2.471243143081665039e-01
2.602531015872955322e-01 2.476520240306854248e-01 2.468156814575195312e-01 2.472836524248123169e-01 2.599381506443023682e-01 2.457797974348068237e-01 2.454464584589004517e-01 2.472027987241744995e-01 2.600020766258239746e-01 2.464723438024520874e-01 2.463644146919250488e-01 2.467882335186004639e-01
2.588561773300170898e-01 2.482524812221527100e-01 2.458928376436233521e-01 2.472634613513946533e-01 2.589989304542541504e-01 2.476502656936645508e-01 2.455464154481887817e-01 2.460511773824691772e-01 2.599936425685882568e-01 2.470951825380325317e-01 2.474362403154373169e-01 2.469618618488311768e-01
2.601524591445922852e-01 2.476677298545837402e-01 2.467029988765716553e-01 2.475508600473403931e-01 2.587459683418273926e-01 2.481353878974914551e-01 2.456035465002059937e-01 2.453406602144241333e-01 2.590090632438659668e-01 2.464960366487503052e-01 2.470855265855789185e-01 2.475084215402603149e-01
2.588522732257843018e-01 2.473923861980438232e-01 2.480238676071166992e-01 2.486498206853866577e-01 2.582370936870574951e-01 2.479939758777618408e-01 2.455915510654449463e-01 2.455870509147644043e-01 2.599346935749053955e-01 2.468156814575195312e-01 2.467451691627502441e-01 2.461750805377960205e-01
2.585535645484924316e-01 2.474497705698013306e-01 2.479022741317749023e-01 2.481353729963302612e-01 2.594138979911804199e-01 2.482137233018875122e-01 2.464933991432189941e-01 2.459069043397903442e-01 2.597517669200897217e-01 2.469774186611175537e-01 2.455662488937377930e-01 2.456343173980712891e-01
2.594007253646850586e-01 2.480929940938949585e-01 2.473859786987304688e-01 2.479682266712188721e-01 2.592516243457794189e-01 2.477296590805053711e-01 2.455785274505615234e-01 2.463407516479492188e-01 2.583223581314086914e-01 2.470947951078414917e-01 2.467337399721145630e-01 2.460992336273193359e-01
2.585120201110839844e-01 2.486738860607147217e-01 2.482716739177703857e-01 2.466217428445816040e-01 2.584691047668457031e-01 2.467043995857238770e-01 2.464565187692642212e-01 2.470861822366714478e-01 2.586525380611419678e-01 2.461136728525161743e-01 2.466834187507629395e-01 2.477535009384155273e-01
2.586947679519653320e-01 2.489841729402542114e-01 2.474884092807769775e-01 2.465830147266387939e-01 2.577642202377319336e-01 2.460835278034210205e-01 2.463865280151367188e-01 2.469346374273300171e-01 2.587152719497680664e-01 2.466514110565185547e-01 2.470639646053314209e-01 2.486486881971359253e-01
2.597821652889251709e-01 2.465083748102188110e-01 2.483114153146743774e-01 2.471483945846557617e-01 2.583702504634857178e-01 2.469760477542877197e-01 2.450859248638153076e-01 2.475020140409469604e-01 2.589239478111267090e-01 2.460211962461471558e-01 2.469046264886856079e-01 2.484641522169113159e-01
2.589693963527679443e-01 2.465582489967346191e-01 2.481251358985900879e-01 2.469409853219985962e-01 2.569474577903747559e-01 2.468873113393783569e-01 2.453110665082931519e-01 2.485769540071487427e-01 2.591089308261871338e-01 2.474663853645324707e-01 2.472627311944961548e-01 2.478438764810562134e-01
2.590932250022888184e-01 2.461412996053695679e-01 2.485902607440948486e-01 2.467106282711029053e-01 2.581101655960083008e-01 2.462966591119766235e-01 2.452085167169570923e-01 2.473719418048858643e-01 2.589766979217529297e-01 2.478715032339096069e-01 2.463931888341903687e-01 2.492343932390213013e-01
2.588068544864654541e-01 2.470489591360092163e-01 2.482595741748809814e-01 2.475967556238174438e-01 2.586530447006225586e-01 2.459924221038818359e-01 2.452794760465621948e-01 2.472235262393951416e-01 2.587255537509918213e-01 2.474580705165863037e-01 2.453560978174209595e-01 2.495981305837631226e-01
2.603664100170135498e-01 2.464858740568161011e-01 2.485916465520858765e-01 2.473048716783523560e-01 2.599083483219146729e-01 2.462097406387329102e-01 2.448710501194000244e-01 2.461054921150207520e-01 2.588801681995391846e-01 2.477625161409378052e-01 2.452151030302047729e-01 2.482971549034118652e-01
2.607064843177795410e-01 2.459596842527389526e-01 2.482064962387084961e-01 2.481544762849807739e-01 2.604774832725524902e-01 2.461091578006744385e-01 2.443896234035491943e-01 2.463474422693252563e-01 2.575340569019317627e-01 2.479518949985504150e-01 2.465182244777679443e-01 2.476432919502258301e-01
2.596259415149688721e-01 2.474710047245025635e-01 2.477944493293762207e-01 2.476691901683807373e-01 2.609328627586364746e-01 2.462363392114639282e-01 2.455656826496124268e-01 2.475812584161758423e-01 2.574151456356048584e-01 2.479175031185150146e-01 2.459042370319366455e-01 2.458847463130950928e-01
2.602459788322448730e-01 2.480114102363586426e-01 2.480041384696960449e-01 2.471413314342498779e-01 2.603623569011688232e-01 2.464651614427566528e-01 2.458565086126327515e-01 2.477131783962249756e-01 2.571117579936981201e-01 2.467678040266036987e-01 2.476202845573425293e-01 2.446983158588409424e-01
2.604070901870727539e-01 2.476556897163391113e-01 2.471825033426284790e-01 2.468262910842895508e-01 2.602070569992065430e-01 2.466667294502258301e-01 2.471391558647155762e-01 2.471575587987899780e-01 2.580468654632568359e-01 2.461961060762405396e-01 2.469747364521026611e-01 2.455384880304336548e-01
2.605981230735778809e-01 2.482248693704605103e-01 2.464504390954971313e-01 2.474729865789413452e-01 2.586545646190643311e-01 2.464123815298080444e-01 2.479448020458221436e-01 2.486364692449569702e-01 2.572995126247406006e-01 2.456902116537094116e-01 2.475872933864593506e-01 2.450265586376190186e-01
2.604800760746002197e-01 2.487186789512634277e-01 2.467289268970489502e-01 2.458301186561584473e-01 2.584579885005950928e-01 2.465407550334930420e-01 2.456159144639968872e-01 2.481680065393447876e-01 2.585666477680206299e-01 2.454799562692642212e-01 2.495545148849487305e-01 2.458566427230834961e-01
2.601214349269866943e-01 2.486812323331832886e-01 2.456934452056884766e-01 2.472924292087554932e-01 2.582845985889434814e-01 2.463618963956832886e-01 2.452063858509063721e-01 2.481507062911987305e-01 2.583297491073608398e-01 2.463597208261489868e-01 2.488855570554733276e-01 2.466310262680053711e-01
2.597939372062683105e-01 2.484822720289230347e-01 2.464998364448547363e-01 2.468623965978622437e-01 2.582744061946868896e-01 2.470344305038452148e-01 2.466325163841247559e-01 2.473535984754562378e-01 2.583390772342681885e-01 2.467799782752990723e-01 2.478028982877731323e-01 2.461427748203277588e-01
2.602468430995941162e-01 2.477954924106597900e-01 2.475827187299728394e-01 2.465524375438690186e-01 2.596876025199890137e-01 2.464082688093185425e-01 2.459481656551361084e-01 2.471605837345123291e-01 2.587618827819824219e-01 2.465886026620864868e-01 2.468926459550857544e-01 2.463728189468383789e-01
2.601481378078460693e-01 2.475456744432449341e-01 2.474314570426940918e-01 2.463273108005523682e-01 2.603209018707275391e-01 2.462268918752670288e-01 2.455953210592269897e-01 2.468939125537872314e-01 2.585049569606781006e-01 2.473895251750946045e-01 2.472431957721710205e-01 2.463708370923995972e-01
2.603057026863098145e-01 2.479235678911209106e-01 2.477400749921798706e-01 2.460921257734298706e-01 2.599214613437652588e-01 2.459554076194763184e-01 2.461006939411163330e-01 2.469015717506408691e-01 2.580772042274475098e-01 2.477324157953262329e-01 2.469910979270935059e-01 2.462567239999771118e-01
2.602609992027282715e-01 2.483815401792526245e-01 2.466440647840499878e-01 2.456831634044647217e-01 2.591075003147125244e-01 2.470114082098007202e-01 2.456784397363662720e-01 2.474630177021026611e-01 2.587325572967529297e-01 2.465239465236663818e-01 2.477693259716033936e-01 2.467420250177383423e-01
2.591584622859954834e-01 2.475420385599136353e-01 2.466960996389389038e-01 2.458152472972869873e-01 2.586725950241088867e-01 2.483872771263122559e-01 2.449906319379806519e-01 2.475726902484893799e-01 2.595142424106597900e-01 2.464721053838729858e-01 2.481837570667266846e-01 2.469928264617919922e-01
2.600232064723968506e-01 2.463904321193695068e-01 2.466120868921279907e-01 2.468760460615158081e-01 2.588474452495574951e-01 2.497775405645370483e-01 2.445901334285736084e-01 2.473838329315185547e-01 2.595529556274414062e-01 2.456280440092086792e-01 2.485635876655578613e-01 2.457526326179504395e-01
2.595849037170410156e-01 2.460407167673110962e-01 2.473395019769668579e-01 2.463245242834091187e-01 2.590991556644439697e-01 2.493499666452407837e-01 2.459720820188522339e-01 2.475493550300598145e-01 2.589648663997650146e-01 2.451838999986648560e-01 2.477257251739501953e-01 2.468632608652114868e-01
2.592689692974090576e-01 2.450495362281799316e-01 2.468798607587814331e-01 2.460158914327621460e-01 2.605077028274536133e-01 2.498778253793716431e-01 2.462197542190551758e-01 2.480203360319137573e-01 2.597936391830444336e-01 2.454709261655807495e-01 2.467368841171264648e-01 2.461564838886260986e-01
2.587431669235229492e-01 2.463304847478866577e-01 2.466107457876205444e-01 2.470171153545379639e-01 2.602932155132293701e-01 2.499300241470336914e-01 2.465769648551940918e-01 2.479949891567230225e-01 2.587525546550750732e-01 2.457827329635620117e-01 2.466420084238052368e-01 2.453238964080810547e-01
2.590841054916381836e-01 2.458096444606781006e-01 2.470345944166183472e-01 2.461386024951934814e-01 2.599702477455139160e-01 2.481059134006500244e-01 2.466906756162643433e-01 2.477895170450210571e-01 2.596689760684967041e-01 2.458584010601043701e-01 2.465693950653076172e-01 2.472778260707855225e-01
2.582369446754455566e-01 2.451594322919845581e-01 2.474287748336791992e-01 2.469477355480194092e-01 2.584794163703918457e-01 2.490176409482955933e-01 2.467835247516632080e-01 2.475377023220062256e-01 2.592990100383758545e-01 2.462025135755538940e-01 2.468043118715286255e-01 2.481007874011993408e-01
2.587986588478088379e-01 2.465309351682662964e-01 2.467939555644989014e-01 2.469939291477203369e-01 2.594586610794067383e-01 2.475305050611495972e-01 2.457196265459060669e-01 2.475863844156265259e-01 2.593234181404113770e-01 2.462409585714340210e-01 2.464664280414581299e-01 2.485543042421340942e-01
2.575029134750366211e-01 2.462287247180938721e-01 2.459318041801452637e-01 2.475558370351791382e-01 2.593831717967987061e-01 2.483642399311065674e-01 2.458442300558090210e-01 2.471303492784500122e-01 2.607617080211639404e-01 2.461161017417907715e-01 2.470756471157073975e-01 2.481029480695724487e-01
2.577028870582580566e-01 2.466783523559570312e-01 2.465549409389495850e-01 2.483368068933486938e-01 2.593053281307220459e-01 2.483130246400833130e-01 2.445934861898422241e-01 2.476513087749481201e-01 2.608677148818969727e-01 2.456383109092712402e-01 2.463784664869308472e-01 2.479770630598068237e-01
2.582715451717376709e-01 2.477023899555206299e-01 2.467832714319229126e-01 2.475384622812271118e-01 2.585981786251068115e-01 2.481307387351989746e-01 2.439213693141937256e-01 2.468185573816299438e-01 2.609034776687622070e-01 2.452288419008255005e-01 2.480661869049072266e-01 2.480346411466598511e-01
2.587990760803222656e-01 2.473309934139251709e-01 2.463187873363494873e-01 2.462081313133239746e-01 2.592408657073974609e-01 2.482592910528182983e-01 2.441003024578094482e-01 2.465103566646575928e-01 2.610967159271240234e-01 2.448305189609527588e-01 2.479240447282791138e-01 2.493785619735717773e-01
2.595515251159667969e-01 2.466675192117691040e-01 2.462547421455383301e-01 2.459319084882736206e-01 2.600646913051605225e-01 2.470336705446243286e-01 2.452352344989776611e-01 2.455579936504364014e-01 2.613919377326965332e-01 2.459671497344970703e-01 2.471293658018112183e-01 2.492119073867797852e-01
2.589257955551147461e-01 2.476897090673446655e-01 2.474975436925888062e-01 2.466283887624740601e-01 2.589214444160461426e-01 2.468485683202743530e-01 2.466213852167129517e-01 2.453466057777404785e-01 2.601790130138397217e-01 2.462256252765655518e-01 2.464029192924499512e-01 2.487104833126068115e-01
2.589480578899383545e-01 2.479147017002105713e-01 2.479553669691085815e-01 2.468054443597793579e-01 2.578826248645782471e-01 2.473963201045989990e-01 2.484840750694274902e-01 2.449554353952407837e-01 2.597463130950927734e-01 2.454785853624343872e-01 2.470492720603942871e-01 2.473813146352767944e-01
2.582701742649078369e-01 2.469575554132461548e-01 2.480977326631546021e-01 2.473141849040985107e-01 2.574014663696289062e-01 2.474144101142883301e-01 2.477799952030181885e-01 2.448949515819549561e-01 2.598726451396942139e-01 2.459089308977127075e-01 2.474846690893173218e-01 2.486008405685424805e-01
2.588808536529541016e-01 2.463466674089431763e-01 2.470094710588455200e-01 2.485725134611129761e-01 2.581647932529449463e-01 2.474458366632461548e-01 2.485632747411727905e-01 2.458455115556716919e-01 2.592478990554809570e-01 2.457250356674194336e-01 2.471789717674255371e-01 2.470166385173797607e-01
2.594507932662963867e-01 2.464844435453414917e-01 2.459364533424377441e-01 2.481750696897506714e-01 2.578544914722442627e-01 2.490183860063552856e-01 2.473856061697006226e-01 2.454723715782165527e-01 2.590008080005645752e-01 2.463287562131881714e-01 2.471572160720825195e-01 2.477330714464187622e-01
2.600612640380859375e-01 2.469712644815444946e-01 2.461733967065811157e-01 2.468852400779724121e-01 2.581852376461029053e-01 2.489024549722671509e-01 2.472904622554779053e-01 2.454250305891036987e-01 2.585327625274658203e-01 2.460808902978897095e-01 2.471902519464492798e-01 2.482990622520446777e-01
2.609882652759552002e-01 2.466961890459060669e-01 2.449089735746383667e-01 2.471358627080917358e-01 2.597017586231231689e-01 2.465864419937133789e-01 2.484986037015914917e-01 2.450955361127853394e-01 2.587136924266815186e-01 2.455781698226928711e-01 2.472864240407943726e-01 2.488074600696563721e-01
2.605417072772979736e-01 2.465728670358657837e-01 2.454536259174346924e-01 2.483382523059844971e-01 2.598584294319152832e-01 2.470007240772247314e-01 2.488121390342712402e-01 2.457773536443710327e-01 2.582493424415588379e-01 2.444080561399459839e-01 2.467083632946014404e-01 2.482764571905136108e-01
2.611083090305328369e-01 2.455028593540191650e-01 2.454642206430435181e-01 2.478988319635391235e-01 2.602941095829010010e-01 2.480270862579345703e-01 2.484796345233917236e-01 2.457529753446578979e-01 2.589080333709716797e-01 2.447835654020309448e-01 2.456389516592025757e-01 2.481386065483093262e-01
2.612777650356292725e-01 2.450757026672363281e-01 2.457585632801055908e-01 2.475539296865463257e-01 2.603106498718261719e-01 2.477965056896209717e-01 2.478671669960021973e-01 2.462413161993026733e-01 2.588131129741668701e-01 2.444624155759811401e-01 2.465797662734985352e-01 2.482604086399078369e-01
2.619082629680633545e-01 2.453588992357254028e-01 2.463491410017013550e-01 2.469969391822814941e-01 2.604996860027313232e-01 2.481436729431152344e-01 2.470458447933197021e-01 2.458846271038055420e-01 2.586966454982757568e-01 2.453276664018630981e-01 2.460260391235351562e-01 2.477598190307617188e-01
2.607379853725433350e-01 2.453339695930480957e-01 2.461519092321395874e-01 2.470880448818206787e-01 2.601491510868072510e-01 2.467695772647857666e-01 2.469013780355453491e-01 2.462130188941955566e-01 2.599577903747558594e-01 2.464316934347152710e-01 2.462454438209533691e-01 2.480172216892242432e-01
2.610493302345275879e-01 2.455981373786926270e-01 2.455710917711257935e-01 2.467480301856994629e-01 2.605665028095245361e-01 2.465840280055999756e-01 2.471074163913726807e-01 2.460152655839920044e-01 2.594268321990966797e-01 2.464408129453659058e-01 2.467618584632873535e-01 2.481278032064437866e-01
2.599060237407684326e-01 2.459451556205749512e-01 2.462008297443389893e-01 2.463322728872299194e-01 2.607776224613189697e-01 2.460514903068542480e-01 2.469773739576339722e-01 2.462695091962814331e-01 2.597292959690093994e-01 2.462320178747177124e-01 2.471702247858047485e-01 2.484053075313568115e-01
2.595801949501037598e-01 2.463650107383728027e-01 2.463705390691757202e-01 2.461075186729431152e-01 2.587864100933074951e-01 2.456196844577789307e-01 2.474460750818252563e-01 2.465761154890060425e-01 2.596052289009094238e-01 2.477468997240066528e-01 2.472002506256103516e-01 2.485931664705276489e-01
2.607790529727935791e-01 2.462295889854431152e-01 2.451252639293670654e-01 2.462359964847564697e-01 2.584324181079864502e-01 2.462516874074935913e-01 2.484230250120162964e-01 2.477474957704544067e-01 2.578896880149841309e-01 2.476922571659088135e-01 2.457233965396881104e-01 2.494671642780303955e-01
2.601565420627593994e-01 2.475892603397369385e-01 2.454748451709747314e-01 2.468440979719161987e-01 2.585093975067138672e-01 2.458358705043792725e-01 2.470777183771133423e-01 2.471783906221389771e-01 2.580485939979553223e-01 2.476815283298492432e-01 2.467538863420486450e-01 2.488468736410140991e-01
2.585026025772094727e-01 2.464064210653305054e-01 2.470274865627288818e-01 2.476091384887695312e-01 2.589162290096282959e-01 2.451721578836441040e-01 2.466347962617874146e-01 2.479580044746398926e-01 2.583149075508117676e-01 2.481912374496459961e-01 2.469928264617919922e-01 2.482712417840957642e-01
2.583364248275756836e-01 2.477308511734008789e-01 2.471489161252975464e-01 2.474367022514343262e-01 2.574292421340942383e-01 2.459026575088500977e-01 2.467137426137924194e-01 2.486887276172637939e-01 2.586243152618408203e-01 2.482323497533798218e-01 2.463556081056594849e-01 2.473974376916885376e-01
2.591306269168853760e-01 2.485534995794296265e-01 2.480865418910980225e-01 2.472967207431793213e-01 2.579739391803741455e-01 2.456546574831008911e-01 2.460819184780120850e-01 2.489304393529891968e-01 2.586510181427001953e-01 2.473079711198806763e-01 2.460322082042694092e-01 2.462973892688751221e-01
2.591281235218048096e-01 2.483047395944595337e-01 2.481043785810470581e-01 2.484506219625473022e-01 2.570479810237884521e-01 2.456177771091461182e-01 2.471933066844940186e-01 2.480863332748413086e-01 2.586324810981750488e-01 2.470825761556625366e-01 2.455569952726364136e-01 2.467916905879974365e-01
2.582049667835235596e-01 2.477544695138931274e-01 2.480831891298294067e-01 2.484208047389984131e-01 2.575890421867370605e-01 2.455707788467407227e-01 2.467709630727767944e-01 2.471470534801483154e-01 2.598026394844055176e-01 2.474944591522216797e-01 2.465507835149765015e-01 2.466077655553817749e-01
2.589195072650909424e-01 2.477532476186752319e-01 2.479319125413894653e-01 2.481822669506072998e-01 2.584558129310607910e-01 2.452007383108139038e-01 2.457867264747619629e-01 2.468015998601913452e-01 2.600735127925872803e-01 2.465528994798660278e-01 2.471914738416671753e-01 2.471471428871154785e-01
