# pops for 12 qbits with connectivity gas and unitary DM 22864218354880
4.000000357627868652e-01 2.000000327825546265e-01 2.000000327825546265e-01 2.000000327825546265e-01 4.000000953674316406e-01 2.000000178813934326e-01 2.000000178813934326e-01 2.000000178813934326e-01 4.000000357627868652e-01 2.000000178813934326e-01 2.000000178813934326e-01 2.000000178813934326e-01
3.558904528617858887e-01 2.246182411909103394e-01 2.274636030197143555e-01 2.245565354824066162e-01 3.420454859733581543e-01 2.202026098966598511e-01 2.239605337381362915e-01 2.233866006135940552e-01 3.289471864700317383e-01 2.093757092952728271e-01 2.082889080047607422e-01 2.112641334533691406e-01
3.011781573295593262e-01 2.480561733245849609e-01 2.421758919954299927e-01 2.072919607162475586e-01 3.286906778812408447e-01 2.377892881631851196e-01 2.095925062894821167e-01 2.319516092538833618e-01 3.171635270118713379e-01 2.627305090427398682e-01 2.065884768962860107e-01 2.067911773920059204e-01
2.895089685916900635e-01 2.413244992494583130e-01 2.440831065177917480e-01 2.204821258783340454e-01 3.074536919593811035e-01 2.369774281978607178e-01 2.364715635776519775e-01 2.329270392656326294e-01 2.978279590606689453e-01 2.602341473102569580e-01 2.157990932464599609e-01 2.169102728366851807e-01
2.794182598590850830e-01 2.413427680730819702e-01 2.451928853988647461e-01 2.308979481458663940e-01 2.871917784214019775e-01 2.394529730081558228e-01 2.396828979253768921e-01 2.325836569070816040e-01 2.872435152530670166e-01 2.552351057529449463e-01 2.303741574287414551e-01 2.313839644193649292e-01
2.668431103229522705e-01 2.620679736137390137e-01 2.450449317693710327e-01 2.303220927715301514e-01 2.792075276374816895e-01 2.409241497516632080e-01 2.438064217567443848e-01 2.310085296630859375e-01 2.792413830757141113e-01 2.506781220436096191e-01 2.370821088552474976e-01 2.337735146284103394e-01
2.649950981140136719e-01 2.564108967781066895e-01 2.467659264802932739e-01 2.324842214584350586e-01 2.789052724838256836e-01 2.350719720125198364e-01 2.473832219839096069e-01 2.326505929231643677e-01 2.799025177955627441e-01 2.501440942287445068e-01 2.394646704196929932e-01 2.358214855194091797e-01
2.611313760280609131e-01 2.532212436199188232e-01 2.531649172306060791e-01 2.318829298019409180e-01 2.730151414871215820e-01 2.382304221391677856e-01 2.502754926681518555e-01 2.363208532333374023e-01 2.738617360591888428e-01 2.467429339885711670e-01 2.424363940954208374e-01 2.397163212299346924e-01
2.598790824413299561e-01 2.498341649770736694e-01 2.512882947921752930e-01 2.387676835060119629e-01 2.692592442035675049e-01 2.364697605371475220e-01 2.481470108032226562e-01 2.393575012683868408e-01 2.750685214996337891e-01 2.451452612876892090e-01 2.449557483196258545e-01 2.418274730443954468e-01
2.624140381813049316e-01 2.508069872856140137e-01 2.513468563556671143e-01 2.395992428064346313e-01 2.685093283653259277e-01 2.393553256988525391e-01 2.464372515678405762e-01 2.375138700008392334e-01 2.744465470314025879e-01 2.448244392871856689e-01 2.418605536222457886e-01 2.428852170705795288e-01
2.612232863903045654e-01 2.514646053314208984e-01 2.490059882402420044e-01 2.423091381788253784e-01 2.679579854011535645e-01 2.409411668777465820e-01 2.447385340929031372e-01 2.383053302764892578e-01 2.757762968540191650e-01 2.425213009119033813e-01 2.406740337610244751e-01 2.450820505619049072e-01
2.685809135437011719e-01 2.516837120056152344e-01 2.475942373275756836e-01 2.456242442131042480e-01 2.596503496170043945e-01 2.411852777004241943e-01 2.448202520608901978e-01 2.395614534616470337e-01 2.734111845493316650e-01 2.418577224016189575e-01 2.425302565097808838e-01 2.435001432895660400e-01
2.679606676101684570e-01 2.515645027160644531e-01 2.460640072822570801e-01 2.445734292268753052e-01 2.583951652050018311e-01 2.415127158164978027e-01 2.448529601097106934e-01 2.403657734394073486e-01 2.743194699287414551e-01 2.437004446983337402e-01 2.423478960990905762e-01 2.443427145481109619e-01
2.681564986705780029e-01 2.511247396469116211e-01 2.461918592453002930e-01 2.448332309722900391e-01 2.570167183876037598e-01 2.406298965215682983e-01 2.453430593013763428e-01 2.421745210886001587e-01 2.706963121891021729e-01 2.452549934387207031e-01 2.435426414012908936e-01 2.450350821018218994e-01
2.641375064849853516e-01 2.497762590646743774e-01 2.469057589769363403e-01 2.456928491592407227e-01 2.570848166942596436e-01 2.450093477964401245e-01 2.465638369321823120e-01 2.463363260030746460e-01 2.661740779876708984e-01 2.424606829881668091e-01 2.440751791000366211e-01 2.457828819751739502e-01
2.626276910305023193e-01 2.498507946729660034e-01 2.448455691337585449e-01 2.437764853239059448e-01 2.572247684001922607e-01 2.466562986373901367e-01 2.467521578073501587e-01 2.479244619607925415e-01 2.650521695613861084e-01 2.439958155155181885e-01 2.449411749839782715e-01 2.463521957397460938e-01
2.609035968780517578e-01 2.453983128070831299e-01 2.466388642787933350e-01 2.424809336662292480e-01 2.590951919555664062e-01 2.511810958385467529e-01 2.479013353586196899e-01 2.477316558361053467e-01 2.631865441799163818e-01 2.433675974607467651e-01 2.447093576192855835e-01 2.474050372838973999e-01
2.615689933300018311e-01 2.471804618835449219e-01 2.454892396926879883e-01 2.440889179706573486e-01 2.607597410678863525e-01 2.519220709800720215e-01 2.465533912181854248e-01 2.452007234096527100e-01 2.612612843513488770e-01 2.434930205345153809e-01 2.455989271402359009e-01 2.468827515840530396e-01
2.613985538482666016e-01 2.465474158525466919e-01 2.446802407503128052e-01 2.454778552055358887e-01 2.597865164279937744e-01 2.514939606189727783e-01 2.456833869218826294e-01 2.451098710298538208e-01 2.627678215503692627e-01 2.423194497823715210e-01 2.479161769151687622e-01 2.468182444572448730e-01
2.611763179302215576e-01 2.466518878936767578e-01 2.436848729848861694e-01 2.465909570455551147e-01 2.598729133605957031e-01 2.496469467878341675e-01 2.462747991085052490e-01 2.450912147760391235e-01 2.625248134136199951e-01 2.433904409408569336e-01 2.499198168516159058e-01 2.451744973659515381e-01
2.608195543289184570e-01 2.457557618618011475e-01 2.459231466054916382e-01 2.466707676649093628e-01 2.597806155681610107e-01 2.506223320960998535e-01 2.457252442836761475e-01 2.458617836236953735e-01 2.614246010780334473e-01 2.432313561439514160e-01 2.500555217266082764e-01 2.441286593675613403e-01
2.606604397296905518e-01 2.454644590616226196e-01 2.468291372060775757e-01 2.464017868041992188e-01 2.606257796287536621e-01 2.496089339256286621e-01 2.458120286464691162e-01 2.451379746198654175e-01 2.610298693180084229e-01 2.441356182098388672e-01 2.491550743579864502e-01 2.451382130384445190e-01
2.580309212207794189e-01 2.460209578275680542e-01 2.481430172920227051e-01 2.465734034776687622e-01 2.611371874809265137e-01 2.486969083547592163e-01 2.480396628379821777e-01 2.437002062797546387e-01 2.614581286907196045e-01 2.461152225732803345e-01 2.461907267570495605e-01 2.458929419517517090e-01
2.586629092693328857e-01 2.467210888862609863e-01 2.467146515846252441e-01 2.467459887266159058e-01 2.601019442081451416e-01 2.482442855834960938e-01 2.480646818876266479e-01 2.445883452892303467e-01 2.614748775959014893e-01 2.449796050786972046e-01 2.474214732646942139e-01 2.462794631719589233e-01
2.590192258358001709e-01 2.471901625394821167e-01 2.462927997112274170e-01 2.473988682031631470e-01 2.599962353706359863e-01 2.495243102312088013e-01 2.462226599454879761e-01 2.440449893474578857e-01 2.600618600845336914e-01 2.447562664747238159e-01 2.479175925254821777e-01 2.475742697715759277e-01
2.589234709739685059e-01 2.480568140745162964e-01 2.465021759271621704e-01 2.476701587438583374e-01 2.608039975166320801e-01 2.499618977308273315e-01 2.457136362791061401e-01 2.446994185447692871e-01 2.587605118751525879e-01 2.444592267274856567e-01 2.470766454935073853e-01 2.473712265491485596e-01
2.592071294784545898e-01 2.483342736959457397e-01 2.459754943847656250e-01 2.481957226991653442e-01 2.598522603511810303e-01 2.500334680080413818e-01 2.464874237775802612e-01 2.439325451850891113e-01 2.587246596813201904e-01 2.448770403861999512e-01 2.472192198038101196e-01 2.471599876880645752e-01
2.586596608161926270e-01 2.486860752105712891e-01 2.448517233133316040e-01 2.469339817762374878e-01 2.607183456420898438e-01 2.502440810203552246e-01 2.479237914085388184e-01 2.435605674982070923e-01 2.587840259075164795e-01 2.444832175970077515e-01 2.479499131441116333e-01 2.472037971019744873e-01
2.587623894214630127e-01 2.480890303850173950e-01 2.454246282577514648e-01 2.463508546352386475e-01 2.605025768280029297e-01 2.493523508310317993e-01 2.467474192380905151e-01 2.440747171640396118e-01 2.602792084217071533e-01 2.458790987730026245e-01 2.473269701004028320e-01 2.472098618745803833e-01
2.587366998195648193e-01 2.477188706398010254e-01 2.452228516340255737e-01 2.455215752124786377e-01 2.593393027782440186e-01 2.495342493057250977e-01 2.466299682855606079e-01 2.447164654731750488e-01 2.607729434967041016e-01 2.466024309396743774e-01 2.480000555515289307e-01 2.472037374973297119e-01
2.604125738143920898e-01 2.456901818513870239e-01 2.446364462375640869e-01 2.460480630397796631e-01 2.602056860923767090e-01 2.478223294019699097e-01 2.461614459753036499e-01 2.468524724245071411e-01 2.601391375064849854e-01 2.467662394046783447e-01 2.475561946630477905e-01 2.477082759141921997e-01
2.606800496578216553e-01 2.462443411350250244e-01 2.453030943870544434e-01 2.460617721080780029e-01 2.595938444137573242e-01 2.472468316555023193e-01 2.468065172433853149e-01 2.457843571901321411e-01 2.596192955970764160e-01 2.475531697273254395e-01 2.481893748044967651e-01 2.469163537025451660e-01
2.599556446075439453e-01 2.457456886768341064e-01 2.453689575195312500e-01 2.467543482780456543e-01 2.600765526294708252e-01 2.479984015226364136e-01 2.453901171684265137e-01 2.462772130966186523e-01 2.598102688789367676e-01 2.468765377998352051e-01 2.487884014844894409e-01 2.469569146633148193e-01
2.592337429523468018e-01 2.464918494224548340e-01 2.454133182764053345e-01 2.462341338396072388e-01 2.600724399089813232e-01 2.468621730804443359e-01 2.463797628879547119e-01 2.480328679084777832e-01 2.595884203910827637e-01 2.457967698574066162e-01 2.481245398521423340e-01 2.477688789367675781e-01
2.603605985641479492e-01 2.477543652057647705e-01 2.444966584444046021e-01 2.460559308528900146e-01 2.599269747734069824e-01 2.471131384372711182e-01 2.467650026082992554e-01 2.463432252407073975e-01 2.578132152557373047e-01 2.471405714750289917e-01 2.492635250091552734e-01 2.469657063484191895e-01
2.596620321273803711e-01 2.482037097215652466e-01 2.447527647018432617e-01 2.465241253376007080e-01 2.604177296161651611e-01 2.464731037616729736e-01 2.471072673797607422e-01 2.469427585601806641e-01 2.581848204135894775e-01 2.469476461410522461e-01 2.489132136106491089e-01 2.458698153495788574e-01
2.583963572978973389e-01 2.472731322050094604e-01 2.451311647891998291e-01 2.466402202844619751e-01 2.606500983238220215e-01 2.470415532588958740e-01 2.469828575849533081e-01 2.477988898754119873e-01 2.585035264492034912e-01 2.466436624526977539e-01 2.496277689933776855e-01 2.453095912933349609e-01
2.581490874290466309e-01 2.476723939180374146e-01 2.450466901063919067e-01 2.465726733207702637e-01 2.597855031490325928e-01 2.464525550603866577e-01 2.471119016408920288e-01 2.485030889511108398e-01 2.586396932601928711e-01 2.466678768396377563e-01 2.479263246059417725e-01 2.474710643291473389e-01
2.587348520755767822e-01 2.474244385957717896e-01 2.454702705144882202e-01 2.462450265884399414e-01 2.593588232994079590e-01 2.467491030693054199e-01 2.463618963956832886e-01 2.476883828639984131e-01 2.585200369358062744e-01 2.472587674856185913e-01 2.480770796537399292e-01 2.481101304292678833e-01
2.582236528396606445e-01 2.470520883798599243e-01 2.455746382474899292e-01 2.471953183412551880e-01 2.583970725536346436e-01 2.471905052661895752e-01 2.467243969440460205e-01 2.481043934822082520e-01 2.575796246528625488e-01 2.474728375673294067e-01 2.486085444688796997e-01 2.478757947683334351e-01
2.586550414562225342e-01 2.474301308393478394e-01 2.457074224948883057e-01 2.472153007984161377e-01 2.582457363605499268e-01 2.478463351726531982e-01 2.466642111539840698e-01 2.482521533966064453e-01 2.572795748710632324e-01 2.472524642944335938e-01 2.485337108373641968e-01 2.469167113304138184e-01
2.595890760421752930e-01 2.472530752420425415e-01 2.457462847232818604e-01 2.477384805679321289e-01 2.576567530632019043e-01 2.472321391105651855e-01 2.471717149019241333e-01 2.478103786706924438e-01 2.584601044654846191e-01 2.464565634727478027e-01 2.479204088449478149e-01 2.469636648893356323e-01
2.597396373748779297e-01 2.459858953952789307e-01 2.454292625188827515e-01 2.471437901258468628e-01 2.577629387378692627e-01 2.481867372989654541e-01 2.480669170618057251e-01 2.478609383106231689e-01 2.580287158489227295e-01 2.468501627445220947e-01 2.481862008571624756e-01 2.467574775218963623e-01
2.597000598907470703e-01 2.470774650573730469e-01 2.459480762481689453e-01 2.465226054191589355e-01 2.575821280479431152e-01 2.474023252725601196e-01 2.480856329202651978e-01 2.479151785373687744e-01 2.574765086174011230e-01 2.469338476657867432e-01 2.484312504529953003e-01 2.469235658645629883e-01
2.600950300693511963e-01 2.474914938211441040e-01 2.473710775375366211e-01 2.463327944278717041e-01 2.581513524055480957e-01 2.473792135715484619e-01 2.470917552709579468e-01 2.480010837316513062e-01 2.565225660800933838e-01 2.464760988950729370e-01 2.490057200193405151e-01 2.460803836584091187e-01
2.584013342857360840e-01 2.466849088668823242e-01 2.467771023511886597e-01 2.458494007587432861e-01 2.580141723155975342e-01 2.472816705703735352e-01 2.487512379884719849e-01 2.492156028747558594e-01 2.567702531814575195e-01 2.466078251600265503e-01 2.490128129720687866e-01 2.466322183609008789e-01
2.592179775238037109e-01 2.453706264495849609e-01 2.478671073913574219e-01 2.458552122116088867e-01 2.588339149951934814e-01 2.477734684944152832e-01 2.479955255985260010e-01 2.487286627292633057e-01 2.581076920032501221e-01 2.469963580369949341e-01 2.476114034652709961e-01 2.456406056880950928e-01
2.592769861221313477e-01 2.452827543020248413e-01 2.480973452329635620e-01 2.455164939165115356e-01 2.582200467586517334e-01 2.471757084131240845e-01 2.483040094375610352e-01 2.488857507705688477e-01 2.583560645580291748e-01 2.465189993381500244e-01 2.476832866668701172e-01 2.466810345649719238e-01
2.595908939838409424e-01 2.452466934919357300e-01 2.475710660219192505e-01 2.452561855316162109e-01 2.591471970081329346e-01 2.470948249101638794e-01 2.473368942737579346e-01 2.485804706811904907e-01 2.583834528923034668e-01 2.466540932655334473e-01 2.485961914062500000e-01 2.465404719114303589e-01
2.599634826183319092e-01 2.454753518104553223e-01 2.472649663686752319e-01 2.449384927749633789e-01 2.595693171024322510e-01 2.476873695850372314e-01 2.472253441810607910e-01 2.484925985336303711e-01 2.587067782878875732e-01 2.467484176158905029e-01 2.480927407741546631e-01 2.458336502313613892e-01
2.608215808868408203e-01 2.459003478288650513e-01 2.473088651895523071e-01 2.461145520210266113e-01 2.598922848701477051e-01 2.468955069780349731e-01 2.471305727958679199e-01 2.473673522472381592e-01 2.582155764102935791e-01 2.468483448028564453e-01 2.470963448286056519e-01 2.464071065187454224e-01
2.612241804599761963e-01 2.457113862037658691e-01 2.462765723466873169e-01 2.463866621255874634e-01 2.590893507003784180e-01 2.468277513980865479e-01 2.456614375114440918e-01 2.486713677644729614e-01 2.581582963466644287e-01 2.476762533187866211e-01 2.489658296108245850e-01 2.453493177890777588e-01
2.611559629440307617e-01 2.462617754936218262e-01 2.465215325355529785e-01 2.460442781448364258e-01 2.589571177959442139e-01 2.478833496570587158e-01 2.466474473476409912e-01 2.477596402168273926e-01 2.575335800647735596e-01 2.482807785272598267e-01 2.473739236593246460e-01 2.455789148807525635e-01
2.608254551887512207e-01 2.481144517660140991e-01 2.460545003414154053e-01 2.451393902301788330e-01 2.583450376987457275e-01 2.479523718357086182e-01 2.472988963127136230e-01 2.466737180948257446e-01 2.575336694717407227e-01 2.479451000690460205e-01 2.487212866544723511e-01 2.453944683074951172e-01
2.610746026039123535e-01 2.479907572269439697e-01 2.473783940076828003e-01 2.456433176994323730e-01 2.574613988399505615e-01 2.477251440286636353e-01 2.466541975736618042e-01 2.461403161287307739e-01 2.581813335418701172e-01 2.477253824472427368e-01 2.476333230733871460e-01 2.463901042938232422e-01
2.606858015060424805e-01 2.475057542324066162e-01 2.475730925798416138e-01 2.462895661592483521e-01 2.583748996257781982e-01 2.467094063758850098e-01 2.462702244520187378e-01 2.463880926370620728e-01 2.585890591144561768e-01 2.471813708543777466e-01 2.480944991111755371e-01 2.463364452123641968e-01
2.608930766582489014e-01 2.477519512176513672e-01 2.472712099552154541e-01 2.466410845518112183e-01 2.589284181594848633e-01 2.474365532398223877e-01 2.464848011732101440e-01 2.452684640884399414e-01 2.583839297294616699e-01 2.475132048130035400e-01 2.477215826511383057e-01 2.457039058208465576e-01
2.605011463165283203e-01 2.473240047693252563e-01 2.472975850105285645e-01 2.470121681690216064e-01 2.589239180088043213e-01 2.468012273311614990e-01 2.475419491529464722e-01 2.446437627077102661e-01 2.582511603832244873e-01 2.472133487462997437e-01 2.481278330087661743e-01 2.463600635528564453e-01
2.594860494136810303e-01 2.487946748733520508e-01 2.466411590576171875e-01 2.471818178892135620e-01 2.596472501754760742e-01 2.454325258731842041e-01 2.485623210668563843e-01 2.434536814689636230e-01 2.596741318702697754e-01 2.466358691453933716e-01 2.473024874925613403e-01 2.471862137317657471e-01
2.594892978668212891e-01 2.488256394863128662e-01 2.469559758901596069e-01 2.461390197277069092e-01 2.594811320304870605e-01 2.457682788372039795e-01 2.480785697698593140e-01 2.443283945322036743e-01 2.592521607875823975e-01 2.475090622901916504e-01 2.458574622869491577e-01 2.483131587505340576e-01
2.579897642135620117e-01 2.480572909116744995e-01 2.480801343917846680e-01 2.463501840829849243e-01 2.594774365425109863e-01 2.450211048126220703e-01 2.472487688064575195e-01 2.439102381467819214e-01 2.611566781997680664e-01 2.481313049793243408e-01 2.458986341953277588e-01 2.486765384674072266e-01
2.578904926776885986e-01 2.480224967002868652e-01 2.482023537158966064e-01 2.459803372621536255e-01 2.590765953063964844e-01 2.446615695953369141e-01 2.469159364700317383e-01 2.446887493133544922e-01 2.617948353290557861e-01 2.477848976850509644e-01 2.462667077779769897e-01 2.487131208181381226e-01
2.578935027122497559e-01 2.476327866315841675e-01 2.470758408308029175e-01 2.462047785520553589e-01 2.587514221668243408e-01 2.451725304126739502e-01 2.481770664453506470e-01 2.451791763305664062e-01 2.623034417629241943e-01 2.479144036769866943e-01 2.467527687549591064e-01 2.469403743743896484e-01
2.569082677364349365e-01 2.465461790561676025e-01 2.475332468748092651e-01 2.462202608585357666e-01 2.585641145706176758e-01 2.466202229261398315e-01 2.478568851947784424e-01 2.449040114879608154e-01 2.608584761619567871e-01 2.477256655693054199e-01 2.488268613815307617e-01 2.474337518215179443e-01
2.578445374965667725e-01 2.478621155023574829e-01 2.475198060274124146e-01 2.457748949527740479e-01 2.583661377429962158e-01 2.461504042148590088e-01 2.475883513689041138e-01 2.444755136966705322e-01 2.607716619968414307e-01 2.489522993564605713e-01 2.480262368917465210e-01 2.466659694910049438e-01
2.582835555076599121e-01 2.477470785379409790e-01 2.474008500576019287e-01 2.461224049329757690e-01 2.581399083137512207e-01 2.460204213857650757e-01 2.474898099899291992e-01 2.459644973278045654e-01 2.596239447593688965e-01 2.475212216377258301e-01 2.475454509258270264e-01 2.481388002634048462e-01
2.582497596740722656e-01 2.490313351154327393e-01 2.468066662549972534e-01 2.465989142656326294e-01 2.585489749908447266e-01 2.464264929294586182e-01 2.472687810659408569e-01 2.457388043403625488e-01 2.590480744838714600e-01 2.468466311693191528e-01 2.477111816406250000e-01 2.477222234010696411e-01
2.577513158321380615e-01 2.490832805633544922e-01 2.467054426670074463e-01 2.460838854312896729e-01 2.602529823780059814e-01 2.463271021842956543e-01 2.479165196418762207e-01 2.465266883373260498e-01 2.588745951652526855e-01 2.469386756420135498e-01 2.460564672946929932e-01 2.474809139966964722e-01
2.581677436828613281e-01 2.488825321197509766e-01 2.475792318582534790e-01 2.476306259632110596e-01 2.586970627307891846e-01 2.457044571638107300e-01 2.475256770849227905e-01 2.467476725578308105e-01 2.590844631195068359e-01 2.475357204675674438e-01 2.457703948020935059e-01 2.466722428798675537e-01
2.579496204853057861e-01 2.485088557004928589e-01 2.475891709327697754e-01 2.481586188077926636e-01 2.591225802898406982e-01 2.451353073120117188e-01 2.479940056800842285e-01 2.466430664062500000e-01 2.587822973728179932e-01 2.486811578273773193e-01 2.453860193490982056e-01 2.460470348596572876e-01
2.583018541336059570e-01 2.464295625686645508e-01 2.470042407512664795e-01 2.477388232946395874e-01 2.588357925415039062e-01 2.463394254446029663e-01 2.491338998079299927e-01 2.469218075275421143e-01 2.576835751533508301e-01 2.484164983034133911e-01 2.457404285669326782e-01 2.474519312381744385e-01
2.580424845218658447e-01 2.459987550973892212e-01 2.473759949207305908e-01 2.473414689302444458e-01 2.591875791549682617e-01 2.455214411020278931e-01 2.491982281208038330e-01 2.471911013126373291e-01 2.584792375564575195e-01 2.489752918481826782e-01 2.453910112380981445e-01 2.472951561212539673e-01
2.579711079597473145e-01 2.473593205213546753e-01 2.477637231349945068e-01 2.478861063718795776e-01 2.586132287979125977e-01 2.458719313144683838e-01 2.487056553363800049e-01 2.468330711126327515e-01 2.572607398033142090e-01 2.474079132080078125e-01 2.464196532964706421e-01 2.479052841663360596e-01
2.590903639793395996e-01 2.473052591085433960e-01 2.481196522712707520e-01 2.476572096347808838e-01 2.586031556129455566e-01 2.455629706382751465e-01 2.466377466917037964e-01 2.479091286659240723e-01 2.580579817295074463e-01 2.475593537092208862e-01 2.467927634716033936e-01 2.467021346092224121e-01
2.594627439975738525e-01 2.462810426950454712e-01 2.462445795536041260e-01 2.476901412010192871e-01 2.583839595317840576e-01 2.464402019977569580e-01 2.474173158407211304e-01 2.466170936822891235e-01 2.589289546012878418e-01 2.486124932765960693e-01 2.475817501544952393e-01 2.463373988866806030e-01
2.595144808292388916e-01 2.450943589210510254e-01 2.464657276868820190e-01 2.473380267620086670e-01 2.599401473999023438e-01 2.475670874118804932e-01 2.475579231977462769e-01 2.458481043577194214e-01 2.576731741428375244e-01 2.481458187103271484e-01 2.484105378389358521e-01 2.464422881603240967e-01
2.595750987529754639e-01 2.450834661722183228e-01 2.463974207639694214e-01 2.468740791082382202e-01 2.597779631614685059e-01 2.474094778299331665e-01 2.482116520404815674e-01 2.462042719125747681e-01 2.582187056541442871e-01 2.476972788572311401e-01 2.482316046953201294e-01 2.463166266679763794e-01
2.592102587223052979e-01 2.458796799182891846e-01 2.457233667373657227e-01 2.477308809757232666e-01 2.587616145610809326e-01 2.465167343616485596e-01 2.480408251285552979e-01 2.467416822910308838e-01 2.577265501022338867e-01 2.476955205202102661e-01 2.488203048706054688e-01 2.471501976251602173e-01
2.596637308597564697e-01 2.461881041526794434e-01 2.460647523403167725e-01 2.473112493753433228e-01 2.589326202869415283e-01 2.464410513639450073e-01 2.477527558803558350e-01 2.466488927602767944e-01 2.581923305988311768e-01 2.477854788303375244e-01 2.484976649284362793e-01 2.465189993381500244e-01
2.602544426918029785e-01 2.465743124485015869e-01 2.455694675445556641e-01 2.474391311407089233e-01 2.596243917942047119e-01 2.465025782585144043e-01 2.474760413169860840e-01 2.472897022962570190e-01 2.577126622200012207e-01 2.473088651895523071e-01 2.482086271047592163e-01 2.460373342037200928e-01
2.596282064914703369e-01 2.465346306562423706e-01 2.456985563039779663e-01 2.469713985919952393e-01 2.595347464084625244e-01 2.476362437009811401e-01 2.474763691425323486e-01 2.469850629568099976e-01 2.574841678142547607e-01 2.470141351222991943e-01 2.483838796615600586e-01 2.466502040624618530e-01
2.590558826923370361e-01 2.457619607448577881e-01 2.443218380212783813e-01 2.477184534072875977e-01 2.596605122089385986e-01 2.494072616100311279e-01 2.476964741945266724e-01 2.464225888252258301e-01 2.586762607097625732e-01 2.472405135631561279e-01 2.474206984043121338e-01 2.466150075197219849e-01
2.585913240909576416e-01 2.466201335191726685e-01 2.449954152107238770e-01 2.496965080499649048e-01 2.584981322288513184e-01 2.478662133216857910e-01 2.477752417325973511e-01 2.468326538801193237e-01 2.582518756389617920e-01 2.472712844610214233e-01 2.482321858406066895e-01 2.453664839267730713e-01
2.589030563831329346e-01 2.471344769001007080e-01 2.446543872356414795e-01 2.501670122146606445e-01 2.593885064125061035e-01 2.476537227630615234e-01 2.477241456508636475e-01 2.467706948518753052e-01 2.575592994689941406e-01 2.471490949392318726e-01 2.465595006942749023e-01 2.463334798812866211e-01
2.592251598834991455e-01 2.477459311485290527e-01 2.452110648155212402e-01 2.489090412855148315e-01 2.583105266094207764e-01 2.475816905498504639e-01 2.466681748628616333e-01 2.470951378345489502e-01 2.580285668373107910e-01 2.473943382501602173e-01 2.469009608030319214e-01 2.469268143177032471e-01
2.598294019699096680e-01 2.477428466081619263e-01 2.459310889244079590e-01 2.481803596019744873e-01 2.572467923164367676e-01 2.478491663932800293e-01 2.466869354248046875e-01 2.469647973775863647e-01 2.581432163715362549e-01 2.471354752779006958e-01 2.466345131397247314e-01 2.476527392864227295e-01
2.593588531017303467e-01 2.479413896799087524e-01 2.455192804336547852e-01 2.475963681936264038e-01 2.568071782588958740e-01 2.467854619026184082e-01 2.473788112401962280e-01 2.469408214092254639e-01 2.592644691467285156e-01 2.468793839216232300e-01 2.479702234268188477e-01 2.475550919771194458e-01
2.590797543525695801e-01 2.466851621866226196e-01 2.456217706203460693e-01 2.474849224090576172e-01 2.582399845123291016e-01 2.465659379959106445e-01 2.468071430921554565e-01 2.463640570640563965e-01 2.590670883655548096e-01 2.481392621994018555e-01 2.483472824096679688e-01 2.475949078798294067e-01
2.594131231307983398e-01 2.479269057512283325e-01 2.447142153978347778e-01 2.461384236812591553e-01 2.585761249065399170e-01 2.461767047643661499e-01 2.473188638687133789e-01 2.471065819263458252e-01 2.591593265533447266e-01 2.467942088842391968e-01 2.493079155683517456e-01 2.473648935556411743e-01
2.589237689971923828e-01 2.481997013092041016e-01 2.449454367160797119e-01 2.467430084943771362e-01 2.588642835617065430e-01 2.455526292324066162e-01 2.460372596979141235e-01 2.471494823694229126e-01 2.605182826519012451e-01 2.445994317531585693e-01 2.494815886020660400e-01 2.489823698997497559e-01
2.589874565601348877e-01 2.484127730131149292e-01 2.451885640621185303e-01 2.470136731863021851e-01 2.596543431282043457e-01 2.458809912204742432e-01 2.461823821067810059e-01 2.473098337650299072e-01 2.599421739578247070e-01 2.445722818374633789e-01 2.482995241880416870e-01 2.485533654689788818e-01
2.603259086608886719e-01 2.473342567682266235e-01 2.445794045925140381e-01 2.467522472143173218e-01 2.593639194965362549e-01 2.452839910984039307e-01 2.454256713390350342e-01 2.477265298366546631e-01 2.599086463451385498e-01 2.459716349840164185e-01 2.483009546995162964e-01 2.490240037441253662e-01
2.596655189990997314e-01 2.470014691352844238e-01 2.452749311923980713e-01 2.458987087011337280e-01 2.593576312065124512e-01 2.467999458312988281e-01 2.460862100124359131e-01 2.482523024082183838e-01 2.586764097213745117e-01 2.464087605476379395e-01 2.473216354846954346e-01 2.492535859346389771e-01
2.592729032039642334e-01 2.462601810693740845e-01 2.466166019439697266e-01 2.467596679925918579e-01 2.588371932506561279e-01 2.466232478618621826e-01 2.458784431219100952e-01 2.469620853662490845e-01 2.594946026802062988e-01 2.479169815778732300e-01 2.469327002763748169e-01 2.484424859285354614e-01
2.596348226070404053e-01 2.461669445037841797e-01 2.469401359558105469e-01 2.480377256870269775e-01 2.589010000228881836e-01 2.479880899190902710e-01 2.447664141654968262e-01 2.475503385066986084e-01 2.590743005275726318e-01 2.469086050987243652e-01 2.460757642984390259e-01 2.479529231786727905e-01
2.597680091857910156e-01 2.461067438125610352e-01 2.476998865604400635e-01 2.474059462547302246e-01 2.586027383804321289e-01 2.478007078170776367e-01 2.458838224411010742e-01 2.469692826271057129e-01 2.593981027603149414e-01 2.462518215179443359e-01 2.456790208816528320e-01 2.484310269355773926e-01
2.597815096378326416e-01 2.458009123802185059e-01 2.474872320890426636e-01 2.473397105932235718e-01 2.600934207439422607e-01 2.486987859010696411e-01 2.462344616651535034e-01 2.464432716369628906e-01 2.584499418735504150e-01 2.460172474384307861e-01 2.462630122900009155e-01 2.473874986171722412e-01
2.598206698894500732e-01 2.461762428283691406e-01 2.470976710319519043e-01 2.478541433811187744e-01 2.601403892040252686e-01 2.481028735637664795e-01 2.456338405609130859e-01 2.462334185838699341e-01 2.578049004077911377e-01 2.479723095893859863e-01 2.468732148408889771e-01 2.462872713804244995e-01
2.598086893558502197e-01 2.470205724239349365e-01 2.463222742080688477e-01 2.475938498973846436e-01 2.599231898784637451e-01 2.477802336215972900e-01 2.457052022218704224e-01 2.475917488336563110e-01 2.578626871109008789e-01 2.467539757490158081e-01 2.470445632934570312e-01 2.465898990631103516e-01
2.601151764392852783e-01 2.468574196100234985e-01 2.466937750577926636e-01 2.480906248092651367e-01 2.594697773456573486e-01 2.473296076059341431e-01 2.456007301807403564e-01 2.472418844699859619e-01 2.596951127052307129e-01 2.455353736877441406e-01 2.472131550312042236e-01 2.461542487144470215e-01
2.601811885833740234e-01 2.464797347784042358e-01 2.471728771924972534e-01 2.483546286821365356e-01 2.606531679630279541e-01 2.468627542257308960e-01 2.454894334077835083e-01 2.471636235713958740e-01 2.587982714176177979e-01 2.453909963369369507e-01 2.470378130674362183e-01 2.464123368263244629e-01
