# pops for 12 qbits with connectivity gas and unitary DM 23372915898304
4.000000357627868652e-01 2.000000327825546265e-01 2.000000327825546265e-01 2.000000327825546265e-01 4.000000953674316406e-01 2.000000178813934326e-01 2.000000178813934326e-01 2.000000178813934326e-01 4.000000357627868652e-01 2.000000178813934326e-01 2.000000178813934326e-01 2.000000178813934326e-01
3.317345380783081055e-01 2.740254998207092285e-01 2.000000178813934326e-01 2.000000178813934326e-01 3.396292626857757568e-01 2.325201183557510376e-01 2.000000029802322388e-01 2.145312428474426270e-01 3.617199361324310303e-01 2.225357443094253540e-01 2.233037799596786499e-01 2.000000029802322388e-01
3.045805692672729492e-01 2.596698701381683350e-01 2.087409943342208862e-01 2.107921838760375977e-01 3.133184909820556641e-01 2.248257845640182495e-01 2.375974655151367188e-01 2.228147536516189575e-01 3.431674540042877197e-01 2.306447029113769531e-01 2.305388599634170532e-01 2.133089005947113037e-01
2.909640967845916748e-01 2.608421146869659424e-01 2.164539098739624023e-01 2.207541614770889282e-01 2.935132682323455811e-01 2.385239899158477783e-01 2.409359216690063477e-01 2.356376200914382935e-01 3.103513121604919434e-01 2.398006319999694824e-01 2.396446317434310913e-01 2.125783413648605347e-01
2.879746854305267334e-01 2.585728168487548828e-01 2.361095845699310303e-01 2.264940738677978516e-01 2.776517868041992188e-01 2.369990646839141846e-01 2.357216179370880127e-01 2.407788634300231934e-01 2.944376170635223389e-01 2.341337949037551880e-01 2.425026148557662964e-01 2.286234349012374878e-01
2.718117237091064453e-01 2.481773495674133301e-01 2.511332929134368896e-01 2.449652254581451416e-01 2.738237082958221436e-01 2.384508401155471802e-01 2.406889349222183228e-01 2.451722472906112671e-01 2.819684743881225586e-01 2.343962490558624268e-01 2.407765537500381470e-01 2.286352664232254028e-01
2.688668668270111084e-01 2.551842629909515381e-01 2.507605552673339844e-01 2.381188720464706421e-01 2.648115456104278564e-01 2.380654513835906982e-01 2.371504604816436768e-01 2.434253096580505371e-01 2.724947035312652588e-01 2.412522882223129272e-01 2.522555291652679443e-01 2.376139312982559204e-01
2.659305334091186523e-01 2.505512535572052002e-01 2.536967992782592773e-01 2.389196157455444336e-01 2.619057297706604004e-01 2.406165152788162231e-01 2.354138493537902832e-01 2.449910193681716919e-01 2.713428139686584473e-01 2.396371066570281982e-01 2.568580806255340576e-01 2.401364445686340332e-01
2.609890401363372803e-01 2.472732812166213989e-01 2.488236129283905029e-01 2.429161220788955688e-01 2.612945139408111572e-01 2.426415234804153442e-01 2.401824146509170532e-01 2.507797479629516602e-01 2.679515182971954346e-01 2.421129047870635986e-01 2.533424794673919678e-01 2.416925877332687378e-01
2.613063752651214600e-01 2.457070052623748779e-01 2.454880028963088989e-01 2.475016564130783081e-01 2.594578862190246582e-01 2.494183629751205444e-01 2.429308593273162842e-01 2.491710186004638672e-01 2.643496394157409668e-01 2.405456751585006714e-01 2.479641437530517578e-01 2.461590915918350220e-01
2.621005177497863770e-01 2.445675283670425415e-01 2.443543374538421631e-01 2.458259612321853638e-01 2.570588290691375732e-01 2.493644952774047852e-01 2.465563416481018066e-01 2.478187233209609985e-01 2.645502388477325439e-01 2.438262850046157837e-01 2.489329725503921509e-01 2.450435310602188110e-01
2.618489265441894531e-01 2.434777468442916870e-01 2.460047751665115356e-01 2.448522150516510010e-01 2.595582604408264160e-01 2.469779700040817261e-01 2.485972940921783447e-01 2.452646940946578979e-01 2.646889090538024902e-01 2.439860701560974121e-01 2.492862045764923096e-01 2.454565763473510742e-01
2.610226273536682129e-01 2.424732446670532227e-01 2.467152178287506104e-01 2.459243386983871460e-01 2.593722939491271973e-01 2.478368282318115234e-01 2.472718209028244019e-01 2.456815540790557861e-01 2.645661234855651855e-01 2.433517724275588989e-01 2.497255057096481323e-01 2.460582703351974487e-01
2.600235641002655029e-01 2.436558157205581665e-01 2.467416524887084961e-01 2.474834322929382324e-01 2.593627572059631348e-01 2.489098906517028809e-01 2.472267001867294312e-01 2.462312281131744385e-01 2.624213695526123047e-01 2.443235069513320923e-01 2.480923831462860107e-01 2.455272227525711060e-01
2.599672973155975342e-01 2.431012988090515137e-01 2.474139332771301270e-01 2.486058622598648071e-01 2.582795023918151855e-01 2.485643625259399414e-01 2.490585148334503174e-01 2.465707808732986450e-01 2.600637972354888916e-01 2.452798336744308472e-01 2.479459494352340698e-01 2.451484948396682739e-01
2.594911456108093262e-01 2.468244731426239014e-01 2.463366687297821045e-01 2.460730224847793579e-01 2.579998075962066650e-01 2.495216727256774902e-01 2.474282681941986084e-01 2.463693320751190186e-01 2.581410706043243408e-01 2.460121214389801025e-01 2.479044944047927856e-01 2.478974312543869019e-01
2.604299485683441162e-01 2.464412450790405273e-01 2.471600770950317383e-01 2.448572814464569092e-01 2.589650452136993408e-01 2.490787953138351440e-01 2.463719546794891357e-01 2.468273192644119263e-01 2.593416571617126465e-01 2.459209114313125610e-01 2.475555092096328735e-01 2.470496594905853271e-01
2.589127719402313232e-01 2.459042370319366455e-01 2.461906522512435913e-01 2.463398128747940063e-01 2.584936022758483887e-01 2.493888586759567261e-01 2.471078336238861084e-01 2.484448254108428955e-01 2.587217688560485840e-01 2.453119307756423950e-01 2.474789619445800781e-01 2.477042078971862793e-01
2.581106722354888916e-01 2.457229346036911011e-01 2.460597008466720581e-01 2.461738735437393188e-01 2.584949433803558350e-01 2.495620250701904297e-01 2.473286688327789307e-01 2.483180165290832520e-01 2.589917480945587158e-01 2.454314976930618286e-01 2.473877072334289551e-01 2.484176456928253174e-01
2.598966062068939209e-01 2.466273754835128784e-01 2.466778904199600220e-01 2.449107021093368530e-01 2.578484117984771729e-01 2.486858516931533813e-01 2.457769215106964111e-01 2.482511103153228760e-01 2.590086758136749268e-01 2.466922551393508911e-01 2.472203671932220459e-01 2.484031319618225098e-01
2.589839398860931396e-01 2.473915368318557739e-01 2.469839304685592651e-01 2.457066327333450317e-01 2.594988644123077393e-01 2.471796870231628418e-01 2.455214262008666992e-01 2.473815083503723145e-01 2.591198980808258057e-01 2.473959773778915405e-01 2.482384741306304932e-01 2.465974390506744385e-01
2.588496208190917969e-01 2.473009973764419556e-01 2.460856586694717407e-01 2.459586709737777710e-01 2.592962682247161865e-01 2.464570701122283936e-01 2.468902617692947388e-01 2.481535673141479492e-01 2.586847543716430664e-01 2.492965161800384521e-01 2.466421425342559814e-01 2.463838160037994385e-01
2.582347691059112549e-01 2.473180592060089111e-01 2.446011155843734741e-01 2.464055866003036499e-01 2.594470977783203125e-01 2.475955635309219360e-01 2.475586235523223877e-01 2.481020539999008179e-01 2.600407600402832031e-01 2.482286989688873291e-01 2.475098669528961182e-01 2.449571341276168823e-01
2.580599784851074219e-01 2.464629411697387695e-01 2.450241297483444214e-01 2.453811764717102051e-01 2.587226629257202148e-01 2.486378997564315796e-01 2.471273690462112427e-01 2.494324743747711182e-01 2.609874010086059570e-01 2.477141916751861572e-01 2.467182576656341553e-01 2.457308322191238403e-01
2.583186924457550049e-01 2.471877485513687134e-01 2.454187721014022827e-01 2.463442683219909668e-01 2.585027217864990234e-01 2.474317699670791626e-01 2.470018714666366577e-01 2.493549138307571411e-01 2.597551643848419189e-01 2.473629117012023926e-01 2.470307201147079468e-01 2.462897002696990967e-01
2.586924433708190918e-01 2.468095719814300537e-01 2.447889000177383423e-01 2.473808974027633667e-01 2.589923739433288574e-01 2.470229566097259521e-01 2.478789538145065308e-01 2.485658824443817139e-01 2.598861157894134521e-01 2.474923431873321533e-01 2.473165541887283325e-01 2.451721429824829102e-01
2.596963644027709961e-01 2.461156100034713745e-01 2.456514984369277954e-01 2.478374689817428589e-01 2.584470212459564209e-01 2.467885613441467285e-01 2.472560256719589233e-01 2.485350370407104492e-01 2.594584226608276367e-01 2.475580573081970215e-01 2.465354353189468384e-01 2.461197078227996826e-01
2.594534754753112793e-01 2.462083995342254639e-01 2.458927184343338013e-01 2.479261606931686401e-01 2.577566206455230713e-01 2.474097013473510742e-01 2.467849850654602051e-01 2.481606751680374146e-01 2.587214112281799316e-01 2.471672147512435913e-01 2.470593899488449097e-01 2.474584132432937622e-01
2.594161331653594971e-01 2.469683289527893066e-01 2.455037832260131836e-01 2.480040341615676880e-01 2.584661245346069336e-01 2.463990449905395508e-01 2.471299022436141968e-01 2.477621734142303467e-01 2.600829005241394043e-01 2.463649213314056396e-01 2.467458695173263550e-01 2.471558749675750732e-01
2.590434551239013672e-01 2.456720322370529175e-01 2.457943856716156006e-01 2.476929128170013428e-01 2.591863870620727539e-01 2.465808391571044922e-01 2.474180608987808228e-01 2.484730929136276245e-01 2.593924701213836670e-01 2.467591464519500732e-01 2.472591847181320190e-01 2.467270493507385254e-01
2.587855160236358643e-01 2.468353211879730225e-01 2.447236925363540649e-01 2.490310966968536377e-01 2.599369585514068604e-01 2.459928989410400391e-01 2.475492358207702637e-01 2.479610890150070190e-01 2.594328820705413818e-01 2.471785992383956909e-01 2.469653487205505371e-01 2.456064373254776001e-01
2.582230269908905029e-01 2.472166866064071655e-01 2.442675381898880005e-01 2.499062865972518921e-01 2.596077919006347656e-01 2.461964488029479980e-01 2.470444440841674805e-01 2.472244799137115479e-01 2.605284154415130615e-01 2.464267611503601074e-01 2.467349767684936523e-01 2.466221451759338379e-01
2.592160999774932861e-01 2.471169531345367432e-01 2.455537915229797363e-01 2.485840618610382080e-01 2.589566707611083984e-01 2.461480200290679932e-01 2.465784698724746704e-01 2.467087507247924805e-01 2.595713734626770020e-01 2.470404356718063354e-01 2.466870546340942383e-01 2.478374093770980835e-01
2.589285373687744141e-01 2.476606965065002441e-01 2.457864284515380859e-01 2.485291659832000732e-01 2.594670951366424561e-01 2.465178221464157104e-01 2.476627826690673828e-01 2.460751384496688843e-01 2.592564821243286133e-01 2.462838143110275269e-01 2.468650788068771362e-01 2.469659149646759033e-01
2.594033181667327881e-01 2.470627278089523315e-01 2.472460716962814331e-01 2.466281205415725708e-01 2.595497667789459229e-01 2.474220097064971924e-01 2.458968758583068848e-01 2.467875629663467407e-01 2.596999704837799072e-01 2.476273477077484131e-01 2.465349882841110229e-01 2.461401224136352539e-01
2.601069808006286621e-01 2.472567409276962280e-01 2.465492486953735352e-01 2.478217482566833496e-01 2.590236663818359375e-01 2.460996806621551514e-01 2.469961941242218018e-01 2.466523051261901855e-01 2.603380084037780762e-01 2.465067058801651001e-01 2.474780827760696411e-01 2.451694905757904053e-01
2.596437931060791016e-01 2.473539113998413086e-01 2.474568188190460205e-01 2.474319785833358765e-01 2.586300671100616455e-01 2.464592605829238892e-01 2.470259815454483032e-01 2.461744248867034912e-01 2.620857954025268555e-01 2.464396953582763672e-01 2.465871274471282959e-01 2.447100430727005005e-01
2.594611048698425293e-01 2.475621402263641357e-01 2.473767697811126709e-01 2.477053701877593994e-01 2.586204409599304199e-01 2.459937334060668945e-01 2.475341856479644775e-01 2.458755224943161011e-01 2.612465620040893555e-01 2.468234002590179443e-01 2.457752227783203125e-01 2.460243850946426392e-01
2.596421837806701660e-01 2.476032227277755737e-01 2.458170056343078613e-01 2.487368732690811157e-01 2.589267194271087646e-01 2.463408708572387695e-01 2.466639578342437744e-01 2.463513314723968506e-01 2.600105702877044678e-01 2.464097440242767334e-01 2.462291121482849121e-01 2.472671717405319214e-01
2.592350542545318604e-01 2.479704171419143677e-01 2.457327842712402344e-01 2.478680014610290527e-01 2.592692077159881592e-01 2.464897632598876953e-01 2.465920746326446533e-01 2.457704693078994751e-01 2.615479230880737305e-01 2.473027408123016357e-01 2.455498427152633667e-01 2.466705143451690674e-01
2.603984475135803223e-01 2.483890354633331299e-01 2.447783350944519043e-01 2.466227859258651733e-01 2.585545480251312256e-01 2.470736801624298096e-01 2.464767247438430786e-01 2.454463094472885132e-01 2.617121934890747070e-01 2.475089430809020996e-01 2.459611445665359497e-01 2.470765262842178345e-01
2.604680955410003662e-01 2.474893331527709961e-01 2.451261579990386963e-01 2.475206553936004639e-01 2.592636048793792725e-01 2.476869523525238037e-01 2.459781616926193237e-01 2.456064969301223755e-01 2.611538767814636230e-01 2.464781850576400757e-01 2.462184280157089233e-01 2.470087110996246338e-01
2.589747309684753418e-01 2.479920387268066406e-01 2.476122677326202393e-01 2.471837252378463745e-01 2.584268152713775635e-01 2.485271096229553223e-01 2.458937466144561768e-01 2.470152378082275391e-01 2.604980170726776123e-01 2.461543977260589600e-01 2.457123398780822754e-01 2.460081726312637329e-01
2.579819858074188232e-01 2.484030872583389282e-01 2.480788230895996094e-01 2.478420883417129517e-01 2.576820850372314453e-01 2.486598640680313110e-01 2.455446422100067139e-01 2.467650920152664185e-01 2.615895569324493408e-01 2.453972548246383667e-01 2.461203485727310181e-01 2.459338903427124023e-01
2.581950724124908447e-01 2.483986318111419678e-01 2.472546100616455078e-01 2.470002025365829468e-01 2.582976818084716797e-01 2.476773411035537720e-01 2.469258010387420654e-01 2.456144541501998901e-01 2.615526318550109863e-01 2.450510710477828979e-01 2.476540803909301758e-01 2.463770955801010132e-01
2.578789293766021729e-01 2.472089976072311401e-01 2.476278245449066162e-01 2.473471909761428833e-01 2.582557499408721924e-01 2.472641766071319580e-01 2.484649121761322021e-01 2.462026327848434448e-01 2.616163790225982666e-01 2.453752905130386353e-01 2.463946640491485596e-01 2.463618963956832886e-01
2.581020295619964600e-01 2.471055686473846436e-01 2.479250729084014893e-01 2.482389062643051147e-01 2.588839232921600342e-01 2.464421242475509644e-01 2.483299970626831055e-01 2.453271895647048950e-01 2.609156966209411621e-01 2.459878027439117432e-01 2.463578581809997559e-01 2.463824301958084106e-01
2.573254108428955078e-01 2.476633489131927490e-01 2.488060593605041504e-01 2.488207668066024780e-01 2.595248222351074219e-01 2.450683116912841797e-01 2.484925240278244019e-01 2.456574440002441406e-01 2.592301368713378906e-01 2.471099048852920532e-01 2.462803870439529419e-01 2.460194379091262817e-01
2.574020326137542725e-01 2.474375069141387939e-01 2.483450621366500854e-01 2.486598789691925049e-01 2.594431936740875244e-01 2.456785440444946289e-01 2.475651651620864868e-01 2.451255768537521362e-01 2.608735859394073486e-01 2.466857731342315674e-01 2.479004859924316406e-01 2.448817640542984009e-01
2.579072117805480957e-01 2.475894987583160400e-01 2.484914660453796387e-01 2.485225200653076172e-01 2.587631642818450928e-01 2.448881417512893677e-01 2.466703504323959351e-01 2.457027435302734375e-01 2.610067427158355713e-01 2.466226369142532349e-01 2.487120032310485840e-01 2.451219856739044189e-01
2.581583857536315918e-01 2.474584728479385376e-01 2.472002804279327393e-01 2.477084398269653320e-01 2.592107057571411133e-01 2.448538541793823242e-01 2.467615455389022827e-01 2.458885759115219116e-01 2.607245147228240967e-01 2.469256371259689331e-01 2.496608495712280273e-01 2.454472780227661133e-01
2.581164836883544922e-01 2.464025914669036865e-01 2.478873729705810547e-01 2.487045526504516602e-01 2.596948444843292236e-01 2.457666397094726562e-01 2.464756071567535400e-01 2.467461973428726196e-01 2.591664791107177734e-01 2.469269931316375732e-01 2.489144504070281982e-01 2.451961785554885864e-01
2.574697136878967285e-01 2.459564656019210815e-01 2.471356242895126343e-01 2.487667798995971680e-01 2.589903175830841064e-01 2.462700605392456055e-01 2.459112107753753662e-01 2.466267049312591553e-01 2.607714533805847168e-01 2.477010488510131836e-01 2.487080097198486328e-01 2.456910759210586548e-01
2.570404410362243652e-01 2.463658750057220459e-01 2.462443113327026367e-01 2.482412308454513550e-01 2.587554752826690674e-01 2.477155625820159912e-01 2.475233227014541626e-01 2.463072538375854492e-01 2.595928907394409180e-01 2.462881058454513550e-01 2.487037032842636108e-01 2.472201287746429443e-01
2.584567666053771973e-01 2.466037273406982422e-01 2.464493811130523682e-01 2.481437325477600098e-01 2.587461173534393311e-01 2.464382499456405640e-01 2.454937696456909180e-01 2.473561167716979980e-01 2.610228359699249268e-01 2.468233406543731689e-01 2.478869557380676270e-01 2.465772777795791626e-01
2.583197951316833496e-01 2.459054589271545410e-01 2.463511079549789429e-01 2.477536052465438843e-01 2.594344615936279297e-01 2.476149499416351318e-01 2.439913898706436157e-01 2.472187131643295288e-01 2.609345018863677979e-01 2.469267249107360840e-01 2.474339306354522705e-01 2.481136769056320190e-01
2.589249610900878906e-01 2.445496767759323120e-01 2.466892004013061523e-01 2.473989576101303101e-01 2.588404715061187744e-01 2.479588389396667480e-01 2.445760518312454224e-01 2.474437206983566284e-01 2.613970339298248291e-01 2.463380694389343262e-01 2.473404258489608765e-01 2.485408782958984375e-01
2.595463395118713379e-01 2.456187009811401367e-01 2.478713393211364746e-01 2.466911673545837402e-01 2.594894766807556152e-01 2.470722794532775879e-01 2.454826682806015015e-01 2.471943050622940063e-01 2.599560022354125977e-01 2.471426129341125488e-01 2.464925497770309448e-01 2.474407702684402466e-01
2.597716152667999268e-01 2.459955066442489624e-01 2.481862008571624756e-01 2.460975199937820435e-01 2.591732740402221680e-01 2.464468330144882202e-01 2.454092800617218018e-01 2.472163587808609009e-01 2.604295611381530762e-01 2.470275610685348511e-01 2.475174665451049805e-01 2.467270493507385254e-01
2.600725591182708740e-01 2.460793405771255493e-01 2.481100261211395264e-01 2.458197772502899170e-01 2.585403919219970703e-01 2.463796138763427734e-01 2.457791715860366821e-01 2.474386990070343018e-01 2.604803442955017090e-01 2.472066879272460938e-01 2.472419291734695435e-01 2.468496710062026978e-01
2.610494494438171387e-01 2.461987584829330444e-01 2.474046349525451660e-01 2.456038892269134521e-01 2.586103379726409912e-01 2.480799555778503418e-01 2.458443045616149902e-01 2.458347678184509277e-01 2.602223157882690430e-01 2.468652278184890747e-01 2.483424842357635498e-01 2.459419518709182739e-01
2.604873478412628174e-01 2.459220439195632935e-01 2.479571849107742310e-01 2.459178268909454346e-01 2.583749890327453613e-01 2.471204847097396851e-01 2.467665523290634155e-01 2.460796386003494263e-01 2.587727308273315430e-01 2.478531599044799805e-01 2.480351030826568604e-01 2.467110455036163330e-01
2.598357498645782471e-01 2.460434585809707642e-01 2.479066252708435059e-01 2.449728399515151978e-01 2.594749331474304199e-01 2.476929873228073120e-01 2.463594675064086914e-01 2.457928061485290527e-01 2.583168148994445801e-01 2.477466464042663574e-01 2.488437443971633911e-01 2.470120042562484741e-01
2.592523396015167236e-01 2.451101243495941162e-01 2.480175793170928955e-01 2.462115138769149780e-01 2.588517069816589355e-01 2.478041499853134155e-01 2.465878874063491821e-01 2.463112175464630127e-01 2.585948705673217773e-01 2.485039532184600830e-01 2.479857355356216431e-01 2.467669546604156494e-01
2.574331462383270264e-01 2.459278553724288940e-01 2.479505985975265503e-01 2.463026195764541626e-01 2.589309215545654297e-01 2.479728758335113525e-01 2.461872398853302002e-01 2.473309934139251709e-01 2.588937878608703613e-01 2.485130429267883301e-01 2.470796555280685425e-01 2.474752813577651978e-01
2.576450407505035400e-01 2.459144294261932373e-01 2.487656027078628540e-01 2.467013746500015259e-01 2.600215971469879150e-01 2.456321418285369873e-01 2.463130801916122437e-01 2.469042241573333740e-01 2.583796679973602295e-01 2.484167963266372681e-01 2.467905282974243164e-01 2.485134154558181763e-01
2.587993144989013672e-01 2.454669028520584106e-01 2.476167678833007812e-01 2.464600503444671631e-01 2.601719796657562256e-01 2.470030486583709717e-01 2.468159198760986328e-01 2.479621618986129761e-01 2.581463456153869629e-01 2.463927268981933594e-01 2.463251203298568726e-01 2.488376498222351074e-01
2.580492496490478516e-01 2.444808334112167358e-01 2.472011446952819824e-01 2.465657293796539307e-01 2.596073746681213379e-01 2.485980689525604248e-01 2.469637840986251831e-01 2.479486316442489624e-01 2.582828700542449951e-01 2.472364008426666260e-01 2.460851371288299561e-01 2.489787191152572632e-01
2.581657171249389648e-01 2.451286315917968750e-01 2.472856640815734863e-01 2.467366755008697510e-01 2.594388127326965332e-01 2.488016784191131592e-01 2.469758689403533936e-01 2.469442486763000488e-01 2.577298879623413086e-01 2.481459528207778931e-01 2.457529753446578979e-01 2.488917857408523560e-01
2.585958540439605713e-01 2.456255108118057251e-01 2.461398392915725708e-01 2.474671453237533569e-01 2.587348520755767822e-01 2.482701838016510010e-01 2.471946775913238525e-01 2.469739764928817749e-01 2.585133016109466553e-01 2.473597079515457153e-01 2.462049722671508789e-01 2.489177882671356201e-01
2.580364644527435303e-01 2.458144128322601318e-01 2.463447153568267822e-01 2.471410781145095825e-01 2.590581476688385010e-01 2.480996251106262207e-01 2.468869537115097046e-01 2.472097128629684448e-01 2.591914832592010498e-01 2.477052509784698486e-01 2.463782727718353271e-01 2.481316626071929932e-01
2.581270039081573486e-01 2.449245303869247437e-01 2.467475831508636475e-01 2.473366260528564453e-01 2.585387825965881348e-01 2.482545375823974609e-01 2.470296025276184082e-01 2.469962537288665771e-01 2.595358192920684814e-01 2.484811246395111084e-01 2.463462650775909424e-01 2.476796060800552368e-01
2.577479183673858643e-01 2.451814264059066772e-01 2.479221373796463013e-01 2.469189167022705078e-01 2.589380443096160889e-01 2.480278909206390381e-01 2.465259879827499390e-01 2.476674467325210571e-01 2.580749392509460449e-01 2.482427060604095459e-01 2.473625391721725464e-01 2.473877072334289551e-01
2.593618631362915039e-01 2.448608577251434326e-01 2.476096749305725098e-01 2.460541874170303345e-01 2.599768638610839844e-01 2.485060095787048340e-01 2.463292628526687622e-01 2.468576580286026001e-01 2.587820887565612793e-01 2.471313029527664185e-01 2.468328922986984253e-01 2.476949989795684814e-01
2.594254910945892334e-01 2.457430511713027954e-01 2.471020072698593140e-01 2.456160485744476318e-01 2.603752315044403076e-01 2.475345581769943237e-01 2.460528910160064697e-01 2.472779303789138794e-01 2.596096694469451904e-01 2.465242147445678711e-01 2.466309368610382080e-01 2.481056600809097290e-01
2.585718035697937012e-01 2.456308454275131226e-01 2.468884736299514771e-01 2.461394965648651123e-01 2.605618536472320557e-01 2.475073635578155518e-01 2.458550930023193359e-01 2.467224448919296265e-01 2.588726282119750977e-01 2.478439211845397949e-01 2.469950169324874878e-01 2.484086304903030396e-01
2.587736248970031738e-01 2.449246495962142944e-01 2.469513714313507080e-01 2.465343028306961060e-01 2.599615454673767090e-01 2.475110739469528198e-01 2.472905963659286499e-01 2.481475174427032471e-01 2.580672502517700195e-01 2.470517456531524658e-01 2.466532588005065918e-01 2.481306344270706177e-01
2.582620978355407715e-01 2.448258101940155029e-01 2.465025931596755981e-01 2.464067488908767700e-01 2.603919506072998047e-01 2.479282319545745850e-01 2.474837899208068848e-01 2.465519905090332031e-01 2.582806050777435303e-01 2.471976876258850098e-01 2.477500438690185547e-01 2.484160214662551880e-01
2.589310109615325928e-01 2.462902367115020752e-01 2.466559708118438721e-01 2.464283555746078491e-01 2.602428197860717773e-01 2.456999272108078003e-01 2.474557310342788696e-01 2.465260624885559082e-01 2.570387721061706543e-01 2.470918446779251099e-01 2.484288811683654785e-01 2.492079585790634155e-01
2.589418590068817139e-01 2.466878741979598999e-01 2.468415498733520508e-01 2.463138103485107422e-01 2.597699463367462158e-01 2.457077801227569580e-01 2.480472773313522339e-01 2.457240521907806396e-01 2.572575807571411133e-01 2.476331144571304321e-01 2.479439675807952881e-01 2.491286396980285645e-01
2.580702602863311768e-01 2.463775426149368286e-01 2.487154453992843628e-01 2.466145455837249756e-01 2.596934139728546143e-01 2.463474273681640625e-01 2.479345947504043579e-01 2.461486160755157471e-01 2.580149173736572266e-01 2.468053847551345825e-01 2.467786520719528198e-01 2.484966218471527100e-01
2.590135633945465088e-01 2.470223903656005859e-01 2.487508952617645264e-01 2.454901486635208130e-01 2.578655183315277100e-01 2.453756779432296753e-01 2.481743693351745605e-01 2.456307560205459595e-01 2.578099370002746582e-01 2.480993270874023438e-01 2.470878660678863525e-01 2.496770322322845459e-01
2.598761022090911865e-01 2.474879473447799683e-01 2.478216886520385742e-01 2.455540150403976440e-01 2.575519382953643799e-01 2.466833889484405518e-01 2.469755709171295166e-01 2.459031045436859131e-01 2.574680447578430176e-01 2.480665445327758789e-01 2.469969242811203003e-01 2.496120631694793701e-01
2.592937648296356201e-01 2.469879388809204102e-01 2.473938167095184326e-01 2.461106926202774048e-01 2.585623264312744141e-01 2.461111247539520264e-01 2.469754219055175781e-01 2.459748089313507080e-01 2.585037350654602051e-01 2.481619268655776978e-01 2.469171434640884399e-01 2.490047365427017212e-01
2.605590224266052246e-01 2.471719980239868164e-01 2.477680444717407227e-01 2.472371459007263184e-01 2.596298754215240479e-01 2.450779378414154053e-01 2.462226301431655884e-01 2.456974536180496216e-01 2.582666575908660889e-01 2.486880868673324585e-01 2.460304498672485352e-01 2.476480901241302490e-01
2.616084516048431396e-01 2.478356212377548218e-01 2.482529282569885254e-01 2.462706416845321655e-01 2.597511708736419678e-01 2.452872693538665771e-01 2.458229213953018188e-01 2.458790242671966553e-01 2.580664753913879395e-01 2.482384741306304932e-01 2.450333237648010254e-01 2.479509860277175903e-01
2.616061568260192871e-01 2.473673671483993530e-01 2.488445788621902466e-01 2.475577890872955322e-01 2.583405971527099609e-01 2.462093830108642578e-01 2.453408986330032349e-01 2.467351108789443970e-01 2.575192749500274658e-01 2.476758658885955811e-01 2.446760982275009155e-01 2.481241226196289062e-01
2.624747455120086670e-01 2.468497902154922485e-01 2.478401511907577515e-01 2.469994127750396729e-01 2.590159177780151367e-01 2.462404966354370117e-01 2.454881817102432251e-01 2.462454289197921753e-01 2.584954500198364258e-01 2.471363842487335205e-01 2.454242110252380371e-01 2.477871030569076538e-01
2.628737092018127441e-01 2.461737096309661865e-01 2.465719431638717651e-01 2.470829933881759644e-01 2.596397399902343750e-01 2.468425333499908447e-01 2.451302409172058105e-01 2.462744563817977905e-01 2.585377991199493408e-01 2.468385100364685059e-01 2.460510283708572388e-01 2.479806095361709595e-01
2.622361779212951660e-01 2.452985197305679321e-01 2.480457723140716553e-01 2.473593950271606445e-01 2.585440874099731445e-01 2.467388957738876343e-01 2.462027072906494141e-01 2.454280853271484375e-01 2.590059936046600342e-01 2.464296966791152954e-01 2.462870776653289795e-01 2.484208196401596069e-01
2.619487643241882324e-01 2.462872415781021118e-01 2.471891641616821289e-01 2.479875683784484863e-01 2.585053443908691406e-01 2.460004836320877075e-01 2.469520419836044312e-01 2.459525913000106812e-01 2.583668231964111328e-01 2.456511855125427246e-01 2.464423626661300659e-01 2.487135827541351318e-01
2.620918452739715576e-01 2.468189001083374023e-01 2.486122101545333862e-01 2.476027458906173706e-01 2.589872479438781738e-01 2.445935457944869995e-01 2.469975203275680542e-01 2.449890524148941040e-01 2.577381134033203125e-01 2.463472932577133179e-01 2.466643005609512329e-01 2.485543638467788696e-01
2.618254721164703369e-01 2.469113320112228394e-01 2.478900849819183350e-01 2.474901229143142700e-01 2.586451768875122070e-01 2.449558079242706299e-01 2.470598816871643066e-01 2.465092390775680542e-01 2.566493451595306396e-01 2.462860494852066040e-01 2.485364377498626709e-01 2.472381889820098877e-01
2.623329162597656250e-01 2.461321353912353516e-01 2.465395480394363403e-01 2.470096051692962646e-01 2.587859332561492920e-01 2.460580319166183472e-01 2.471243590116500854e-01 2.472920268774032593e-01 2.574320137500762939e-01 2.452981472015380859e-01 2.486938685178756714e-01 2.472984492778778076e-01
2.604329884052276611e-01 2.464151382446289062e-01 2.464988380670547485e-01 2.475286722183227539e-01 2.583152055740356445e-01 2.456611543893814087e-01 2.469055056571960449e-01 2.481699287891387939e-01 2.570655643939971924e-01 2.459611147642135620e-01 2.487905174493789673e-01 2.482523769140243530e-01
2.617422044277191162e-01 2.464534342288970947e-01 2.467615306377410889e-01 2.478472739458084106e-01 2.596189081668853760e-01 2.449737638235092163e-01 2.471921443939208984e-01 2.482521086931228638e-01 2.563344240188598633e-01 2.457671165466308594e-01 2.479552924633026123e-01 2.470989078283309937e-01
2.622765600681304932e-01 2.471246421337127686e-01 2.466346770524978638e-01 2.484423816204071045e-01 2.594303190708160400e-01 2.452872544527053833e-01 2.469124644994735718e-01 2.477954924106597900e-01 2.574376165866851807e-01 2.450104951858520508e-01 2.472952008247375488e-01 2.463499307632446289e-01
2.614941000938415527e-01 2.474069148302078247e-01 2.462399899959564209e-01 2.471852451562881470e-01 2.596322596073150635e-01 2.459491640329360962e-01 2.469445616006851196e-01 2.480795532464981079e-01 2.572659254074096680e-01 2.454606741666793823e-01 2.478583306074142456e-01 2.464802414178848267e-01
2.597577273845672607e-01 2.476669847965240479e-01 2.462742179632186890e-01 2.476502656936645508e-01 2.585278451442718506e-01 2.457953095436096191e-01 2.470745593309402466e-01 2.483309358358383179e-01 2.579907774925231934e-01 2.455888837575912476e-01 2.475128918886184692e-01 2.478265613317489624e-01
2.591963410377502441e-01 2.476708143949508667e-01 2.472115308046340942e-01 2.483985722064971924e-01 2.599802911281585693e-01 2.455690503120422363e-01 2.469249069690704346e-01 2.461263239383697510e-01 2.582846581935882568e-01 2.450553476810455322e-01 2.479889690876007080e-01 2.475901097059249878e-01
2.592961788177490234e-01 2.480871081352233887e-01 2.473939061164855957e-01 2.474521696567535400e-01 2.599671483039855957e-01 2.459993213415145874e-01 2.459250390529632568e-01 2.455344498157501221e-01 2.583347260951995850e-01 2.464646995067596436e-01 2.479698956012725830e-01 2.475723028182983398e-01
