# pops for 8 qbits with connectivity gas_with_one_uni in chunks 2
1.999999999999999278e-01 1.999999999999999278e-01 1.999999999999999278e-01 1.999999999999999278e-01 1.999999999999999278e-01 3.999999999999999667e-01 1.999999999999999278e-01 1.999999999999999278e-01
2.000000000000002887e-01 2.000000000000002887e-01 2.000000000000002887e-01 2.348453449549625371e-01 2.858347144699871500e-01 2.410653967060109315e-01 2.000000000000002054e-01 2.382545438690404915e-01
2.070952972296401795e-01 2.527195145938553877e-01 2.081892685485938754e-01 2.321059024458936582e-01 2.434125943504684142e-01 2.198523332476424175e-01 2.059284976801335487e-01 2.306965919037720636e-01
2.124845649614527099e-01 2.624996487641838017e-01 2.183004537406633139e-01 2.184250181180228123e-01 2.171164647039933726e-01 2.180327646516313223e-01 2.307259575457461520e-01 2.224151275143062545e-01
2.197387823016780373e-01 2.517823866911023112e-01 2.251629563460047223e-01 2.178533621876350690e-01 2.176117341585495357e-01 2.349344365706603766e-01 2.161139681456235306e-01 2.168023735987462397e-01
2.251398317234372670e-01 2.368011574364385918e-01 2.174811936903264520e-01 2.231052198792930763e-01 2.166908237003346838e-01 2.309253849473945353e-01 2.297031996017940281e-01 2.201531890209814102e-01
2.308639210114510065e-01 2.223492078429037400e-01 2.226826818610597725e-01 2.219070049477230577e-01 2.224659241307044844e-01 2.348699535203800925e-01 2.142594413104247086e-01 2.306018653753531822e-01
2.203002273587744697e-01 2.257518118186967460e-01 2.221602550738618898e-01 2.237855227382160583e-01 2.319490957411168286e-01 2.213524393794359113e-01 2.188162106281542618e-01 2.358844372617433793e-01
2.253716463050521868e-01 2.211762893493618154e-01 2.222978105357094059e-01 2.231520707994253394e-01 2.327834111017188512e-01 2.294416084987564719e-01 2.206259240565333346e-01 2.251512393534414180e-01
2.165013608393033528e-01 2.294235453426117510e-01 2.178756602159318545e-01 2.271938823113406336e-01 2.294530502383798909e-01 2.333949988345942750e-01 2.270440357611722693e-01 2.191134664566646850e-01
2.216869711508722696e-01 2.343545223714432468e-01 2.175797245246841316e-01 2.239732485884920465e-01 2.237801126944119201e-01 2.256371847109389650e-01 2.280819319675565227e-01 2.249063039915994711e-01
2.263638604411040423e-01 2.225559835862380986e-01 2.220943082644343536e-01 2.212223733985055896e-01 2.276152810460124187e-01 2.305713150485541596e-01 2.311111720635460054e-01 2.184657061516038778e-01
2.247636676535457734e-01 2.338900443874326884e-01 2.282675097779535978e-01 2.339993663529605916e-01 2.230258666300552195e-01 2.162105349965368906e-01 2.184121141315108483e-01 2.214308960700025752e-01
2.253321274794819196e-01 2.194313882752404465e-01 2.367070388931772074e-01 2.239971433325179673e-01 2.160610247173425924e-01 2.216612021675694599e-01 2.206867477190493088e-01 2.361233274156194217e-01
2.340344233505227411e-01 2.306981229015747925e-01 2.235502900873819199e-01 2.173889185111665123e-01 2.245592637181544893e-01 2.249936806963669933e-01 2.242682143047505239e-01 2.205070864300793521e-01
2.360530433026955532e-01 2.284280796457753004e-01 2.225665355819153035e-01 2.195961848799907468e-01 2.268935659264283144e-01 2.241036013007685346e-01 2.210260824892202880e-01 2.213329068732042271e-01
2.195963252070763649e-01 2.212587130049947226e-01 2.309922763717950911e-01 2.291785548611080248e-01 2.193818611455429224e-01 2.303589319325542728e-01 2.217392219615534898e-01 2.274941155153726857e-01
2.356747985176323723e-01 2.234100995414191604e-01 2.198035950206796985e-01 2.329024889785582808e-01 2.243126649571308695e-01 2.217452058556629857e-01 2.170955506294887649e-01 2.250555964994246649e-01
2.161247552532013505e-01 2.254576637067544631e-01 2.263199274424080032e-01 2.205951492483836651e-01 2.303245551882469044e-01 2.196322457027488351e-01 2.322422216251051053e-01 2.293034818331477764e-01
2.174693734514195342e-01 2.398952127753670172e-01 2.286701197746567049e-01 2.145708662026143132e-01 2.226501284827376304e-01 2.213337641158327207e-01 2.352203680595726654e-01 2.201901671377961556e-01
2.184736892686103549e-01 2.250415659665095935e-01 2.209134764849989274e-01 2.301499601913297721e-01 2.296813245925370117e-01 2.227568456928482321e-01 2.363396855346132364e-01 2.166434522685489750e-01
2.212946041676528974e-01 2.178170481946329062e-01 2.202182117871070433e-01 2.238215420587566229e-01 2.351701575123109345e-01 2.344821285181554471e-01 2.263500875614091745e-01 2.208462201999719099e-01
2.274520501090110947e-01 2.211221502383382276e-01 2.170305669439227259e-01 2.261416502787367833e-01 2.288952543704311504e-01 2.232598515858733867e-01 2.364191745869935468e-01 2.196793018866889380e-01
2.286924706748512948e-01 2.162944666967246132e-01 2.330413382329006855e-01 2.159719253333059752e-01 2.434577212259261547e-01 2.222464887839393777e-01 2.211255189424353174e-01 2.191700701099118798e-01
2.282693753108862855e-01 2.427236045097481698e-01 2.247397485845915033e-01 2.215554770013193342e-01 2.196755869196883038e-01 2.207990623973343225e-01 2.174124890249918285e-01 2.248246562514351898e-01
2.194223918792682082e-01 2.329290432903302899e-01 2.258398368364132325e-01 2.183929383458445006e-01 2.237648943684145131e-01 2.326560740204057232e-01 2.260926605926184552e-01 2.209021606667002369e-01
2.221361092709688845e-01 2.222707728119985571e-01 2.328697964844257395e-01 2.309706977540691153e-01 2.295917616387872506e-01 2.200923943820826956e-01 2.233648634310159420e-01 2.187036042266464753e-01
2.229025340692076251e-01 2.346134012737834951e-01 2.231536861356026857e-01 2.199576382801470831e-01 2.261988187275868756e-01 2.195740091390416260e-01 2.252630804201480597e-01 2.283368319544776814e-01
2.331939201932765604e-01 2.220738732113310965e-01 2.242573785897440941e-01 2.169598261227355107e-01 2.228782406372256109e-01 2.220329605400798989e-01 2.264075299043893097e-01 2.321962708012117460e-01
2.219328020195372730e-01 2.335384083824545709e-01 2.327939375333475114e-01 2.187054008553473983e-01 2.209292489072296473e-01 2.247288905128028424e-01 2.291286745188912677e-01 2.182426372703835382e-01
2.288798234120675290e-01 2.247311262969843293e-01 2.232490688241702270e-01 2.301105302574649458e-01 2.256900794384668063e-01 2.285488560272261882e-01 2.210269303112199768e-01 2.177635854323946019e-01
2.257164609636806429e-01 2.257279882799422821e-01 2.272870705449746009e-01 2.209244436040136705e-01 2.238185781830905330e-01 2.197268410611229461e-01 2.308173321315766247e-01 2.259812852315918608e-01
2.271929659811926794e-01 2.399981440596414550e-01 2.257383742681770278e-01 2.167171859810827772e-01 2.252502662545053380e-01 2.340304813893561153e-01 2.166193676111631550e-01 2.144532144548751407e-01
2.219659702344553009e-01 2.204434629274044932e-01 2.227727966756226363e-01 2.147427063529522007e-01 2.238288905270479912e-01 2.319222171418822698e-01 2.267864205785846410e-01 2.375375355620426288e-01
2.227208123135974993e-01 2.235239750180428864e-01 2.302116550530213246e-01 2.227765831254271134e-01 2.185472383263536711e-01 2.341244747232112400e-01 2.218319384254753002e-01 2.262633230148635710e-01
2.224546804682081269e-01 2.309299477388349064e-01 2.422188380418895670e-01 2.216818874566553466e-01 2.152179363604989903e-01 2.201195584769096436e-01 2.180213995159272222e-01 2.293557519410686363e-01
2.174414294492660327e-01 2.190783854283572529e-01 2.357084105462086132e-01 2.294780981060088321e-01 2.378037169278062191e-01 2.250998974685006204e-01 2.170964121854602469e-01 2.182936498883841503e-01
2.251923405155933366e-01 2.231001261090235777e-01 2.177932446503709762e-01 2.202326524452871970e-01 2.347054103585803908e-01 2.340074022292412681e-01 2.292023798897829534e-01 2.157664438021120734e-01
2.183156707692454346e-01 2.250294536617086505e-01 2.193524593786313481e-01 2.236207799106894878e-01 2.319597865169487350e-01 2.360731224618199675e-01 2.170999559139819013e-01 2.285487713869658044e-01
2.251888794780884939e-01 2.270757505520612507e-01 2.267222351049764939e-01 2.245118647553036861e-01 2.217135114966889975e-01 2.320764130468914721e-01 2.206894812967781505e-01 2.220218642692022293e-01
2.167085610353529646e-01 2.237781594673685093e-01 2.397124328582312114e-01 2.199167317350096407e-01 2.241152857831258949e-01 2.228543607754121525e-01 2.202189268996954941e-01 2.326955414457949345e-01
2.199212608274126735e-01 2.221773784262141838e-01 2.222202243223426466e-01 2.213281222483050592e-01 2.322258224084436939e-01 2.218592147150226235e-01 2.379005259634426883e-01 2.223674510888067057e-01
2.208686271832776826e-01 2.194199931017476179e-01 2.227699512129253379e-01 2.325295745529561420e-01 2.308301604606670943e-01 2.259810010838306793e-01 2.252019804123442381e-01 2.223987119922420652e-01
2.177730494060010347e-01 2.286011555051220556e-01 2.230259616497207720e-01 2.219771968263780926e-01 2.288305044396046761e-01 2.293518724280967369e-01 2.364592613170879154e-01 2.139809984279794075e-01
2.206506839712787105e-01 2.390300711853554083e-01 2.291365539166522192e-01 2.182769362496440602e-01 2.160736201584418370e-01 2.329312259902667492e-01 2.163403998077529644e-01 2.275605087205982147e-01
2.228570325856817080e-01 2.210381963726356369e-01 2.227868363401954710e-01 2.352400028739762838e-01 2.264025367841492331e-01 2.271276424301919283e-01 2.217970093803620368e-01 2.227507432327974490e-01
2.244681243209561694e-01 2.180939474192762628e-01 2.238075665780651924e-01 2.359099423970080767e-01 2.258558717366237478e-01 2.340182326068201701e-01 2.184952478841861445e-01 2.193510670570544274e-01
2.206551369582318844e-01 2.256958938763143352e-01 2.156779788968085643e-01 2.239631429066874235e-01 2.380346306693061631e-01 2.325358693924879372e-01 2.205052523227366279e-01 2.229320949774163396e-01
2.178878619253967752e-01 2.224074302360958544e-01 2.157346567700687001e-01 2.332072008559572529e-01 2.254768561336626953e-01 2.391380496190795568e-01 2.239336800087732837e-01 2.222142644509542131e-01
2.167534809691216147e-01 2.258671495392259587e-01 2.160164990166824062e-01 2.187780935583481245e-01 2.244483105940929257e-01 2.297904803531731766e-01 2.487389021118587284e-01 2.196070838574856188e-01
2.451898548723024929e-01 2.172134422321133074e-01 2.281952496966473953e-01 2.280844234911799107e-01 2.177928677367714505e-01 2.226493648451645102e-01 2.176516411331674838e-01 2.232231559926421693e-01
2.217065379149271431e-01 2.217256887875204141e-01 2.275913540079458064e-01 2.484779948673425110e-01 2.242562207687847919e-01 2.212268638709700697e-01 2.167757930226896501e-01 2.182395467598079175e-01
2.196522327568464772e-01 2.161347238325000975e-01 2.407224970518766494e-01 2.255838857112899554e-01 2.291297881872084441e-01 2.238488336487345354e-01 2.217990933580261392e-01 2.231289454535063388e-01
2.260348038107318214e-01 2.266468761641327323e-01 2.323929010776727144e-01 2.256704176798520201e-01 2.175643717729879023e-01 2.259594424851582850e-01 2.236595863097821102e-01 2.220716006996701908e-01
2.267481932629041852e-01 2.222554677007846924e-01 2.239787206780567419e-01 2.266353301692576594e-01 2.202774782947578558e-01 2.216413555560701742e-01 2.275459667881370995e-01 2.309174875500194790e-01
2.225483812648786919e-01 2.304047846942434141e-01 2.213901948671871955e-01 2.299019867614894297e-01 2.204751836063262582e-01 2.300680147640432327e-01 2.233987564811345528e-01 2.218126975606839468e-01
2.283118739979305700e-01 2.331339067162331025e-01 2.200594711563508277e-01 2.259657466598264663e-01 2.220639632621906612e-01 2.230780932626041657e-01 2.204115785141168016e-01 2.269753664307340990e-01
2.249758446302886350e-01 2.199977381703125956e-01 2.218995065306210157e-01 2.228776046329061788e-01 2.409223820074668232e-01 2.220511894688139420e-01 2.177774703416815727e-01 2.294982642178960419e-01
2.245935844500424328e-01 2.262745698616995815e-01 2.242090265768587609e-01 2.283341751540154396e-01 2.189063047655895322e-01 2.140785710175305834e-01 2.171637370553400059e-01 2.464400311189101356e-01
2.381557463517226803e-01 2.184601603092852229e-01 2.306348163061785195e-01 2.207962933800699523e-01 2.243459195700234776e-01 2.165979716017332468e-01 2.299966277974979934e-01 2.210124646834769335e-01
2.383818095951498184e-01 2.187486992669942232e-01 2.215148609393435553e-01 2.197668057166292377e-01 2.244559418364397707e-01 2.247257470895780707e-01 2.306275542368118048e-01 2.217785813190383815e-01
2.263729298990563021e-01 2.187114191381335226e-01 2.177114324279860458e-01 2.235488619824731737e-01 2.207139289677058636e-01 2.358674513382642002e-01 2.306862066111864118e-01 2.263877696351799806e-01
2.198622851613565299e-01 2.260534584104037237e-01 2.225356412394594585e-01 2.191181764891092787e-01 2.268310503872964234e-01 2.239722590514060252e-01 2.267976572705510951e-01 2.348294719904031602e-01
2.192833914872286405e-01 2.229189096622188060e-01 2.182980388101580516e-01 2.272263631349478730e-01 2.315249404183262194e-01 2.195048364283885278e-01 2.271500835366665472e-01 2.340934365220505298e-01
2.213598772203803910e-01 2.300218343547953126e-01 2.289464869817390003e-01 2.286081995229978514e-01 2.174181701255437360e-01 2.240982702582309249e-01 2.241771545412161448e-01 2.253700069950819451e-01
2.231571897190715581e-01 2.264966440262178027e-01 2.219144572268308135e-01 2.283875800730373606e-01 2.225975610183714148e-01 2.158414565224540949e-01 2.329370621260103691e-01 2.286680492879915316e-01
2.336318905098164200e-01 2.237060315108195530e-01 2.329336203629335522e-01 2.248718086571165065e-01 2.259667929964329636e-01 2.201820115668105537e-01 2.220644384277667416e-01 2.166434059682884883e-01
2.280445817723859570e-01 2.284291049736020818e-01 2.222288649716692432e-01 2.245768202562139493e-01 2.225237200714420271e-01 2.325347177818291589e-01 2.210794262908775676e-01 2.205827638819644332e-01
2.205418403333360700e-01 2.261475506335273167e-01 2.233722271962025052e-01 2.389787753281627791e-01 2.183780306804987970e-01 2.202624769275134120e-01 2.263633077973621621e-01 2.259557911033808486e-01
2.187764645183281342e-01 2.195918776854939858e-01 2.252154019677345131e-01 2.294165309238125339e-01 2.233966393142703399e-01 2.268417601831126396e-01 2.326723193829491887e-01 2.240890060242833048e-01
2.196360605337947525e-01 2.138766957081039422e-01 2.228270681082526461e-01 2.228584404830940280e-01 2.204428168979946645e-01 2.415033664607026120e-01 2.309182759199489288e-01 2.279372758880927885e-01
2.233249195827835265e-01 2.307357789993478014e-01 2.172908217241175666e-01 2.183639913320992720e-01 2.239779369951470089e-01 2.256036122233009422e-01 2.261914654866150898e-01 2.345114736565727387e-01
2.272483830149401862e-01 2.194644172599196918e-01 2.318935744873246718e-01 2.343425054911963401e-01 2.223812577948597324e-01 2.238689003998091953e-01 2.213738835513052172e-01 2.194270780006286614e-01
2.226966516631373461e-01 2.175489038927737040e-01 2.352416596170512075e-01 2.361897521126126998e-01 2.237370876882394666e-01 2.202361899275517010e-01 2.227225383883116028e-01 2.216272167103048307e-01
2.252800685128127645e-01 2.237028082992661149e-01 2.268750447679468984e-01 2.325743522954513698e-01 2.162638112576354688e-01 2.271858919758874551e-01 2.214584935627477713e-01 2.266595293282347989e-01
2.281322727329191669e-01 2.298232239181494663e-01 2.215964208619105869e-01 2.255788445415436716e-01 2.213193114789605564e-01 2.244884376087936673e-01 2.205462968752239794e-01 2.285151919824817135e-01
2.172849376207978966e-01 2.228907298479575749e-01 2.249421683807049099e-01 2.262153852829936196e-01 2.245861960436753568e-01 2.275175063728203939e-01 2.226133231126045942e-01 2.339497533384278793e-01
2.250077050087066766e-01 2.229570737615531872e-01 2.312325995203152185e-01 2.278168484653114445e-01 2.245698820833954557e-01 2.211464397284089722e-01 2.226276147038099007e-01 2.246418367284809536e-01
2.306260897675328214e-01 2.282922655961419911e-01 2.285044637403016443e-01 2.222060661268341897e-01 2.192270878284575397e-01 2.262321126642114211e-01 2.237631440489336043e-01 2.211487702275682921e-01
2.190269708827376482e-01 2.246760332437174601e-01 2.216916388503733515e-01 2.209727393260614570e-01 2.186733742789612189e-01 2.378944967073370609e-01 2.282269868778462885e-01 2.288377598329472684e-01
2.251237122757841769e-01 2.251139278048865100e-01 2.270662685443789464e-01 2.232064360006403014e-01 2.273200326012193018e-01 2.342021056655284872e-01 2.210390229228180181e-01 2.169284941847260673e-01
2.312655951209626748e-01 2.214779795111701532e-01 2.279876900791286132e-01 2.206632329069999621e-01 2.195691234676431791e-01 2.329526777620296030e-01 2.197825162748545391e-01 2.263011848771924184e-01
2.354676651881601745e-01 2.175544699361651180e-01 2.199595460324175744e-01 2.272765327378538647e-01 2.241057634019623657e-01 2.203201164396873246e-01 2.236763675956799091e-01 2.316395386680541735e-01
2.228802831449977206e-01 2.252923445934844893e-01 2.213424335439440338e-01 2.298134701229263832e-01 2.259878007605654049e-01 2.284885237391743873e-01 2.184457257480161285e-01 2.277494183468721234e-01
2.259670358596027051e-01 2.192755595000814295e-01 2.327649524141554016e-01 2.234105975696621116e-01 2.269321025908953293e-01 2.181119355831216133e-01 2.234165801272601781e-01 2.301212363552010143e-01
2.165171244380763027e-01 2.208968193144745240e-01 2.215886922556587757e-01 2.399819655069704571e-01 2.188347124415341849e-01 2.222884600988817849e-01 2.270687072186336752e-01 2.328235187257506056e-01
2.194577497392456444e-01 2.184007379862093479e-01 2.313968868087614983e-01 2.184188590038204369e-01 2.191010380062421159e-01 2.392279705408629220e-01 2.314259777150942110e-01 2.225707801997437452e-01
2.237933041134684553e-01 2.212642096717072349e-01 2.238194232378414306e-01 2.254017578477369721e-01 2.360786822244962113e-01 2.254922355193059447e-01 2.188025829016475576e-01 2.253478044837756433e-01
2.240181255040769315e-01 2.214960916657151280e-01 2.222977432521679730e-01 2.311457376764163296e-01 2.302170170974004171e-01 2.210451142856917073e-01 2.240671133249511893e-01 2.257130571935599683e-01
2.198876019491555200e-01 2.192893352331773960e-01 2.243964045611699654e-01 2.199922445565499485e-01 2.304703507840075716e-01 2.271290605865435575e-01 2.222359595114622166e-01 2.365990428179131633e-01
2.353308012633926749e-01 2.226247059742928469e-01 2.329108150867798543e-01 2.204007320805774217e-01 2.258067219094633260e-01 2.165511299733454131e-01 2.290700318595174367e-01 2.173050618526107258e-01
2.275699864200519951e-01 2.202374836688955340e-01 2.233157565675768508e-01 2.185005345622288986e-01 2.222349056164886205e-01 2.304336083162934479e-01 2.229337462232390266e-01 2.347739786252036331e-01
2.224068538002223760e-01 2.180540869755386857e-01 2.206739024056714737e-01 2.213420268006391356e-01 2.338970806643978495e-01 2.353971028596185122e-01 2.303954500604515898e-01 2.178334964334392998e-01
2.252225306512051495e-01 2.321503558737920414e-01 2.178037765478603449e-01 2.207534134430817752e-01 2.232595509815125390e-01 2.300083874052747390e-01 2.282574506908789658e-01 2.225445344063723407e-01
2.206101871646681534e-01 2.239358706589713865e-01 2.246840105205089866e-01 2.243808564142356632e-01 2.227278584973392539e-01 2.433669085908058971e-01 2.198180780942060042e-01 2.204762300592427449e-01
2.195740890930681644e-01 2.220235437475543416e-01 2.190758895137626117e-01 2.224659922591655237e-01 2.208008290389504857e-01 2.375763929373656824e-01 2.283771613276225076e-01 2.301061020824885228e-01
2.335027408517987568e-01 2.200135135013509824e-01 2.155066448485042641e-01 2.257774355894731078e-01 2.284828376031996511e-01 2.285929712890120702e-01 2.259603060793648754e-01 2.221635502372737991e-01
2.237077355978821791e-01 2.202628775147126572e-01 2.268397054746212893e-01 2.279011199491771944e-01 2.255423819334218538e-01 2.211113903457702923e-01 2.319038316504060115e-01 2.227309575339857239e-01
2.186210715732050669e-01 2.235421001115454054e-01 2.191409312490293360e-01 2.256528255977282849e-01 2.271796807380043470e-01 2.255711813618634098e-01 2.308934058544077905e-01 2.293988035141941717e-01
2.276159217390439082e-01 2.245065158511416747e-01 2.202054614766677521e-01 2.197906237365734317e-01 2.278821390190575169e-01 2.209798265056470423e-01 2.257874522637317305e-01 2.332320594081138121e-01
2.232610849598213876e-01 2.180734582594755222e-01 2.275542148446981217e-01 2.207287296098642826e-01 2.368070537354989291e-01 2.308296150032445870e-01 2.206072251847637777e-01 2.221386184026093169e-01
