# pops for 16 qbits with connectivity 5 in chunks 4
2.000000029802322388e-01 2.000000029802322388e-01 2.000000029802322388e-01 2.000000029802322388e-01 3.999999463558197021e-01 1.999999880790710449e-01 1.999999880790710449e-01 1.999999880790710449e-01 1.999999880790710449e-01 1.999999880790710449e-01 1.999999880790710449e-01 1.999999880790710449e-01 1.999999880790710449e-01 1.999999880790710449e-01 1.999999880790710449e-01 1.999999880790710449e-01
2.100113779306411743e-01 2.102635651826858521e-01 2.000000178813934326e-01 2.000000178813934326e-01 3.595537543296813965e-01 2.201713323593139648e-01 2.000000178813934326e-01 2.000000178813934326e-01 2.000000178813934326e-01 2.000000178813934326e-01 2.000000178813934326e-01 2.000000178813934326e-01 2.000000178813934326e-01 2.000000178813934326e-01 2.000000178813934326e-01 2.000000178813934326e-01
1.983822584152221680e-01 2.095829099416732788e-01 2.000000178813934326e-01 2.000000178813934326e-01 3.742114603519439697e-01 2.178234755992889404e-01 2.000000178813934326e-01 2.000000029802322388e-01 2.000000029802322388e-01 2.000000178813934326e-01 2.000000029802322388e-01 2.000000178813934326e-01 2.000000178813934326e-01 2.000000029802322388e-01 2.000000029802322388e-01 2.000000029802322388e-01
1.986007690429687500e-01 2.214528620243072510e-01 2.000000178813934326e-01 2.000000178813934326e-01 3.527866005897521973e-01 2.236746698617935181e-01 2.000000029802322388e-01 2.000000029802322388e-01 2.037036567926406860e-01 1.998335719108581543e-01 2.000000178813934326e-01 2.000000178813934326e-01 1.999844908714294434e-01 1.999634951353073120e-01 2.000000029802322388e-01 2.000000029802322388e-01
1.986952871084213257e-01 2.237436622381210327e-01 2.000000029802322388e-01 1.999999880790710449e-01 3.456580936908721924e-01 2.244933843612670898e-01 2.000000029802322388e-01 2.000000029802322388e-01 2.077226638793945312e-01 1.998250782489776611e-01 2.000000327825546265e-01 2.000000327825546265e-01 2.000106871128082275e-01 1.998512744903564453e-01 2.000000327825546265e-01 2.000000327825546265e-01
2.094317674636840820e-01 2.260145097970962524e-01 2.000000029802322388e-01 2.000000327825546265e-01 3.347080349922180176e-01 2.224362045526504517e-01 2.000000327825546265e-01 2.000000327825546265e-01 2.057227343320846558e-01 2.006511688232421875e-01 2.000000178813934326e-01 2.000000327825546265e-01 2.006705254316329956e-01 2.003653198480606079e-01 2.000000178813934326e-01 2.000000178813934326e-01
2.106580138206481934e-01 2.167961597442626953e-01 2.000000327825546265e-01 2.000000327825546265e-01 3.462415933609008789e-01 2.188947051763534546e-01 2.000000327825546265e-01 2.000000327825546265e-01 2.059026360511779785e-01 2.012686878442764282e-01 2.000000029802322388e-01 2.000000029802322388e-01 1.994790583848953247e-01 2.007593363523483276e-01 2.000000327825546265e-01 2.000000327825546265e-01
2.095574140548706055e-01 2.236780673265457153e-01 2.000000327825546265e-01 2.000000327825546265e-01 3.376096785068511963e-01 2.238440066576004028e-01 2.000000178813934326e-01 2.000000178813934326e-01 2.027034461498260498e-01 2.016537636518478394e-01 2.000000178813934326e-01 2.000000178813934326e-01 2.001550197601318359e-01 2.007989287376403809e-01 2.000000178813934326e-01 2.000000178813934326e-01
2.093785405158996582e-01 2.285781204700469971e-01 2.000000476837158203e-01 2.000000476837158203e-01 3.312468230724334717e-01 2.289104312658309937e-01 2.000000476837158203e-01 2.000000327825546265e-01 1.990997493267059326e-01 2.009163349866867065e-01 2.000000327825546265e-01 2.000000327825546265e-01 2.013758122920989990e-01 2.004944682121276855e-01 2.000000327825546265e-01 2.000000327825546265e-01
2.090587019920349121e-01 2.125820666551589966e-01 2.000000476837158203e-01 2.000000625848770142e-01 3.332732915878295898e-01 2.309449762105941772e-01 2.000000625848770142e-01 2.000000476837158203e-01 2.110348641872406006e-01 2.012563943862915039e-01 2.000000476837158203e-01 2.000000476837158203e-01 2.017700523138046265e-01 2.000800669193267822e-01 2.000000476837158203e-01 2.000000476837158203e-01
2.118236124515533447e-01 2.180129885673522949e-01 2.000000476837158203e-01 2.000000476837158203e-01 3.284118473529815674e-01 2.276106476783752441e-01 2.000000327825546265e-01 2.000000327825546265e-01 2.091021388769149780e-01 2.011456787586212158e-01 2.000000327825546265e-01 2.000000327825546265e-01 2.035626918077468872e-01 2.003308385610580444e-01 2.000000327825546265e-01 2.000000327825546265e-01
1.991165578365325928e-01 2.227333635091781616e-01 2.000000476837158203e-01 2.000000476837158203e-01 3.283058106899261475e-01 2.357033640146255493e-01 2.000000476837158203e-01 2.000000625848770142e-01 2.096443325281143188e-01 2.015145719051361084e-01 2.000000327825546265e-01 2.000000327825546265e-01 2.016589045524597168e-01 2.013234943151473999e-01 2.000000327825546265e-01 2.000000327825546265e-01
2.056327015161514282e-01 2.266003489494323730e-01 2.000000625848770142e-01 2.000000476837158203e-01 3.216445446014404297e-01 2.319815009832382202e-01 2.000000476837158203e-01 2.000000476837158203e-01 2.086211144924163818e-01 2.011478692293167114e-01 2.000000476837158203e-01 2.000000476837158203e-01 2.030918598175048828e-01 2.012805044651031494e-01 2.000000476837158203e-01 2.000000476837158203e-01
2.070325911045074463e-01 2.265915423631668091e-01 2.000000476837158203e-01 2.000000476837158203e-01 3.227458000183105469e-01 2.301051765680313110e-01 2.000000625848770142e-01 2.000000327825546265e-01 2.094050943851470947e-01 1.998921185731887817e-01 2.000000476837158203e-01 2.000000476837158203e-01 2.032419294118881226e-01 2.009863108396530151e-01 2.000000476837158203e-01 2.000000327825546265e-01
2.072114944458007812e-01 2.323361486196517944e-01 2.000000625848770142e-01 2.000000625848770142e-01 3.194377720355987549e-01 2.267077416181564331e-01 2.000000625848770142e-01 2.000000476837158203e-01 2.103658914566040039e-01 1.997395604848861694e-01 2.000000476837158203e-01 2.000000476837158203e-01 2.031196206808090210e-01 2.010823041200637817e-01 2.000000625848770142e-01 2.000000625848770142e-01
2.078118771314620972e-01 2.321351617574691772e-01 2.000000625848770142e-01 2.000000625848770142e-01 3.199819326400756836e-01 2.257642000913619995e-01 2.000000774860382080e-01 2.000000774860382080e-01 2.108730673789978027e-01 2.000966966152191162e-01 2.000000476837158203e-01 2.000000476837158203e-01 2.019858956336975098e-01 2.013516873121261597e-01 2.000000476837158203e-01 2.000000476837158203e-01
2.071621268987655640e-01 2.287142723798751831e-01 2.000000774860382080e-01 2.000000774860382080e-01 3.235246241092681885e-01 2.253338843584060669e-01 2.000000774860382080e-01 2.000000774860382080e-01 2.111816257238388062e-01 2.018703967332839966e-01 2.000000625848770142e-01 2.000000774860382080e-01 2.010633796453475952e-01 2.011502981185913086e-01 2.000000625848770142e-01 2.000000625848770142e-01
2.052884846925735474e-01 2.296520173549652100e-01 2.000000625848770142e-01 2.000000625848770142e-01 3.266077637672424316e-01 2.231867015361785889e-01 2.000000774860382080e-01 2.000000923871994019e-01 2.101742029190063477e-01 2.022230178117752075e-01 2.000000923871994019e-01 2.000000923871994019e-01 2.022398263216018677e-01 2.006286829710006714e-01 2.000000923871994019e-01 2.000000774860382080e-01
2.055997997522354126e-01 2.270094007253646851e-01 2.000000923871994019e-01 2.000000774860382080e-01 3.235588371753692627e-01 2.222818732261657715e-01 2.000000923871994019e-01 2.000000923871994019e-01 2.167705297470092773e-01 2.013277113437652588e-01 2.000000625848770142e-01 2.000000625848770142e-01 2.024791389703750610e-01 2.009734362363815308e-01 2.000000625848770142e-01 2.000000625848770142e-01
2.060723304748535156e-01 2.248705178499221802e-01 2.000000774860382080e-01 2.000000774860382080e-01 3.244901001453399658e-01 2.230170369148254395e-01 2.000000923871994019e-01 2.000000923871994019e-01 2.169173508882522583e-01 2.018916308879852295e-01 2.000000923871994019e-01 2.000000774860382080e-01 2.022682875394821167e-01 2.004734873771667480e-01 2.000000774860382080e-01 2.000000774860382080e-01
2.046196013689041138e-01 2.266774475574493408e-01 2.000000774860382080e-01 2.000000774860382080e-01 3.220161497592926025e-01 2.251367717981338501e-01 2.000000774860382080e-01 2.000000774860382080e-01 2.170774191617965698e-01 2.004375308752059937e-01 2.000000774860382080e-01 2.000000774860382080e-01 2.035677880048751831e-01 2.004680782556533813e-01 2.000000774860382080e-01 2.000000774860382080e-01
2.032300829887390137e-01 2.288615107536315918e-01 2.000000774860382080e-01 2.000000774860382080e-01 3.191714882850646973e-01 2.271868735551834106e-01 2.000000923871994019e-01 2.000000774860382080e-01 2.167458981275558472e-01 2.005473822355270386e-01 2.000000774860382080e-01 2.000000774860382080e-01 2.024709284305572510e-01 2.017866671085357666e-01 2.000000774860382080e-01 2.000000774860382080e-01
2.025960087776184082e-01 2.323841154575347900e-01 2.000000923871994019e-01 2.000000923871994019e-01 3.208463788032531738e-01 2.255238890647888184e-01 2.000000774860382080e-01 2.000000923871994019e-01 2.132114171981811523e-01 2.006642371416091919e-01 2.000000923871994019e-01 2.000000774860382080e-01 2.028964310884475708e-01 2.018783241510391235e-01 2.000000774860382080e-01 2.000000774860382080e-01
2.057243585586547852e-01 2.319052070379257202e-01 2.000000923871994019e-01 2.000000923871994019e-01 3.222151696681976318e-01 2.215057313442230225e-01 2.000000923871994019e-01 2.000000923871994019e-01 2.144771069288253784e-01 2.003363519906997681e-01 2.000000923871994019e-01 2.000000774860382080e-01 2.022225111722946167e-01 2.016145437955856323e-01 2.000000774860382080e-01 2.000000774860382080e-01
2.054382562637329102e-01 2.296549081802368164e-01 2.000000923871994019e-01 2.000001072883605957e-01 3.235306739807128906e-01 2.227266728878021240e-01 2.000000923871994019e-01 2.000000923871994019e-01 2.146694213151931763e-01 1.998099535703659058e-01 2.000001221895217896e-01 2.000001072883605957e-01 2.029189914464950562e-01 2.012521177530288696e-01 2.000001221895217896e-01 2.000001221895217896e-01
2.094784528017044067e-01 2.274148017168045044e-01 2.000001072883605957e-01 2.000001072883605957e-01 3.219592571258544922e-01 2.224979698657989502e-01 2.000000923871994019e-01 2.000000923871994019e-01 2.137711346149444580e-01 2.010599225759506226e-01 2.000001072883605957e-01 2.000001221895217896e-01 2.017289102077484131e-01 2.020905017852783203e-01 2.000001221895217896e-01 2.000001072883605957e-01
2.056892514228820801e-01 2.302847355604171753e-01 2.000001370906829834e-01 2.000001370906829834e-01 3.235888481140136719e-01 2.217876762151718140e-01 2.000001370906829834e-01 2.000001370906829834e-01 2.134159952402114868e-01 2.009255737066268921e-01 2.000001221895217896e-01 2.000001221895217896e-01 2.017351388931274414e-01 2.025738209486007690e-01 2.000001221895217896e-01 2.000001221895217896e-01
2.065714597702026367e-01 2.310184538364410400e-01 2.000001072883605957e-01 2.000001072883605957e-01 3.221571445465087891e-01 2.293721288442611694e-01 2.000001370906829834e-01 2.000001072883605957e-01 2.065295130014419556e-01 2.012338936328887939e-01 2.000001370906829834e-01 2.000001370906829834e-01 2.015453577041625977e-01 2.015730589628219604e-01 2.000001370906829834e-01 2.000001370906829834e-01
2.104935348033905029e-01 2.296361327171325684e-01 2.000001072883605957e-01 2.000001072883605957e-01 3.189006745815277100e-01 2.300888895988464355e-01 2.000001221895217896e-01 2.000001072883605957e-01 2.069579064846038818e-01 2.016110718250274658e-01 2.000001072883605957e-01 2.000001221895217896e-01 2.016061544418334961e-01 2.007067352533340454e-01 2.000001221895217896e-01 2.000001221895217896e-01
2.121792733669281006e-01 2.299709171056747437e-01 2.000001370906829834e-01 2.000001221895217896e-01 3.258019089698791504e-01 2.211671918630599976e-01 2.000001072883605957e-01 2.000001072883605957e-01 2.076863944530487061e-01 2.016148120164871216e-01 2.000001221895217896e-01 2.000001221895217896e-01 2.016516327857971191e-01 1.999290138483047485e-01 2.000001221895217896e-01 2.000001221895217896e-01
2.104318141937255859e-01 2.309406250715255737e-01 2.000001221895217896e-01 2.000001221895217896e-01 3.274782598018646240e-01 2.202685624361038208e-01 2.000001072883605957e-01 2.000001072883605957e-01 2.084911465644836426e-01 2.012334764003753662e-01 2.000001221895217896e-01 2.000001221895217896e-01 2.025638669729232788e-01 1.985933482646942139e-01 2.000001221895217896e-01 2.000001221895217896e-01
2.074071317911148071e-01 2.310763895511627197e-01 2.000001370906829834e-01 2.000001370906829834e-01 3.237224221229553223e-01 2.269133776426315308e-01 2.000001370906829834e-01 2.000001370906829834e-01 2.072290331125259399e-01 2.020444869995117188e-01 2.000001370906829834e-01 2.000001370906829834e-01 2.016645371913909912e-01 1.999438405036926270e-01 2.000001370906829834e-01 2.000001370906829834e-01
2.072918564081192017e-01 2.302068769931793213e-01 2.000001221895217896e-01 2.000001221895217896e-01 3.251943290233612061e-01 2.246718704700469971e-01 2.000001370906829834e-01 2.000001370906829834e-01 2.088681310415267944e-01 2.007952034473419189e-01 2.000001221895217896e-01 2.000001221895217896e-01 2.023190408945083618e-01 2.006538659334182739e-01 2.000001221895217896e-01 2.000001221895217896e-01
2.070748955011367798e-01 2.268064320087432861e-01 2.000001370906829834e-01 2.000001370906829834e-01 3.252840638160705566e-01 2.264731526374816895e-01 2.000001519918441772e-01 2.000001519918441772e-01 2.103775590658187866e-01 2.011642307043075562e-01 2.000001370906829834e-01 2.000001370906829834e-01 2.023740261793136597e-01 2.004468142986297607e-01 2.000001370906829834e-01 2.000001370906829834e-01
2.069702148437500000e-01 2.265506535768508911e-01 2.000001519918441772e-01 2.000001370906829834e-01 3.232608139514923096e-01 2.262385636568069458e-01 2.000001370906829834e-01 2.000001370906829834e-01 2.128912210464477539e-01 2.004764825105667114e-01 2.000001519918441772e-01 2.000001519918441772e-01 2.027488350868225098e-01 2.008644789457321167e-01 2.000001668930053711e-01 2.000001519918441772e-01
2.062307298183441162e-01 2.300835698843002319e-01 2.000001817941665649e-01 2.000001817941665649e-01 3.224188685417175293e-01 2.263222485780715942e-01 2.000001370906829834e-01 2.000001519918441772e-01 2.101166695356369019e-01 2.012740671634674072e-01 2.000001519918441772e-01 2.000001668930053711e-01 2.029123604297637939e-01 2.006428986787796021e-01 2.000001668930053711e-01 2.000001519918441772e-01
2.066411226987838745e-01 2.290642857551574707e-01 2.000001668930053711e-01 2.000001668930053711e-01 3.182963430881500244e-01 2.311348021030426025e-01 2.000001668930053711e-01 2.000001668930053711e-01 2.104458659887313843e-01 2.009042948484420776e-01 2.000001370906829834e-01 2.000001370906829834e-01 2.024622708559036255e-01 2.010523527860641479e-01 2.000001668930053711e-01 2.000001370906829834e-01
2.064934223890304565e-01 2.304203063249588013e-01 2.000001817941665649e-01 2.000001817941665649e-01 3.196658194065093994e-01 2.259200960397720337e-01 2.000001519918441772e-01 2.000001519918441772e-01 2.129351496696472168e-01 2.014973610639572144e-01 2.000001668930053711e-01 2.000001519918441772e-01 2.023394405841827393e-01 2.007298469543457031e-01 2.000001817941665649e-01 2.000001817941665649e-01
2.073293179273605347e-01 2.242093533277511597e-01 2.000001519918441772e-01 2.000001519918441772e-01 3.214743435382843018e-01 2.307552397251129150e-01 2.000001668930053711e-01 2.000001668930053711e-01 2.125024348497390747e-01 2.006936520338058472e-01 2.000001668930053711e-01 2.000001519918441772e-01 2.023378610610961914e-01 2.006992697715759277e-01 2.000001519918441772e-01 2.000001370906829834e-01
2.073299735784530640e-01 2.335959076881408691e-01 2.000001817941665649e-01 2.000001519918441772e-01 3.184025287628173828e-01 2.260985076427459717e-01 2.000001519918441772e-01 2.000001519918441772e-01 2.108445316553115845e-01 2.008018046617507935e-01 2.000001519918441772e-01 2.000001817941665649e-01 2.027581632137298584e-01 2.001701742410659790e-01 2.000001817941665649e-01 2.000001519918441772e-01
2.093950659036636353e-01 2.277739793062210083e-01 2.000001668930053711e-01 2.000001519918441772e-01 3.239204883575439453e-01 2.243373245000839233e-01 2.000001668930053711e-01 2.000001668930053711e-01 2.120506167411804199e-01 2.005227357149124146e-01 2.000001668930053711e-01 2.000001668930053711e-01 2.019383907318115234e-01 2.000629603862762451e-01 2.000001668930053711e-01 2.000001668930053711e-01
2.088516950607299805e-01 2.293679714202880859e-01 2.000001817941665649e-01 2.000001817941665649e-01 3.228338956832885742e-01 2.252114266157150269e-01 2.000001519918441772e-01 2.000001519918441772e-01 2.106691449880599976e-01 2.010812312364578247e-01 2.000001668930053711e-01 2.000001519918441772e-01 2.015949785709381104e-01 2.003912925720214844e-01 2.000001817941665649e-01 2.000001519918441772e-01
2.104321718215942383e-01 2.270793914794921875e-01 2.000001817941665649e-01 2.000001817941665649e-01 3.177486062049865723e-01 2.310047894716262817e-01 2.000001817941665649e-01 2.000001668930053711e-01 2.100244760513305664e-01 2.011160403490066528e-01 2.000001966953277588e-01 2.000001817941665649e-01 2.026039063930511475e-01 1.999922245740890503e-01 2.000001817941665649e-01 2.000001817941665649e-01
2.099183648824691772e-01 2.284784913063049316e-01 2.000001817941665649e-01 2.000001817941665649e-01 3.194504678249359131e-01 2.265936434268951416e-01 2.000001817941665649e-01 2.000001817941665649e-01 2.113347053527832031e-01 2.011337727308273315e-01 2.000001817941665649e-01 2.000001817941665649e-01 2.018593102693557739e-01 2.012329697608947754e-01 2.000001817941665649e-01 2.000001817941665649e-01
2.089765667915344238e-01 2.308392375707626343e-01 2.000001966953277588e-01 2.000001817941665649e-01 3.148167729377746582e-01 2.298083454370498657e-01 2.000001966953277588e-01 2.000001817941665649e-01 2.108658850193023682e-01 2.008603960275650024e-01 2.000001817941665649e-01 2.000001817941665649e-01 2.019311040639877319e-01 2.019033432006835938e-01 2.000001966953277588e-01 2.000001668930053711e-01
2.091625928878784180e-01 2.327517271041870117e-01 2.000001966953277588e-01 2.000001966953277588e-01 3.145362138748168945e-01 2.309273332357406616e-01 2.000001817941665649e-01 2.000001668930053711e-01 2.081150263547897339e-01 2.019128948450088501e-01 2.000001966953277588e-01 2.000001817941665649e-01 2.009609639644622803e-01 2.016349732875823975e-01 2.000001817941665649e-01 2.000001817941665649e-01
2.139912992715835571e-01 2.279229760169982910e-01 2.000001817941665649e-01 2.000001817941665649e-01 3.178532719612121582e-01 2.276103347539901733e-01 2.000001966953277588e-01 2.000001966953277588e-01 2.095069885253906250e-01 2.009443342685699463e-01 2.000001817941665649e-01 2.000001817941665649e-01 2.000065296888351440e-01 2.021660804748535156e-01 2.000001817941665649e-01 2.000001817941665649e-01
2.099434286355972290e-01 2.277251929044723511e-01 2.000002115964889526e-01 2.000001966953277588e-01 3.183536231517791748e-01 2.313555926084518433e-01 2.000002264976501465e-01 2.000002413988113403e-01 2.095100283622741699e-01 2.009276300668716431e-01 2.000002264976501465e-01 2.000002264976501465e-01 1.998947709798812866e-01 2.022915184497833252e-01 2.000002264976501465e-01 2.000002264976501465e-01
2.101348191499710083e-01 2.330159246921539307e-01 2.000002115964889526e-01 2.000002115964889526e-01 3.171555697917938232e-01 2.273477464914321899e-01 2.000002115964889526e-01 2.000001817941665649e-01 2.094252407550811768e-01 2.005204111337661743e-01 2.000002115964889526e-01 2.000001817941665649e-01 2.004387378692626953e-01 2.019634246826171875e-01 2.000002115964889526e-01 2.000002115964889526e-01
2.152941972017288208e-01 2.276935428380966187e-01 2.000002115964889526e-01 2.000002264976501465e-01 3.163682818412780762e-01 2.282980531454086304e-01 2.000001966953277588e-01 2.000001966953277588e-01 2.073761373758316040e-01 2.019010633230209351e-01 2.000002115964889526e-01 2.000001966953277588e-01 2.008745223283767700e-01 2.021961063146591187e-01 2.000002115964889526e-01 2.000002115964889526e-01
2.143592834472656250e-01 2.267719358205795288e-01 2.000002264976501465e-01 2.000001966953277588e-01 3.199774026870727539e-01 2.265454977750778198e-01 2.000002115964889526e-01 2.000002115964889526e-01 2.084524631500244141e-01 2.005070298910140991e-01 2.000002264976501465e-01 2.000002115964889526e-01 2.005040198564529419e-01 2.028843164443969727e-01 2.000002115964889526e-01 2.000002115964889526e-01
2.148476541042327881e-01 2.254034727811813354e-01 2.000002413988113403e-01 2.000002413988113403e-01 3.196988999843597412e-01 2.312006950378417969e-01 2.000002115964889526e-01 2.000002115964889526e-01 2.054442912340164185e-01 2.019841820001602173e-01 2.000002115964889526e-01 2.000002264976501465e-01 2.007498443126678467e-01 2.006729841232299805e-01 2.000002264976501465e-01 2.000002115964889526e-01
2.141565531492233276e-01 2.238292098045349121e-01 2.000002115964889526e-01 2.000001966953277588e-01 3.217441439628601074e-01 2.284350842237472534e-01 2.000002264976501465e-01 2.000002264976501465e-01 2.077388912439346313e-01 2.004596740007400513e-01 2.000002413988113403e-01 2.000002264976501465e-01 2.013544291257858276e-01 2.022839784622192383e-01 2.000002562999725342e-01 2.000002264976501465e-01
2.153436392545700073e-01 2.221011221408843994e-01 2.000002712011337280e-01 2.000002413988113403e-01 3.234437704086303711e-01 2.264220565557479858e-01 2.000002413988113403e-01 2.000002413988113403e-01 2.097804099321365356e-01 2.002025693655014038e-01 2.000002413988113403e-01 2.000002115964889526e-01 2.018621861934661865e-01 2.008463144302368164e-01 2.000002115964889526e-01 2.000002115964889526e-01
2.146260738372802734e-01 2.247228622436523438e-01 2.000002413988113403e-01 2.000002264976501465e-01 3.241263926029205322e-01 2.265733033418655396e-01 2.000002413988113403e-01 2.000002264976501465e-01 2.063248306512832642e-01 2.010111510753631592e-01 2.000002413988113403e-01 2.000002413988113403e-01 2.005473524332046509e-01 2.020700722932815552e-01 2.000002413988113403e-01 2.000002413988113403e-01
2.146555185317993164e-01 2.259780019521713257e-01 2.000002712011337280e-01 2.000002413988113403e-01 3.204365074634552002e-01 2.294610589742660522e-01 2.000002413988113403e-01 2.000002413988113403e-01 2.058718800544738770e-01 2.008735388517379761e-01 2.000002712011337280e-01 2.000002413988113403e-01 2.012694627046585083e-01 2.014562338590621948e-01 2.000002413988113403e-01 2.000002413988113403e-01
2.154509574174880981e-01 2.261009365320205688e-01 2.000002712011337280e-01 2.000002264976501465e-01 3.219095468521118164e-01 2.259344607591629028e-01 2.000002264976501465e-01 2.000002264976501465e-01 2.078025192022323608e-01 2.003453373908996582e-01 2.000002264976501465e-01 2.000002264976501465e-01 2.003865242004394531e-01 2.020719349384307861e-01 2.000002264976501465e-01 2.000002264976501465e-01
2.103778272867202759e-01 2.320214211940765381e-01 2.000002861022949219e-01 2.000002264976501465e-01 3.164589405059814453e-01 2.305377423763275146e-01 2.000002413988113403e-01 2.000002413988113403e-01 2.073918879032135010e-01 2.009898424148559570e-01 2.000002562999725342e-01 2.000002264976501465e-01 2.002194970846176147e-01 2.020050734281539917e-01 2.000002264976501465e-01 2.000002264976501465e-01
2.097120285034179688e-01 2.345996499061584473e-01 2.000002712011337280e-01 2.000002413988113403e-01 3.145056664943695068e-01 2.305785268545150757e-01 2.000002264976501465e-01 2.000002562999725342e-01 2.075051963329315186e-01 2.007394134998321533e-01 2.000002712011337280e-01 2.000002562999725342e-01 2.003369033336639404e-01 2.020248770713806152e-01 2.000002413988113403e-01 2.000002562999725342e-01
2.102987766265869141e-01 2.355699539184570312e-01 2.000002861022949219e-01 2.000002562999725342e-01 3.162434101104736328e-01 2.269546091556549072e-01 2.000002712011337280e-01 2.000002562999725342e-01 2.084211558103561401e-01 2.009790092706680298e-01 2.000002712011337280e-01 2.000002562999725342e-01 2.002817243337631226e-01 2.012536972761154175e-01 2.000002562999725342e-01 2.000002413988113403e-01
2.091523706912994385e-01 2.292383611202239990e-01 2.000002562999725342e-01 2.000002562999725342e-01 3.172872662544250488e-01 2.311431020498275757e-01 2.000002712011337280e-01 2.000002562999725342e-01 2.095203697681427002e-01 2.004535347223281860e-01 2.000002712011337280e-01 2.000002413988113403e-01 2.012058198451995850e-01 2.020014524459838867e-01 2.000002413988113403e-01 2.000002413988113403e-01
2.096564024686813354e-01 2.250249981880187988e-01 2.000002861022949219e-01 2.000002861022949219e-01 3.234438598155975342e-01 2.286959439516067505e-01 2.000002712011337280e-01 2.000002712011337280e-01 2.084471583366394043e-01 2.009558826684951782e-01 2.000002861022949219e-01 2.000002712011337280e-01 2.020475864410400391e-01 2.017306238412857056e-01 2.000002712011337280e-01 2.000002712011337280e-01
2.094451636075973511e-01 2.249020040035247803e-01 2.000002712011337280e-01 2.000002712011337280e-01 3.213548362255096436e-01 2.311191409826278687e-01 2.000002712011337280e-01 2.000002712011337280e-01 2.090310752391815186e-01 2.001850306987762451e-01 2.000003010034561157e-01 2.000003010034561157e-01 2.024849206209182739e-01 2.014801949262619019e-01 2.000003010034561157e-01 2.000003010034561157e-01
2.097409218549728394e-01 2.260838001966476440e-01 2.000002712011337280e-01 2.000002712011337280e-01 3.204157948493957520e-01 2.307038307189941406e-01 2.000002861022949219e-01 2.000002861022949219e-01 2.092036902904510498e-01 1.999269127845764160e-01 2.000003010034561157e-01 2.000002712011337280e-01 2.016279399394989014e-01 2.022995650768280029e-01 2.000002712011337280e-01 2.000002712011337280e-01
2.099242657423019409e-01 2.253046482801437378e-01 2.000002861022949219e-01 2.000002712011337280e-01 3.261696398258209229e-01 2.271573990583419800e-01 2.000002562999725342e-01 2.000002562999725342e-01 2.077754288911819458e-01 1.997441053390502930e-01 2.000003010034561157e-01 2.000003010034561157e-01 2.016692757606506348e-01 2.022577226161956787e-01 2.000002861022949219e-01 2.000002861022949219e-01
2.097385078668594360e-01 2.268696576356887817e-01 2.000003010034561157e-01 2.000002712011337280e-01 3.236027956008911133e-01 2.283450067043304443e-01 2.000002712011337280e-01 2.000002861022949219e-01 2.069158852100372314e-01 2.008099406957626343e-01 2.000002861022949219e-01 2.000002861022949219e-01 2.014250159263610840e-01 2.022957205772399902e-01 2.000002861022949219e-01 2.000002861022949219e-01
2.099369168281555176e-01 2.297278791666030884e-01 2.000003159046173096e-01 2.000003010034561157e-01 3.197762370109558105e-01 2.307426035404205322e-01 2.000002712011337280e-01 2.000002712011337280e-01 2.054866552352905273e-01 2.018640190362930298e-01 2.000003010034561157e-01 2.000002712011337280e-01 2.016601860523223877e-01 2.008080631494522095e-01 2.000002712011337280e-01 2.000002712011337280e-01
2.100039571523666382e-01 2.276844680309295654e-01 2.000003010034561157e-01 2.000002861022949219e-01 3.218898773193359375e-01 2.301526218652725220e-01 2.000002861022949219e-01 2.000002861022949219e-01 2.060064375400543213e-01 2.001236975193023682e-01 2.000003159046173096e-01 2.000003010034561157e-01 2.020027786493301392e-01 2.021387815475463867e-01 2.000003010034561157e-01 2.000003010034561157e-01
2.076710611581802368e-01 2.295400053262710571e-01 2.000003010034561157e-01 2.000003159046173096e-01 3.213725984096527100e-01 2.311472892761230469e-01 2.000003010034561157e-01 2.000003010034561157e-01 2.073302567005157471e-01 1.997216194868087769e-01 2.000002861022949219e-01 2.000002861022949219e-01 2.015153765678405762e-01 2.017044723033905029e-01 2.000002861022949219e-01 2.000002712011337280e-01
2.078994363546371460e-01 2.289459258317947388e-01 2.000003308057785034e-01 2.000003159046173096e-01 3.201169967651367188e-01 2.269551008939743042e-01 2.000002712011337280e-01 2.000002712011337280e-01 2.133720964193344116e-01 2.005779743194580078e-01 2.000003308057785034e-01 2.000003159046173096e-01 2.012818753719329834e-01 2.008533030748367310e-01 2.000003159046173096e-01 2.000003010034561157e-01
2.043439894914627075e-01 2.267714887857437134e-01 2.000003159046173096e-01 2.000003159046173096e-01 3.245467841625213623e-01 2.282552570104598999e-01 2.000003010034561157e-01 2.000003010034561157e-01 2.128891199827194214e-01 2.009563446044921875e-01 2.000003159046173096e-01 2.000002861022949219e-01 2.011759579181671143e-01 2.010637968778610229e-01 2.000002861022949219e-01 2.000002861022949219e-01
2.039490044116973877e-01 2.291647642850875854e-01 2.000003159046173096e-01 2.000003159046173096e-01 3.241983950138092041e-01 2.236332744359970093e-01 2.000003159046173096e-01 2.000003010034561157e-01 2.154661566019058228e-01 2.011197060346603394e-01 2.000003159046173096e-01 2.000003159046173096e-01 2.011787891387939453e-01 2.012926042079925537e-01 2.000002861022949219e-01 2.000002861022949219e-01
2.050141245126724243e-01 2.333119958639144897e-01 2.000003308057785034e-01 2.000003010034561157e-01 3.180662989616394043e-01 2.245530635118484497e-01 2.000003159046173096e-01 2.000003159046173096e-01 2.146186828613281250e-01 2.023036628961563110e-01 2.000003457069396973e-01 2.000003159046173096e-01 1.998794227838516235e-01 2.022555023431777954e-01 2.000003010034561157e-01 2.000003010034561157e-01
2.052897959947586060e-01 2.356781214475631714e-01 2.000003308057785034e-01 2.000003159046173096e-01 3.200246393680572510e-01 2.272431999444961548e-01 2.000003308057785034e-01 2.000003308057785034e-01 2.076040804386138916e-01 2.023863941431045532e-01 2.000003308057785034e-01 2.000003010034561157e-01 2.004273980855941772e-01 2.013491839170455933e-01 2.000003159046173096e-01 2.000003159046173096e-01
2.128959596157073975e-01 2.324140965938568115e-01 2.000003457069396973e-01 2.000003308057785034e-01 3.196651339530944824e-01 2.232606112957000732e-01 2.000003159046173096e-01 2.000002861022949219e-01 2.088422924280166626e-01 2.009953707456588745e-01 2.000003308057785034e-01 2.000003308057785034e-01 2.012597322463989258e-01 2.006696611642837524e-01 2.000003308057785034e-01 2.000003159046173096e-01
2.111112177371978760e-01 2.241246402263641357e-01 2.000003457069396973e-01 2.000003457069396973e-01 3.253521323204040527e-01 2.276478558778762817e-01 2.000003308057785034e-01 2.000003159046173096e-01 2.093647718429565430e-01 2.005609273910522461e-01 2.000003159046173096e-01 2.000003010034561157e-01 2.012798637151718140e-01 2.005615085363388062e-01 2.000003010034561157e-01 2.000003010034561157e-01
2.105610221624374390e-01 2.253025919198989868e-01 2.000003308057785034e-01 2.000003159046173096e-01 3.243929743766784668e-01 2.292612642049789429e-01 2.000003159046173096e-01 2.000003159046173096e-01 2.075325399637222290e-01 2.022151798009872437e-01 2.000003457069396973e-01 2.000003308057785034e-01 2.009260356426239014e-01 1.998113095760345459e-01 2.000003308057785034e-01 2.000003308057785034e-01
2.125271856784820557e-01 2.255216687917709351e-01 2.000003308057785034e-01 2.000003308057785034e-01 3.196145892143249512e-01 2.318544238805770874e-01 2.000003159046173096e-01 2.000003159046173096e-01 2.066108137369155884e-01 2.016201466321945190e-01 2.000003457069396973e-01 2.000003159046173096e-01 2.013734132051467896e-01 2.008806765079498291e-01 2.000003159046173096e-01 2.000003159046173096e-01
2.128049582242965698e-01 2.227710187435150146e-01 2.000003606081008911e-01 2.000003308057785034e-01 3.253023922443389893e-01 2.260010987520217896e-01 2.000003308057785034e-01 2.000003308057785034e-01 2.095270007848739624e-01 2.012891769409179688e-01 2.000003457069396973e-01 2.000003457069396973e-01 2.006574273109436035e-01 2.016498744487762451e-01 2.000003159046173096e-01 2.000003159046173096e-01
2.093248963356018066e-01 2.263573855161666870e-01 2.000003606081008911e-01 2.000003308057785034e-01 3.220614492893218994e-01 2.291357964277267456e-01 2.000003308057785034e-01 2.000003308057785034e-01 2.088899165391921997e-01 2.025329023599624634e-01 2.000003606081008911e-01 2.000003457069396973e-01 2.004589885473251343e-01 2.012417167425155640e-01 2.000003457069396973e-01 2.000003159046173096e-01
2.090543806552886963e-01 2.239926159381866455e-01 2.000003606081008911e-01 2.000003606081008911e-01 3.224610984325408936e-01 2.316273003816604614e-01 2.000003457069396973e-01 2.000003457069396973e-01 2.083635926246643066e-01 2.021050006151199341e-01 2.000003755092620850e-01 2.000003755092620850e-01 2.000862956047058105e-01 2.023128867149353027e-01 2.000003755092620850e-01 2.000003606081008911e-01
2.128947377204895020e-01 2.215589880943298340e-01 2.000003755092620850e-01 2.000003308057785034e-01 3.207975029945373535e-01 2.318841665983200073e-01 2.000003308057785034e-01 2.000003159046173096e-01 2.087736427783966064e-01 2.014425396919250488e-01 2.000003606081008911e-01 2.000003308057785034e-01 2.013105154037475586e-01 2.013411074876785278e-01 2.000003308057785034e-01 2.000003308057785034e-01
2.093954533338546753e-01 2.244767248630523682e-01 2.000003755092620850e-01 2.000003457069396973e-01 3.217108249664306641e-01 2.315523773431777954e-01 2.000003606081008911e-01 2.000003606081008911e-01 2.087793648242950439e-01 2.014362215995788574e-01 2.000003606081008911e-01 2.000003308057785034e-01 2.010694593191146851e-01 2.015827447175979614e-01 2.000003308057785034e-01 2.000003308057785034e-01
2.092009186744689941e-01 2.246004492044448853e-01 2.000003904104232788e-01 2.000003606081008911e-01 3.197568356990814209e-01 2.356043756008148193e-01 2.000003606081008911e-01 2.000003457069396973e-01 2.065576612949371338e-01 2.019076645374298096e-01 2.000003606081008911e-01 2.000003308057785034e-01 2.007588297128677368e-01 2.016165107488632202e-01 2.000003308057785034e-01 2.000003308057785034e-01
2.103300839662551880e-01 2.226631492376327515e-01 2.000003755092620850e-01 2.000003606081008911e-01 3.182150423526763916e-01 2.346973866224288940e-01 2.000003606081008911e-01 2.000003606081008911e-01 2.109436839818954468e-01 2.004698812961578369e-01 2.000003755092620850e-01 2.000003606081008911e-01 2.017271667718887329e-01 2.009568512439727783e-01 2.000003606081008911e-01 2.000003457069396973e-01
2.102180868387222290e-01 2.207696735858917236e-01 2.000003755092620850e-01 2.000003755092620850e-01 3.164508938789367676e-01 2.351853698492050171e-01 2.000003755092620850e-01 2.000003457069396973e-01 2.141133844852447510e-01 2.012462466955184937e-01 2.000003904104232788e-01 2.000003755092620850e-01 2.017832994461059570e-01 2.002363055944442749e-01 2.000003755092620850e-01 2.000003606081008911e-01
2.093154639005661011e-01 2.235928326845169067e-01 2.000003755092620850e-01 2.000003606081008911e-01 3.135478496551513672e-01 2.347470372915267944e-01 2.000003606081008911e-01 2.000003606081008911e-01 2.146316021680831909e-01 2.014892548322677612e-01 2.000003904104232788e-01 2.000003606081008911e-01 2.018432766199111938e-01 2.008359730243682861e-01 2.000003457069396973e-01 2.000003457069396973e-01
2.090536355972290039e-01 2.263480126857757568e-01 2.000003755092620850e-01 2.000003606081008911e-01 3.136575222015380859e-01 2.329872399568557739e-01 2.000003606081008911e-01 2.000003606081008911e-01 2.135266363620758057e-01 2.021161019802093506e-01 2.000003904104232788e-01 2.000003904104232788e-01 2.010841369628906250e-01 2.012301385402679443e-01 2.000003904104232788e-01 2.000003904104232788e-01
2.099123448133468628e-01 2.222900539636611938e-01 2.000003755092620850e-01 2.000003457069396973e-01 3.151808083057403564e-01 2.311154305934906006e-01 2.000003904104232788e-01 2.000003755092620850e-01 2.179330140352249146e-01 2.006590366363525391e-01 2.000003755092620850e-01 2.000003606081008911e-01 2.017292827367782593e-01 2.011833488941192627e-01 2.000003606081008911e-01 2.000003606081008911e-01
2.102907598018646240e-01 2.253554016351699829e-01 2.000004202127456665e-01 2.000003904104232788e-01 3.195150196552276611e-01 2.262211889028549194e-01 2.000003606081008911e-01 2.000003457069396973e-01 2.154278010129928589e-01 1.999507993459701538e-01 2.000003904104232788e-01 2.000003606081008911e-01 2.022845596075057983e-01 2.009579241275787354e-01 2.000003755092620850e-01 2.000003606081008911e-01
2.095258682966232300e-01 2.249413281679153442e-01 2.000003755092620850e-01 2.000003606081008911e-01 3.174833953380584717e-01 2.339306324720382690e-01 2.000003755092620850e-01 2.000003755092620850e-01 2.101640105247497559e-01 2.006761729717254639e-01 2.000003904104232788e-01 2.000003755092620850e-01 2.017409801483154297e-01 2.015410512685775757e-01 2.000003755092620850e-01 2.000003755092620850e-01
2.101914733648300171e-01 2.232493907213211060e-01 2.000004053115844727e-01 2.000003755092620850e-01 3.223671317100524902e-01 2.300732731819152832e-01 2.000003755092620850e-01 2.000003755092620850e-01 2.103387117385864258e-01 2.012824714183807373e-01 2.000004202127456665e-01 2.000004053115844727e-01 2.011581659317016602e-01 2.013428360223770142e-01 2.000004053115844727e-01 2.000004053115844727e-01
2.106234729290008545e-01 2.292933017015457153e-01 2.000004202127456665e-01 2.000004053115844727e-01 3.189829289913177490e-01 2.298879474401473999e-01 2.000003904104232788e-01 2.000003904104232788e-01 2.078643739223480225e-01 2.010245472192764282e-01 2.000004053115844727e-01 2.000003755092620850e-01 2.014817297458648682e-01 2.008452415466308594e-01 2.000003755092620850e-01 2.000003755092620850e-01
2.114259898662567139e-01 2.300848811864852905e-01 2.000004202127456665e-01 2.000004053115844727e-01 3.202525377273559570e-01 2.270242869853973389e-01 2.000003755092620850e-01 2.000003904104232788e-01 2.076954990625381470e-01 2.010300308465957642e-01 2.000003904104232788e-01 2.000003755092620850e-01 2.022406458854675293e-01 2.002497166395187378e-01 2.000003755092620850e-01 2.000003755092620850e-01
2.156821638345718384e-01 2.267008572816848755e-01 2.000004351139068604e-01 2.000004053115844727e-01 3.224156796932220459e-01 2.239890247583389282e-01 2.000003904104232788e-01 2.000003904104232788e-01 2.075286358594894409e-01 2.013328373432159424e-01 2.000004351139068604e-01 2.000003904104232788e-01 2.024062275886535645e-01 1.999481767416000366e-01 2.000003904104232788e-01 2.000004053115844727e-01
2.155075222253799438e-01 2.297235131263732910e-01 2.000004351139068604e-01 2.000003904104232788e-01 3.202108442783355713e-01 2.250035405158996582e-01 2.000004053115844727e-01 2.000004053115844727e-01 2.056963443756103516e-01 2.015027105808258057e-01 2.000004202127456665e-01 2.000003904104232788e-01 2.021426856517791748e-01 2.002165019512176514e-01 2.000003904104232788e-01 2.000004053115844727e-01
2.150397002696990967e-01 2.207791060209274292e-01 2.000004351139068604e-01 2.000003904104232788e-01 3.251679241657257080e-01 2.256757169961929321e-01 2.000004053115844727e-01 2.000003904104232788e-01 2.090115398168563843e-01 2.020811140537261963e-01 2.000004202127456665e-01 2.000003904104232788e-01 2.021090090274810791e-01 2.001396417617797852e-01 2.000003904104232788e-01 2.000003904104232788e-01
2.143731564283370972e-01 2.221581786870956421e-01 2.000004202127456665e-01 2.000003904104232788e-01 3.276244103908538818e-01 2.202355563640594482e-01 2.000004053115844727e-01 2.000004053115844727e-01 2.106161415576934814e-01 2.025693506002426147e-01 2.000004500150680542e-01 2.000004351139068604e-01 2.020559012889862061e-01 2.003710716962814331e-01 2.000004202127456665e-01 2.000004202127456665e-01
2.075861245393753052e-01 2.241753041744232178e-01 2.000004351139068604e-01 2.000004202127456665e-01 3.252336680889129639e-01 2.273961901664733887e-01 2.000004202127456665e-01 2.000004202127456665e-01 2.108288407325744629e-01 2.023666650056838989e-01 2.000004351139068604e-01 2.000004351139068604e-01 2.018357217311859131e-01 2.005812823772430420e-01 2.000004053115844727e-01 2.000004053115844727e-01
2.084582000970840454e-01 2.236381173133850098e-01 2.000004351139068604e-01 2.000004202127456665e-01 3.259345591068267822e-01 2.304786294698715210e-01 2.000004202127456665e-01 2.000004202127456665e-01 2.075827121734619141e-01 2.020443677902221680e-01 2.000004500150680542e-01 2.000004202127456665e-01 2.017566114664077759e-01 2.001106292009353638e-01 2.000004202127456665e-01 2.000004202127456665e-01
2.077844589948654175e-01 2.267846465110778809e-01 2.000004798173904419e-01 2.000004351139068604e-01 3.248878121376037598e-01 2.282169014215469360e-01 2.000004053115844727e-01 2.000004053115844727e-01 2.077447026968002319e-01 2.023463547229766846e-01 2.000004798173904419e-01 2.000004351139068604e-01 2.016803324222564697e-01 2.005586773157119751e-01 2.000004351139068604e-01 2.000004351139068604e-01
