# pops for 8 qbits with connectivity gas_with_one_uni in chunks 2
1.999999999999999278e-01 1.999999999999999278e-01 1.999999999999999278e-01 1.999999999999999278e-01 1.999999999999999278e-01 3.999999999999999667e-01 1.999999999999999278e-01 1.999999999999999278e-01
2.000000000000002331e-01 2.000000000000002331e-01 2.000000000000002609e-01 2.311157618974463979e-01 2.000000000000003164e-01 2.294670710823451809e-01 2.695273249288313022e-01 2.698898420913785068e-01
2.295710091520098972e-01 2.200338181117156011e-01 2.259583249115650061e-01 2.218840006968733902e-01 2.414307079840899428e-01 2.275003465649335921e-01 2.100295233504369807e-01 2.235922692283757174e-01
2.320837516409534063e-01 2.316032335317153856e-01 2.366840677980798779e-01 2.228914815065538846e-01 2.181280688678952362e-01 2.252681782905817387e-01 2.182802992385980134e-01 2.150609191256234731e-01
2.233090802811401043e-01 2.416316139570728605e-01 2.244079058491611212e-01 2.252754369754011443e-01 2.214492087269888942e-01 2.206933293659431583e-01 2.253408352156383576e-01 2.178925896286536268e-01
2.290575888791878401e-01 2.464774310015582504e-01 2.241807173410402532e-01 2.185808145150068549e-01 2.210002648910926459e-01 2.157677384843830204e-01 2.214411320334996602e-01 2.234943128542308810e-01
2.215314436717464308e-01 2.479175733044265417e-01 2.254536681858629044e-01 2.188514880712827126e-01 2.212297767461915698e-01 2.227936982804491484e-01 2.181627714828223707e-01 2.240595802572165063e-01
2.454364033972497861e-01 2.180105549785169849e-01 2.317463099603387922e-01 2.256816305935886446e-01 2.232812646888422126e-01 2.148900396132208124e-01 2.171847996850942708e-01 2.237689970831469866e-01
2.234299090918722142e-01 2.212139647504756390e-01 2.218656424978454056e-01 2.306131930154078913e-01 2.250269599575583090e-01 2.299799189559725843e-01 2.288009299131701091e-01 2.190694818176973924e-01
2.218940383477622791e-01 2.258582360516436516e-01 2.225593881371826233e-01 2.290308475631746277e-01 2.212248137611622367e-01 2.287157968821922627e-01 2.203107586069704416e-01 2.304061206499102010e-01
2.230286104788705426e-01 2.217014994514382720e-01 2.247249693405045379e-01 2.260233697748498805e-01 2.211026487772438376e-01 2.193657783194372657e-01 2.339396787538494393e-01 2.301134451038050477e-01
2.210673837088660831e-01 2.251103066487539495e-01 2.211771856239103107e-01 2.378994562016365777e-01 2.232028520665271243e-01 2.225585839693864920e-01 2.219304804387529084e-01 2.270537513421656273e-01
2.218030571177750376e-01 2.274178603692594558e-01 2.225391373813965512e-01 2.166493264819739362e-01 2.290604436812926914e-01 2.266273597091086056e-01 2.368042806981874582e-01 2.190985345610043933e-01
2.209458436707318896e-01 2.114652033021372779e-01 2.324059872543092486e-01 2.336655447719480361e-01 2.314718901920179150e-01 2.194368615627513286e-01 2.258738696024222836e-01 2.247347996436794837e-01
2.167052175373677669e-01 2.242312035205671905e-01 2.223349057182003874e-01 2.352352880039392802e-01 2.332828261980608164e-01 2.182917115959426002e-01 2.184936454841651388e-01 2.314252019417539497e-01
2.180134055290871287e-01 2.203862389034839109e-01 2.242778600508629760e-01 2.358291102966406927e-01 2.245602502703140102e-01 2.243471684984140735e-01 2.279263418371642314e-01 2.246596246140301345e-01
2.276857426087852410e-01 2.233104640097987592e-01 2.172064307766340407e-01 2.396730986092200921e-01 2.206435148274589475e-01 2.329844584400747598e-01 2.224012089253799285e-01 2.160950818026453057e-01
2.247186896013214918e-01 2.246231838819884585e-01 2.154905212864392239e-01 2.236731746564154799e-01 2.298595338350380990e-01 2.192597613147406199e-01 2.286257965333295672e-01 2.337493388907236624e-01
2.375745558530120705e-01 2.247869917869688983e-01 2.470813112020628088e-01 2.188338117773937219e-01 2.170588153968308620e-01 2.190408055962767830e-01 2.188893566358815768e-01 2.167343517515697704e-01
2.331149283498814007e-01 2.288683194279507727e-01 2.191786156570894595e-01 2.393305850793246148e-01 2.197782208329128462e-01 2.190884618630374592e-01 2.262476226121633571e-01 2.143932461776366372e-01
2.252391442561588186e-01 2.215749731493039665e-01 2.241634364508580390e-01 2.363333805877844696e-01 2.161034023809727811e-01 2.292727714416379903e-01 2.233637476956311096e-01 2.239491440376488451e-01
2.166281940875179890e-01 2.283218820903964441e-01 2.233056829688623846e-01 2.277100387764808276e-01 2.256481653690100286e-01 2.289761483449735124e-01 2.255244120198434676e-01 2.238854763429103389e-01
2.296914241146387203e-01 2.247507325838406511e-01 2.327976705120385348e-01 2.207082130024853595e-01 2.201853807870089441e-01 2.271762108477345665e-01 2.266053997572190504e-01 2.180849683950300544e-01
2.186271563264830520e-01 2.189016136756882780e-01 2.158895443894676414e-01 2.307572328709568965e-01 2.219410521968768479e-01 2.192714335445010709e-01 2.303102761001330212e-01 2.443016908958883793e-01
2.233804552013112232e-01 2.169785344254927806e-01 2.474212001353284784e-01 2.202261490429456292e-01 2.296093680449196039e-01 2.184239383958860858e-01 2.284197452052731392e-01 2.155406095488376084e-01
2.163947016043135940e-01 2.282982343445894569e-01 2.228756324193170435e-01 2.170494058992154252e-01 2.253218059746244228e-01 2.223166927974146168e-01 2.459331750724830512e-01 2.218103518880368552e-01
2.195956927530381131e-01 2.216017850529403699e-01 2.341868167401755796e-01 2.279652944711739460e-01 2.223985195795521452e-01 2.287354373354111847e-01 2.250403646905047295e-01 2.204760893771977870e-01
2.266921141142912155e-01 2.271305182768466879e-01 2.309399535550290261e-01 2.190256743726633482e-01 2.321372451073858423e-01 2.220332362383592995e-01 2.164751070358163221e-01 2.255661512996015305e-01
2.321484365617398349e-01 2.254520736091288058e-01 2.211275546219349797e-01 2.272540011789656311e-01 2.212431178787110098e-01 2.230481516716671941e-01 2.198162680881541320e-01 2.299103963896922953e-01
2.289914663257472671e-01 2.255183340488586818e-01 2.234384570147055771e-01 2.219834641293289834e-01 2.279373444196534926e-01 2.226963970426011630e-01 2.227096423052902230e-01 2.267248947138084114e-01
2.166308990860690287e-01 2.438011116728790173e-01 2.218815575721556077e-01 2.240825550423096724e-01 2.183700194533488570e-01 2.267881216337764572e-01 2.180757262436837651e-01 2.303700092957708667e-01
2.293748619208511585e-01 2.238691687081942050e-01 2.190242900129344139e-01 2.224702834891674752e-01 2.217880642590357720e-01 2.400859961562671341e-01 2.275670622450990388e-01 2.158202732084440190e-01
2.204188081727303516e-01 2.220090015678316264e-01 2.218670028400640259e-01 2.416868762543223359e-01 2.251559670940076197e-01 2.193616676965030876e-01 2.206301832017890097e-01 2.288704931727453262e-01
2.173571377701801477e-01 2.297559165907425427e-01 2.214912918366564454e-01 2.262548961295412220e-01 2.201600446621775897e-01 2.318304036705537141e-01 2.182549016141153708e-01 2.348954077260254625e-01
2.183600117389589423e-01 2.253687484737624536e-01 2.215974892411330666e-01 2.241048244209010720e-01 2.256944105190186178e-01 2.231997127697901706e-01 2.363111322343546539e-01 2.253636706020730462e-01
2.194106567103959460e-01 2.175925367420352974e-01 2.241056528441380813e-01 2.389178709556925850e-01 2.189420975805342062e-01 2.332286626491242576e-01 2.305263316904998250e-01 2.172761908275717413e-01
2.271079745829719665e-01 2.209833441742591886e-01 2.232518437307534909e-01 2.261640185146954474e-01 2.206078247167313766e-01 2.366681514712212775e-01 2.239772531342323902e-01 2.212395896751266355e-01
2.242305849880596447e-01 2.245108677689477694e-01 2.211093507614866616e-01 2.245838101028912737e-01 2.212179918316936889e-01 2.233336979874828987e-01 2.227169520194939856e-01 2.382967445399362394e-01
2.215959812352574776e-01 2.268191932387402798e-01 2.304232978036825086e-01 2.269469869871668100e-01 2.207050537589460015e-01 2.325706935317575774e-01 2.185583877381723494e-01 2.223804057062668538e-01
2.204335664162801189e-01 2.170469920808845432e-01 2.138905478429442009e-01 2.269380465310342487e-01 2.370470654929003884e-01 2.263580254626478272e-01 2.249617940340665756e-01 2.333239621392332874e-01
2.206679973497522318e-01 2.209602065268843063e-01 2.323179065414631150e-01 2.178840680015627362e-01 2.262230886784045436e-01 2.291101396514696464e-01 2.291204422137406993e-01 2.237161510367133843e-01
2.320672047359210177e-01 2.183059359730532556e-01 2.452046722607384710e-01 2.190019092723032579e-01 2.179868637548114108e-01 2.221636594966925338e-01 2.273219855361798825e-01 2.179477689702904175e-01
2.180427784024507598e-01 2.191498665905775023e-01 2.213535738969057143e-01 2.273526519061867535e-01 2.234380560733285337e-01 2.212761014524414482e-01 2.219144206443895428e-01 2.474725510337101031e-01
2.220316166856129425e-01 2.184077716629773125e-01 2.253524780149991635e-01 2.417865027884677220e-01 2.339600861258039899e-01 2.212390222167680831e-01 2.146687731707342395e-01 2.225537493346273210e-01
2.284631905453410050e-01 2.238021586658306972e-01 2.273201272986023480e-01 2.258586327375252389e-01 2.188186676760512928e-01 2.233950398167325047e-01 2.224481553340295903e-01 2.298940279258765151e-01
2.280094019242316639e-01 2.230626851332670191e-01 2.269091247383180077e-01 2.235106276225720112e-01 2.213035694192520830e-01 2.220606141663799826e-01 2.284293721891592355e-01 2.267146048068094388e-01
2.263861138205856827e-01 2.226148655016065292e-01 2.230358485480729014e-01 2.239123772609056540e-01 2.308994518794033890e-01 2.204768814164160540e-01 2.320842126744294687e-01 2.205902488985692078e-01
2.183557116015338584e-01 2.215586471051660122e-01 2.311576092544782302e-01 2.227918359084194999e-01 2.362864369482940152e-01 2.214417413255031775e-01 2.230797742210837709e-01 2.253282436355106555e-01
2.316141382353659739e-01 2.186121126075971088e-01 2.235415801600391383e-01 2.203028249208237310e-01 2.284216042904669286e-01 2.310056953397999213e-01 2.199263876692867103e-01 2.265756567766095408e-01
2.189608452675357031e-01 2.213144167776604221e-01 2.301437741205230036e-01 2.236516197581063514e-01 2.220577820585109829e-01 2.260744248845823756e-01 2.268366422009672756e-01 2.309604949321024669e-01
2.208246231465351983e-01 2.229999089058933848e-01 2.281190105334064133e-01 2.251656348779780825e-01 2.202266299820394846e-01 2.316535026215549853e-01 2.214185501721114280e-01 2.295921397604690217e-01
2.194782366968528464e-01 2.227290336769009171e-01 2.450993877675991806e-01 2.326162781027273085e-01 2.194683933917987717e-01 2.167777484272856714e-01 2.256944380675669215e-01 2.181364838692569641e-01
2.254210382917242739e-01 2.213499877456151510e-01 2.286354190905028061e-01 2.240306009204357240e-01 2.458970851824723303e-01 2.192303966390793946e-01 2.209161144069733129e-01 2.145193577231849225e-01
2.232234614022173547e-01 2.197297829956297022e-01 2.291851183599731279e-01 2.284668981088481543e-01 2.323864077213651236e-01 2.268885810728002439e-01 2.202975988580531397e-01 2.198221514811010135e-01
2.190653277564223733e-01 2.238426517223296996e-01 2.226049638693815003e-01 2.202215530128898147e-01 2.369796609185740310e-01 2.248243070371660768e-01 2.305298452473938386e-01 2.219316904358302478e-01
2.187945279028456758e-01 2.178544569743822434e-01 2.238935760823967946e-01 2.192059221318977402e-01 2.269982096949358930e-01 2.460987965739892258e-01 2.252250016821562562e-01 2.219295089573835034e-01
2.191257713563903309e-01 2.237859211806894899e-01 2.215002872109665677e-01 2.201859131912312639e-01 2.231287909065133857e-01 2.355609667500247750e-01 2.335199573265510364e-01 2.231923920776193171e-01
2.207304858318466234e-01 2.204043599971316214e-01 2.320497107451411078e-01 2.175142173323782457e-01 2.289532188389201972e-01 2.371895766345101519e-01 2.198178017188228972e-01 2.233406289012360157e-01
2.241397028136831726e-01 2.209494523701815150e-01 2.298466357873053534e-01 2.181660655064449617e-01 2.248566269137487195e-01 2.328778987907147158e-01 2.257874621474036114e-01 2.233761556705037288e-01
2.224195479447007295e-01 2.253926729364294779e-01 2.276230127802774950e-01 2.244287051471011984e-01 2.275473189205250157e-01 2.299715158519582692e-01 2.185542853689534659e-01 2.240629410500400709e-01
2.389256645097869447e-01 2.219671190313262099e-01 2.188111497169907271e-01 2.229516563438829757e-01 2.232786193238286421e-01 2.258678895564709410e-01 2.274087918878173742e-01 2.207891096298815470e-01
2.278935095008774725e-01 2.269444172492152412e-01 2.288046148392931523e-01 2.257599233818783635e-01 2.193400109925464914e-01 2.205360332397584278e-01 2.204212732546997899e-01 2.303002175417162012e-01
2.330880151278580670e-01 2.233856782218361092e-01 2.368369161050802862e-01 2.175220323867055605e-01 2.236141890335036908e-01 2.165536717327273264e-01 2.274470201299228778e-01 2.215524772623511385e-01
2.292509183706837872e-01 2.206281557852912134e-01 2.200345394543958555e-01 2.277766387994565600e-01 2.310556156617797618e-01 2.238237426607196656e-01 2.237870329108909984e-01 2.236433563567673533e-01
2.226218640735850574e-01 2.214076408098435145e-01 2.234912537281549816e-01 2.238124767829568762e-01 2.267744645879426202e-01 2.312772337578958837e-01 2.250163025278703322e-01 2.255987637317353189e-01
2.299309753471185658e-01 2.239801551482369646e-01 2.269325221782970137e-01 2.251184842745544978e-01 2.209926280786545516e-01 2.252619423053756620e-01 2.262843180386511777e-01 2.214989746290962624e-01
2.313483719402538441e-01 2.213992655447289959e-01 2.232628690917234926e-01 2.269982626319519969e-01 2.257526398465493356e-01 2.243449723908302051e-01 2.261109292718752051e-01 2.207826892820715092e-01
2.186791371906746384e-01 2.217050756867273709e-01 2.224887946770279512e-01 2.202348384621009014e-01 2.256104018989219806e-01 2.377557541906056282e-01 2.261434566363746679e-01 2.273825412575514737e-01
2.215589700998810696e-01 2.273687794038594390e-01 2.260793394046363702e-01 2.193011457202495296e-01 2.279658122386893637e-01 2.408207505753662825e-01 2.206067717414111617e-01 2.162984308158912850e-01
2.296158160348986677e-01 2.236437881565372376e-01 2.401154773607715176e-01 2.200779094026388549e-01 2.167929656725381127e-01 2.189423825049036654e-01 2.274477636198662112e-01 2.233638972478285134e-01
2.372791931454589498e-01 2.167909967329671450e-01 2.244617100482982075e-01 2.216043698671986417e-01 2.217060268622667585e-01 2.193556522741864356e-01 2.291278481531200950e-01 2.296742029164884902e-01
2.254698392183509537e-01 2.271180179052237069e-01 2.195162137201798480e-01 2.311111737833275170e-01 2.320608573595097923e-01 2.266036986132833608e-01 2.206108398782600788e-01 2.175093595218481890e-01
2.253267610587550152e-01 2.274681828751510260e-01 2.172342379976613114e-01 2.227238283085533066e-01 2.296777129795924410e-01 2.314118968753151595e-01 2.237840651268002412e-01 2.223733147781547514e-01
2.206133232569037206e-01 2.302412870557965785e-01 2.326230347690768085e-01 2.232532302682702918e-01 2.322904218577593050e-01 2.227037785503261924e-01 2.165739847206564483e-01 2.217009395211936018e-01
2.213670072475851236e-01 2.246116072837537614e-01 2.294498464563320683e-01 2.313277399055138350e-01 2.266354165425789324e-01 2.242007620507435461e-01 2.231811831927343615e-01 2.192264373207407080e-01
2.225816625282026617e-01 2.234342975443804336e-01 2.318358105145108261e-01 2.194656040189922053e-01 2.403916552608832968e-01 2.207017710453570425e-01 2.266428286568765715e-01 2.149463704307791601e-01
2.156467774068919763e-01 2.332603885776289299e-01 2.195256386261993653e-01 2.254387358713461631e-01 2.437276034463027874e-01 2.183833265896347187e-01 2.260700672006614176e-01 2.179474622813173390e-01
2.208975927787652505e-01 2.230550588638890441e-01 2.173536490514547115e-01 2.397064374075859317e-01 2.195630140175346690e-01 2.304522040569071950e-01 2.234141988603866591e-01 2.255578449634581539e-01
2.205837209823376388e-01 2.247504401690322562e-01 2.388648363676464104e-01 2.229693366789239073e-01 2.178549167625715710e-01 2.217344686336759074e-01 2.189539840692848460e-01 2.342882963365093829e-01
2.254983806532665502e-01 2.371825447691160438e-01 2.277659017892685323e-01 2.171335716077863187e-01 2.240555931571483750e-01 2.186260259238845816e-01 2.229835321792846548e-01 2.267544499202265029e-01
2.284968734444086103e-01 2.299960670927697071e-01 2.191133686110386114e-01 2.228304444402949003e-01 2.262788771637361251e-01 2.178923467611340314e-01 2.214632707728454164e-01 2.339287517137528527e-01
2.201212017712333158e-01 2.245925438782064854e-01 2.252770889498963147e-01 2.176977605890489387e-01 2.338943517126167160e-01 2.303055333829762963e-01 2.168158613091091536e-01 2.312956584068927568e-01
2.261308063696206572e-01 2.213352093149549282e-01 2.223868397546811815e-01 2.262848360090419231e-01 2.271322802373391125e-01 2.235887223070587571e-01 2.169538404691888356e-01 2.361874655380950261e-01
2.263242244532575886e-01 2.172452721310680623e-01 2.219906985613403771e-01 2.412271099205662295e-01 2.301698255366084467e-01 2.189180913648025584e-01 2.226768632960622607e-01 2.214479147362740930e-01
2.274978387384125333e-01 2.180344012631914574e-01 2.317132010658279895e-01 2.311749228382780907e-01 2.293258958292542227e-01 2.227379479662656148e-01 2.195325565328953010e-01 2.199832357658545456e-01
2.202184329629587600e-01 2.290291621335263650e-01 2.292533501808181051e-01 2.241927375633999409e-01 2.210704332540179007e-01 2.211852232558189080e-01 2.268055635926151670e-01 2.282450970568246362e-01
2.211240261280128239e-01 2.228309535609417635e-01 2.294763991619323817e-01 2.197966788873873811e-01 2.257470518425093720e-01 2.264351999062597931e-01 2.321498541907710267e-01 2.224398363221648245e-01
2.298553104726734075e-01 2.222014048810363462e-01 2.401638554881220522e-01 2.238072381641403319e-01 2.212207923135449672e-01 2.260060767486871403e-01 2.172573730488851218e-01 2.194879488828899439e-01
2.322713955765700056e-01 2.198587843684511600e-01 2.298772418019262020e-01 2.279965738606886672e-01 2.181914041931168891e-01 2.215685760198773946e-01 2.295654023599936755e-01 2.206706218193545121e-01
2.214399284072640639e-01 2.392336065576400050e-01 2.291872102535431888e-01 2.197069845883110328e-01 2.261160959103296342e-01 2.193093283323780118e-01 2.191702009915652838e-01 2.258366449589471470e-01
2.212925536244141622e-01 2.385411685589737818e-01 2.226117166442503070e-01 2.282379555677766236e-01 2.231994397211094217e-01 2.130796990832137527e-01 2.262396430222450849e-01 2.267978237779945949e-01
2.191515372821352392e-01 2.317583277873211112e-01 2.275027224624524835e-01 2.279774432097055881e-01 2.180641182855188043e-01 2.224651890634199991e-01 2.302724943179750017e-01 2.228081675914503068e-01
2.196062676923737356e-01 2.162724573464923361e-01 2.447081933534346332e-01 2.170140842721019758e-01 2.328858232429779906e-01 2.253919244754108708e-01 2.211036469526056480e-01 2.230176026645813159e-01
2.176607128626072696e-01 2.324132891749050300e-01 2.249206366582180983e-01 2.241386705803777579e-01 2.254474974899108863e-01 2.210698335699311234e-01 2.257394773028760793e-01 2.286098823611509845e-01
2.235463865119121374e-01 2.339075313749229279e-01 2.294923943997144444e-01 2.243254343160585862e-01 2.262894038787599538e-01 2.183164639293460885e-01 2.211129310941388204e-01 2.230094544951252700e-01
2.215984329717999024e-01 2.285403969347764852e-01 2.328522544046672804e-01 2.283436292223398889e-01 2.242784834076712031e-01 2.182954453243806658e-01 2.211686810895899802e-01 2.249226766447506576e-01
2.242534711784354151e-01 2.251852502104114973e-01 2.210142940819784518e-01 2.151105301620090948e-01 2.300951940857778599e-01 2.290669804309705126e-01 2.227071983879223560e-01 2.325670814624722083e-01
2.273335259705058786e-01 2.200673474546084862e-01 2.195740011684856885e-01 2.185715270397465826e-01 2.255772640608615653e-01 2.301858718523056846e-01 2.176064396316073069e-01 2.410840228218562031e-01
2.243226219148221900e-01 2.246532240598061170e-01 2.231612300513381442e-01 2.333043959861702543e-01 2.289164304109475301e-01 2.236742063524705115e-01 2.171917098985034211e-01 2.247761813259180896e-01
2.259692553942213855e-01 2.394379351690834878e-01 2.198464169143315161e-01 2.263731668965759114e-01 2.186176107778182442e-01 2.261195439659168249e-01 2.180992009902678885e-01 2.255368698917610826e-01
2.260037340337106293e-01 2.199717344933491414e-01 2.247639822262093023e-01 2.299161769884021655e-01 2.361112210518720445e-01 2.231745690557190576e-01 2.212343725074585321e-01 2.188242096432545802e-01
