# pops for 8 qbits with connectivity gas_with_one_uni in chunks 2
1.999999999999999278e-01 1.999999999999999278e-01 1.999999999999999278e-01 1.999999999999999278e-01 1.999999999999999278e-01 3.999999999999999667e-01 1.999999999999999278e-01 1.999999999999999278e-01
2.345560876006433093e-01 2.000000000000000111e-01 2.000000000000000111e-01 2.000000000000000389e-01 1.999999999999999833e-01 2.966864311077592742e-01 2.288734465300610588e-01 2.398840347615363577e-01
2.353250870439211051e-01 1.999999999999998723e-01 1.999999999999999001e-01 1.999999999999999833e-01 1.999999999999998723e-01 2.548205446552765374e-01 2.471251415718266620e-01 2.627292267289758620e-01
2.209282224132934069e-01 2.152786834979788788e-01 2.410618349358206736e-01 2.175416675298838531e-01 2.326270590619839151e-01 2.128768908521046221e-01 2.297292185627885508e-01 2.299564231461464492e-01
2.445186055003361059e-01 2.286634137085846175e-01 2.140954797319272462e-01 2.338049207178958255e-01 2.188100041837539589e-01 2.175018371484788993e-01 2.168419374916273623e-01 2.257638015173967505e-01
2.194090795291857854e-01 2.222525014532934218e-01 2.198188393978162403e-01 2.220810776830022260e-01 2.510157778045142840e-01 2.216618319803485282e-01 2.292533331159219701e-01 2.145075590359164230e-01
2.244541031648962515e-01 2.210314546771148525e-01 2.201558256047386475e-01 2.375776103445542964e-01 2.316952682834310662e-01 2.240904385318837899e-01 2.197326231162945454e-01 2.212626762770864286e-01
2.292730975112750869e-01 2.229303596607114801e-01 2.247824644012280382e-01 2.198183252794036480e-01 2.223234511795727786e-01 2.165071023185536347e-01 2.309663644013586759e-01 2.333988352478955086e-01
2.278963220803129630e-01 2.242988670597305112e-01 2.200417832740579338e-01 2.271022646029265124e-01 2.248657055716534736e-01 2.153406195531629430e-01 2.284562933470298263e-01 2.319981445111244656e-01
2.363658697552356025e-01 2.254931735351485278e-01 2.224818513189084357e-01 2.237912684524037410e-01 2.222667176480633833e-01 2.276367690034757640e-01 2.182768335718220931e-01 2.236875167149414978e-01
2.194083399129873047e-01 2.253215870364709827e-01 2.321303898159008672e-01 2.207578733724649411e-01 2.297472954919970167e-01 2.224683249227257797e-01 2.184776036426282486e-01 2.316885858048241265e-01
2.219946923604762812e-01 2.204208393352974082e-01 2.188531071819342644e-01 2.203229874752864748e-01 2.226602699275762043e-01 2.275307058036308838e-01 2.337795309601104488e-01 2.344378669556869133e-01
2.185182913700732532e-01 2.183174590193738829e-01 2.223124110734161774e-01 2.224434648901305323e-01 2.207352493874586707e-01 2.438257076661224654e-01 2.226736501281419423e-01 2.311737664652806779e-01
2.244087931562079030e-01 2.210381553274201327e-01 2.344309407129901990e-01 2.226457268987167282e-01 2.213075188512264035e-01 2.333637957364618765e-01 2.208147704096425912e-01 2.219902989073326005e-01
2.285717593398798597e-01 2.206503084949581195e-01 2.214858666155002653e-01 2.243906276000247890e-01 2.323574382289751716e-01 2.238957241281052668e-01 2.278519776221519522e-01 2.207962979704021500e-01
2.308182458030177964e-01 2.256216485256377913e-01 2.241346560948048183e-01 2.272847770952116930e-01 2.204836636398143923e-01 2.182506109953446238e-01 2.173376986169806846e-01 2.360686992291854969e-01
2.280131404637742165e-01 2.271494472820372590e-01 2.167693341747089220e-01 2.399651032195616873e-01 2.256849271305627069e-01 2.209717063613183541e-01 2.167806616803544806e-01 2.246656796876793649e-01
2.241599007862013493e-01 2.244064667077211583e-01 2.245251677672266966e-01 2.243845473154102710e-01 2.213628171994788951e-01 2.207962288885831070e-01 2.172001776964931630e-01 2.431646936388815738e-01
2.223106901443467620e-01 2.190664417627277705e-01 2.166894267948021591e-01 2.274536332663664173e-01 2.358053338422002876e-01 2.188281145945719097e-01 2.273068576629551363e-01 2.325395019320261325e-01
2.186320780313167900e-01 2.241801313851146116e-01 2.307178764055072273e-01 2.210021644074362801e-01 2.174343081365357477e-01 2.238445059441450391e-01 2.219112848594673171e-01 2.422776508304733956e-01
2.265551052923820141e-01 2.424003030727910624e-01 2.249232203595500357e-01 2.206666653161032110e-01 2.312951075063811590e-01 2.157329994915281601e-01 2.219566479881961707e-01 2.164699509730645954e-01
2.207570231271383243e-01 2.255256667001861448e-01 2.265902992711357755e-01 2.358925944825223386e-01 2.202001815936198981e-01 2.207594852316248635e-01 2.228060883752644439e-01 2.274686612185043144e-01
2.198627775043364152e-01 2.190927694882203458e-01 2.334404176376787543e-01 2.213836180800316522e-01 2.309366181132763984e-01 2.219371001976682134e-01 2.212112522546435533e-01 2.321354467241402153e-01
2.167745671405332253e-01 2.325843994083844624e-01 2.212661718819711743e-01 2.380337062988104047e-01 2.316840307690828937e-01 2.230135090006228893e-01 2.156590009886176773e-01 2.209846145119726823e-01
2.304680092183163942e-01 2.220207687954605658e-01 2.193150082531230005e-01 2.228225495200495399e-01 2.169500766675495906e-01 2.218348611646118462e-01 2.398223426259560864e-01 2.267663837549288575e-01
2.270724278718196931e-01 2.287560256713453144e-01 2.249814394400722894e-01 2.244297849717992732e-01 2.197127877490854253e-01 2.304201511139788439e-01 2.258134191113720657e-01 2.188139640705225597e-01
2.364916124259380803e-01 2.207374402901361721e-01 2.335596603372952218e-01 2.279277778368613838e-01 2.221360842292080806e-01 2.204413310438464169e-01 2.216665814030166493e-01 2.170395124336930437e-01
2.404432662209538829e-01 2.253892799253434942e-01 2.279411185686767427e-01 2.224103670606752958e-01 2.187021816854123613e-01 2.218018479216584959e-01 2.288508801528051084e-01 2.144610584644689733e-01
2.351767758816848131e-01 2.253768381890934869e-01 2.245805159250505445e-01 2.338463831083290867e-01 2.190148846950318862e-01 2.253356379967929590e-01 2.138935157662668063e-01 2.227754484377446609e-01
2.253017029882246058e-01 2.194019251282103289e-01 2.242202469647622542e-01 2.153785946960302122e-01 2.417539762551402238e-01 2.293111095770736796e-01 2.194972855119174948e-01 2.251351588786353608e-01
2.357438787346159970e-01 2.279966364138736878e-01 2.218202077267335259e-01 2.226114089842596289e-01 2.251171284611142021e-01 2.246277512926751485e-01 2.276181864615056394e-01 2.144648019252164695e-01
2.288346177001457371e-01 2.345564634154066463e-01 2.156596631442670164e-01 2.144794769074711283e-01 2.306660539309813851e-01 2.243211408028353837e-01 2.282742309842825945e-01 2.232083531146036581e-01
2.244740737258991148e-01 2.219159102015620388e-01 2.327403904733231221e-01 2.259995824048891266e-01 2.271713215971717104e-01 2.219361644961072022e-01 2.226338341274024801e-01 2.231287229736387823e-01
2.408991052391850907e-01 2.222283159942245179e-01 2.341047207030955146e-01 2.192216081102171810e-01 2.207465490071086611e-01 2.220429568283519284e-01 2.208503057727230212e-01 2.199064383450877458e-01
2.215842249576112089e-01 2.214731086835570462e-01 2.217963195562811518e-01 2.221610224808129308e-01 2.296182930951058410e-01 2.350002882944770277e-01 2.213475484609437050e-01 2.270191944712033616e-01
2.217511086913174501e-01 2.329686746781447493e-01 2.181528014017339034e-01 2.210900199034470659e-01 2.341659300933129073e-01 2.281537816685879627e-01 2.239007038143394357e-01 2.198169797491090482e-01
2.280525686063227808e-01 2.293462255659229065e-01 2.166104595237869634e-01 2.195748494247159177e-01 2.250747666437320493e-01 2.324586556818951100e-01 2.292781733701274305e-01 2.196043011834900860e-01
2.188689383947605149e-01 2.265718336094742491e-01 2.276911684549355608e-01 2.210713890536839810e-01 2.259520798805937369e-01 2.249757126596173273e-01 2.168123684761170678e-01 2.380565094708095297e-01
2.229552644197953515e-01 2.234235575669806795e-01 2.198243454879676428e-01 2.280001620381107430e-01 2.216952719378931513e-01 2.293047788250200669e-01 2.197933831045207620e-01 2.350032366197034872e-01
2.210896966408688047e-01 2.245101370681051589e-01 2.199641107610524615e-01 2.186747877050025379e-01 2.248257519707154428e-01 2.374038083839188906e-01 2.346217349319629220e-01 2.189099725383653883e-01
2.244003010965186784e-01 2.257349146493782543e-01 2.339932477876856542e-01 2.209121270179798535e-01 2.171874172655996194e-01 2.322100653438853857e-01 2.224757364897128331e-01 2.230861903492303289e-01
2.139630757713280873e-01 2.216957638766182126e-01 2.321818414641639572e-01 2.277406598583781305e-01 2.196635494189222715e-01 2.376301641521995911e-01 2.232508530457962270e-01 2.238740924125847409e-01
2.196150134617693706e-01 2.322367467459130475e-01 2.329044297641805761e-01 2.232704239330034757e-01 2.228260906539529240e-01 2.232040517478568742e-01 2.225989184450755665e-01 2.233443252482380514e-01
2.366166440262515158e-01 2.175554970370933427e-01 2.269670949830261686e-01 2.198670024327474548e-01 2.279567960760807976e-01 2.195222932928171944e-01 2.245533929782434213e-01 2.269612791737304347e-01
2.487512646648206982e-01 2.193396869160796347e-01 2.290535468767243843e-01 2.165933689176685051e-01 2.290368491352001434e-01 2.189252850352119140e-01 2.225681347870815119e-01 2.157318636672040102e-01
2.254327616298450465e-01 2.200939353471518534e-01 2.461710379367066104e-01 2.183378358785573181e-01 2.236017910026389388e-01 2.186028801864547400e-01 2.203918242438774877e-01 2.273679337747587237e-01
2.295527410389090750e-01 2.208393355834142036e-01 2.264004357577284188e-01 2.303434558965903323e-01 2.182406587801455633e-01 2.258456653906721623e-01 2.208875768210439849e-01 2.278901307314858682e-01
2.258480585424397225e-01 2.236843660552957358e-01 2.377825450995709189e-01 2.190063029859661003e-01 2.228666599592805109e-01 2.297117866502800809e-01 2.198888277041159411e-01 2.212114530030409032e-01
2.175635450097766210e-01 2.271416874853216528e-01 2.328588135289132444e-01 2.224766115335400640e-01 2.243014393063014200e-01 2.318823872552931986e-01 2.232812404597326328e-01 2.204942754211113298e-01
2.289684143707842179e-01 2.302529400641804003e-01 2.231855079476370018e-01 2.156793027626973114e-01 2.228212227261475720e-01 2.317513098922116266e-01 2.270983740147977936e-01 2.202429282215336015e-01
2.336907823225101155e-01 2.225589205740919896e-01 2.203490085842461643e-01 2.229730847946540528e-01 2.257514529206228748e-01 2.300909116112550001e-01 2.243014896271880443e-01 2.202843495654198402e-01
2.256209583922338946e-01 2.228195951018899224e-01 2.185206785119280237e-01 2.203551690573863353e-01 2.417724414171209812e-01 2.164271643242268173e-01 2.317567596125393314e-01 2.227272335826632754e-01
2.211973414389136472e-01 2.194345484654336154e-01 2.271366928349054237e-01 2.294754797053049911e-01 2.289666300001187704e-01 2.234977117297670401e-01 2.333420674630658498e-01 2.169495283624795490e-01
2.274386204457357896e-01 2.277253452510106524e-01 2.165777126003998743e-01 2.238752037589011035e-01 2.240340756680063161e-01 2.198607601763741815e-01 2.355841009560052657e-01 2.249041811435555649e-01
2.277323728140168146e-01 2.222682037567055846e-01 2.271441416963130289e-01 2.238962582541594304e-01 2.183912195608280205e-01 2.203943286819433633e-01 2.353012715453720871e-01 2.248722036906483646e-01
2.195070442174708869e-01 2.259497762851372105e-01 2.291580603515259718e-01 2.215778112213571960e-01 2.232262489491480539e-01 2.331765204463178420e-01 2.140024778642462544e-01 2.334020606647837226e-01
2.410106609207435524e-01 2.256551347893867854e-01 2.186610344567626041e-01 2.211404966382132242e-01 2.199805625936162579e-01 2.188867696256869833e-01 2.281825046976850568e-01 2.264828362778922022e-01
2.236687096319333046e-01 2.190938075290406462e-01 2.203163916832158176e-01 2.219575290205614837e-01 2.372394423835134658e-01 2.184219186966584181e-01 2.261749660179125099e-01 2.331272350371517976e-01
2.237055580088186668e-01 2.298968864245554411e-01 2.222707088546345133e-01 2.203697463579958049e-01 2.281101633920906702e-01 2.192472788200380274e-01 2.225468489424024532e-01 2.338528091994530045e-01
2.296310332217166850e-01 2.272750588035580555e-01 2.179730506611172458e-01 2.230881994861936279e-01 2.209426516246304206e-01 2.177840028905863590e-01 2.264107131179607657e-01 2.368952901942231737e-01
2.235205708724658236e-01 2.193522777852000283e-01 2.387089780624974678e-01 2.165863137568607433e-01 2.269690228309106661e-01 2.243699797628893877e-01 2.154164888565769653e-01 2.350763680725845572e-01
2.239345065386141587e-01 2.284729982713512020e-01 2.231675335364672885e-01 2.261497245289271762e-01 2.165413730182385588e-01 2.252629734232625414e-01 2.410019091797078739e-01 2.154689815034177836e-01
2.353143750063526329e-01 2.259619692534781676e-01 2.204239949628198358e-01 2.197082464919236089e-01 2.301559566023966552e-01 2.228356120104001137e-01 2.189678687327214213e-01 2.266319769398933148e-01
2.343629792662308142e-01 2.237370368729993675e-01 2.246201475057611752e-01 2.270606146654513546e-01 2.212661332199555853e-01 2.265979995997922658e-01 2.166481790712464495e-01 2.257069097985490436e-01
2.249264614064029888e-01 2.174021951416785781e-01 2.269113545723239478e-01 2.248296636460541953e-01 2.183179379613015281e-01 2.319338395369320571e-01 2.229798080133311988e-01 2.326987397219610620e-01
2.288973974764662023e-01 2.321586619481512681e-01 2.201491132869386469e-01 2.229079202560400874e-01 2.221393301800583531e-01 2.260632546381256824e-01 2.234006555906990765e-01 2.242836666235050458e-01
2.204826257226634167e-01 2.256170327637856410e-01 2.328218166179459592e-01 2.220279002380941280e-01 2.379091709995737325e-01 2.226853430788668098e-01 2.211383915528992439e-01 2.173177190261550984e-01
2.250478006547348420e-01 2.177798279650823565e-01 2.270964399677308787e-01 2.213908241649343023e-01 2.371261122767959750e-01 2.226446652861614472e-01 2.223392710637492886e-01 2.265750586207964656e-01
2.189824105628425110e-01 2.224640664248750677e-01 2.183700850949152339e-01 2.240486034430549112e-01 2.327614980619607254e-01 2.240290024210634667e-01 2.406438892346090541e-01 2.187004447566636978e-01
2.220561919685393459e-01 2.166542133976907258e-01 2.185470438059567422e-01 2.285221617750254064e-01 2.426251576702075086e-01 2.222915157105807282e-01 2.195164564313377698e-01 2.297872592406468018e-01
2.482124485284559479e-01 2.272423198699856928e-01 2.203529515831168517e-01 2.194034514957558524e-01 2.237817036123996017e-01 2.204362147633886770e-01 2.200571373950020726e-01 2.205137727518790280e-01
2.249652796529312826e-01 2.241270130977677244e-01 2.216626884521169238e-01 2.337416852700017478e-01 2.202991876615869871e-01 2.243945556711511857e-01 2.276563356272811312e-01 2.231532545671474910e-01
2.255375527031841798e-01 2.262235636547977324e-01 2.245236822253924014e-01 2.237924016665616134e-01 2.152965061347332509e-01 2.300364145621791867e-01 2.292257503306064925e-01 2.253641287225295053e-01
2.338671380189729920e-01 2.198992194987260396e-01 2.208637223322816312e-01 2.230432330653643602e-01 2.342249133298713870e-01 2.236545618899594690e-01 2.230035399637588789e-01 2.214436719010478838e-01
2.429174054315597076e-01 2.264856432014365206e-01 2.190451380524850999e-01 2.176364576122266359e-01 2.221603192853314757e-01 2.196893441356198018e-01 2.233252657586497492e-01 2.287404265226735400e-01
2.413129580838681287e-01 2.252484607165324004e-01 2.162726562778971851e-01 2.191095116336025383e-01 2.214754650961992533e-01 2.180685689187061571e-01 2.268680776496003748e-01 2.316443016235773811e-01
2.376074882910403641e-01 2.260225917530831741e-01 2.286844399416577689e-01 2.188771967235788041e-01 2.179233709020916288e-01 2.245520018690898012e-01 2.263001383520476251e-01 2.200327721673925874e-01
2.390941449820430664e-01 2.197774656659754189e-01 2.207961679005762956e-01 2.172506818177669663e-01 2.259515011579827648e-01 2.227439281873482557e-01 2.264609374121156482e-01 2.279251728761741425e-01
2.185983314260238897e-01 2.171804292135497139e-01 2.200934068728702120e-01 2.425386067060368855e-01 2.261386801170338912e-01 2.335174286791605325e-01 2.162030189889577458e-01 2.257300979963485499e-01
2.275267074219831098e-01 2.335940630235700255e-01 2.300869823746221343e-01 2.199207321918708324e-01 2.162657914274468685e-01 2.297280938815541296e-01 2.188773087115265248e-01 2.240003209674071571e-01
2.283973362442648369e-01 2.247212373902541527e-01 2.172739987131322159e-01 2.191098666146455709e-01 2.242975265229601722e-01 2.265758996528949576e-01 2.339718577793945820e-01 2.256522770824356261e-01
2.352339515438891249e-01 2.146760397613165783e-01 2.157823763610351719e-01 2.302562110343599477e-01 2.226055817563641626e-01 2.186131223518735789e-01 2.281386953938565054e-01 2.346940217972864895e-01
2.546129530485411463e-01 2.180911072836753950e-01 2.180983543059586693e-01 2.265746571915459029e-01 2.151514417227748110e-01 2.203362169181805608e-01 2.250608567399627058e-01 2.220744127893420627e-01
2.218982262597584132e-01 2.193427039278132984e-01 2.324495624504429037e-01 2.199205972380114671e-01 2.175659119743576786e-01 2.292491582207946410e-01 2.345114340816467358e-01 2.250624058471554778e-01
2.252602027265101781e-01 2.220447557864660137e-01 2.212666649667099361e-01 2.157820391335374677e-01 2.295253910958127974e-01 2.337424382176443161e-01 2.238687792843306323e-01 2.285097287889690520e-01
2.298693284741844256e-01 2.328373526013352568e-01 2.241007016720181488e-01 2.280725546297184825e-01 2.172434251587276877e-01 2.229412918436787516e-01 2.216629477151705885e-01 2.232723979051465246e-01
2.266646861584642736e-01 2.408769187519475274e-01 2.216855496733443343e-01 2.223255522630099845e-01 2.190804748671390800e-01 2.207749992709588938e-01 2.189943164529985220e-01 2.295975025621175281e-01
2.203717138487734928e-01 2.252166912031992596e-01 2.230831755947723094e-01 2.318034541610141941e-01 2.176928412409460389e-01 2.237004229610473349e-01 2.252772964674537304e-01 2.328544045227730064e-01
2.197056430369528357e-01 2.238992206379452898e-01 2.236310437548066077e-01 2.213597216192626504e-01 2.231218625953735879e-01 2.362315238648450277e-01 2.238559989172284326e-01 2.281949855735655452e-01
2.215559433715827420e-01 2.258024429314826609e-01 2.162505179382369080e-01 2.255494347135384159e-01 2.186104888747210928e-01 2.398585270532468672e-01 2.209021408078174487e-01 2.314705043093527870e-01
2.267944535820624052e-01 2.160225809001282415e-01 2.251638339786785348e-01 2.223011531185312140e-01 2.286222282427172736e-01 2.289549823973330012e-01 2.174562901262620807e-01 2.346844776542664768e-01
2.351134653259384644e-01 2.190053823101960340e-01 2.235334946866151529e-01 2.244521084730898008e-01 2.247732907167527550e-01 2.238683618254685703e-01 2.242408928695323045e-01 2.250130037923860904e-01
2.240884129292332883e-01 2.228009035272774385e-01 2.307727955795168262e-01 2.251790686951765375e-01 2.215970480306805046e-01 2.216692575081083139e-01 2.302257486906958972e-01 2.236667650392895335e-01
2.243475850866062105e-01 2.321969849704139111e-01 2.205103442083443943e-01 2.200756514832202526e-01 2.222042458013436250e-01 2.221558761591909958e-01 2.193042338676649550e-01 2.392050784231936622e-01
2.328239223659253065e-01 2.184705934383419368e-01 2.310170031810354629e-01 2.192426259339676220e-01 2.274878628437921602e-01 2.188300830847861034e-01 2.310728014316933421e-01 2.210551077204362669e-01
2.334044794815428314e-01 2.218443829275314472e-01 2.252740945200413791e-01 2.210681282119404401e-01 2.215255053608345404e-01 2.225514006992650173e-01 2.328613634878800576e-01 2.214706453109418771e-01
2.216741533344399606e-01 2.256281715021823120e-01 2.205659361195246582e-01 2.396437336936451390e-01 2.211825246226319097e-01 2.284885240625565417e-01 2.234834322881400492e-01 2.193335243768564646e-01
2.193202641952426424e-01 2.259282136551359066e-01 2.182383825121586018e-01 2.280935482054816943e-01 2.261666451588631999e-01 2.284219196732744095e-01 2.301161016293546968e-01 2.237149249704667442e-01
2.302607551789840334e-01 2.245702040872673277e-01 2.255333183878693859e-01 2.323219117985154680e-01 2.160013552579866936e-01 2.261488749908165397e-01 2.241105654523308233e-01 2.210530148462065136e-01
2.373904923607267348e-01 2.245459011904925861e-01 2.261305878015205939e-01 2.221405663871087732e-01 2.187272699033005197e-01 2.293593834518300456e-01 2.208116842901406141e-01 2.208941146148572510e-01
2.334015326377829047e-01 2.253983423512171125e-01 2.185502795705658030e-01 2.247868519225337258e-01 2.226338534117394130e-01 2.215044780672645319e-01 2.221137206308418099e-01 2.316109414080306794e-01
