# pops for 8 qbits with connectivity gas_with_one_uni in chunks 2
1.999999999999999278e-01 1.999999999999999278e-01 1.999999999999999278e-01 1.999999999999999278e-01 1.999999999999999278e-01 3.999999999999999667e-01 1.999999999999999278e-01 1.999999999999999278e-01
2.000000000000002331e-01 2.481473280408418858e-01 2.000000000000002887e-01 2.000000000000002609e-01 2.000000000000001776e-01 2.286419198061008518e-01 2.509956041831895024e-01 2.722151479698683429e-01
2.112351467480961809e-01 2.288481497712102075e-01 2.368741783587934024e-01 2.252355264410979829e-01 2.251046302884232020e-01 2.295082794225064837e-01 2.325542444776211581e-01 2.106398444922508162e-01
2.211935238532911907e-01 2.286549458100547993e-01 2.200376963178782841e-01 2.358820556572685523e-01 2.113016928051153764e-01 2.280847053149836490e-01 2.389374012635218647e-01 2.159079789778869385e-01
2.300214319124572748e-01 2.248947700157431229e-01 2.194073288906230879e-01 2.249240647155762718e-01 2.329826046942085060e-01 2.179233255987018669e-01 2.193865722569548204e-01 2.304599019157352602e-01
2.227115260076527881e-01 2.267216818730180550e-01 2.209415869564265444e-01 2.225861088105204610e-01 2.312861905990304390e-01 2.194977940908945380e-01 2.274599655746220028e-01 2.287951460878344667e-01
2.236481717817686010e-01 2.267150859405478169e-01 2.273033432466784742e-01 2.273270917460591956e-01 2.216487195925905818e-01 2.228852529940338334e-01 2.307422762232799462e-01 2.197300584750401520e-01
2.280546824542084294e-01 2.224914240553459155e-01 2.244817905733051955e-01 2.283675274976658953e-01 2.234184506020003846e-01 2.209326731973869640e-01 2.296375195188387064e-01 2.226159321012484427e-01
2.240726789587476619e-01 2.218282315503112279e-01 2.196713025540067143e-01 2.332787996267834951e-01 2.197164996341655629e-01 2.263733495469456847e-01 2.199487635451963796e-01 2.351103745838419856e-01
2.448557236253902092e-01 2.156017071581707023e-01 2.129033642074555643e-01 2.237170594409505220e-01 2.239473769044490192e-01 2.244356846813908013e-01 2.244234894870197061e-01 2.301155944951733812e-01
2.346429158125228620e-01 2.243040999524824608e-01 2.344454899480918064e-01 2.196952515901688940e-01 2.183661605106256842e-01 2.198064756267345266e-01 2.259315221411865859e-01 2.228080844181852538e-01
2.179901896690965568e-01 2.363135893192381265e-01 2.204122486926399505e-01 2.276229656172458760e-01 2.228805576337757610e-01 2.165219983763280731e-01 2.367746743108115060e-01 2.214837763808620297e-01
2.253496909352959432e-01 2.228901343553874592e-01 2.208847781440410607e-01 2.184043349564879777e-01 2.221222962458443140e-01 2.280638940169456286e-01 2.423660985570616488e-01 2.199187727889339306e-01
2.297567381001677234e-01 2.379673025091366967e-01 2.242531062352284554e-01 2.225428023426707091e-01 2.216786804102322261e-01 2.250728202275743550e-01 2.235940788527410739e-01 2.151344713222454186e-01
2.189110915934395496e-01 2.245795258564515229e-01 2.208725333929887624e-01 2.245062366627441630e-01 2.292705177497843805e-01 2.348625001691607428e-01 2.196003382242887880e-01 2.273972563511408584e-01
2.187329332977511476e-01 2.220076019377058563e-01 2.261786606916775522e-01 2.199723650213165071e-01 2.388472842036706290e-01 2.245134780580126943e-01 2.207296286983582434e-01 2.290180480915047223e-01
2.266230837138828447e-01 2.208820546698519460e-01 2.325731976881506013e-01 2.269032026854659045e-01 2.453696921381387508e-01 2.189693534639895467e-01 2.118611949417812668e-01 2.168182206987357141e-01
2.183505304303132999e-01 2.282567101407043109e-01 2.274882100932127948e-01 2.154543642176771356e-01 2.409758197364851584e-01 2.252399568005216957e-01 2.253119833566074870e-01 2.189224252244745539e-01
2.254387429611164062e-01 2.242416880431103154e-01 2.210823535975637300e-01 2.269502222402056957e-01 2.426824959930888315e-01 2.225730220147191796e-01 2.204980822174758270e-01 2.165333929327172280e-01
2.192883009548499684e-01 2.129164446218908824e-01 2.211619807358586598e-01 2.387802199105246437e-01 2.263632505844094533e-01 2.332127117593452981e-01 2.233594183992938798e-01 2.249176730338228181e-01
2.215664985444424084e-01 2.212772114254858147e-01 2.171113488106868605e-01 2.439673669558505287e-01 2.197749181163939913e-01 2.337063248715494090e-01 2.251733580354766118e-01 2.174229732401102011e-01
2.194957960014776999e-01 2.177989582623157394e-01 2.368226459083528079e-01 2.348879102870822244e-01 2.225314002823539361e-01 2.265527376058218967e-01 2.241549827781354753e-01 2.177555688744563789e-01
2.218367856076914890e-01 2.204012357839888470e-01 2.224518784900871571e-01 2.252833565533069737e-01 2.228856715207983841e-01 2.179434163862669360e-01 2.455280264085030195e-01 2.236696292493529636e-01
2.246271680655136105e-01 2.238813048240593795e-01 2.191930357094182824e-01 2.304136298530640170e-01 2.183992852918270888e-01 2.285410974559188291e-01 2.263200029990231898e-01 2.286244758011710398e-01
2.243249537824897610e-01 2.199598458480245544e-01 2.207689066493549179e-01 2.243194668973342021e-01 2.239574953909563848e-01 2.180172355885231505e-01 2.432402421051723107e-01 2.254118537381397391e-01
2.182478914733235187e-01 2.231179295866971279e-01 2.205522427514425010e-01 2.256894524211399133e-01 2.188346667594565087e-01 2.211528780569288755e-01 2.365222180452851708e-01 2.358827209057206831e-01
2.212541119542554835e-01 2.278203757976430543e-01 2.181339402516263848e-01 2.216324607823978166e-01 2.206075146870690173e-01 2.420289131744867428e-01 2.245542299211636394e-01 2.239684534313526043e-01
2.217010167108303120e-01 2.466348422442395938e-01 2.174688590211225903e-01 2.244069200475288794e-01 2.182847595172641986e-01 2.244871461160428405e-01 2.239466117635145748e-01 2.230698445794516982e-01
2.229339791189675346e-01 2.171657449700367670e-01 2.287242843643526036e-01 2.210232430114256741e-01 2.235938034255241791e-01 2.222601506984292485e-01 2.409273212863499714e-01 2.233714731249082930e-01
2.217224302103815992e-01 2.171790041121324510e-01 2.306810688052594871e-01 2.255841451924696095e-01 2.217293735942101884e-01 2.257701826942470902e-01 2.356211835729849768e-01 2.217126118183087302e-01
2.287074857041816733e-01 2.267726848067243006e-01 2.240137188022871817e-01 2.265687046946139316e-01 2.262114129101183424e-01 2.160417144346292173e-01 2.343189185800131635e-01 2.173653600674266273e-01
2.304661163441691363e-01 2.223759086095196402e-01 2.265219520839565903e-01 2.249467217615926107e-01 2.235665319214821256e-01 2.221793796099551244e-01 2.335380274838796122e-01 2.164053621854383769e-01
2.232194382125415599e-01 2.187360268342398995e-01 2.277914617431466837e-01 2.206222746351862996e-01 2.272567302495134833e-01 2.178957024172268886e-01 2.378121580575343341e-01 2.266662078506042344e-01
2.225726145869905137e-01 2.372143911977240560e-01 2.115682820351047766e-01 2.291212677091457872e-01 2.165735830743238111e-01 2.209964900562280399e-01 2.269161532302383932e-01 2.350372181102370062e-01
2.212552474308075168e-01 2.450684507503435583e-01 2.188731886741885069e-01 2.282093498488232397e-01 2.238675944287424613e-01 2.199152726255644563e-01 2.220098311780012712e-01 2.208010650635216232e-01
2.207124558674401216e-01 2.377549662082558413e-01 2.226372433711971410e-01 2.287161474276891704e-01 2.201395337162351806e-01 2.211085151346986744e-01 2.301443803215834083e-01 2.187867579528924300e-01
2.328430266636768720e-01 2.203624621962827768e-01 2.177647860936116897e-01 2.362694310997352776e-01 2.226861417094096740e-01 2.225324066017176361e-01 2.260396624601035409e-01 2.215020831754540565e-01
2.236791435021602270e-01 2.237548928403945425e-01 2.342075283167709410e-01 2.255981413939814051e-01 2.166369366327362822e-01 2.205001897329866289e-01 2.336658878794434235e-01 2.219572797015192112e-01
2.365515795678999889e-01 2.210639319519174806e-01 2.231680081142105310e-01 2.186014689247201270e-01 2.243040969444180521e-01 2.239395284676022335e-01 2.201229639712822539e-01 2.322484220579403014e-01
2.243026586741090067e-01 2.191308514858490430e-01 2.183109658483890214e-01 2.376405125504016669e-01 2.216920057430276647e-01 2.263006680537216486e-01 2.268011244977194141e-01 2.258212131467742523e-01
2.411202433169979953e-01 2.192274950640847042e-01 2.184376096301173520e-01 2.210696874076316099e-01 2.213186024611796809e-01 2.184361247878464085e-01 2.378990790726292770e-01 2.224911582595033577e-01
2.239551693556227074e-01 2.244253784795252060e-01 2.355404870749100710e-01 2.235169142151207100e-01 2.162701583708929454e-01 2.354517594240679856e-01 2.183252150643710254e-01 2.225149180154797901e-01
2.290545581649920115e-01 2.178343109835945424e-01 2.222136142229108047e-01 2.254420316112994982e-01 2.209589465501371197e-01 2.361929520661370241e-01 2.262221070950570234e-01 2.220814793058621672e-01
2.178042179025154734e-01 2.311685739367498049e-01 2.189998692372265299e-01 2.183134096572262040e-01 2.251769756515611676e-01 2.362796434631265485e-01 2.323464449333907389e-01 2.199108652181940016e-01
2.198002405266236137e-01 2.221122766151329142e-01 2.230098696971131444e-01 2.213636838948480345e-01 2.284538575331612753e-01 2.165695037877368723e-01 2.241430421767800774e-01 2.445475257685941761e-01
2.177752337522163850e-01 2.229747405917841818e-01 2.196846480585843975e-01 2.208115640865195572e-01 2.202900611208929993e-01 2.300835286129412349e-01 2.317552356694253246e-01 2.366249881076261663e-01
2.160805331051501299e-01 2.172786821073080799e-01 2.174686654808453412e-01 2.269776868171200501e-01 2.265569494718839560e-01 2.198665001090883697e-01 2.487732895621181384e-01 2.269976933464753210e-01
2.209084854396365094e-01 2.421316793134540291e-01 2.187744523030629995e-01 2.261332885455729913e-01 2.268343847610987951e-01 2.212938396418867026e-01 2.244872553383044922e-01 2.194366146569730058e-01
2.183138964581712860e-01 2.178707431825240570e-01 2.250140329947740714e-01 2.500100420805971835e-01 2.240035556976551490e-01 2.177319549492332806e-01 2.244041483207118437e-01 2.226516263163221265e-01
2.213816399055220929e-01 2.197990102967748993e-01 2.209674168493581115e-01 2.187108399846762474e-01 2.376903938980423903e-01 2.167825605330472027e-01 2.335198691080024036e-01 2.311482694245652891e-01
2.379654878769692505e-01 2.211199075614784237e-01 2.327402202658072072e-01 2.194330839757684948e-01 2.340502594602381636e-01 2.150365499354459364e-01 2.173611344694532377e-01 2.222933564548281726e-01
2.327551883247438724e-01 2.269651803955344826e-01 2.310846452880354340e-01 2.193135096178090715e-01 2.197598839693515882e-01 2.302649082422017490e-01 2.168457355455817026e-01 2.230109486167305699e-01
2.382771157676318585e-01 2.186758761270482798e-01 2.323309885645917228e-01 2.249624051490432264e-01 2.244404301942397040e-01 2.239905037695565926e-01 2.182398010062767957e-01 2.190828794215991804e-01
2.227032724190524671e-01 2.256361612728251531e-01 2.512229981859234185e-01 2.222549011032892430e-01 2.179268267626374989e-01 2.218571236398150792e-01 2.205006233378558056e-01 2.178980932785884450e-01
2.167615153318207810e-01 2.280446391983829424e-01 2.220941346698838414e-01 2.213413305223601857e-01 2.307185811758737659e-01 2.223555620932961274e-01 2.363392939871783172e-01 2.223449430211917877e-01
2.166554854837717536e-01 2.270469687160502348e-01 2.163238073515845461e-01 2.281101063178766486e-01 2.190948289500534163e-01 2.340838722473758127e-01 2.294659602634020745e-01 2.292189706698720131e-01
2.202856763613966207e-01 2.317088369768751377e-01 2.200924317516415596e-01 2.284828418305112074e-01 2.143735925617164806e-01 2.337705048622535364e-01 2.263018881482568856e-01 2.249842275073358766e-01
2.242662558873710910e-01 2.363822087727459609e-01 2.167818706699650988e-01 2.333190420809238552e-01 2.164802500330349211e-01 2.315759913660156988e-01 2.198424503226489024e-01 2.213519308672809993e-01
2.294186863417952693e-01 2.262071078504463706e-01 2.320818387570606489e-01 2.218384596796522668e-01 2.186226937024648154e-01 2.243086805317894006e-01 2.192833897598726878e-01 2.282391433769040967e-01
2.202936239530719764e-01 2.273319550812001322e-01 2.167796198801709151e-01 2.279391645882002382e-01 2.233653683240849896e-01 2.426352568888549832e-01 2.206576329174710083e-01 2.209973783669324510e-01
2.176515794262253722e-01 2.384040681200211287e-01 2.247358910171210478e-01 2.182615747986872967e-01 2.300903276180721047e-01 2.168819134190968223e-01 2.333021419656982898e-01 2.206725036350648261e-01
2.211409682861309733e-01 2.226099842296574427e-01 2.178488976028090940e-01 2.342393055205473917e-01 2.223244464631937423e-01 2.202969630306794158e-01 2.319772858130278448e-01 2.295621490539399845e-01
2.210544651538026151e-01 2.421445429322206244e-01 2.170902607781115545e-01 2.193259589045117031e-01 2.292675858934136168e-01 2.236182756796823712e-01 2.240347610774969800e-01 2.234641495807458411e-01
2.265898286194761302e-01 2.176480750444335366e-01 2.195557638913543663e-01 2.177524043329600312e-01 2.261773328774715763e-01 2.212531897066291886e-01 2.255078985088592725e-01 2.455155070188014821e-01
2.202995094008495525e-01 2.244681232705390550e-01 2.337733831452499245e-01 2.240751061120074827e-01 2.258300264076827102e-01 2.228214858098213347e-01 2.179279049433786308e-01 2.308044609104558664e-01
2.319900848579130315e-01 2.244471216002275893e-01 2.404352530909633079e-01 2.211487997529837934e-01 2.221244009055246549e-01 2.202018534238099068e-01 2.168119737427003646e-01 2.228405126258617142e-01
2.319515180098740692e-01 2.345157981290033611e-01 2.192263761064918159e-01 2.204871995417928554e-01 2.187011355575879945e-01 2.290886336437056303e-01 2.190653939784998616e-01 2.269639450330284691e-01
2.254898982886305026e-01 2.217380645211593226e-01 2.360130612724628540e-01 2.157567356589952523e-01 2.268676346155209245e-01 2.189552728299995477e-01 2.284070924112091006e-01 2.267722404020074967e-01
2.207877327060333017e-01 2.316154402550719416e-01 2.268498514955097634e-01 2.181275718382571227e-01 2.312930913470001570e-01 2.168611455018553957e-01 2.323178784121432972e-01 2.221472884441129669e-01
2.338652098217159359e-01 2.217155093396569465e-01 2.335976199931649455e-01 2.168891514200513848e-01 2.254704141777820747e-01 2.231820712241149862e-01 2.228194064896157067e-01 2.224606175338814940e-01
2.184577026351232631e-01 2.199080994657075239e-01 2.273044818980924919e-01 2.342683275514897412e-01 2.173482442367275225e-01 2.331782323602848150e-01 2.300381624139881676e-01 2.194967494385700602e-01
2.201161314295269344e-01 2.253753846601042055e-01 2.235071398031280854e-01 2.261861463432090491e-01 2.233494336185764539e-01 2.255070998790037196e-01 2.298284913831592224e-01 2.261301728832757485e-01
2.191109764668268400e-01 2.203791456146707572e-01 2.212767568765980630e-01 2.480035207687935062e-01 2.270494619116674440e-01 2.152989698300425969e-01 2.232154860519693640e-01 2.256656824794148752e-01
2.173571419916531244e-01 2.304410446019988234e-01 2.421216423547624119e-01 2.197863933953589366e-01 2.243598048196094596e-01 2.192942114766806838e-01 2.235545796626894066e-01 2.230851816972305446e-01
2.236447373334400357e-01 2.216658151561655132e-01 2.319671143650053891e-01 2.150385351285578617e-01 2.325486210225998773e-01 2.200171872494305347e-01 2.363546916025736355e-01 2.187632981422100442e-01
2.263127723801739710e-01 2.235738416056673450e-01 2.236365564898957214e-01 2.196087688312905184e-01 2.180514385787439280e-01 2.280361095410519123e-01 2.411887197236584068e-01 2.195917928495008664e-01
2.225219116249929074e-01 2.317011457241643091e-01 2.196276008241681288e-01 2.242265710059092865e-01 2.167213008839705413e-01 2.454154864124500623e-01 2.196909943994909131e-01 2.200949891248366597e-01
2.224572829210152147e-01 2.463450004527956705e-01 2.154766010472828064e-01 2.251218056499075526e-01 2.208210753718251596e-01 2.226920646659914238e-01 2.198068483924993655e-01 2.272793214986655597e-01
2.268790111400864895e-01 2.219688389448152277e-01 2.200788155243006972e-01 2.238221559884051859e-01 2.415486781435545460e-01 2.273982710337764668e-01 2.190336789096788694e-01 2.192705503153644653e-01
2.245998766664125956e-01 2.272106890296515525e-01 2.203207455662100633e-01 2.206175103353332501e-01 2.371704574704605051e-01 2.260043918642530569e-01 2.235111938320822056e-01 2.205651352355781636e-01
2.324884475363434289e-01 2.291829719050531566e-01 2.178749661432418661e-01 2.329606662473307777e-01 2.258981760846261178e-01 2.227856825723388834e-01 2.212871116770339375e-01 2.175219778340136967e-01
2.221259765736646463e-01 2.322304171814154050e-01 2.240212321004558249e-01 2.151594889828810642e-01 2.278313928233409724e-01 2.280636855259757512e-01 2.276640200306329631e-01 2.229037867816150154e-01
2.192748586755065010e-01 2.422507613399330628e-01 2.276561120852099440e-01 2.158833225053681248e-01 2.299554799249719783e-01 2.223275647645502340e-01 2.212557095319093170e-01 2.213961911725314535e-01
2.337679826475928813e-01 2.420060913739571495e-01 2.193389564075434173e-01 2.266094690735484807e-01 2.272401550981966167e-01 2.151376618568491272e-01 2.166678132942993773e-01 2.192318702479938708e-01
2.178646739001608434e-01 2.322058692644332900e-01 2.247450051817160288e-01 2.267766174751792985e-01 2.163563074374723616e-01 2.205941248817740175e-01 2.219280495284679799e-01 2.395293523307771844e-01
2.160568913871309948e-01 2.248739328475611310e-01 2.266427646481072034e-01 2.395228578114248497e-01 2.155304827907117693e-01 2.222607396166161320e-01 2.226638972218667745e-01 2.324484336765612891e-01
2.244820676345820887e-01 2.293909519253062301e-01 2.374468152387675113e-01 2.176173113758295696e-01 2.182068023881958418e-01 2.278841344914271094e-01 2.228191986699365468e-01 2.221527182759349128e-01
2.196729114497715241e-01 2.279165625333326450e-01 2.165134057500635867e-01 2.212177891822650899e-01 2.420729998924601167e-01 2.239090605180099613e-01 2.246955668391863170e-01 2.240017038348901535e-01
2.202173697049053802e-01 2.219133247401359754e-01 2.210306836056319113e-01 2.287474283986892787e-01 2.338234859143495659e-01 2.243224840187822977e-01 2.227557419151864060e-01 2.271894817022983570e-01
2.241306479591660683e-01 2.185966139229717498e-01 2.198419705657163326e-01 2.380781248438856024e-01 2.217536140195399130e-01 2.282503725083113999e-01 2.310826883969979706e-01 2.182659677833904965e-01
2.262743604925359642e-01 2.160371742827536246e-01 2.237255807873499425e-01 2.279087421341065289e-01 2.323387238361671325e-01 2.227083605926358512e-01 2.291315756236313728e-01 2.218754822507991165e-01
2.207025983196249930e-01 2.248882437255961819e-01 2.246998226052267233e-01 2.222890799271333706e-01 2.226523056569500447e-01 2.291633715359830403e-01 2.299115967356814560e-01 2.256929814937826406e-01
2.281044750881715544e-01 2.231666321967733235e-01 2.293433883376344851e-01 2.372479230325006960e-01 2.179165917506610539e-01 2.198851255680739913e-01 2.195877657635499636e-01 2.247480982626133550e-01
2.194690792724292849e-01 2.260391315137868506e-01 2.236238803012209064e-01 2.227203095803948485e-01 2.343187023957878645e-01 2.178379187751030011e-01 2.221477773636931496e-01 2.338432007975624338e-01
2.310914157412877479e-01 2.258586462623414504e-01 2.334542798768282634e-01 2.265974375654982720e-01 2.189997231932711841e-01 2.182874888400042623e-01 2.301843457314911578e-01 2.155266627892556686e-01
2.276935706239801849e-01 2.249322154778004013e-01 2.245032437219154631e-01 2.356367760558824298e-01 2.247432296003942787e-01 2.197456666931535962e-01 2.239090922557594177e-01 2.188362055710914578e-01
2.195503978251734101e-01 2.189963739299016221e-01 2.205377086123412045e-01 2.347780275417761797e-01 2.223931552418911550e-01 2.288903311136621377e-01 2.200992202932991471e-01 2.347547854419333169e-01
2.203383787476279887e-01 2.243171888516231338e-01 2.256400957751193148e-01 2.316124914654425215e-01 2.196683232329912361e-01 2.134522157546153154e-01 2.443314934764265478e-01 2.206398126961305883e-01
2.305452545931489516e-01 2.160238779456808700e-01 2.229775195127866871e-01 2.282679519291680725e-01 2.204173345557458030e-01 2.422364636362965840e-01 2.213961596745675775e-01 2.181354381525832664e-01
2.233724951030816308e-01 2.207011678415114198e-01 2.182233277703227448e-01 2.344059238976231030e-01 2.303340656898386907e-01 2.323558921578992298e-01 2.204614692886791294e-01 2.201456582510215587e-01
2.238100948206490637e-01 2.240373593357789517e-01 2.198003750747214990e-01 2.425987770663259879e-01 2.183674213093006189e-01 2.298481222591150508e-01 2.175631160252862739e-01 2.239747341087995058e-01
