# ex_work for 16 qbits with connectivity 5 in chunks 4
3.516373505723891651e-02 3.516373505723891651e-02 3.516373505723891651e-02 3.516373505723891651e-02 -1.245112338684901676e-01 3.516374571164630064e-02 3.516374571164630064e-02 3.516374571164630064e-02 3.516374571164630064e-02 3.516374571164630064e-02 3.516374571164630064e-02 3.516374571164630064e-02 3.516374571164630064e-02 3.516374571164630064e-02 3.516374571164630064e-02 3.516374571164630064e-02
2.445790661290998119e-02 1.452845549830109571e-02 2.445789636154488758e-02 2.445789636154488758e-02 -1.114066854426933456e-01 1.017372898692573378e-02 2.445791686427523787e-02 2.445791686427523787e-02 9.040714756163454810e-03 2.445789636154488758e-02 2.445789636154488758e-02 2.445789636154488758e-02 2.445789636154488758e-02 2.445789636154488758e-02 2.445789636154488758e-02 2.445789636154488758e-02
2.146832375850865962e-02 -8.330536367655542876e-04 2.146832375850865962e-02 2.146832375850865962e-02 -1.038111726442555449e-01 2.978551373759908295e-03 2.146832375850865962e-02 2.146830347933968014e-02 5.301854345788871437e-03 2.146831361892408835e-02 2.146831361892408835e-02 2.146830347933968014e-02 2.146832375850865962e-02 2.146831361892408835e-02 2.146831361892408835e-02 2.146831361892408835e-02
1.528358543793464745e-02 -9.397034844935132566e-03 1.913496105882063134e-02 1.913496105882063134e-02 -9.464800851830060258e-02 -7.469473138848356335e-03 1.913497111136636467e-02 1.913497111136636467e-02 7.327724322978910847e-03 1.738754107213013114e-02 1.913496105882063134e-02 1.913496105882063134e-02 1.830693001498001626e-02 1.727082347909108737e-02 1.913496105882063134e-02 1.913496105882063134e-02
1.019535209258274483e-02 -4.462320502053088861e-03 1.878231182223303805e-02 1.878231182223303805e-02 -9.294224101431577956e-02 -1.177257281428288616e-02 1.878231182223303805e-02 1.878231182223303805e-02 6.982992764027933300e-03 1.722479469818231565e-02 1.878230178282743607e-02 1.878230178282743607e-02 1.607857664418946633e-02 1.862391911632316210e-02 1.878230178282743607e-02 1.878230178282743607e-02
-5.524984535225424022e-03 -7.470819275626959695e-03 1.807587716559260621e-02 1.807587716559260621e-02 -8.909471723000060572e-02 -2.476858622570657972e-03 1.807588717868813602e-02 1.807588717868813602e-02 6.583380332912171576e-03 1.640157298699820854e-02 1.807587716559260621e-02 1.807587716559260621e-02 1.737348829128380553e-02 1.575591638592867966e-02 1.807587716559260621e-02 1.807587716559260621e-02
8.444731463906661809e-03 -9.973109476374345320e-03 1.864821982523451327e-02 1.864821982523451327e-02 -9.227900122433563279e-02 -6.246509065913012811e-03 1.864821982523451327e-02 1.864821982523451327e-02 6.701553452121320267e-03 1.722997357898240281e-02 1.864820979082397467e-02 1.864820979082397467e-02 1.807731709909305567e-02 1.637673604765470595e-02 1.864821982523451674e-02 1.864821982523451674e-02
1.881480835532718318e-02 -6.418980170591947164e-03 2.068529120269580954e-02 2.068529120269580954e-02 -1.011886246221502667e-01 3.386324856292994862e-03 2.068530131305261824e-02 2.068530131305261824e-02 6.663589309463871339e-03 1.994500713799501543e-02 2.068528109233916043e-02 2.068529120269580954e-02 1.996629958289221352e-02 1.992258152111792482e-02 2.068529120269580954e-02 2.068529120269580954e-02
1.598100630834053612e-02 -5.884462569254254871e-03 1.902248486346844181e-02 1.902246476676061962e-02 -9.409054018513092477e-02 -5.311445054465461363e-03 1.902245471840717170e-02 1.902245471840717170e-02 -3.914825143340198467e-03 1.886470180129053847e-02 1.902245471840717170e-02 1.902241126455752468e-02 1.839062158732275229e-02 1.879673361101052639e-02 1.902245471840717170e-02 1.902245471840717170e-02
1.373526886877405803e-02 -9.471473538615651430e-03 1.844823219296178388e-02 1.844821213903943824e-02 -9.114921818384323637e-02 -6.582228011269265766e-03 1.844821213903943824e-02 1.844821213903943824e-02 7.602813071536887891e-05 1.579182824872621058e-02 1.844822216600048442e-02 1.844822216600048442e-02 1.771064337969973507e-02 1.594640882508847890e-02 1.844822216600048442e-02 1.844822216600048442e-02
1.154650213404052710e-02 -9.915951395679486677e-03 1.824070328540968594e-02 1.824070328540968594e-02 -8.938931053073491395e-02 -1.823981201702236030e-02 1.824071330464289292e-02 1.824071330464289292e-02 9.326124048447187107e-03 1.669302434374648689e-02 1.824071330464289292e-02 1.824071330464289292e-02 1.792150790722995407e-02 1.623253339318724703e-02 1.824071330464289292e-02 1.824071330464289292e-02
1.288028206392881174e-02 -1.589160554362473513e-02 1.783767347243060686e-02 1.783766346820362531e-02 -8.685126066065039507e-02 -1.411133581219555649e-02 1.783766346820362531e-02 1.783766346820362531e-02 5.440283587774005433e-03 1.613887553176934775e-02 1.783767347243060686e-02 1.783766346820362531e-02 1.719782995966862710e-02 1.455587255241849558e-02 1.783766346820362531e-02 1.783766346820362531e-02
7.879146278709879894e-03 -1.694819407861594338e-02 1.781102345934672607e-02 1.781102345934672607e-02 -8.691061567149301059e-02 -8.471341419865514172e-03 1.781101345611196124e-02 1.781101345611196124e-02 4.273057363872847896e-03 1.694599630079993147e-02 1.781100345287744968e-02 1.781101345611196124e-02 1.640139941411301525e-02 1.565538074338054808e-02 1.781101345611195777e-02 1.781100345287744968e-02
7.238476357844402312e-03 -1.291189330105146221e-02 1.821272941391525665e-02 1.821272941391525665e-02 -8.957504528591718473e-02 -9.968597759303404054e-03 1.821273943210655402e-02 1.821273943210655402e-02 7.461820012262829725e-03 1.715547554231774963e-02 1.821268610025323850e-02 1.821268610025323850e-02 1.719485015410079920e-02 1.691400745850412529e-02 1.821268610025323850e-02 1.821271939572403561e-02
7.746723542489748066e-03 -1.363556663838107023e-02 1.791545863921632786e-02 1.791545863921632786e-02 -8.751322136994804657e-02 -1.397398823654804473e-02 1.791545863921632786e-02 1.791545863921632786e-02 7.454087793694397397e-03 1.691401101054334014e-02 1.791545863921632786e-02 1.791545863921632786e-02 1.689483684691758456e-02 1.628048265810184969e-02 1.791545863921632786e-02 1.791545863921632786e-02
8.815174374446444611e-03 -1.882552242168615553e-02 1.788610997401672911e-02 1.788610997401672911e-02 -8.709884699684929121e-02 -1.171017720688363045e-02 1.788610997401672911e-02 1.788610997401672911e-02 9.938868777939289384e-03 1.583413414249304485e-02 1.788608996195703918e-02 1.788608996195703918e-02 1.653127741352945421e-02 1.650315428487300617e-02 1.788608996195703918e-02 1.788608996195703918e-02
7.894904044178072122e-03 -9.584882239502911724e-03 1.817243055830933263e-02 1.817243055830933263e-02 -8.954972439906128123e-02 -7.649828112241491285e-03 1.817243055830933263e-02 1.817243055830933263e-02 7.527597369837839844e-04 1.777392794957387973e-02 1.817242054161876536e-02 1.817242054161876536e-02 1.661726249743015332e-02 1.656879500131460195e-02 1.817242054161876536e-02 1.817242054161876536e-02
9.089020369983311087e-03 -4.276250629860102112e-03 1.856987058704437019e-02 1.856987058704437019e-02 -9.170524154867028266e-02 -1.448867783643415300e-02 1.856987058704437019e-02 1.856987058704437019e-02 7.657939860840199363e-03 1.733766818457789863e-02 1.856988061853676042e-02 1.856988061853676042e-02 1.662034558098016146e-02 1.734669448251507928e-02 1.856988061853676042e-02 1.856988061853676042e-02
2.153040572069939948e-05 -3.547066252846632823e-04 1.813705390126938224e-02 1.813705390126938224e-02 -8.923968141468281712e-02 -1.522447683757595545e-02 1.813706391664308276e-02 1.813705390126938224e-02 6.907881548794203054e-03 1.586536537201401614e-02 1.813706391664308276e-02 1.813706391664308276e-02 1.777490556159562127e-02 1.672528105633033432e-02 1.813706391664308276e-02 1.813706391664308276e-02
1.070179425444912902e-02 -8.853221060556124011e-03 1.850478574356453562e-02 1.850478574356453562e-02 -9.130878260935490487e-02 -1.236574983911578260e-02 1.850479577263267408e-02 1.850479577263267408e-02 7.713280027725716997e-03 1.571539806047294457e-02 1.850478574356471256e-02 1.850478574356471256e-02 1.734009507032262948e-02 1.793736336757967287e-02 1.850478574356471256e-02 1.850478574356471256e-02
1.080914554082432720e-02 -5.031620190954080342e-03 1.886913056030372834e-02 1.886913056030372834e-02 -9.338643276645895719e-02 -1.157743710219139716e-02 1.886914060294435716e-02 1.886914060294435716e-02 9.096293201279980617e-03 1.533260297918541230e-02 1.886913056030372834e-02 1.886913056030372834e-02 1.678146036605742894e-02 1.890266298725828617e-02 1.886913056030372834e-02 1.886909717564736605e-02
8.270252565939528386e-03 -1.164673151870501341e-02 1.801707416003197129e-02 1.801707416003197129e-02 -8.852467871822465584e-02 -7.433605020945196346e-03 1.801710742893669615e-02 1.801710742893669615e-02 1.571333144414356186e-04 1.713745291524547062e-02 1.801710742893669961e-02 1.801710742893669961e-02 1.615496673813201015e-02 1.694004155428373640e-02 1.801710742893669961e-02 1.801710742893669961e-02
9.422830249340097275e-03 -1.309607071378788602e-02 1.837218144598078487e-02 1.837218144598078487e-02 -9.058980907858626974e-02 -7.698175127242579130e-03 1.837218144598078487e-02 1.837218144598078487e-02 6.797227845957416401e-03 1.617738570996723330e-02 1.837219147011017947e-02 1.837219147011017947e-02 1.687315667219138615e-02 1.740500890890966240e-02 1.837219147011017947e-02 1.837219147011017947e-02
8.033129540450130793e-03 -1.421918456827360802e-02 1.858050568429948923e-02 1.858050568429948923e-02 -9.150366931925751901e-02 -1.058679491450495447e-02 1.858047233886534963e-02 1.858047233886534963e-02 1.358037338474299069e-02 1.697597662475053976e-02 1.858047233886534963e-02 1.858051571618808684e-02 1.757354475625434037e-02 1.817228323893460909e-02 1.858047233886534963e-02 1.858050568429948923e-02
3.956845320687611516e-03 -1.661984214728163406e-02 1.775474985828703889e-02 1.775474985828703889e-02 -8.609192124100842336e-02 -1.572177664229595234e-02 1.775475985942760737e-02 1.775476986056833545e-02 1.374827801746090344e-02 1.619600149033965583e-02 1.775471662500492653e-02 1.775471662500492653e-02 1.627628806755230043e-02 1.679070789156628801e-02 1.775471662500492653e-02 1.775471662500492653e-02
5.766229611466348794e-04 -9.372998689807534450e-03 1.797735324019276645e-02 1.797735324019276645e-02 -8.787237698204206082e-02 -1.628390392689001848e-02 1.797733322133913611e-02 1.797733322133913611e-02 1.259583359732584402e-02 1.719315052704424238e-02 1.797733322133913611e-02 1.797733322133913611e-02 1.633284094834983741e-02 1.779401670698701338e-02 1.797733322133913611e-02 1.797733322133913611e-02
2.632847409903895340e-03 -1.078427336050049277e-02 1.834468018944031970e-02 1.834469021254665419e-02 -9.030039149021010236e-02 -1.176507635606188762e-02 1.834473354905482786e-02 1.834473354905482786e-02 1.461343782983873935e-02 1.639062977809987651e-02 1.834473354905482786e-02 1.834473354905482786e-02 1.718527948019927393e-02 1.716080515027447809e-02 1.834473354905482786e-02 1.834473354905482786e-02
3.727848158325306610e-03 -9.268941172372568635e-03 1.815039079125780469e-02 1.815039079125780469e-02 -8.943347322142057576e-02 -9.402387618032578137e-03 1.815043409414035872e-02 1.815043409414035872e-02 8.096856757510763683e-03 1.575169937740525383e-02 1.815040080712902390e-02 1.815040080712902390e-02 1.700480244264751528e-02 1.605310514835914248e-02 1.815040080712902390e-02 1.815043409414035525e-02
1.134933475406729557e-02 -1.324523904778166297e-02 1.839490260418966128e-02 1.839490260418966128e-02 -9.062519487897771620e-02 -9.709684156366511429e-03 1.839491262916534073e-02 1.839491262916534073e-02 7.650042159962539869e-03 1.702865750656077856e-02 1.839490260418966128e-02 1.839490260418966128e-02 1.681235503421760202e-02 1.640084210570106477e-02 1.839490260418966128e-02 1.839490260418966128e-02
9.832596066727448958e-03 -6.139172564002036078e-03 1.827199399832610954e-02 1.827199399832610954e-02 -9.009456503877780187e-02 -1.104953093092283546e-02 1.827199399832610954e-02 1.827199399832610954e-02 1.775846723107526689e-04 1.637809598575179840e-02 1.827203732225220201e-02 1.827203732225220201e-02 1.906691846825372960e-02 1.587453109692954500e-02 1.827203732225220201e-02 1.827203732225220201e-02
9.989978664662588909e-03 -7.344293468180790145e-03 1.825660858145383009e-02 1.825660858145383009e-02 -9.004661144671118056e-02 -1.014026181412985318e-02 1.825660858145383009e-02 1.825660858145383009e-02 1.450150450624026902e-03 1.690634023194194369e-02 1.825656526019665479e-02 1.825660858145383009e-02 1.838376294524243781e-02 1.461263998106085600e-02 1.825656526019665826e-02 1.825657528002160024e-02
9.014821771313569557e-03 -6.173342677970527874e-03 1.823706512374127786e-02 1.823706512374127786e-02 -8.958885094530537330e-02 -1.745444436061607818e-02 1.823706512374127786e-02 1.823703182496367800e-02 7.288853336272471325e-03 1.711659042391392577e-02 1.823707514283887804e-02 1.823707514283887804e-02 1.760047375468743597e-02 1.609989613912776382e-02 1.823706512374128133e-02 1.823706512374128133e-02
9.309525731789228958e-03 -3.249219249137280056e-03 1.833195233413340702e-02 1.833194231150257758e-02 -9.012425666128834334e-02 -1.884349494466928954e-02 1.833190899983747416e-02 1.833190899983747416e-02 7.045115392745603632e-03 1.765166348810810748e-02 1.833194231150257758e-02 1.833194231150257758e-02 1.739693489005482083e-02 1.584331994766196433e-02 1.833194231150257758e-02 1.833194231150257758e-02
9.826891295023386722e-03 -1.222414661967972938e-02 1.790329848929874540e-02 1.790328848262768419e-02 -8.744073673921644307e-02 -1.545859592752204560e-02 1.790333174275412012e-02 1.790333174275412012e-02 6.650197129855428546e-03 1.647827902640875211e-02 1.790329848929883561e-02 1.790329848929883561e-02 1.620767493469580517e-02 1.596645232252122057e-02 1.790329848929883561e-02 1.790329848929883561e-02
9.673593142167489015e-03 -1.065271764383123217e-02 1.761493489170709581e-02 1.761493489170709581e-02 -8.548307402625569817e-02 -1.689131883536002313e-02 1.761493489170709581e-02 1.761493489170709581e-02 2.215651661165671162e-03 1.679482256042180710e-02 1.761493489170710275e-02 1.761493489170710275e-02 1.487989360540372015e-02 1.599255118110896184e-02 1.761493489170709928e-02 1.761493489170709928e-02
1.147045647059209521e-02 -1.144549265494041942e-02 1.830831104219775990e-02 1.830831104219775990e-02 -8.987058868020116054e-02 -1.626267386316851415e-02 1.830831104219775990e-02 1.830827773374273798e-02 1.241913029277582486e-02 1.716615220187337615e-02 1.830827773374273798e-02 1.830827773374273798e-02 1.639578404246801527e-02 1.502223907650843127e-02 1.830827773374273798e-02 1.830827773374273798e-02
5.205361223711860516e-05 -1.255951115942232493e-02 1.751555619646419371e-02 1.751555619646419371e-02 -8.476696599980769464e-02 -1.527154854333121967e-02 1.751555619646419371e-02 1.751552299565137250e-02 1.121194857317285055e-02 1.701306498640666950e-02 1.751552299565137596e-02 1.751552299565137596e-02 1.441907378600667221e-02 1.523564052718917768e-02 1.751552299565137596e-02 1.751552299565137596e-02
-1.410562114864809149e-04 -1.000093943371898643e-02 1.742979559418928251e-02 1.742979559418928251e-02 -8.439198240141075613e-02 -1.418153799432948954e-02 1.742975241597086167e-02 1.742975241597086167e-02 6.268649662340241950e-03 1.725667599923476694e-02 1.742971922679829172e-02 1.742976240501609500e-02 1.415565649356035835e-02 1.512384555383718999e-02 1.742976240501609500e-02 1.742975241597077146e-02
1.236460529474147849e-02 -1.718296622801393156e-02 1.800338940481760117e-02 1.800338940481760117e-02 -8.799333126924718806e-02 -1.098332539494867137e-02 1.800338940481760117e-02 1.800338940481760117e-02 6.216070124890572465e-03 1.784799847482922489e-02 1.800342267186414574e-02 1.800338940481769137e-02 1.550252713379091790e-02 1.551547039560979835e-02 1.800338940481769137e-02 1.800338940481769137e-02
8.827127709406190625e-03 -1.489741331011003138e-02 1.831300238773076600e-02 1.831300238773076600e-02 -9.022150835899983568e-02 -5.421680252506329116e-03 1.831301240965739485e-02 1.831301240965739485e-02 5.785469302043264213e-03 1.844708895701536316e-02 1.831301240965739485e-02 1.831301240965739485e-02 1.652199595259332132e-02 1.557801063059560502e-02 1.831301240965739485e-02 1.831301240965739485e-02
9.164780107172152204e-03 -1.599197073718546316e-02 1.768928614078426123e-02 1.768928614078426123e-02 -8.589832982697757913e-02 -1.396262658665682090e-02 1.768927614207990370e-02 1.768927614207990370e-02 6.483423866757974732e-03 1.580043530535663390e-02 1.768928614078426123e-02 1.768928614078426123e-02 1.700828801068746815e-02 1.490783668547058551e-02 1.768928614078426123e-02 1.768928614078426123e-02
1.311815921723481770e-02 -1.145421786816561323e-02 1.838553609092460212e-02 1.838553609092460212e-02 -9.049788858795876356e-02 -1.251363773543055780e-02 1.838556940987452065e-02 1.838552606629707820e-02 5.887733437244014462e-03 1.723555279257312986e-02 1.838556940987452412e-02 1.838556940987452412e-02 1.623431222953884701e-02 1.763268465542568164e-02 1.838557943450255458e-02 1.838556940987452412e-02
1.290021492861361495e-02 -1.308975047457809279e-02 1.844619087385507630e-02 1.844619087385507630e-02 -9.088774940696756066e-02 -9.468218976001703535e-03 1.844619087385507630e-02 1.844618084696846363e-02 5.281614487886162473e-03 1.897587023147729451e-02 1.844619087385507630e-02 1.844619087385507630e-02 1.636547731908102182e-02 1.623147397545441489e-02 1.844618084696846363e-02 1.844618084696846363e-02
1.428891136263382711e-02 -1.688065881665182233e-02 1.873076501118865408e-02 1.873076501118865408e-02 -9.238864868020590926e-02 -4.167552728231637901e-03 1.873076501118865408e-02 1.873076501118865408e-02 7.515135272323224779e-03 1.763970558511781389e-02 1.873075497370204484e-02 1.873075497370204484e-02 1.752234758344816540e-02 1.612765536652689680e-02 1.873075497370204484e-02 1.873075497370204484e-02
8.010054339001915907e-03 -1.211445930865879747e-02 1.815992043928281799e-02 1.815992043928281799e-02 -8.932151114823864979e-02 -1.030959779066525396e-02 1.815992043928281799e-02 1.815992043928281799e-02 7.202213954921569614e-03 1.633099282657212228e-02 1.815991042305724334e-02 1.815991042305724334e-02 1.680210975208102850e-02 1.621099139115071003e-02 1.815991042305724334e-02 1.815991042305724334e-02
7.212921818717239579e-03 -1.485502295220406110e-02 1.782509808737139587e-02 1.782509808737139587e-02 -8.697810615676838941e-02 -1.217038357114797256e-02 1.782505484077955005e-02 1.782505484077955005e-02 6.971383427665505707e-03 1.534896600187086145e-02 1.782505484077955005e-02 1.782505484077955005e-02 1.754729981406374928e-02 1.594717222804579657e-02 1.782505484077955005e-02 1.782505484077955005e-02
6.948446254712911836e-03 -1.877714479299854439e-02 1.800118195480555905e-02 1.800125849862694791e-02 -8.792488261379556580e-02 -9.491913087847549807e-03 1.800122523187441120e-02 1.800122523187441120e-02 1.072201521298342224e-02 1.712852464137236061e-02 1.800122523187441120e-02 1.800122523187441120e-02 1.813579703844759791e-02 1.456248325800123776e-02 1.800122523187441120e-02 1.800122523187441120e-02
7.824626675907143947e-03 -1.375369382893994186e-02 1.782624071674801872e-02 1.782624071674801872e-02 -8.709103079734294151e-02 -1.164765539309681186e-02 1.782625072055091589e-02 1.782625072055091589e-02 5.395833095949147118e-03 1.523123636893915916e-02 1.782625072055091242e-02 1.782625072055091242e-02 1.778998750709167784e-02 1.519736208590473543e-02 1.782625072055091242e-02 1.782625072055091242e-02
6.302917080229356039e-03 -1.064321224195875944e-02 1.757882980423671609e-02 1.757882980423671609e-02 -8.526421373382953028e-02 -1.644959723805292789e-02 1.757882980423671609e-02 1.757883979883013634e-02 3.315207198578142781e-03 1.580794141570792191e-02 1.757882980423662589e-02 1.757882980423662589e-02 1.648202478790607162e-02 1.651507108342732677e-02 1.757882980423662589e-02 1.757882980423662589e-02
8.589405540352508875e-03 -1.357082971771012177e-02 1.768269253676122213e-02 1.768265931325603557e-02 -8.597858274823363955e-02 -1.420182826072204606e-02 1.768270253522048752e-02 1.768270253522048752e-02 3.999121102233098302e-03 1.510396154229945269e-02 1.768269253676122213e-02 1.768269253676122213e-02 1.610298412557256351e-02 1.729580457415411110e-02 1.768270253522057425e-02 1.768269253676122213e-02
7.814846381260500893e-03 -1.066291261684406029e-02 1.787662972428386357e-02 1.787662972428386357e-02 -8.744537490725545759e-02 -1.346592666655212558e-02 1.787658646877206270e-02 1.787658646877206270e-02 3.547763508256005643e-03 1.508505312903502156e-02 1.787657646309431456e-02 1.787661971860560195e-02 1.816128582361464447e-02 1.650723107289876757e-02 1.787661971860560195e-02 1.787661971860560195e-02
8.194255668571823886e-03 -1.698181487101478593e-02 1.811677951220950697e-02 1.811677951220950697e-02 -8.886812888149558942e-02 -7.438767049013457131e-03 1.811681279465470612e-02 1.811676949759020647e-02 7.261822488254890753e-03 1.700619847579048355e-02 1.811676949759020647e-02 1.811676949759020647e-02 1.715498540529104138e-02 1.614711282276749468e-02 1.811676949759020647e-02 1.811676949759020647e-02
8.825760347779263923e-03 -1.971865120232280458e-02 1.790068044219807891e-02 1.790068044219807891e-02 -8.725802007082936185e-02 -8.483180114015572912e-03 1.790071369530315398e-02 1.790071369530315398e-02 6.565085500248886603e-03 1.586124408114765114e-02 1.790072370187828152e-02 1.790072370187828152e-02 1.719282609377534993e-02 1.712006768256569764e-02 1.790072370187828152e-02 1.790072370187828152e-02
1.042809867652869787e-02 -1.370720685790412750e-02 1.821890020274326283e-02 1.821890020274326283e-02 -8.968046023784996545e-02 -7.264763724645505530e-03 1.821889018432126112e-02 1.821889018432126112e-02 3.937787009174071977e-03 1.658641852135586681e-02 1.821890020274326630e-02 1.821890020274326630e-02 1.636696186417435292e-02 1.683660656113916340e-02 1.821890020274326630e-02 1.821893349905814516e-02
9.379978715411659354e-03 -1.234867972749467170e-02 1.793722747605603143e-02 1.793727074205948499e-02 -8.767116656048641599e-02 -1.486955227498017000e-02 1.793726073412366812e-02 1.793726073412366812e-02 6.173881451190745343e-03 1.649288261758655519e-02 1.793727074205948499e-02 1.793727074205948499e-02 1.695727187424900598e-02 1.629651524400406795e-02 1.793727074205948499e-02 1.793727074205948499e-02
6.812116691425814177e-03 -1.425528891335081823e-02 1.774725820232999837e-02 1.774725820232999837e-02 -8.644257654994481899e-02 -1.317657747096768507e-02 1.774724820146766566e-02 1.774721496919873590e-02 6.234451205926762850e-03 1.584514168190573682e-02 1.774724820146766219e-02 1.774724820146766219e-02 1.645157020095139311e-02 1.663125383909562841e-02 1.774724820146766219e-02 1.774724820146766219e-02
8.279811010029065887e-03 -1.739406027875598643e-02 1.835625907087590908e-02 1.835625907087590908e-02 -9.023525713906130341e-02 -7.541110095685068550e-03 1.835625907087590908e-02 1.835625907087590908e-02 1.242874075389648926e-02 1.686297695148892065e-02 1.835625907087573214e-02 1.835625907087573214e-02 1.630896491158034117e-02 1.665534145102036401e-02 1.835625907087573214e-02 1.835624904733857560e-02
4.676850926936533363e-03 -1.488674835395000472e-02 1.816701301677186783e-02 1.816701301677186783e-02 -8.923498711774739689e-02 -9.034707094077467499e-03 1.816705632253733105e-02 1.816705632253733105e-02 1.281453149195403880e-02 1.601881316386798842e-02 1.816702303326324028e-02 1.816702303326324028e-02 1.522441696293873499e-02 1.744583980915976121e-02 1.816701301677186783e-02 1.816702303326324028e-02
7.212961241490636020e-03 -1.720796534035766434e-02 1.816828256459041002e-02 1.816832587057553433e-02 -8.907695726863087970e-02 -9.264173167104282347e-03 1.816832587057553433e-02 1.816832587057553433e-02 1.152746074181251051e-02 1.648239108178066806e-02 1.816829258112899817e-02 1.816832587057553433e-02 1.791565644033789317e-02 1.560542405695436279e-02 1.816829258112899817e-02 1.816832587057553433e-02
1.016234579995540892e-02 -1.457707327508570190e-02 1.826843132008253850e-02 1.826846462313044470e-02 -8.961774546750891912e-02 -1.345174837941078179e-02 1.826846462313044470e-02 1.826843132008263218e-02 1.098419733787155649e-02 1.658293795663821207e-02 1.826843132008253850e-02 1.826846462313035796e-02 1.816753066922966245e-02 1.620565649843435166e-02 1.826846462313035796e-02 1.826846462313035796e-02
9.202271691896536307e-03 -9.486940171560502913e-03 1.821439411127213567e-02 1.821439411127213567e-02 -8.957848124521183841e-02 -1.304828266231918693e-02 1.821440412952666718e-02 1.821439411127213914e-02 4.725075112903013783e-03 1.790052388031312253e-02 1.821439411127213567e-02 1.821439411127213567e-02 1.662440731495814020e-02 1.720196659731220573e-02 1.821439411127213567e-02 1.821436081556859765e-02
2.117588844345367604e-03 -1.078856637388412448e-02 1.758142983805870488e-02 1.758142983805870488e-02 -8.544595037586824593e-02 -1.381594478329688062e-02 1.758147304251518259e-02 1.758147304251518259e-02 5.194416593772457728e-03 1.674578883649045086e-02 1.758147304251518259e-02 1.758147304251518259e-02 1.541848864899501501e-02 1.655113293762390525e-02 1.758147304251518259e-02 1.758147304251518259e-02
4.333238704411388267e-03 -6.024182403281299301e-03 1.813027816343680196e-02 1.813027816343680196e-02 -8.911958607567598001e-02 -1.540040385719581434e-02 1.813028817855919655e-02 1.813028817855919655e-02 1.011907359611004774e-02 1.576913359855267732e-02 1.813024487915775376e-02 1.813028817855919655e-02 1.637410363147996997e-02 1.641652065625880466e-02 1.813028817855919655e-02 1.813028817855919655e-02
3.679227131699352137e-03 -1.121248578869703815e-05 1.857770920549597915e-02 1.857769917370984472e-02 -9.175896633469703134e-02 -1.551638104861318562e-02 1.857775258234656626e-02 1.857775258234656626e-02 1.022208499084839919e-02 1.750506389528043091e-02 1.857774255055983162e-02 1.857774255055983162e-02 1.506314093720611397e-02 1.846847769908878042e-02 1.857774255055983162e-02 1.857774255055983162e-02
4.424093069232426685e-03 -6.753870002770862024e-03 1.829906173355494436e-02 1.829906173355494436e-02 -9.018366600436307501e-02 -1.323032756533324035e-02 1.829905171214677578e-02 1.829905171214677578e-02 9.392209603267033871e-03 1.704844072233266047e-02 1.829905171214677578e-02 1.829906173355494436e-02 1.656929767660203154e-02 1.715299666124846592e-02 1.829906173355494436e-02 1.829904169073877027e-02
1.138890862374193104e-02 -1.172908596915743680e-02 1.800707041379697934e-02 1.800707041379697934e-02 -8.781574925907488505e-02 -1.932897128251099411e-02 1.800707041379697587e-02 1.800707041379697587e-02 1.004513757431510154e-02 1.624266477026816216e-02 1.800707041379697587e-02 1.800707041379697587e-02 1.604467656924708080e-02 1.665150929875075167e-02 1.800707041379697587e-02 1.800707041379697587e-02
1.042874025063746622e-02 -1.418214341251924568e-02 1.756513035589537045e-02 1.756513035589537045e-02 -8.494764030483498152e-02 -1.642074023547039976e-02 1.756514034998020793e-02 1.756513035589537045e-02 3.023377393836924713e-03 1.498309134101222066e-02 1.756513035589537391e-02 1.756517355753286005e-02 1.536689528805068074e-02 1.782171949744235442e-02 1.756517355753286005e-02 1.756517355753286005e-02
1.140267266318272833e-02 -1.284215493843256922e-02 1.802367975824292062e-02 1.802367975824292062e-02 -8.834680433876367089e-02 -1.185252335996853090e-02 1.802371302804990985e-02 1.802371302804990985e-02 3.842460615089160394e-03 1.600246013315308885e-02 1.802367975824292062e-02 1.802367975824292062e-02 1.519627745861281548e-02 1.793162945197903854e-02 1.802367975824292062e-02 1.802367975824292062e-02
1.093549845796961718e-02 -1.431353105213670554e-02 1.781747727697243280e-02 1.781752052225953759e-02 -8.687433479833939209e-02 -1.295353427572974725e-02 1.781748728045015606e-02 1.781748728045015606e-02 3.037288712171049097e-03 1.698637378955080920e-02 1.781747727697243280e-02 1.781752052225953759e-02 1.463011884516602669e-02 1.754416932572481352e-02 1.781747727697243280e-02 1.781747727697243280e-02
1.065225611719982160e-02 -1.711348195471932773e-02 1.804083485955371505e-02 1.804080158742158921e-02 -8.819161801690172942e-02 -1.150145509960694840e-02 1.804083485955371505e-02 1.804080158742158921e-02 7.585200373259039404e-03 1.845074532009071538e-02 1.804083485955371505e-02 1.804080158742159615e-02 1.455000005082180380e-02 1.734461502607953162e-02 1.804080158742159615e-02 1.804083485955371852e-02
1.027594995011409454e-02 -1.814887056731107409e-02 1.776363244370625372e-02 1.776363244370625372e-02 -8.628890150540716175e-02 -1.221960743879285313e-02 1.776363244370625372e-02 1.776363244370625372e-02 5.272162516281320155e-03 1.636891345797381395e-02 1.776367567967876079e-02 1.776367567967876079e-02 1.455648256668169542e-02 1.870352624183535192e-02 1.776367567967876079e-02 1.776367567967876079e-02
9.835467311767221929e-03 -1.207813194134777814e-02 1.805821808734450404e-02 1.805821808734450404e-02 -8.840087640283837700e-02 -1.505383726616534544e-02 1.805825136184184901e-02 1.805821808734450404e-02 6.354205961951466322e-03 1.747955047972467313e-02 1.805821808734450404e-02 1.805821808734450404e-02 1.558134227412684251e-02 1.818385055443822590e-02 1.805821808734450404e-02 1.805821808734450404e-02
4.544726197731313762e-03 -8.929636324129363451e-03 1.788897353208527760e-02 1.788897353208527760e-02 -8.750128834047751769e-02 -1.529914169505025047e-02 1.788898353822451770e-02 1.788898353822451770e-02 7.132530427756016145e-03 1.738173279521802034e-02 1.788896352594620057e-02 1.788896352594620057e-02 1.581908338306144482e-02 1.655501049453314902e-02 1.788896352594620057e-02 1.788896352594620057e-02
5.096756799616181458e-03 -5.295254839736292761e-03 1.841686870178190286e-02 1.841687872757806835e-02 -9.095276860195292135e-02 -1.209378879997333005e-02 1.841688875337431017e-02 1.841688875337431017e-02 7.663425404539110294e-03 1.753247344040994443e-02 1.841688875337431017e-02 1.841688875337431017e-02 1.838342687901682940e-02 1.536820185584923670e-02 1.841688875337431017e-02 1.841688875337431017e-02
2.513883886391362395e-03 -1.096414796237705873e-02 1.765598726145357900e-02 1.765599725892033275e-02 -8.592248712726852089e-02 -1.461982672934568003e-02 1.765600725638733978e-02 1.765600725638733978e-02 8.145680110065740137e-03 1.586984613287253584e-02 1.765600725638742652e-02 1.765601725385459661e-02 1.704476478743160300e-02 1.484071793385438424e-02 1.765600725638742652e-02 1.765600725638742652e-02
3.428579996996389701e-03 -1.190801436232914734e-02 1.785069307048681858e-02 1.785069307048681858e-02 -8.728963989896552922e-02 -1.274420884949226639e-02 1.785069307048681858e-02 1.785069307048681858e-02 1.015959024979519107e-02 1.589500203535338177e-02 1.785070307520104579e-02 1.785069307048681858e-02 1.615637408441000442e-02 1.550880753165541533e-02 1.785069307048681858e-02 1.785069307048681858e-02
3.523901474157143526e-03 -1.241964432970954144e-02 1.807017679515476871e-02 1.807019682092684057e-02 -8.852029423253261753e-02 -1.379910716918135612e-02 1.807019682092684057e-02 1.807020683381324946e-02 1.488357429877990197e-02 1.741759747999881147e-02 1.807019682092684057e-02 1.807019682092684057e-02 1.567679563818447433e-02 1.524147299896747715e-02 1.807020683381325293e-02 1.807020683381325293e-02
2.864277273279292567e-03 -1.627597375604240837e-02 1.782153477121431809e-02 1.782157801720332321e-02 -8.673233984023208387e-02 -1.320879828481241226e-02 1.782152476758577103e-02 1.782154477484302474e-02 1.449882309321952854e-02 1.644831081019114752e-02 1.782153477121431809e-02 1.782153477121431809e-02 1.597711706410483504e-02 1.561351946889736643e-02 1.782153477121431809e-02 1.782153477121431809e-02
4.854125499872399482e-03 -7.441240581902246881e-03 1.836259035519272401e-02 1.836260037896713521e-02 -9.029121568674912390e-02 -1.639667970539322728e-02 1.836258033141856608e-02 1.836258033141856608e-02 1.253725215582605218e-02 1.868368786766538489e-02 1.836260037896722888e-02 1.836260037896722888e-02 1.635753603634892972e-02 1.714119582159179256e-02 1.836259035519273095e-02 1.836260037896722888e-02
5.690428389492452159e-03 -5.496694104734303581e-03 1.798577365131437053e-02 1.798577365131437053e-02 -8.769973877657165351e-02 -2.206422423188287088e-02 1.798577365131437053e-02 1.798577365131437053e-02 1.096134837355471070e-02 1.618328115240517603e-02 1.798574362208679028e-02 1.798576364157167956e-02 1.723609820321122740e-02 1.638192765317246502e-02 1.798576364157167956e-02 1.798577365131437053e-02
5.089124436004301665e-03 -1.299467583535270261e-02 1.815638336615617993e-02 1.815639338225187582e-02 -8.915785751864738207e-02 -1.145959377805338616e-02 1.815640339834765499e-02 1.815640339834765499e-02 1.117915847806784727e-02 1.590460254184968350e-02 1.815640339834765499e-02 1.815640339834765499e-02 1.856736373713463450e-02 1.579380886107207074e-02 1.815639338225187582e-02 1.815639338225187582e-02
5.936612654374155522e-03 -8.996042630719196589e-03 1.873015410358800162e-02 1.873017417851906979e-02 -9.276948247101492184e-02 -5.361795373904769055e-03 1.873016414105341254e-02 1.873015410358800162e-02 8.743211145776788942e-03 1.579961942277055900e-02 1.873017417851906979e-02 1.873017417851906979e-02 1.819225340216163583e-02 1.766484537018638001e-02 1.873017417851906979e-02 1.873017417851906979e-02
6.485078812163473649e-03 -1.117115186490046964e-02 1.823334842004962000e-02 1.823335843901095418e-02 -8.976794939171968413e-02 -1.033708392404626697e-02 1.823335843901095418e-02 1.823334842004962000e-02 7.301407024727049611e-03 1.593219268297345337e-02 1.823333840108835868e-02 1.823335843901113112e-02 1.734091338609586655e-02 1.790002767820515067e-02 1.823335843901113112e-02 1.823335843901113112e-02
7.807844296172462839e-03 -3.839198937980205922e-03 1.881299963412062445e-02 1.881300967467234783e-02 -9.298704248630523805e-02 -1.425696956802362421e-02 1.881301971522449795e-02 1.881301971522449795e-02 1.159107537461088154e-02 1.730776024344167149e-02 1.881295621653027161e-02 1.881298959356906067e-02 1.751539327980159572e-02 1.727551766567097039e-02 1.881298959356906067e-02 1.881298959356906067e-02
8.606235397213446436e-03 -9.626698636322856759e-03 1.862740710246153439e-02 1.862740710246153439e-02 -9.196524170061501358e-02 -1.164410277866693988e-02 1.862740710246153439e-02 1.862741713609912877e-02 1.136912066980740738e-02 1.667512797828903451e-02 1.862738703518649133e-02 1.862739706882375959e-02 1.692743027373791453e-02 1.798688185786771060e-02 1.862739706882375959e-02 1.862739706882375959e-02
2.936411259886289454e-03 -1.154754646186655943e-02 1.791547072124565626e-02 1.791547072124565626e-02 -8.763476488522843610e-02 -1.380832691157479926e-02 1.791547072124565626e-02 1.791547072124565626e-02 1.242436193499712495e-02 1.649048917279084120e-02 1.791546071412020505e-02 1.791548072837144054e-02 1.621179710941786367e-02 1.498457704357633070e-02 1.791548072837144054e-02 1.791547072124565626e-02
2.445870860534074716e-03 -9.790059549213196016e-03 1.819187219184458665e-02 1.819188220926168387e-02 -8.923032787561692436e-02 -1.552953159495716433e-02 1.819188220926168387e-02 1.819188220926168387e-02 1.628837843394425125e-02 1.834401368413636491e-02 1.819187219184449644e-02 1.819187219184449644e-02 1.557541286571083143e-02 1.539094061956025779e-02 1.819187219184449644e-02 1.819187219184449644e-02
2.099605728407166229e-03 -1.214007406391446296e-02 1.785945067937935379e-02 1.785945067937935379e-02 -8.747834981947401334e-02 -9.581102550414636806e-03 1.785946068441972290e-02 1.785946068441972290e-02 7.952084500693337374e-03 1.645495319265150719e-02 1.785945067937935379e-02 1.785945067937935379e-02 1.620799598576560044e-02 1.568340337142024726e-02 1.785945067937935379e-02 1.785945067937935379e-02
1.113447852427387752e-02 -1.324208609809050807e-02 1.829086597852641952e-02 1.829086597852641952e-02 -8.994589936627582494e-02 -1.145327837550445295e-02 1.829086597852641952e-02 1.829086597852641952e-02 7.691897331181285144e-03 1.795826658554575128e-02 1.829087599962990127e-02 1.829086597852641952e-02 1.536130253829064325e-02 1.701675074077556998e-02 1.829086597852641952e-02 1.829087599962990127e-02
1.087602499839007697e-02 -7.790362007882746867e-03 1.826249597178841028e-02 1.826250599183538298e-02 -8.993885475146895514e-02 -1.285170419490743073e-02 1.826250599183538298e-02 1.826250599183538298e-02 3.241898198691515499e-03 1.819317676814339799e-02 1.826250599183538645e-02 1.826250599183538645e-02 1.516313890046577101e-02 1.713420157402077010e-02 1.826250599183538645e-02 1.826250599183538645e-02
9.548972855253192241e-03 -7.905135006944589635e-03 1.836266461682033516e-02 1.836267464059767457e-02 -9.016166007406943572e-02 -1.832877093960518997e-02 1.836267464059767457e-02 1.836267464059767457e-02 1.016044096934804429e-02 1.804048838379529451e-02 1.836267464059767457e-02 1.836266461682033516e-02 1.600739281435833647e-02 1.820193804320837869e-02 1.836267464059767457e-02 1.836267464059767457e-02
4.673058750244259846e-03 -1.145862813297825536e-02 1.818006231336072309e-02 1.818007233033798117e-02 -8.932922762923833915e-02 -1.236612934657587391e-02 1.818006231336072309e-02 1.818006231336072309e-02 1.102248960775875121e-02 1.739864119162193301e-02 1.818007233033798117e-02 1.818006231336072309e-02 1.713517777476461154e-02 1.610010292707025892e-02 1.818006231336072309e-02 1.818006231336072309e-02
8.086911742444365331e-04 -8.513089541789486264e-03 1.767372115670657121e-02 1.767372115670657121e-02 -8.579339288612677916e-02 -1.881517174682175580e-02 1.767372115670657121e-02 1.767372115670657121e-02 1.141217385965131829e-02 1.636336727457753104e-02 1.767372115670657121e-02 1.767373115483311316e-02 1.584606386924897886e-02 1.601125426070016539e-02 1.767372115670657121e-02 1.767373115483311316e-02
1.739943064858139998e-03 -1.516500558578138744e-02 1.750164368451473385e-02 1.750164368451473385e-02 -8.463297441159285672e-02 -1.377539480915132390e-02 1.750162370107141013e-02 1.750162370107141013e-02 1.045889886120601221e-02 1.530402133520575997e-02 1.750162370107141013e-02 1.750163369279303383e-02 1.420957602605614836e-02 1.704368478734281933e-02 1.750162370107141013e-02 1.750162370107141013e-02
8.995366714781396697e-03 -1.288818899816960954e-02 1.846116109549180220e-02 1.846116109549180220e-02 -9.100627964780019785e-02 -9.524666837841470890e-03 1.846116109549180220e-02 1.846116109549180220e-02 9.200104731970358204e-03 1.717374146712345381e-02 1.846114104060135944e-02 1.846114104060135944e-02 1.585902435116141179e-02 1.862940930792793964e-02 1.846114104060135944e-02 1.846114104060135944e-02
9.566897489282985209e-03 -1.017123181306571651e-02 1.879660914016263382e-02 1.879665255492229264e-02 -9.297230910600132181e-02 -8.410180017502592864e-03 1.879666259486506910e-02 1.879666259486506910e-02 1.124682455121529465e-02 1.654942408423376241e-02 1.879660914016263382e-02 1.879665255492229264e-02 1.811237597189000251e-02 1.622741735698421395e-02 1.879665255492229264e-02 1.879660914016263382e-02
8.507724264144898157e-03 -1.032913349193590596e-02 1.862461829517790199e-02 1.862461829517790199e-02 -9.208598069300810707e-02 -7.974154551544888545e-03 1.862461829517790199e-02 1.862460826164416897e-02 8.716104545366445272e-03 1.673464069168157167e-02 1.862461829517790199e-02 1.862461829517790199e-02 1.849063118670512748e-02 1.607584423041054020e-02 1.862461829517790199e-02 1.862461829517790199e-02
1.198669446480484131e-02 -1.820046035831815456e-02 1.843966168044950185e-02 1.843966168044950185e-02 -9.068400402042163522e-02 -6.030384273526681084e-03 1.843968173373998834e-02 1.843967170709462020e-02 7.978780024467406820e-03 1.754212215704542208e-02 1.843967170709462020e-02 1.843967170709462020e-02 1.759242300424981170e-02 1.619086621220598363e-02 1.843967170709462020e-02 1.843967170709462020e-02
1.199466345882816733e-02 -1.597671820113857888e-02 1.833884427624327129e-02 1.833884427624327129e-02 -9.027377322884580502e-02 -5.214260902514489433e-03 1.833883425335336090e-02 1.833885429913360149e-02 3.580395580734147942e-03 1.722257531857680421e-02 1.833884427624327129e-02 1.833884427624327129e-02 1.796054819735652328e-02 1.573559207998052878e-02 1.833883425335336090e-02 1.833883425335336090e-02
1.222605077112806811e-02 -1.651445541381247120e-02 1.850651614666197139e-02 1.850652617579719161e-02 -9.094985915503062124e-02 -1.114514454234390335e-02 1.850652617579719161e-02 1.850652617579719161e-02 1.233927154825899090e-02 1.654619895187288067e-02 1.850652617579719161e-02 1.850652617579719161e-02 1.724222460001368501e-02 1.755747218579474869e-02 1.850652617579719161e-02 1.850652617579719161e-02
1.077103124438293959e-02 -1.178266477730357045e-02 1.808629760601606490e-02 1.808629760601606490e-02 -8.869937217505412252e-02 -1.293475926949470139e-02 1.808628759253030210e-02 1.808628759253030210e-02 3.608608669463387632e-03 1.679240056436004380e-02 1.808629760601606490e-02 1.808629760601606490e-02 1.792008223075540474e-02 1.644926714683810423e-02 1.808629760601606490e-02 1.808629760601606490e-02
