# pops for 16 qbits with connectivity m in chunks 4
2.000000029802322388e-01 2.000000029802322388e-01 2.000000029802322388e-01 2.000000029802322388e-01 3.999999463558197021e-01 1.999999880790710449e-01 1.999999880790710449e-01 1.999999880790710449e-01 1.999999880790710449e-01 1.999999880790710449e-01 1.999999880790710449e-01 1.999999880790710449e-01 1.999999880790710449e-01 1.999999880790710449e-01 1.999999880790710449e-01 1.999999880790710449e-01
2.000000178813934326e-01 2.000000178813934326e-01 2.000000178813934326e-01 2.000000178813934326e-01 3.524911105632781982e-01 2.075121104717254639e-01 2.121447771787643433e-01 2.278520613908767700e-01 2.000000178813934326e-01 2.000000178813934326e-01 2.000000178813934326e-01 2.000000178813934326e-01 2.000000178813934326e-01 2.000000178813934326e-01 2.000000178813934326e-01 2.000000178813934326e-01
2.000000327825546265e-01 2.000000327825546265e-01 2.000000327825546265e-01 2.000000327825546265e-01 3.574296534061431885e-01 2.040262520313262939e-01 2.098646610975265503e-01 2.286794930696487427e-01 2.000000327825546265e-01 2.000000327825546265e-01 2.000000327825546265e-01 2.000000327825546265e-01 2.000000327825546265e-01 2.000000327825546265e-01 2.000000327825546265e-01 2.000000327825546265e-01
2.000000029802322388e-01 2.000000029802322388e-01 2.000000029802322388e-01 2.000000327825546265e-01 3.602122068405151367e-01 2.214384675025939941e-01 2.136892825365066528e-01 2.046600133180618286e-01 2.000000029802322388e-01 2.000000029802322388e-01 2.000000029802322388e-01 2.000000029802322388e-01 2.000000029802322388e-01 2.000000029802322388e-01 2.000000029802322388e-01 2.000000029802322388e-01
1.999999880790710449e-01 1.999999880790710449e-01 1.999999880790710449e-01 1.999999880790710449e-01 3.627612888813018799e-01 2.222002595663070679e-01 2.114087492227554321e-01 2.036297768354415894e-01 2.000000178813934326e-01 2.000000178813934326e-01 2.000000178813934326e-01 2.000000178813934326e-01 1.999999880790710449e-01 2.000000178813934326e-01 2.000000178813934326e-01 2.000000178813934326e-01
2.000000178813934326e-01 2.000000178813934326e-01 2.000000178813934326e-01 2.000000178813934326e-01 3.411405384540557861e-01 2.113908082246780396e-01 2.200943678617477417e-01 2.273743301630020142e-01 2.000000029802322388e-01 2.000000029802322388e-01 2.000000029802322388e-01 2.000000029802322388e-01 2.000000029802322388e-01 2.000000029802322388e-01 2.000000029802322388e-01 2.000000029802322388e-01
1.999999880790710449e-01 1.999999880790710449e-01 1.999999880790710449e-01 2.000000029802322388e-01 3.671752512454986572e-01 2.078804522752761841e-01 2.171424180269241333e-01 2.078019231557846069e-01 2.000000178813934326e-01 2.000000178813934326e-01 2.000000178813934326e-01 2.000000178813934326e-01 2.000000178813934326e-01 2.000000178813934326e-01 2.000000178813934326e-01 2.000000178813934326e-01
2.000000029802322388e-01 2.000000029802322388e-01 2.000000029802322388e-01 2.000000029802322388e-01 3.741544187068939209e-01 2.087521106004714966e-01 2.077140063047409058e-01 2.093794643878936768e-01 2.000000178813934326e-01 2.000000178813934326e-01 2.000000178813934326e-01 2.000000178813934326e-01 2.000000029802322388e-01 2.000000029802322388e-01 2.000000029802322388e-01 2.000000029802322388e-01
1.999999880790710449e-01 1.999999880790710449e-01 1.999999880790710449e-01 1.999999880790710449e-01 3.590654432773590088e-01 2.051831930875778198e-01 2.180394083261489868e-01 2.177119851112365723e-01 2.000000178813934326e-01 2.000000178813934326e-01 2.000000178813934326e-01 2.000000178813934326e-01 2.000000178813934326e-01 2.000000178813934326e-01 2.000000178813934326e-01 2.000000178813934326e-01
2.000000029802322388e-01 2.000000178813934326e-01 2.000000029802322388e-01 2.000000178813934326e-01 3.503710329532623291e-01 2.159998267889022827e-01 2.070629447698593140e-01 2.265662699937820435e-01 1.999999880790710449e-01 1.999999880790710449e-01 1.999999880790710449e-01 1.999999880790710449e-01 1.999999880790710449e-01 1.999999880790710449e-01 1.999999880790710449e-01 1.999999880790710449e-01
1.999999880790710449e-01 1.999999880790710449e-01 1.999999880790710449e-01 2.000000029802322388e-01 3.726313412189483643e-01 2.090315967798233032e-01 2.182349711656570435e-01 2.001021206378936768e-01 2.000000178813934326e-01 2.000000178813934326e-01 2.000000178813934326e-01 2.000000178813934326e-01 2.000000178813934326e-01 2.000000178813934326e-01 2.000000178813934326e-01 2.000000178813934326e-01
2.000000029802322388e-01 2.000000029802322388e-01 2.000000029802322388e-01 2.000000029802322388e-01 3.506374061107635498e-01 2.311734259128570557e-01 2.023442685604095459e-01 2.158449888229370117e-01 2.000000029802322388e-01 2.000000029802322388e-01 2.000000029802322388e-01 2.000000029802322388e-01 2.000000029802322388e-01 2.000000029802322388e-01 2.000000029802322388e-01 2.000000029802322388e-01
1.999999880790710449e-01 1.999999880790710449e-01 1.999999880790710449e-01 1.999999880790710449e-01 3.550077974796295166e-01 2.150574326515197754e-01 2.118425071239471436e-01 2.180922925472259521e-01 2.000000029802322388e-01 2.000000029802322388e-01 2.000000029802322388e-01 2.000000029802322388e-01 2.000000029802322388e-01 2.000000029802322388e-01 2.000000029802322388e-01 2.000000029802322388e-01
1.999999880790710449e-01 2.000000029802322388e-01 2.000000029802322388e-01 1.999999880790710449e-01 3.529928028583526611e-01 2.093929350376129150e-01 2.201357930898666382e-01 2.174784243106842041e-01 2.000000178813934326e-01 2.000000178813934326e-01 2.000000178813934326e-01 2.000000178813934326e-01 2.000000178813934326e-01 2.000000178813934326e-01 2.000000178813934326e-01 2.000000178813934326e-01
2.000000029802322388e-01 2.000000327825546265e-01 2.000000178813934326e-01 2.000000029802322388e-01 3.719626665115356445e-01 2.194474935531616211e-01 2.120050489902496338e-01 1.965848356485366821e-01 2.000000178813934326e-01 2.000000178813934326e-01 2.000000178813934326e-01 2.000000178813934326e-01 2.000000178813934326e-01 2.000000178813934326e-01 2.000000178813934326e-01 2.000000178813934326e-01
1.999999880790710449e-01 1.999999880790710449e-01 1.999999880790710449e-01 1.999999880790710449e-01 3.535924255847930908e-01 2.197903543710708618e-01 2.079434692859649658e-01 2.186737358570098877e-01 2.000000178813934326e-01 2.000000178813934326e-01 2.000000029802322388e-01 2.000000029802322388e-01 1.999999880790710449e-01 2.000000178813934326e-01 2.000000029802322388e-01 2.000000178813934326e-01
2.000000327825546265e-01 2.000000178813934326e-01 2.000000178813934326e-01 2.000000178813934326e-01 3.554525673389434814e-01 2.064677625894546509e-01 2.275403589010238647e-01 2.105392515659332275e-01 2.000000029802322388e-01 2.000000029802322388e-01 2.000000029802322388e-01 2.000000029802322388e-01 2.000000029802322388e-01 2.000000029802322388e-01 2.000000029802322388e-01 2.000000029802322388e-01
2.000000178813934326e-01 1.999999880790710449e-01 1.999999880790710449e-01 2.000000029802322388e-01 3.752909302711486816e-01 2.083319425582885742e-01 2.057972401380538940e-01 2.105799317359924316e-01 2.000000178813934326e-01 2.000000178813934326e-01 2.000000178813934326e-01 2.000000178813934326e-01 2.000000178813934326e-01 2.000000178813934326e-01 2.000000178813934326e-01 2.000000178813934326e-01
2.000000029802322388e-01 1.999999880790710449e-01 2.000000029802322388e-01 1.999999880790710449e-01 3.646944165229797363e-01 2.227841615676879883e-01 2.016109526157379150e-01 2.109104394912719727e-01 1.999999880790710449e-01 1.999999880790710449e-01 1.999999880790710449e-01 1.999999880790710449e-01 1.999999880790710449e-01 1.999999880790710449e-01 1.999999880790710449e-01 1.999999880790710449e-01
2.000000029802322388e-01 2.000000029802322388e-01 2.000000029802322388e-01 2.000000029802322388e-01 3.543917238712310791e-01 2.005366086959838867e-01 2.101564109325408936e-01 2.349153012037277222e-01 1.999999880790710449e-01 1.999999880790710449e-01 1.999999880790710449e-01 1.999999880790710449e-01 1.999999880790710449e-01 1.999999880790710449e-01 1.999999880790710449e-01 1.999999880790710449e-01
1.999999880790710449e-01 1.999999880790710449e-01 1.999999880790710449e-01 1.999999880790710449e-01 3.637689948081970215e-01 2.006925642490386963e-01 2.194569110870361328e-01 2.160815447568893433e-01 2.000000029802322388e-01 2.000000029802322388e-01 2.000000029802322388e-01 2.000000029802322388e-01 2.000000029802322388e-01 2.000000029802322388e-01 2.000000029802322388e-01 2.000000029802322388e-01
2.000000029802322388e-01 2.000000029802322388e-01 2.000000178813934326e-01 2.000000029802322388e-01 3.650355041027069092e-01 2.268968820571899414e-01 2.012296319007873535e-01 2.068379670381546021e-01 2.000000178813934326e-01 2.000000178813934326e-01 2.000000178813934326e-01 2.000000178813934326e-01 2.000000178813934326e-01 2.000000178813934326e-01 2.000000178813934326e-01 2.000000178813934326e-01
2.000000327825546265e-01 2.000000029802322388e-01 2.000000327825546265e-01 2.000000029802322388e-01 3.546976745128631592e-01 2.083311975002288818e-01 2.233718633651733398e-01 2.135993093252182007e-01 2.000000029802322388e-01 2.000000029802322388e-01 1.999999880790710449e-01 2.000000029802322388e-01 2.000000029802322388e-01 2.000000029802322388e-01 2.000000029802322388e-01 2.000000029802322388e-01
1.999999880790710449e-01 2.000000029802322388e-01 1.999999880790710449e-01 1.999999880790710449e-01 3.547908067703247070e-01 2.055722624063491821e-01 2.287929505109786987e-01 2.108439803123474121e-01 1.999999880790710449e-01 1.999999880790710449e-01 1.999999880790710449e-01 1.999999880790710449e-01 1.999999880790710449e-01 1.999999880790710449e-01 1.999999880790710449e-01 1.999999880790710449e-01
2.000000029802322388e-01 2.000000029802322388e-01 2.000000327825546265e-01 2.000000029802322388e-01 3.792245686054229736e-01 2.165093421936035156e-01 1.989663094282150269e-01 2.052997946739196777e-01 2.000000029802322388e-01 2.000000029802322388e-01 2.000000029802322388e-01 2.000000029802322388e-01 2.000000029802322388e-01 2.000000029802322388e-01 2.000000029802322388e-01 2.000000029802322388e-01
2.000000029802322388e-01 2.000000029802322388e-01 2.000000029802322388e-01 2.000000178813934326e-01 3.580468893051147461e-01 2.137436121702194214e-01 2.114931643009185791e-01 2.167163789272308350e-01 2.000000029802322388e-01 2.000000029802322388e-01 2.000000029802322388e-01 2.000000029802322388e-01 2.000000029802322388e-01 1.999999880790710449e-01 1.999999880790710449e-01 2.000000029802322388e-01
2.000000029802322388e-01 1.999999880790710449e-01 1.999999880790710449e-01 2.000000029802322388e-01 3.581010699272155762e-01 2.013392150402069092e-01 2.114225178956985474e-01 2.291371375322341919e-01 2.000000029802322388e-01 2.000000029802322388e-01 2.000000029802322388e-01 2.000000029802322388e-01 2.000000029802322388e-01 2.000000029802322388e-01 2.000000029802322388e-01 2.000000029802322388e-01
1.999999880790710449e-01 1.999999880790710449e-01 1.999999880790710449e-01 1.999999880790710449e-01 3.632960617542266846e-01 2.028145939111709595e-01 2.147938609123229980e-01 2.190954834222793579e-01 2.000000178813934326e-01 2.000000178813934326e-01 2.000000029802322388e-01 2.000000178813934326e-01 2.000000029802322388e-01 2.000000029802322388e-01 2.000000029802322388e-01 2.000000029802322388e-01
2.000000178813934326e-01 1.999999880790710449e-01 2.000000029802322388e-01 2.000000178813934326e-01 3.547896742820739746e-01 2.243969738483428955e-01 2.068839520215988159e-01 2.139293998479843140e-01 2.000000029802322388e-01 2.000000029802322388e-01 2.000000029802322388e-01 2.000000029802322388e-01 2.000000029802322388e-01 2.000000029802322388e-01 2.000000029802322388e-01 2.000000029802322388e-01
2.000000327825546265e-01 2.000000327825546265e-01 1.999999880790710449e-01 2.000000029802322388e-01 3.590299189090728760e-01 2.096344679594039917e-01 2.218704372644424438e-01 2.094651460647583008e-01 2.000000029802322388e-01 2.000000029802322388e-01 2.000000029802322388e-01 2.000000029802322388e-01 2.000000029802322388e-01 2.000000029802322388e-01 2.000000029802322388e-01 2.000000178813934326e-01
2.000000029802322388e-01 1.999999880790710449e-01 1.999999880790710449e-01 1.999999880790710449e-01 3.535913527011871338e-01 2.164798080921173096e-01 2.154690623283386230e-01 2.144598364830017090e-01 1.999999880790710449e-01 1.999999880790710449e-01 1.999999731779098511e-01 2.000000029802322388e-01 1.999999880790710449e-01 1.999999880790710449e-01 1.999999880790710449e-01 2.000000029802322388e-01
2.000000178813934326e-01 2.000000029802322388e-01 2.000000029802322388e-01 2.000000029802322388e-01 3.688326179981231689e-01 2.180301100015640259e-01 2.087152749300003052e-01 2.044219672679901123e-01 2.000000178813934326e-01 1.999999880790710449e-01 1.999999880790710449e-01 1.999999880790710449e-01 2.000000178813934326e-01 2.000000029802322388e-01 2.000000029802322388e-01 2.000000029802322388e-01
2.000000327825546265e-01 2.000000029802322388e-01 2.000000029802322388e-01 2.000000029802322388e-01 3.585093915462493896e-01 2.229179888963699341e-01 2.115770876407623291e-01 2.069955170154571533e-01 2.000000029802322388e-01 2.000000029802322388e-01 2.000000029802322388e-01 1.999999880790710449e-01 2.000000029802322388e-01 2.000000029802322388e-01 2.000000029802322388e-01 2.000000029802322388e-01
2.000000178813934326e-01 2.000000178813934326e-01 2.000000029802322388e-01 2.000000029802322388e-01 3.589903712272644043e-01 2.080965638160705566e-01 2.149810194969177246e-01 2.179320901632308960e-01 1.999999880790710449e-01 1.999999880790710449e-01 1.999999880790710449e-01 1.999999880790710449e-01 1.999999880790710449e-01 1.999999880790710449e-01 1.999999880790710449e-01 1.999999880790710449e-01
1.999999880790710449e-01 1.999999880790710449e-01 1.999999880790710449e-01 1.999999880790710449e-01 3.520064651966094971e-01 2.114159017801284790e-01 2.147358506917953491e-01 2.218417674303054810e-01 1.999999880790710449e-01 1.999999880790710449e-01 1.999999880790710449e-01 1.999999880790710449e-01 1.999999880790710449e-01 1.999999880790710449e-01 1.999999880790710449e-01 1.999999880790710449e-01
1.999999880790710449e-01 2.000000029802322388e-01 1.999999880790710449e-01 2.000000029802322388e-01 3.632511198520660400e-01 2.264762818813323975e-01 2.047867774963378906e-01 2.054858058691024780e-01 2.000000178813934326e-01 2.000000178813934326e-01 2.000000178813934326e-01 2.000000178813934326e-01 2.000000178813934326e-01 2.000000178813934326e-01 2.000000178813934326e-01 2.000000178813934326e-01
2.000000029802322388e-01 1.999999880790710449e-01 2.000000029802322388e-01 2.000000178813934326e-01 3.595201671123504639e-01 2.128964662551879883e-01 2.115871459245681763e-01 2.159961909055709839e-01 2.000000029802322388e-01 2.000000029802322388e-01 2.000000029802322388e-01 2.000000029802322388e-01 2.000000029802322388e-01 1.999999880790710449e-01 1.999999880790710449e-01 2.000000029802322388e-01
1.999999880790710449e-01 1.999999880790710449e-01 1.999999880790710449e-01 1.999999880790710449e-01 3.597552180290222168e-01 1.957368999719619751e-01 2.212054878473281860e-01 2.233024090528488159e-01 2.000000178813934326e-01 1.999999880790710449e-01 1.999999880790710449e-01 1.999999880790710449e-01 2.000000178813934326e-01 2.000000178813934326e-01 1.999999880790710449e-01 2.000000178813934326e-01
1.999999880790710449e-01 1.999999880790710449e-01 1.999999880790710449e-01 1.999999880790710449e-01 3.661723434925079346e-01 2.212221026420593262e-01 2.040049880743026733e-01 2.086005508899688721e-01 2.000000029802322388e-01 1.999999880790710449e-01 1.999999880790710449e-01 1.999999880790710449e-01 2.000000029802322388e-01 1.999999880790710449e-01 1.999999880790710449e-01 2.000000029802322388e-01
2.000000029802322388e-01 2.000000029802322388e-01 2.000000029802322388e-01 2.000000029802322388e-01 3.783089518547058105e-01 2.088196724653244019e-01 2.090545445680618286e-01 2.038168758153915405e-01 2.000000178813934326e-01 1.999999880790710449e-01 1.999999880790710449e-01 1.999999880790710449e-01 1.999999880790710449e-01 1.999999880790710449e-01 1.999999880790710449e-01 1.999999880790710449e-01
2.000000029802322388e-01 2.000000029802322388e-01 2.000000029802322388e-01 1.999999880790710449e-01 3.427602648735046387e-01 2.098095118999481201e-01 2.253049463033676147e-01 2.221253216266632080e-01 2.000000327825546265e-01 2.000000029802322388e-01 2.000000029802322388e-01 2.000000029802322388e-01 2.000000178813934326e-01 2.000000029802322388e-01 1.999999880790710449e-01 2.000000327825546265e-01
2.000000327825546265e-01 2.000000178813934326e-01 2.000000178813934326e-01 2.000000178813934326e-01 3.666266798973083496e-01 2.140483707189559937e-01 2.051887661218643188e-01 2.141361683607101440e-01 2.000000029802322388e-01 2.000000029802322388e-01 2.000000029802322388e-01 2.000000029802322388e-01 2.000000029802322388e-01 2.000000029802322388e-01 2.000000029802322388e-01 2.000000029802322388e-01
2.000000327825546265e-01 2.000000178813934326e-01 2.000000178813934326e-01 2.000000178813934326e-01 3.561149835586547852e-01 2.314339131116867065e-01 2.099837511777877808e-01 2.024673372507095337e-01 2.000000029802322388e-01 1.999999731779098511e-01 2.000000029802322388e-01 2.000000029802322388e-01 2.000000029802322388e-01 2.000000029802322388e-01 1.999999880790710449e-01 2.000000029802322388e-01
2.000000029802322388e-01 2.000000029802322388e-01 2.000000029802322388e-01 2.000000029802322388e-01 3.666164278984069824e-01 1.964050084352493286e-01 2.167736887931823730e-01 2.202049046754837036e-01 2.000000178813934326e-01 2.000000029802322388e-01 2.000000029802322388e-01 2.000000029802322388e-01 2.000000178813934326e-01 2.000000029802322388e-01 2.000000029802322388e-01 2.000000029802322388e-01
2.000000029802322388e-01 2.000000029802322388e-01 1.999999880790710449e-01 2.000000029802322388e-01 3.509997725486755371e-01 2.008813917636871338e-01 2.156311273574829102e-01 2.324877232313156128e-01 2.000000029802322388e-01 2.000000029802322388e-01 2.000000029802322388e-01 2.000000029802322388e-01 2.000000029802322388e-01 2.000000029802322388e-01 2.000000029802322388e-01 2.000000029802322388e-01
2.000000029802322388e-01 1.999999880790710449e-01 1.999999880790710449e-01 1.999999880790710449e-01 3.794023692607879639e-01 2.091232687234878540e-01 2.037593573331832886e-01 2.077150642871856689e-01 2.000000327825546265e-01 2.000000029802322388e-01 1.999999880790710449e-01 2.000000029802322388e-01 2.000000327825546265e-01 2.000000029802322388e-01 2.000000029802322388e-01 2.000000029802322388e-01
1.999999880790710449e-01 1.999999880790710449e-01 1.999999880790710449e-01 1.999999880790710449e-01 3.645796775817871094e-01 2.012200504541397095e-01 2.194353640079498291e-01 2.147648632526397705e-01 2.000000029802322388e-01 2.000000029802322388e-01 2.000000029802322388e-01 2.000000029802322388e-01 2.000000029802322388e-01 2.000000029802322388e-01 2.000000029802322388e-01 2.000000029802322388e-01
2.000000327825546265e-01 2.000000029802322388e-01 2.000000029802322388e-01 2.000000029802322388e-01 3.546703755855560303e-01 2.081883400678634644e-01 2.197670787572860718e-01 2.173742055892944336e-01 1.999999880790710449e-01 1.999999880790710449e-01 1.999999880790710449e-01 2.000000029802322388e-01 2.000000029802322388e-01 2.000000029802322388e-01 2.000000029802322388e-01 2.000000029802322388e-01
2.000000029802322388e-01 2.000000029802322388e-01 2.000000029802322388e-01 2.000000029802322388e-01 3.550959527492523193e-01 2.293716967105865479e-01 2.007679343223571777e-01 2.147644460201263428e-01 2.000000178813934326e-01 2.000000029802322388e-01 2.000000029802322388e-01 2.000000029802322388e-01 2.000000029802322388e-01 2.000000029802322388e-01 2.000000029802322388e-01 2.000000029802322388e-01
2.000000029802322388e-01 2.000000029802322388e-01 2.000000029802322388e-01 2.000000029802322388e-01 3.651651442050933838e-01 2.207741886377334595e-01 2.199719101190567017e-01 1.940888166427612305e-01 2.000000178813934326e-01 2.000000029802322388e-01 2.000000029802322388e-01 2.000000029802322388e-01 2.000000178813934326e-01 2.000000327825546265e-01 2.000000178813934326e-01 2.000000327825546265e-01
2.000000327825546265e-01 2.000000029802322388e-01 2.000000029802322388e-01 2.000000327825546265e-01 3.493160307407379150e-01 2.190208733081817627e-01 2.082145065069198608e-01 2.234486639499664307e-01 2.000000178813934326e-01 2.000000327825546265e-01 2.000000029802322388e-01 2.000000029802322388e-01 2.000000327825546265e-01 2.000000178813934326e-01 2.000000029802322388e-01 2.000000327825546265e-01
1.999999880790710449e-01 1.999999880790710449e-01 1.999999880790710449e-01 1.999999880790710449e-01 3.562222719192504883e-01 2.051143944263458252e-01 2.171164453029632568e-01 2.215469032526016235e-01 2.000000178813934326e-01 2.000000178813934326e-01 2.000000178813934326e-01 2.000000178813934326e-01 2.000000327825546265e-01 2.000000178813934326e-01 2.000000178813934326e-01 2.000000178813934326e-01
1.999999880790710449e-01 2.000000178813934326e-01 2.000000178813934326e-01 1.999999880790710449e-01 3.586186170578002930e-01 2.154437303543090820e-01 2.125665545463562012e-01 2.133710980415344238e-01 2.000000029802322388e-01 1.999999880790710449e-01 1.999999880790710449e-01 2.000000029802322388e-01 2.000000029802322388e-01 2.000000029802322388e-01 1.999999880790710449e-01 2.000000178813934326e-01
2.000000029802322388e-01 1.999999880790710449e-01 1.999999880790710449e-01 2.000000029802322388e-01 3.761680424213409424e-01 2.062866240739822388e-01 2.167271524667739868e-01 2.008181512355804443e-01 2.000000029802322388e-01 2.000000029802322388e-01 2.000000029802322388e-01 2.000000029802322388e-01 2.000000178813934326e-01 2.000000029802322388e-01 2.000000029802322388e-01 2.000000029802322388e-01
2.000000327825546265e-01 2.000000327825546265e-01 2.000000029802322388e-01 2.000000029802322388e-01 3.436478376388549805e-01 2.171476632356643677e-01 2.083356827497482300e-01 2.308688908815383911e-01 2.000000178813934326e-01 2.000000178813934326e-01 2.000000178813934326e-01 2.000000178813934326e-01 2.000000178813934326e-01 2.000000178813934326e-01 2.000000178813934326e-01 2.000000178813934326e-01
2.000000029802322388e-01 2.000000029802322388e-01 2.000000029802322388e-01 2.000000029802322388e-01 3.681962192058563232e-01 2.132732272148132324e-01 2.148188799619674683e-01 2.037116885185241699e-01 2.000000178813934326e-01 1.999999880790710449e-01 1.999999880790710449e-01 2.000000029802322388e-01 2.000000178813934326e-01 2.000000178813934326e-01 2.000000178813934326e-01 2.000000178813934326e-01
2.000000178813934326e-01 1.999999880790710449e-01 1.999999880790710449e-01 1.999999880790710449e-01 3.700794279575347900e-01 2.211747169494628906e-01 2.055632621049880981e-01 2.031825929880142212e-01 2.000000178813934326e-01 2.000000029802322388e-01 2.000000029802322388e-01 2.000000029802322388e-01 2.000000029802322388e-01 2.000000029802322388e-01 2.000000029802322388e-01 2.000000029802322388e-01
2.000000029802322388e-01 2.000000029802322388e-01 2.000000029802322388e-01 2.000000029802322388e-01 3.556981086730957031e-01 2.148169428110122681e-01 2.108011096715927124e-01 2.186838239431381226e-01 1.999999880790710449e-01 1.999999880790710449e-01 1.999999880790710449e-01 1.999999880790710449e-01 1.999999880790710449e-01 1.999999880790710449e-01 1.999999880790710449e-01 1.999999880790710449e-01
2.000000029802322388e-01 2.000000029802322388e-01 1.999999880790710449e-01 2.000000029802322388e-01 3.450325131416320801e-01 2.102190852165222168e-01 2.138299494981765747e-01 2.309184819459915161e-01 2.000000029802322388e-01 1.999999880790710449e-01 1.999999880790710449e-01 1.999999880790710449e-01 2.000000029802322388e-01 1.999999880790710449e-01 1.999999880790710449e-01 1.999999880790710449e-01
2.000000029802322388e-01 1.999999880790710449e-01 1.999999880790710449e-01 1.999999880790710449e-01 3.700730502605438232e-01 2.208758294582366943e-01 2.146882116794586182e-01 1.943629235029220581e-01 2.000000029802322388e-01 1.999999880790710449e-01 1.999999880790710449e-01 1.999999880790710449e-01 2.000000029802322388e-01 1.999999880790710449e-01 1.999999880790710449e-01 1.999999880790710449e-01
2.000000029802322388e-01 2.000000029802322388e-01 2.000000029802322388e-01 2.000000029802322388e-01 3.612962961196899414e-01 2.158722430467605591e-01 2.094209939241409302e-01 2.134104520082473755e-01 2.000000029802322388e-01 1.999999880790710449e-01 1.999999880790710449e-01 1.999999880790710449e-01 2.000000029802322388e-01 2.000000029802322388e-01 1.999999880790710449e-01 2.000000029802322388e-01
2.000000178813934326e-01 1.999999880790710449e-01 1.999999880790710449e-01 2.000000029802322388e-01 3.515302836894989014e-01 1.994957029819488525e-01 2.255543470382690430e-01 2.234196960926055908e-01 2.000000029802322388e-01 1.999999880790710449e-01 1.999999880790710449e-01 2.000000029802322388e-01 2.000000029802322388e-01 2.000000029802322388e-01 2.000000029802322388e-01 2.000000029802322388e-01
2.000000178813934326e-01 2.000000029802322388e-01 2.000000029802322388e-01 2.000000029802322388e-01 3.736857771873474121e-01 2.082749158143997192e-01 2.082228809595108032e-01 2.098163813352584839e-01 2.000000178813934326e-01 2.000000029802322388e-01 2.000000029802322388e-01 2.000000178813934326e-01 2.000000178813934326e-01 2.000000178813934326e-01 2.000000029802322388e-01 2.000000476837158203e-01
2.000000327825546265e-01 2.000000327825546265e-01 2.000000178813934326e-01 2.000000327825546265e-01 3.867754042148590088e-01 2.016043514013290405e-01 2.047768831253051758e-01 2.068433016538619995e-01 2.000000178813934326e-01 2.000000029802322388e-01 2.000000029802322388e-01 2.000000029802322388e-01 2.000000178813934326e-01 2.000000178813934326e-01 2.000000029802322388e-01 2.000000178813934326e-01
2.000000029802322388e-01 1.999999880790710449e-01 1.999999880790710449e-01 1.999999880790710449e-01 3.437035381793975830e-01 2.081523388624191284e-01 2.134277671575546265e-01 2.347163408994674683e-01 2.000000029802322388e-01 1.999999880790710449e-01 1.999999731779098511e-01 1.999999880790710449e-01 2.000000029802322388e-01 1.999999731779098511e-01 1.999999731779098511e-01 2.000000029802322388e-01
2.000000029802322388e-01 1.999999880790710449e-01 1.999999880790710449e-01 1.999999880790710449e-01 3.614484071731567383e-01 2.107419967651367188e-01 2.061320394277572632e-01 2.216775566339492798e-01 2.000000029802322388e-01 1.999999880790710449e-01 1.999999880790710449e-01 1.999999880790710449e-01 2.000000029802322388e-01 2.000000029802322388e-01 2.000000029802322388e-01 2.000000029802322388e-01
1.999999880790710449e-01 1.999999880790710449e-01 1.999999880790710449e-01 1.999999731779098511e-01 3.590210378170013428e-01 2.229202538728713989e-01 2.191451936960220337e-01 1.989134997129440308e-01 2.000000178813934326e-01 1.999999880790710449e-01 1.999999880790710449e-01 1.999999880790710449e-01 2.000000029802322388e-01 1.999999880790710449e-01 1.999999880790710449e-01 2.000000029802322388e-01
2.000000178813934326e-01 1.999999880790710449e-01 1.999999880790710449e-01 1.999999880790710449e-01 3.545349240303039551e-01 2.183705568313598633e-01 2.138747721910476685e-01 2.132197171449661255e-01 2.000000178813934326e-01 2.000000029802322388e-01 2.000000029802322388e-01 2.000000029802322388e-01 2.000000178813934326e-01 2.000000029802322388e-01 2.000000029802322388e-01 2.000000029802322388e-01
2.000000029802322388e-01 1.999999880790710449e-01 1.999999880790710449e-01 2.000000029802322388e-01 3.483544886112213135e-01 2.101126015186309814e-01 2.219298332929611206e-01 2.196030020713806152e-01 2.000000029802322388e-01 1.999999880790710449e-01 1.999999880790710449e-01 1.999999880790710449e-01 2.000000029802322388e-01 2.000000029802322388e-01 2.000000029802322388e-01 1.999999880790710449e-01
2.000000029802322388e-01 2.000000029802322388e-01 1.999999880790710449e-01 2.000000029802322388e-01 3.744835555553436279e-01 2.093027085065841675e-01 2.115400731563568115e-01 2.046735584735870361e-01 2.000000178813934326e-01 2.000000178813934326e-01 1.999999880790710449e-01 2.000000178813934326e-01 2.000000178813934326e-01 2.000000178813934326e-01 2.000000178813934326e-01 2.000000178813934326e-01
2.000000029802322388e-01 2.000000029802322388e-01 2.000000029802322388e-01 1.999999880790710449e-01 3.731923401355743408e-01 2.024874985218048096e-01 2.120438963174819946e-01 2.122762054204940796e-01 2.000000178813934326e-01 2.000000029802322388e-01 2.000000029802322388e-01 2.000000029802322388e-01 2.000000029802322388e-01 2.000000029802322388e-01 2.000000029802322388e-01 2.000000029802322388e-01
1.999999880790710449e-01 1.999999880790710449e-01 1.999999880790710449e-01 1.999999880790710449e-01 3.489870131015777588e-01 2.160608321428298950e-01 2.084368169307708740e-01 2.265152931213378906e-01 1.999999880790710449e-01 1.999999880790710449e-01 1.999999880790710449e-01 1.999999880790710449e-01 1.999999880790710449e-01 1.999999880790710449e-01 1.999999880790710449e-01 1.999999880790710449e-01
1.999999880790710449e-01 1.999999880790710449e-01 1.999999880790710449e-01 1.999999880790710449e-01 3.606279790401458740e-01 2.104379832744598389e-01 2.104648202657699585e-01 2.184691727161407471e-01 1.999999880790710449e-01 1.999999880790710449e-01 1.999999880790710449e-01 1.999999880790710449e-01 2.000000029802322388e-01 1.999999880790710449e-01 1.999999731779098511e-01 1.999999880790710449e-01
2.000000029802322388e-01 1.999999880790710449e-01 1.999999731779098511e-01 1.999999880790710449e-01 3.596677482128143311e-01 2.205831259489059448e-01 2.166145294904708862e-01 2.031345069408416748e-01 2.000000029802322388e-01 2.000000029802322388e-01 1.999999880790710449e-01 1.999999880790710449e-01 2.000000029802322388e-01 1.999999880790710449e-01 1.999999880790710449e-01 2.000000029802322388e-01
2.000000029802322388e-01 1.999999880790710449e-01 1.999999880790710449e-01 1.999999880790710449e-01 3.537318408489227295e-01 2.296099513769149780e-01 2.026791721582412720e-01 2.139789909124374390e-01 2.000000178813934326e-01 1.999999880790710449e-01 1.999999880790710449e-01 1.999999880790710449e-01 2.000000178813934326e-01 1.999999880790710449e-01 1.999999880790710449e-01 2.000000178813934326e-01
2.000000029802322388e-01 1.999999880790710449e-01 2.000000029802322388e-01 2.000000029802322388e-01 3.498094379901885986e-01 2.106393873691558838e-01 2.208124548196792603e-01 2.187386602163314819e-01 2.000000029802322388e-01 2.000000029802322388e-01 2.000000029802322388e-01 2.000000029802322388e-01 2.000000178813934326e-01 2.000000029802322388e-01 2.000000029802322388e-01 2.000000029802322388e-01
1.999999880790710449e-01 1.999999880790710449e-01 1.999999880790710449e-01 1.999999880790710449e-01 3.680947124958038330e-01 2.077747583389282227e-01 2.183993458747863770e-01 2.057311236858367920e-01 2.000000029802322388e-01 2.000000029802322388e-01 1.999999880790710449e-01 2.000000029802322388e-01 2.000000029802322388e-01 2.000000029802322388e-01 2.000000029802322388e-01 2.000000029802322388e-01
2.000000029802322388e-01 1.999999880790710449e-01 1.999999880790710449e-01 1.999999880790710449e-01 3.691765069961547852e-01 2.222444862127304077e-01 2.047018557786941528e-01 2.038770765066146851e-01 2.000000178813934326e-01 1.999999880790710449e-01 1.999999731779098511e-01 1.999999731779098511e-01 2.000000029802322388e-01 1.999999880790710449e-01 1.999999880790710449e-01 2.000000029802322388e-01
2.000000178813934326e-01 1.999999880790710449e-01 1.999999880790710449e-01 1.999999880790710449e-01 3.524251878261566162e-01 2.105354368686676025e-01 2.145281583070755005e-01 2.225111126899719238e-01 2.000000178813934326e-01 1.999999731779098511e-01 1.999999731779098511e-01 1.999999731779098511e-01 1.999999880790710449e-01 1.999999731779098511e-01 1.999999731779098511e-01 1.999999731779098511e-01
2.000000178813934326e-01 2.000000029802322388e-01 2.000000029802322388e-01 2.000000029802322388e-01 3.596044778823852539e-01 2.069761604070663452e-01 2.207748591899871826e-01 2.126445025205612183e-01 2.000000178813934326e-01 1.999999880790710449e-01 1.999999880790710449e-01 1.999999880790710449e-01 1.999999880790710449e-01 1.999999880790710449e-01 2.000000178813934326e-01 2.000000178813934326e-01
1.999999880790710449e-01 2.000000029802322388e-01 1.999999731779098511e-01 2.000000029802322388e-01 3.777674436569213867e-01 2.135677337646484375e-01 2.011239081621170044e-01 2.075408101081848145e-01 2.000000178813934326e-01 1.999999880790710449e-01 1.999999880790710449e-01 2.000000029802322388e-01 2.000000029802322388e-01 2.000000029802322388e-01 2.000000029802322388e-01 2.000000029802322388e-01
2.000000029802322388e-01 2.000000029802322388e-01 1.999999880790710449e-01 2.000000029802322388e-01 3.495788872241973877e-01 2.200141698122024536e-01 2.071479111909866333e-01 2.232588827610015869e-01 2.000000327825546265e-01 1.999999880790710449e-01 1.999999880790710449e-01 2.000000029802322388e-01 2.000000178813934326e-01 2.000000029802322388e-01 1.999999880790710449e-01 2.000000029802322388e-01
2.000000029802322388e-01 1.999999880790710449e-01 1.999999880790710449e-01 2.000000029802322388e-01 3.645671308040618896e-01 1.910023391246795654e-01 2.173569053411483765e-01 2.270735353231430054e-01 2.000000178813934326e-01 1.999999880790710449e-01 1.999999880790710449e-01 1.999999880790710449e-01 2.000000029802322388e-01 1.999999880790710449e-01 2.000000178813934326e-01 2.000000327825546265e-01
2.000000029802322388e-01 2.000000029802322388e-01 1.999999731779098511e-01 2.000000029802322388e-01 3.624171316623687744e-01 2.163580954074859619e-01 2.115215361118316650e-01 2.097031623125076294e-01 2.000000178813934326e-01 1.999999880790710449e-01 1.999999880790710449e-01 1.999999880790710449e-01 2.000000029802322388e-01 1.999999880790710449e-01 1.999999880790710449e-01 2.000000029802322388e-01
2.000000029802322388e-01 1.999999880790710449e-01 1.999999880790710449e-01 1.999999880790710449e-01 3.693457543849945068e-01 2.160220146179199219e-01 2.066653519868850708e-01 2.079668343067169189e-01 2.000000029802322388e-01 1.999999880790710449e-01 1.999999731779098511e-01 1.999999880790710449e-01 1.999999880790710449e-01 1.999999880790710449e-01 1.999999880790710449e-01 2.000000029802322388e-01
2.000000178813934326e-01 1.999999880790710449e-01 1.999999880790710449e-01 2.000000029802322388e-01 3.443094193935394287e-01 2.083511948585510254e-01 2.314169704914093018e-01 2.159223407506942749e-01 2.000000178813934326e-01 1.999999880790710449e-01 1.999999731779098511e-01 1.999999731779098511e-01 1.999999880790710449e-01 1.999999880790710449e-01 1.999999880790710449e-01 2.000000178813934326e-01
2.000000178813934326e-01 1.999999880790710449e-01 1.999999880790710449e-01 1.999999880790710449e-01 3.720475435256958008e-01 2.093699276447296143e-01 2.132469415664672852e-01 2.053355127573013306e-01 2.000000327825546265e-01 2.000000029802322388e-01 2.000000029802322388e-01 2.000000029802322388e-01 2.000000327825546265e-01 2.000000029802322388e-01 2.000000029802322388e-01 2.000000029802322388e-01
2.000000029802322388e-01 1.999999880790710449e-01 1.999999880790710449e-01 2.000000029802322388e-01 3.651493191719055176e-01 2.184347063302993774e-01 2.029629498720169067e-01 2.134528607130050659e-01 2.000000178813934326e-01 2.000000178813934326e-01 2.000000029802322388e-01 2.000000178813934326e-01 2.000000178813934326e-01 2.000000178813934326e-01 2.000000178813934326e-01 2.000000178813934326e-01
2.000000029802322388e-01 1.999999880790710449e-01 1.999999880790710449e-01 1.999999880790710449e-01 3.569251596927642822e-01 2.096305936574935913e-01 2.140462249517440796e-01 2.193979024887084961e-01 2.000000029802322388e-01 1.999999880790710449e-01 1.999999880790710449e-01 1.999999880790710449e-01 2.000000029802322388e-01 1.999999731779098511e-01 1.999999880790710449e-01 1.999999880790710449e-01
2.000000029802322388e-01 2.000000029802322388e-01 2.000000029802322388e-01 1.999999880790710449e-01 3.592962920665740967e-01 2.024474889039993286e-01 2.067516148090362549e-01 2.315045148134231567e-01 2.000000327825546265e-01 1.999999731779098511e-01 1.999999731779098511e-01 1.999999880790710449e-01 2.000000178813934326e-01 1.999999731779098511e-01 1.999999880790710449e-01 2.000000178813934326e-01
2.000000029802322388e-01 1.999999880790710449e-01 1.999999880790710449e-01 1.999999880790710449e-01 3.628750741481781006e-01 2.072588205337524414e-01 2.188473045825958252e-01 2.110186666250228882e-01 2.000000029802322388e-01 2.000000029802322388e-01 1.999999731779098511e-01 2.000000029802322388e-01 2.000000178813934326e-01 2.000000029802322388e-01 2.000000029802322388e-01 2.000000178813934326e-01
2.000000029802322388e-01 1.999999880790710449e-01 1.999999880790710449e-01 2.000000029802322388e-01 3.533895611763000488e-01 2.241497337818145752e-01 2.076028138399124146e-01 2.148578315973281860e-01 2.000000476837158203e-01 1.999999880790710449e-01 1.999999880790710449e-01 1.999999880790710449e-01 2.000000029802322388e-01 1.999999880790710449e-01 1.999999880790710449e-01 2.000000327825546265e-01
2.000000029802322388e-01 2.000000029802322388e-01 1.999999731779098511e-01 2.000000029802322388e-01 3.617358207702636719e-01 2.088496237993240356e-01 2.260715663433074951e-01 2.033428549766540527e-01 2.000000178813934326e-01 1.999999731779098511e-01 2.000000029802322388e-01 2.000000029802322388e-01 2.000000178813934326e-01 1.999999731779098511e-01 2.000000178813934326e-01 2.000000178813934326e-01
2.000000029802322388e-01 1.999999880790710449e-01 1.999999880790710449e-01 1.999999880790710449e-01 3.529673814773559570e-01 2.226632833480834961e-01 2.091372311115264893e-01 2.152320146560668945e-01 2.000000327825546265e-01 2.000000178813934326e-01 2.000000178813934326e-01 2.000000178813934326e-01 2.000000178813934326e-01 2.000000178813934326e-01 2.000000178813934326e-01 2.000000178813934326e-01
2.000000178813934326e-01 2.000000178813934326e-01 2.000000029802322388e-01 2.000000029802322388e-01 3.716904520988464355e-01 2.184241116046905518e-01 2.103279531002044678e-01 1.995573341846466064e-01 2.000000178813934326e-01 1.999999880790710449e-01 1.999999731779098511e-01 1.999999880790710449e-01 2.000000178813934326e-01 1.999999880790710449e-01 1.999999880790710449e-01 2.000000178813934326e-01
2.000000178813934326e-01 2.000000178813934326e-01 1.999999880790710449e-01 1.999999880790710449e-01 3.511271774768829346e-01 2.243550568819046021e-01 2.077015638351440430e-01 2.168160676956176758e-01 2.000000178813934326e-01 1.999999880790710449e-01 2.000000029802322388e-01 2.000000029802322388e-01 2.000000178813934326e-01 2.000000029802322388e-01 2.000000029802322388e-01 2.000000178813934326e-01
2.000000178813934326e-01 2.000000029802322388e-01 2.000000029802322388e-01 2.000000029802322388e-01 3.623671829700469971e-01 1.996227055788040161e-01 2.179489135742187500e-01 2.200611084699630737e-01 2.000000029802322388e-01 1.999999880790710449e-01 1.999999582767486572e-01 1.999999731779098511e-01 2.000000178813934326e-01 1.999999731779098511e-01 1.999999731779098511e-01 1.999999880790710449e-01
1.999999880790710449e-01 1.999999880790710449e-01 1.999999880790710449e-01 1.999999880790710449e-01 3.507111370563507080e-01 2.169247865676879883e-01 2.104741185903549194e-01 2.218898683786392212e-01 2.000000178813934326e-01 2.000000029802322388e-01 1.999999582767486572e-01 1.999999880790710449e-01 2.000000029802322388e-01 1.999999880790710449e-01 2.000000029802322388e-01 2.000000029802322388e-01
2.000000029802322388e-01 1.999999880790710449e-01 1.999999880790710449e-01 2.000000029802322388e-01 3.704604506492614746e-01 2.219522893428802490e-01 2.066592723131179810e-01 2.009278535842895508e-01 2.000000178813934326e-01 1.999999880790710449e-01 2.000000029802322388e-01 2.000000029802322388e-01 2.000000029802322388e-01 1.999999880790710449e-01 1.999999880790710449e-01 2.000000178813934326e-01
1.999999880790710449e-01 1.999999880790710449e-01 1.999999880790710449e-01 1.999999880790710449e-01 3.550700843334197998e-01 2.015250623226165771e-01 2.197481840848922729e-01 2.236565947532653809e-01 2.000000178813934326e-01 1.999999731779098511e-01 1.999999880790710449e-01 2.000000029802322388e-01 2.000000178813934326e-01 2.000000029802322388e-01 2.000000029802322388e-01 2.000000029802322388e-01
2.000000029802322388e-01 2.000000029802322388e-01 1.999999880790710449e-01 1.999999880790710449e-01 3.653621077537536621e-01 2.065455466508865356e-01 2.149875164031982422e-01 2.131047397851943970e-01 2.000000178813934326e-01 1.999999880790710449e-01 1.999999582767486572e-01 1.999999880790710449e-01 2.000000178813934326e-01 1.999999880790710449e-01 1.999999880790710449e-01 2.000000178813934326e-01
