# ex_work for 8 qbits with connectivity gas and unitary DM 23338814632128
-9.396235507879802107e-02 1.406706849968649420e-01 1.406706849968649420e-01 1.406706849968649420e-01 -9.396235507879802107e-02 1.406706690892610412e-01 1.406706690892610412e-01 1.406706690892610412e-01
-6.523996321271437193e-02 9.508325527455815940e-02 1.956970604026924548e-02 9.508325527455815940e-02 -9.326654592848312997e-02 4.124854938284505668e-02 9.508325527455815940e-02 9.508325527455815940e-02
-3.568087630388036557e-02 -2.251526588675072105e-02 2.445372051547282585e-02 4.811530666477703555e-02 -5.566788676709400613e-02 1.197275269585009773e-02 4.434269499968130496e-02 5.109474627254364382e-02
-3.352124012842689488e-02 -1.317518668232073309e-02 2.935899312926364482e-02 2.112603861306619132e-02 -4.525328735512051948e-02 1.411072446905535342e-02 3.508367545506421020e-02 3.065317143451777235e-02
-3.358577109073455913e-02 7.298651938588490099e-04 2.961101102484036199e-02 8.021213648075347855e-03 -4.747031723827871419e-02 1.489894791065528301e-02 2.610897071848139114e-02 3.948266385019652547e-02
-3.305104074707680695e-02 -1.507758647533936512e-03 2.074516246008202211e-02 9.355232622381397939e-03 -3.714939838193603849e-02 2.132669916751142591e-02 1.630278782345145894e-02 2.926959604908720841e-02
-2.801908825973202857e-02 -4.778754299503227415e-03 9.791275908288807339e-03 2.659351383504728744e-02 -3.931243850315073451e-02 2.895331385929652765e-02 1.533909532890743999e-02 1.609325390275789455e-02
-2.692773404332508488e-02 7.871992421669698689e-03 7.513743546608158720e-03 2.497030909660454337e-02 -3.789321145573720101e-02 2.382030575878615539e-02 1.677092700078452320e-02 4.936812924079755048e-03
-3.765673104713630065e-02 1.121169812095151354e-02 5.669954605264569854e-03 2.064505684359844301e-02 -3.024241433004593027e-02 2.683698179750939813e-02 1.511829199124098758e-02 1.081403313160403043e-02
-4.106619743787946059e-02 1.387464405068623494e-02 3.938342506303631023e-03 1.973510970163248543e-02 -2.948241801759981379e-02 2.339034365690829606e-02 1.026629442188741609e-02 2.435187277763379426e-02
-3.971018255667323887e-02 9.028095458485319025e-03 1.867536399556629298e-02 1.008152161731174293e-02 -2.372756554935367621e-02 1.961567694845859147e-02 1.024506095837443218e-02 1.539254573599688029e-02
-4.023787766039903235e-02 4.097317506082333652e-03 1.635132355280078872e-02 1.152935772976626527e-02 -2.600539841287640569e-02 2.196053747501278131e-02 1.597485529262737680e-02 1.795513351230583129e-02
-3.139640731580001232e-02 8.075904536191357008e-03 3.638498680371312667e-03 1.212804751017930276e-02 -2.707918219342875590e-02 1.631855923056227745e-02 1.835569931708753641e-02 1.549611545997964766e-02
-2.914610292651380330e-02 1.104967684394417976e-02 -8.247425048907346340e-04 1.550162540028007276e-02 -2.477164957562164732e-02 1.414596882489138618e-02 1.562265994375965777e-02 1.169341707734131673e-02
-3.124607072838342728e-02 7.692830438758779636e-03 9.289641359693930414e-03 5.438192806704897873e-03 -2.424449123885825605e-02 1.770306021522379328e-02 1.903290835705929301e-02 1.033444783109818861e-02
-2.732822035866905308e-02 6.017065728419092666e-03 8.528157901834551233e-03 1.059765041821652404e-02 -3.247573988930705507e-02 1.560864455333417847e-02 1.732277853462930658e-02 1.792042490078200184e-02
-2.746595902470803929e-02 5.506188200846221133e-03 1.050783964104575093e-02 9.415498238509713291e-03 -3.284276598863065250e-02 1.533543935449990271e-02 1.943179670846916993e-02 1.667061609882845158e-02
-3.257553251600506933e-02 6.939358928256046319e-03 1.617753967675617313e-02 7.133531697878148746e-03 -3.105477498506751394e-02 1.789408904570614564e-02 2.305170118477082794e-02 1.124611116104089550e-02
-3.227528918869285168e-02 7.173797046150820131e-03 1.498961211936950498e-02 7.201127356828855401e-03 -3.098974154274729623e-02 2.059016944346213698e-02 1.958227881386145203e-02 1.214360916353062793e-02
-3.447077765195550453e-02 1.053985135991510926e-02 1.166563607502330881e-02 7.609033606235406783e-03 -3.363643335955696090e-02 2.298655021051869765e-02 2.401578868480138892e-02 1.326521994262067940e-02
-3.591477370996071228e-02 1.159136433917950203e-02 1.375685935062821372e-02 1.205805829353900210e-02 -3.203477568189409125e-02 1.981909012170570208e-02 2.015004148726002448e-02 1.182466621608153565e-02
-3.291827810535244425e-02 1.197014119252639772e-02 8.979552951076873527e-03 1.165854308900431124e-02 -3.332211735828026489e-02 1.895334448505058694e-02 2.183381452587627308e-02 1.299000203833404476e-02
-3.787542853598820092e-02 1.856465775833578483e-02 1.214743673488428814e-02 1.448503180612111842e-02 -2.855460936657051169e-02 1.109034944733112635e-02 1.905869602405882435e-02 1.158029382555993136e-02
-3.872124280617945946e-02 1.701350044642025577e-02 8.352773131100853232e-03 1.606688254378643016e-02 -2.861683808270837695e-02 1.096333546490327847e-02 1.795392961036737164e-02 1.832172302768586558e-02
-3.079298523671761961e-02 1.464351850373311892e-02 2.562125160180942895e-03 1.650379023955446042e-02 -2.712734668843828564e-02 1.263177773160628972e-02 8.503573221389367290e-03 1.833724654717361000e-02
-3.349268751095756808e-02 1.769477771473635178e-02 6.188711732190429332e-03 1.794120398430748553e-02 -3.037757658033830854e-02 1.327203904762251988e-02 1.367294583546025365e-02 1.358374369553239959e-02
-3.580171685029952949e-02 1.639959996413080379e-02 5.706342504055598140e-03 1.742124645367064406e-02 -3.022146699469826364e-02 1.716482147449192169e-02 1.504459746600756570e-02 1.436479756822543925e-02
-3.052530211586102632e-02 1.527388617683379975e-02 2.725892828119303758e-03 1.785623784625321384e-02 -3.080031627866347890e-02 1.110451321103026086e-02 1.677281306353074763e-02 1.473391980552557143e-02
-3.512431737683512772e-02 1.294286608006937206e-02 9.532100366016944132e-03 2.155884800323979930e-02 -2.946244190528914120e-02 1.006551247604639890e-02 1.796018527292407574e-02 1.169952889496609499e-02
-3.078266623535807350e-02 1.560699938977789906e-02 1.258202133676243964e-02 1.900261793712157074e-02 -3.002390382041227740e-02 2.238326452780462546e-03 1.390036254334961127e-02 1.433504964691930707e-02
-3.035987546827002490e-02 1.099128410863865410e-02 1.439247598051478401e-02 1.539746175662985543e-02 -3.388271102265204976e-02 1.028942447538872332e-02 1.595722332280909844e-02 1.567362744812849859e-02
-3.563704771702255053e-02 8.029815092723022879e-03 1.545228440779495248e-02 2.135738141821688987e-02 -3.048855985478888739e-02 1.270249240267338868e-02 1.412674174851419676e-02 1.454598764698612594e-02
-3.453833870778396514e-02 1.450603887819361393e-02 1.423808519322129242e-02 1.996504724673370951e-02 -3.661484050117993355e-02 1.595137545370547971e-02 1.515562897129474340e-02 1.464032399932561901e-02
-3.241059927914963223e-02 1.016762882504783881e-02 8.940900078139865995e-03 2.315774849251595741e-02 -3.468514757341865234e-02 1.446649903357792762e-02 1.422715295564326923e-02 1.694803712512846228e-02
-3.171159236075075244e-02 1.468382067638885312e-02 9.026218961934276072e-03 1.614490991988147897e-02 -3.386965082370950453e-02 1.359068783795512603e-02 1.699395555835682414e-02 1.449082393732621481e-02
-2.958214847660408167e-02 1.349816279824227194e-02 1.457081223394344170e-02 1.331850537901142079e-02 -2.957100731057037829e-02 1.099902608483223528e-02 1.259492841112646623e-02 9.348590022278498862e-03
-2.712857790659584101e-02 1.010461779493862684e-02 1.110160542867827567e-02 1.748493906807501233e-02 -3.224165133549999201e-02 7.481951595701794890e-03 1.394116111263029971e-02 1.491478913092837526e-02
-2.779231163682737218e-02 1.265604366409706950e-02 1.394923103914761688e-02 1.216139888158090238e-02 -2.953815004740291059e-02 3.515669544740765862e-03 1.517815903866560033e-02 1.438619646940046855e-02
-2.902083581503517654e-02 1.199690295124381315e-02 1.355550629323220950e-02 1.023391591295910903e-02 -2.722578231917582858e-02 5.522115212806881675e-03 1.382320334139522031e-02 1.486903028280081758e-02
-3.038027636862335179e-02 1.709584698780875628e-02 1.105259239889166273e-02 8.827233863399062616e-03 -2.788136584474995225e-02 1.051514087492805283e-02 1.141084945732995758e-02 1.417401369026448886e-02
-2.759734654159535019e-02 1.463020752383624445e-02 1.136337146271025958e-02 7.908430048561310502e-03 -3.069349911536625730e-02 1.194291429865452191e-02 1.148045013692793222e-02 1.578934148579775459e-02
-2.939068489515364591e-02 1.827065036655329405e-02 1.059118683040241767e-02 8.516858984690209994e-03 -3.149391934218594841e-02 1.368583408206757411e-02 1.133046362437752433e-02 1.491581328314412272e-02
-2.536385389243685576e-02 1.564763274133505050e-02 1.116928776125460099e-02 7.816023533941561172e-03 -3.283117859017565393e-02 1.120629949242067658e-02 1.346997092590998188e-02 1.388170953074492620e-02
-2.073918258870241157e-02 8.037947980827122793e-03 1.145313865712618319e-02 1.459556470680379268e-02 -3.418197648539916117e-02 9.646196724486529039e-03 1.509408554092231056e-02 9.901807819503566019e-03
-2.623117184411091068e-02 7.876589332388704914e-03 1.416795591812771912e-02 1.112241529580203572e-02 -3.330924725677453929e-02 1.155391664664154501e-02 1.839144031836194293e-02 1.228774314844841876e-02
-2.685002088684674063e-02 5.656904077567455856e-03 1.307057460774224515e-02 1.727870547165341261e-02 -3.253528092112477343e-02 1.245744880365704313e-02 1.840678954181450278e-02 8.476335841832214821e-03
-2.870342579458279308e-02 6.158371746912904079e-03 1.753616781723024362e-02 1.259720874160352548e-02 -3.251984117305576488e-02 1.207755859092039287e-02 1.856331175439329337e-02 1.117676092634271867e-02
-2.830233131940766006e-02 1.007795613939049643e-02 1.529090491128097355e-02 1.710077992882067313e-02 -3.185379564430944332e-02 1.227249693938241640e-02 1.273649891922981267e-02 8.656417781524969324e-03
-2.831130869909741221e-02 1.499263029615252422e-02 1.054519556414626469e-02 1.819177100304847708e-02 -3.030567953389766769e-02 9.316360891526442173e-03 1.541224937623733061e-02 5.480275166206750349e-03
-3.061122169564409537e-02 1.873147312466051650e-02 7.092250630748231886e-03 9.525515164368281162e-03 -2.826958010319812267e-02 3.415899595033679900e-03 2.359128397130449972e-02 1.279694821039580564e-02
-2.376513858005975185e-02 1.043293259425062680e-02 6.144042154669644880e-03 1.036920883689858124e-02 -2.983147494985647838e-02 9.559610754329192495e-03 1.905979601328072759e-02 1.069649450549439371e-02
-2.214645747912356508e-02 1.545710218606461198e-02 8.209324175093202572e-03 8.611149094587412789e-03 -2.851074930444397193e-02 9.380399018375680520e-03 1.469905826543644635e-02 5.485275114005222323e-03
-2.125723022847469598e-02 1.608516892343308732e-02 8.451233623330053207e-03 4.766897941829242175e-03 -2.849309952079416910e-02 7.710989118203006101e-03 1.752762311287368521e-02 6.326502878789238768e-03
-2.405220258803635741e-02 1.427469710871072557e-02 1.550494527537136895e-02 5.567286124747000339e-03 -3.258549526834270127e-02 5.620116600421626134e-03 1.856741707812021441e-02 1.180602623497323256e-02
-2.766194794613803520e-02 1.102205119722480565e-02 1.513206391544812297e-02 9.513365170204643104e-03 -3.128255115077226839e-02 7.933849853686558706e-03 2.176035010470404180e-02 9.237869581102835237e-03
-2.839279029912890676e-02 1.221412677828209725e-02 1.534399703877828772e-02 1.399844027956919160e-02 -2.881849229860990527e-02 1.154073467976674591e-03 1.649203420500697237e-02 1.275002944602039376e-02
-2.806553034164726429e-02 1.398811864467732272e-02 1.047729043901141424e-02 8.337035764075420574e-03 -2.646971064041873933e-02 4.747106390372917220e-03 1.707936683210716997e-02 1.292354232310344471e-02
-2.502209286378918526e-02 1.052304265834367800e-02 9.418891784718993326e-03 1.430450372119624648e-02 -3.177370014485885602e-02 6.560996495098026307e-03 2.152726060850949918e-02 9.097861490125667971e-03
-3.065352638555336739e-02 1.456058405407483804e-02 5.502997171591114504e-03 1.024189095634349747e-02 -2.808081398086452463e-02 1.496983388508952087e-02 2.262194207817743927e-02 6.650453451865808406e-03
-3.103237697561185560e-02 1.232449167402991687e-02 1.044838489161659979e-02 1.081920010823843314e-02 -2.664933623456611222e-02 1.025755470120831223e-02 1.693255586895685630e-02 1.139077536777116130e-02
-3.084208627317401238e-02 1.548319427077109178e-02 1.358143554216179917e-02 1.206593034340095426e-02 -2.790479034614235312e-02 8.466116461406669041e-03 1.522528694006847379e-02 9.039921325611271694e-03
-3.070040155518776598e-02 1.904538876808346479e-02 1.373995072053417650e-02 1.298607708404053186e-02 -3.206748756211223739e-02 5.657811531624580732e-03 2.003177327359668969e-02 9.323844575234729176e-03
-2.735444176876454525e-02 1.486985705870470451e-02 1.547381358681438474e-02 1.233947254816845571e-02 -3.038575223221420124e-02 1.755648671871529176e-03 1.398351793739676177e-02 1.430650016621787084e-02
-2.906964538375883533e-02 1.117769623097255444e-02 2.073264035700768740e-02 1.535618949316252570e-02 -3.432756533844356917e-02 3.601507589046555342e-03 2.303960500927967198e-02 8.610624176964641607e-03
-3.072752288632849688e-02 1.137564844405907112e-02 2.170527593340493624e-02 1.607079856272375373e-02 -3.183415937205683749e-02 6.340549912100779464e-03 2.406274351796004740e-02 1.933409306703568874e-03
-3.591576525659265912e-02 1.316188378287722581e-02 1.840344418491426243e-02 1.863410168918038304e-02 -2.991297302061319066e-02 7.491001532526744659e-03 2.380912171748287426e-02 5.046859172616492174e-03
-3.497802837863724090e-02 1.314708561183651481e-02 1.706419107602212548e-02 1.776548757160420836e-02 -2.878361093807589241e-02 8.018149790390696058e-03 2.279359356003282655e-02 4.204699790980739350e-03
-3.378499348780634320e-02 1.225961742516823438e-02 2.311499027460842126e-02 1.448315535939198248e-02 -2.867457977462621599e-02 9.214792622327373089e-03 1.316415283075569702e-02 8.106084121949198515e-03
-2.949294661746094254e-02 1.346012913211217833e-02 2.141896041090166070e-02 1.046557515312987637e-02 -3.031065723290582090e-02 9.864848342340722456e-03 1.496516966993185344e-02 5.767963390820651966e-03
-3.451452112417120743e-02 1.017074846179287680e-02 1.992973952370910920e-02 1.125651743133391711e-02 -2.667676969975340054e-02 6.511052729961663843e-03 1.579129808549480790e-02 1.468181024280923799e-02
-3.241437502354331535e-02 1.142291501177616735e-02 1.596158294244059625e-02 4.802173723875769080e-03 -2.689822635859762806e-02 1.417161794563822665e-02 1.288173493461223888e-02 1.582647410488100329e-02
-3.256789751893996582e-02 1.420188814538861539e-02 1.605360215789973510e-02 1.807919573212616324e-03 -2.636218725566983820e-02 1.446522308878591713e-02 1.064070986114084953e-02 1.771531421780008636e-02
-2.971943061729527200e-02 1.467194601969018866e-02 1.718780387594935274e-02 3.166108071551925352e-03 -3.125791246183747679e-02 1.389602393502142701e-02 1.485483052931409545e-02 1.398537986502746203e-02
-2.906223682729381502e-02 1.740335878642755227e-02 1.373160994892007152e-02 3.881125228099525839e-03 -2.550311628190961646e-02 1.125620944317315408e-02 1.278166549922171366e-02 8.650446630893853656e-03
-2.870894933261201529e-02 1.615184829896837773e-02 1.267451153546048266e-02 9.888842392439775239e-03 -2.965505339473786112e-02 1.270020966177303097e-02 5.513634388064737359e-03 1.647731103227718583e-02
-3.407380833756822047e-02 1.714914623242989530e-02 1.474422802811475690e-02 1.268267446814907128e-02 -2.639165069922256093e-02 1.029985065543852218e-02 1.247173945870659259e-02 9.476448450659136907e-03
-2.962889190066207712e-02 1.152521774101523434e-02 1.027068697431838228e-02 1.143712861074153847e-02 -2.993628993125718035e-02 2.094804142071146624e-02 1.262702560475129770e-02 8.520182522047954621e-03
-3.365712761516510831e-02 1.376277087963306313e-02 1.647670921003469360e-02 1.044387508421076513e-02 -2.745958897962917644e-02 1.260486078400555564e-02 1.256877134807038617e-02 1.181900597510630348e-02
-3.335286819801339120e-02 1.834964072260693649e-02 1.002271783239359372e-02 1.514946821780027882e-02 -3.149003511409440709e-02 9.777056209182170832e-03 1.327074330663385350e-02 1.723741832738270516e-02
-3.358529800670525395e-02 1.972049037779458405e-02 9.520418168157324112e-03 1.564560492347062681e-02 -2.791021768682875118e-02 9.082279683979387411e-03 1.130261828207528366e-02 1.326860870773670549e-02
-3.194607788390835951e-02 1.955575914165334078e-02 1.161388328342159368e-02 1.881086244160683207e-02 -2.970927418973999534e-02 9.035664519714041443e-03 6.389720226587031898e-03 1.351474386576176009e-02
-3.629091929224308177e-02 2.668105019480930193e-02 1.415393300173779269e-02 2.027048992100902863e-02 -3.115161029326872846e-02 1.164733981314616806e-02 7.977874043224869247e-03 8.504518173795624567e-03
-3.222316557701323386e-02 2.401990673675096291e-02 1.220948340520293905e-02 2.096765770041985819e-02 -3.253770494889893228e-02 1.256667461944814546e-02 1.019421656095169729e-02 4.581542602307178171e-03
-2.573931042216756615e-02 1.445386230225850256e-02 1.408833645606607891e-02 1.184334901842550546e-02 -3.319044424339194499e-02 1.199498755754744954e-02 8.529969690287622294e-03 1.337194315804239413e-02
-2.373714921810511289e-02 1.550554342587417110e-02 1.355150767935160185e-02 8.490502351165480840e-03 -3.236024185529193242e-02 9.535971714201505953e-03 1.003248614408883133e-02 1.289421761545308555e-02
-2.762545598529951921e-02 9.979139757665509911e-03 1.059537068715413199e-02 1.344828054809503459e-02 -2.941699411198000699e-02 1.016479271233359724e-02 1.147910052869889445e-02 1.539345106913616798e-02
-3.258731366091489196e-02 8.211213392273089204e-03 1.647799061651829960e-02 1.294586143487574253e-02 -2.569795318215906121e-02 1.388822232117536970e-02 6.262498642036236698e-03 1.573315824757890932e-02
-3.277293001323990790e-02 1.716446052159252902e-02 1.898629345049913583e-02 8.810606411628001122e-03 -2.936142164025474025e-02 7.007446084854930014e-03 8.947393088821146284e-03 1.890727540248177824e-02
-3.027506890795605629e-02 1.122561939584281777e-02 1.094944814003947532e-02 1.692354727254247529e-02 -3.204079939938598437e-02 7.129860915209181027e-03 1.474657720979115696e-02 1.880062095445667741e-02
-2.545303346074544171e-02 1.729557175286702483e-02 9.829060044171375465e-03 4.924950780570712221e-03 -3.239097568402356936e-02 1.024437620338686759e-02 1.846775413989809253e-02 1.226339693840846484e-02
-2.314787689488581601e-02 1.417241432484903085e-02 9.064633509848634557e-03 6.776416678306807807e-03 -3.019578825809464753e-02 9.077505835806574594e-03 1.372190279289229112e-02 1.292588949433805777e-02
-2.592067756635388354e-02 1.163544459381377939e-02 1.710135788446908583e-02 1.144392481432756833e-02 -3.543177479803028690e-02 8.680283185685396322e-03 1.617919196760706987e-02 1.342445395239107685e-02
-2.819341620165273857e-02 1.096668534725081176e-02 1.254577482707255193e-02 1.062374838930089417e-02 -2.817598707048844103e-02 1.161312693420074420e-02 1.198312748627298856e-02 1.217459128537621942e-02
-2.827587594155122480e-02 1.259775686340477464e-02 1.283886332106908001e-02 8.962383257211985199e-03 -2.906946902302032232e-02 8.884471524863707739e-03 1.614627047077192568e-02 1.215497789579356690e-02
-2.712514268348158175e-02 1.252560681074092568e-02 1.290564012857031012e-02 9.698437871677409797e-03 -3.014041023067058275e-02 5.601695941562984983e-03 1.868746977716825158e-02 1.234208654277693835e-02
-2.997852356782559902e-02 1.399366166721324051e-02 1.192009426401303973e-02 1.177334832348236188e-02 -3.131409774089034814e-02 5.353472200595308338e-03 1.731017404443887034e-02 1.781482890824598667e-02
-2.865875623033545955e-02 1.181135560756162162e-02 1.068770839572034947e-02 1.669610619466430426e-02 -2.715778481904050981e-02 9.872994087504711330e-03 1.183582698006380683e-02 8.338429602226261547e-03
-2.730143764009391322e-02 8.955682563544500527e-03 1.336216508252755820e-02 1.591957286454593820e-02 -2.662039832110036155e-02 1.000347735506783124e-02 9.302907952202310940e-03 8.814326438660563534e-03
-2.461990364114570104e-02 1.314845713495929082e-02 1.552487173803940995e-02 8.512721246299863320e-03 -3.070716278514682915e-02 1.245906248789353278e-02 5.978169499598808695e-03 1.314278572335971298e-02
-2.578080776813514510e-02 1.711361673898778926e-02 1.173084860831327507e-02 1.223691099876911964e-02 -3.428640793803863079e-02 9.500189337889897515e-03 8.126340252163825537e-03 1.771822691445676737e-02
-2.810513547555438391e-02 2.036629521640570539e-02 1.745108963466791493e-02 1.073971883465019150e-02 -3.810355073059235043e-02 9.954125679323579459e-03 1.079889805978089326e-02 1.748874671230930822e-02
