# ex_work for 8 qbits with connectivity gas and unitary DM 23296837874816
-9.396235507879802107e-02 1.406706849968649420e-01 1.406706849968649420e-01 1.406706849968649420e-01 -9.396235507879802107e-02 1.406706690892610412e-01 1.406706690892610412e-01 1.406706690892610412e-01
-6.490790507393184861e-02 8.637224922854565279e-02 8.637224922854565279e-02 8.637224922854565279e-02 -8.145687226438888540e-02 4.177611118348622046e-03 8.637224922854565279e-02 9.411479426730364958e-03
-4.208734510574966420e-02 2.694515231535769828e-02 2.683139848299902208e-02 3.833847727013269674e-02 -6.914101734965211188e-02 3.281033046623884480e-02 5.754169132817155835e-02 1.364387878462638461e-02
-4.739980098648603757e-02 4.175827842155905439e-02 2.890312004952230729e-02 5.075353385313645382e-02 -5.592280355300859040e-02 -5.175152969705168297e-03 2.171460785283110817e-02 3.374845893766252602e-02
-4.100174916408265424e-02 2.309964178877182278e-02 4.245427245395927071e-03 3.303455412615360215e-02 -3.301818499527908735e-02 6.076069172737091906e-03 1.160660010702559489e-02 2.484545247897040898e-02
-4.504540534661221479e-02 1.890492414653039896e-02 6.448289880799850000e-03 3.132055289625305938e-02 -3.700594734130119301e-02 2.376996743634577150e-02 1.790658616827645044e-02 1.832825652629874527e-02
-4.593604088969214377e-02 2.162330824785134789e-02 5.579071046880178242e-03 3.240913866170512525e-02 -2.942002702900768304e-02 2.067702625281745213e-02 1.361955714866306538e-02 1.173458368220004454e-02
-4.142752230604899305e-02 2.500292161121932255e-02 6.962574302721785159e-03 2.797786721061381460e-02 -3.272028221704279677e-02 1.401476291828866912e-02 1.088758073588233163e-02 1.684001981222703337e-02
-4.347944080486387114e-02 2.773048625622139343e-02 6.792035889658524020e-03 2.521028809697221928e-02 -2.805888806932722856e-02 8.216047665303642666e-03 1.361069239816197450e-02 1.658170955464316129e-02
-3.839566892622178762e-02 2.150461405505285292e-02 6.778741642990282132e-03 1.634086706389135946e-02 -3.013035235198054801e-02 9.037049214699858710e-03 2.107966032667597453e-02 1.625323096744537427e-02
-3.258683482117594871e-02 1.617492828287857634e-02 9.133939492624575454e-03 1.727945770802346084e-02 -2.982335257401060036e-02 3.572239627467244886e-03 1.336393921375941818e-02 2.091131573487613887e-02
-3.513669351040590166e-02 1.170415053033971656e-02 8.135756727863934987e-03 1.885834767103588411e-02 -2.894260318622908154e-02 7.727522228686613606e-03 1.656507057417071216e-02 2.011692363688956375e-02
-3.135653911667669186e-02 1.140735883002311386e-02 7.120123881623953432e-03 1.369773569127172817e-02 -2.581088670846332089e-02 1.030631476142969925e-02 1.368403588930393669e-02 1.527219416918281121e-02
-3.321364722082275484e-02 1.294915268235239530e-02 1.945089135777277115e-02 1.345995717322554484e-02 -3.032074812261249808e-02 1.323904308350437424e-02 1.021908123914393521e-02 1.226426887155354986e-02
-3.313886568990139642e-02 2.187003207608434127e-02 2.080618230290581447e-02 8.104232337628483607e-03 -3.718966672794851713e-02 1.861872288439876677e-02 8.155902102757250222e-03 1.629042304910394146e-02
-3.043008124358459118e-02 1.263399920079332113e-02 1.799914448187189819e-02 1.111626932083717260e-02 -3.336735027257912989e-02 1.817208408711551773e-02 3.573404004640997299e-03 1.915520319716964431e-02
-3.038705789500042997e-02 1.773148346051047972e-02 1.324007060709697127e-02 9.154217231493960369e-03 -3.378581829037671097e-02 2.069121801458018162e-02 8.595377769178010746e-03 1.354079821137666936e-02
-3.146827505817902798e-02 1.362772145436929282e-02 6.368374510933408859e-03 1.378442622362334967e-02 -3.290575345706332755e-02 1.954577702875969977e-02 9.990296214518853274e-03 2.006368340542990722e-02
-3.278973070630804981e-02 1.244166351051648883e-02 7.919291886254729504e-03 1.722363537820137749e-02 -3.346448356896001425e-02 1.872524667385355723e-02 1.453720764488072338e-02 1.535497231645596185e-02
-3.263731222876807558e-02 1.531573052965302419e-02 1.087884277665168535e-02 1.308005344016295070e-02 -2.854185934266730007e-02 1.270259023189337401e-02 1.508086154115110752e-02 1.060271614059562530e-02
-2.860840833389002510e-02 1.667389952036284553e-02 9.404938870395888884e-03 1.310123863115906888e-02 -3.034828462221457815e-02 1.453419596860404395e-02 1.014246619895502015e-02 1.028793544007797038e-02
-2.681024556499274000e-02 1.324847546897405491e-02 1.482173317000238209e-02 8.643952050947372942e-03 -3.016399694538634060e-02 1.677739801087070604e-02 8.315659978485632348e-03 9.378125275122562929e-03
-3.044520054362398129e-02 1.458782545496216908e-02 1.277050042396246123e-02 9.308210395614876717e-03 -3.025985324991969927e-02 1.988907061908385190e-02 7.403823702769709095e-03 1.319961507733979043e-02
-2.915843051091901450e-02 9.205785415145273376e-03 1.121775613904696899e-02 1.175694104437820242e-02 -2.942078403986213980e-02 1.842613372458973275e-02 7.964044076968884375e-03 1.511893120530367549e-02
-2.837475691978710510e-02 1.466311176877621060e-02 9.776535352868346782e-03 1.055601866209207075e-02 -2.824639491886755949e-02 1.869645340338344300e-02 5.762674086358238884e-03 1.128790401642415682e-02
-2.990860170091372283e-02 1.121149279419736758e-02 7.870221528554422613e-03 1.137214876967024280e-02 -2.578391854517747203e-02 1.645095956946094479e-02 5.376704774807150242e-03 1.715938718444575892e-02
-3.357220136820171508e-02 1.279512697615314311e-02 1.292924149727543194e-02 1.216542423841410550e-02 -2.972251311220859560e-02 2.022941147267840259e-02 1.187326590143641253e-02 1.126205829153531686e-02
-3.576609384587104562e-02 1.064086622198117185e-02 1.420513024208641326e-02 1.724930410644292395e-02 -2.489092009879253359e-02 1.838492032980829777e-02 1.072595695608073198e-02 6.520144868809215830e-03
-3.186088684195610699e-02 1.250898040948882073e-02 1.373783486811385249e-02 1.169571113959629906e-02 -2.530294794090503716e-02 1.880489963659383659e-02 8.364269574325532142e-03 6.652282615391424264e-03
-2.694448085831530060e-02 9.999601847392668511e-03 1.076451608902309273e-02 1.506843679088829338e-02 -2.884966286461600193e-02 1.815244327079321152e-02 8.881671273366026700e-03 6.583371749205372409e-03
-2.971857683548130916e-02 1.326732283489288899e-02 9.951114833650234401e-03 1.518418760506089552e-02 -3.288117153498835293e-02 1.682719341240884736e-02 1.084898647551813845e-02 1.391570613537253254e-02
-3.067587043871716768e-02 1.462750470503787481e-02 1.299645961249507563e-02 2.017982165867698505e-02 -3.426781007983490529e-02 1.529919854945510985e-02 1.120869370936287794e-02 9.722741509361844392e-03
-3.245185395598901290e-02 1.461953249510998011e-02 1.552100663207645406e-02 1.624473463389367392e-02 -3.308985472650181198e-02 1.463791978286066789e-02 1.532200085979673783e-02 8.501567476000195661e-03
-3.133820562882267541e-02 1.281756637126457710e-02 1.524583110537177169e-02 1.354693707665386229e-02 -3.516585449966174587e-02 1.673903732059707841e-02 1.553010961591495646e-02 1.254420566489888693e-02
-2.960142711480334005e-02 1.150375863784611902e-02 1.577606435930634446e-02 1.473638578471628269e-02 -3.541497141672252102e-02 1.597652675600000349e-02 1.134897002572450922e-02 1.471796996808880792e-02
-2.852350822096052368e-02 1.329863060237752165e-02 1.297436358410637182e-02 1.228005278317131042e-02 -3.479804935332457549e-02 1.281179829633251332e-02 1.476120682026955434e-02 1.508097334802607076e-02
-2.759357192689199795e-02 1.328474057565336847e-02 1.860602326635100653e-02 1.361006322012589705e-02 -3.749902266915267068e-02 1.619854572874781379e-02 1.064586338105981585e-02 1.228337916576756686e-02
-2.573059833720547571e-02 1.482457019055188029e-02 1.188817802184862112e-02 1.034473544572829529e-02 -3.382497064006836918e-02 1.446823487568322034e-02 8.901486639113526111e-03 1.494469473142626299e-02
-2.318696090586598590e-02 1.635037029288046936e-02 1.410677309006295316e-02 1.226961779858180140e-02 -3.529741265632975467e-02 1.321294255976494976e-02 6.967569905683658124e-03 1.125513140270538968e-02
-2.625424784495964531e-02 1.283704772778955679e-02 1.608464043635518190e-02 1.541063444469144283e-02 -3.307297418527307270e-02 1.536805662997031523e-02 5.670251687644599532e-03 9.784353478123560682e-03
-2.523922540050057076e-02 1.258781257474814869e-02 2.169229305337797356e-02 2.202677999886079249e-02 -3.268710173284394838e-02 1.213875216222646235e-02 8.102197721303895303e-03 -2.013543785117973255e-03
-2.354915752826857236e-02 9.648544669584693464e-03 1.942840787086390700e-02 2.093477831451704546e-02 -3.234415905077053788e-02 5.229235978463846017e-03 8.764231801020301235e-03 6.576561328474552978e-03
-2.318807106435915102e-02 8.456355964893795540e-03 2.257502977768749766e-02 1.912936881141495335e-02 -3.386438056474928848e-02 -5.744510229159411913e-04 1.632526532711738032e-02 7.377399857631155092e-03
-2.492724052093515594e-02 8.284588138279582945e-03 1.421068236532304317e-02 2.162104482922620058e-02 -3.480621243584939434e-02 8.246018917583653948e-03 1.672817538466967249e-02 7.340790084472341263e-03
-2.520854499846580249e-02 9.769181818294003783e-03 1.138486274191958386e-02 2.075141547532645403e-02 -3.623992931476836821e-02 1.144504131214526578e-02 1.630999121411528738e-02 9.346630499623640939e-03
-3.027887999145547140e-02 1.189869481902842280e-02 1.237538743033486481e-02 2.085422266028754551e-02 -3.305598153661955252e-02 1.305634762035571932e-02 1.203982090072245464e-02 1.110481772867568696e-02
-3.448122234804625735e-02 9.503473223579148380e-03 8.614386659281558084e-03 1.736826852144823796e-02 -2.542187495708027323e-02 8.979336837699452428e-03 1.312952489836849250e-02 1.871949171092711361e-02
-3.044903001048208588e-02 9.853732924956866771e-03 1.012550958838096676e-02 1.581919472857086853e-02 -2.826056405685604955e-02 5.030454879393303144e-03 1.438419346236620780e-02 1.894197214707719207e-02
-3.132290368884756843e-02 6.791045578469045128e-03 7.488269728191509350e-03 2.029375438734031672e-02 -3.073072035157336721e-02 5.661671345806155477e-03 1.974138572003086498e-02 2.019476165993641312e-02
-3.306370921774998139e-02 8.166305109257851469e-03 1.058698397927000656e-02 2.242940427559489067e-02 -3.137194399054689387e-02 1.153576928458146383e-02 1.336316110033834020e-02 1.735820672911121687e-02
-3.358302777954248058e-02 1.045532644380898872e-02 1.149230645761459974e-02 1.848550316120750256e-02 -3.427131106452100534e-02 1.514757344761633213e-02 1.169651639882452777e-02 2.176910228962915944e-02
-3.297974186035061012e-02 2.437045030162781224e-03 9.533290813006497014e-03 1.973246838094106989e-02 -2.660921798151565446e-02 1.880021162859029857e-02 1.113624449336346467e-02 1.449098958326206117e-02
-3.187840666806995849e-02 6.738354858668861927e-03 1.415376592415012839e-02 1.505310734715848212e-02 -2.904335861656929044e-02 1.549319669061270666e-02 1.434230790317686868e-02 1.158793972555987976e-02
-2.895918626577273849e-02 1.059913748628213588e-02 1.140736607103511220e-02 1.095993892227915475e-02 -2.706801491179060618e-02 1.007305140503465292e-02 1.091869898093109775e-02 1.551692904503582798e-02
-3.509018643227392042e-02 2.152503669959377267e-02 9.517955110149460551e-03 1.459554819934304540e-02 -3.311304102195644639e-02 1.535647798472447936e-02 1.208698068218833077e-02 1.650226391460312206e-02
-3.418325437260176514e-02 1.999772677813348512e-02 1.122497109162528053e-02 1.512028701758490364e-02 -3.340475116721799975e-02 1.500820920505688619e-02 1.250580263268265269e-02 1.447547799086758638e-02
-3.850812553021896317e-02 2.651915918603601346e-02 1.822434248420108302e-02 1.083501056877234602e-02 -3.189267462376512569e-02 1.317820495944995243e-02 1.324714470041727515e-02 1.202563672365682471e-02
-4.192737831837472368e-02 2.401554925425612719e-02 1.552105139329269454e-02 8.918036079750403175e-03 -3.031148361601544716e-02 1.548781765473625747e-02 1.825676323105034082e-02 1.542717100256410685e-02
-3.911062670984660067e-02 1.909718845591745068e-02 1.524202990507579625e-02 1.360064358438313990e-02 -2.786941819062242753e-02 1.432850386697139856e-02 1.001144329146342639e-02 1.572009918774148682e-02
-3.442799803537112402e-02 1.191060331789459657e-02 1.756346465448690997e-02 1.806717550756981039e-02 -2.602095876571845767e-02 1.165766857266674859e-02 5.545505110287462375e-03 1.242344780717169125e-02
-3.328886789044841615e-02 7.471459470048197153e-03 1.562929717297951299e-02 2.044110127849242675e-02 -2.733900046639587550e-02 1.685459878181500004e-02 3.645060263581005860e-03 1.366348812123308054e-02
-3.045405818954283195e-02 1.325258280045791236e-02 1.251607955427887914e-02 1.325979973061894301e-02 -2.869868673597651687e-02 1.623742566052059286e-02 9.670006527557225423e-03 9.474614343119887663e-03
-3.567481673510056184e-02 2.012749604521003530e-02 8.979204852522010630e-03 1.143301772791628472e-02 -2.957437574493782667e-02 1.880017404491630267e-02 1.422126991807082415e-02 1.126810472589748723e-02
-3.825762107171241933e-02 1.802644777456904532e-02 8.762115612215992319e-03 1.017953296946907948e-02 -2.427252161402282740e-02 1.704653608953943938e-02 1.797618906727070295e-02 9.207414148656179950e-03
-3.692812184205193637e-02 1.854184649404180818e-02 -1.967675757772474219e-04 8.361526822552714511e-03 -2.691422033091714697e-02 1.721910599291309393e-02 2.327485452330100082e-02 1.689237862861317843e-02
-3.443381469456682081e-02 2.260604970365612948e-02 7.214356408757252766e-03 7.806269097514154098e-03 -2.808807661044970816e-02 7.320278950296438270e-03 2.189293890657549937e-02 1.424746620109863977e-02
-3.709314598552980458e-02 1.975703849464486780e-02 6.372676026415630829e-03 7.652054104774775808e-03 -2.733580236000096933e-02 1.096305270734321269e-02 2.072874517324022406e-02 1.881893579101993896e-02
-3.660621251799969778e-02 1.915825113917580744e-02 7.772353073219977898e-03 1.052207226257727800e-02 -2.555312398227308976e-02 1.142518701399838736e-02 1.808595742599947848e-02 1.320702858065157803e-02
-3.236535949881089169e-02 1.769826590835749461e-02 1.490340179976137880e-02 1.370933160795661035e-02 -3.087757181185516939e-02 1.390097579120811583e-02 1.374009769406393106e-02 7.181340000898209057e-03
-2.979359999594353992e-02 2.703901859583993095e-02 1.477784238761215355e-02 1.346472088852789829e-02 -3.293863428597332971e-02 1.210214725340208811e-02 1.123787440991309665e-02 2.833775247541426776e-03
-3.074702574212992770e-02 1.952454173130712539e-02 1.595706832605586420e-02 1.518440392367254727e-02 -3.097530543729356753e-02 7.593673326593284104e-03 9.016900440741893938e-03 1.156277379931590701e-02
-3.258929635619518123e-02 1.676831847320743932e-02 1.168885831059616846e-02 1.745689009263169666e-02 -3.009883822555090710e-02 1.270941353497240245e-02 5.780516990878514956e-03 1.601516949522175173e-02
-2.934120778103512656e-02 1.282603263961643904e-02 1.235466063407068479e-02 1.454598056317571962e-02 -3.056741239522549683e-02 1.175136615707630429e-02 8.833994377835817716e-03 1.526188956270268550e-02
-3.101089100391001691e-02 1.335820403584447001e-02 1.415862572486226850e-02 1.954401487293296047e-02 -2.958449029891234427e-02 1.250364684762102392e-02 9.749927433630858897e-03 7.627092354623092423e-03
-3.408997828066567815e-02 1.364347248954244501e-02 1.297953245650280106e-02 1.605619096321337161e-02 -2.718131574437347014e-02 1.324185946670540862e-02 8.652410029223189109e-03 1.343984191851934837e-02
-3.230494398766286385e-02 1.481397923017805165e-02 1.522978252517372642e-02 1.539570944131465370e-02 -2.886063953685283692e-02 8.974819253932144608e-03 1.258054719044176574e-02 1.069301005275207633e-02
-2.832352467146328351e-02 1.871236960985205033e-02 7.975049470631887308e-03 1.157325184180700572e-02 -2.922042384298137452e-02 1.547610192019057383e-02 7.977854098321733936e-03 1.043466754328388306e-02
-3.157034159014379671e-02 2.247867451955239126e-02 1.471902032016416013e-02 1.151454878370749418e-02 -2.679508798770238384e-02 5.100796962676386846e-03 8.320856720345513879e-03 1.180443758572134738e-02
-3.120109478766823138e-02 2.229389395575406829e-02 1.380908854760657008e-02 9.360608050087490875e-03 -2.901932805521820896e-02 2.990932329345841363e-03 1.302238194963744634e-02 1.546052392316368818e-02
-3.104477121349181676e-02 1.729009452487373366e-02 8.613750453370150328e-03 1.089618904497352547e-02 -2.450594021114260723e-02 5.148514782706764721e-03 1.044497863980724944e-02 1.698294495670509344e-02
-2.999598430632728283e-02 2.089772208302637796e-02 6.598183269189299193e-04 9.997422061364096696e-03 -2.823202494468612239e-02 1.823970933215090379e-02 7.160274697755929750e-03 1.728506099546576677e-02
-2.920695965760461768e-02 1.989892825961475653e-02 2.641525097939219704e-03 1.404422584505629623e-02 -2.632003093550820336e-02 1.247673027459648108e-02 3.308568839908853851e-03 1.750740518697904355e-02
-2.342613840954047358e-02 1.403539009962045774e-02 2.350706644982257423e-03 9.334285013801412595e-03 -2.904766573011836189e-02 1.284782138129685058e-02 4.942106776819080345e-03 2.175699514542005913e-02
-2.136542649977312205e-02 1.481644866990672847e-02 1.583789911397535249e-02 5.114588105671557215e-03 -3.998283465282390786e-02 1.543377747304781368e-02 1.086872564410608366e-02 1.801295949307349376e-02
-2.536769365819164027e-02 1.124427921995345761e-02 1.070666028374985847e-02 8.619136660366087666e-03 -3.551493461211707725e-02 1.762488157568389835e-02 1.468611019114364827e-02 1.491388121966884597e-02
-2.463717688765302075e-02 8.584311253021890617e-03 5.396040961689088991e-03 5.244864058685311074e-03 -3.065038063789265674e-02 1.077868645687055787e-02 2.013291569377959750e-02 1.929656789657310800e-02
-2.587918231418205595e-02 1.166105790344120798e-02 7.060538210103137029e-03 7.816180465551256229e-03 -2.993757292291277308e-02 1.069916390625350738e-02 1.424129012698671475e-02 1.803836471841835029e-02
-2.908990356164230587e-02 1.015125622155171013e-02 1.390266694376673592e-02 1.041649705381725820e-02 -3.035781149181826510e-02 9.714352984536975266e-03 1.404027619420708355e-02 1.667858274785270073e-02
-3.192012391398141302e-02 1.235072060807131632e-02 1.624678752157154502e-02 1.528803676177400636e-02 -3.643701649797580905e-02 1.311707609517274130e-02 1.194718851223011864e-02 2.086413501996139952e-02
-3.078537901465235038e-02 1.541449582223684313e-02 1.601638574025762707e-02 1.200349138527322980e-02 -3.410287838019532280e-02 1.333007695231388373e-02 1.170217548057010150e-02 1.523517415733308990e-02
-3.102771370277514901e-02 1.496657814195064343e-02 1.609322102953203090e-02 9.087922514170801436e-03 -2.984374823073648528e-02 1.388189801475378689e-02 5.648639054353754574e-03 1.782114402123756436e-02
-2.973458745456777214e-02 1.619849225439921186e-02 1.234938703243292947e-02 1.079859264511595120e-02 -3.104015243333061932e-02 1.196310740894595062e-02 7.735216308284173850e-03 1.812250639549078945e-02
-3.126840137840848632e-02 1.432315379930342546e-02 1.090813446704325639e-02 1.200266329094424635e-02 -3.050007475884869770e-02 1.172982707503665914e-02 1.036242263224161804e-02 1.936694351021968352e-02
-2.785168016133592050e-02 1.717870769108015977e-02 8.376562308250767516e-03 1.374607595763230328e-02 -3.137857171365614206e-02 1.198846564696969506e-02 1.171337843584802259e-02 1.162289156489688773e-02
-3.035752135427981918e-02 1.753180210168003156e-02 9.295162585489928284e-03 1.669708384802674056e-02 -3.420527540349122680e-02 1.072697771768549302e-02 1.301089960573272551e-02 1.610892032328854404e-02
-2.881382509866055319e-02 1.526321338883675563e-02 8.560124591067617278e-03 1.700391790626488986e-02 -3.124068983087236254e-02 8.143954871986384264e-03 1.336257032798253419e-02 1.367652213559586959e-02
-3.431379261747492804e-02 1.280741766188970773e-02 1.208727308616188052e-02 1.771905864596575592e-02 -2.985096581338691352e-02 8.647818911934626596e-03 1.452393068841260210e-02 1.694398142956958855e-02
-3.652011957751678806e-02 1.600189767501228669e-02 1.470119737224298388e-02 1.374632221090146648e-02 -3.080726374893702491e-02 1.261343457100903669e-02 1.293888797118463059e-02 1.795356541627279173e-02
-2.840917847324835391e-02 1.870247116983114050e-02 1.047506040018117424e-02 9.062863056368011816e-03 -3.456512797199134263e-02 1.518102838527513043e-02 1.100852992030359849e-02 1.651332029453761799e-02
-2.887038822468467048e-02 1.541330143268645689e-02 7.445735742532285859e-03 1.128362108095963545e-02 -3.414302126634866791e-02 1.851650008095063332e-02 1.096234628237416006e-02 1.741971926923207778e-02
-3.148151017714836963e-02 1.483062220101545418e-02 8.380943408996470445e-03 1.460688501017979105e-02 -3.403528050160029711e-02 1.164209378398764309e-02 1.720683778011778547e-02 1.829432871315249051e-02
