# pops for 8 qbits with connectivity gas and unitary DM 23338814632128
3.999999761581420898e-01 1.999999880790710449e-01 1.999999880790710449e-01 1.999999880790710449e-01 3.999999761581420898e-01 2.000000029802322388e-01 2.000000029802322388e-01 2.000000029802322388e-01
3.368194103240966797e-01 1.999999880790710449e-01 2.538969218730926514e-01 1.999999880790710449e-01 3.722684383392333984e-01 2.370151877403259277e-01 1.999999880790710449e-01 1.999999880790710449e-01
2.882123589515686035e-01 2.751659750938415527e-01 2.341021895408630371e-01 2.159986943006515503e-01 3.096271753311157227e-01 2.442852109670639038e-01 2.187877595424652100e-01 2.138205170631408691e-01
2.841285467147827148e-01 2.644790410995483398e-01 2.283397912979125977e-01 2.348873913288116455e-01 2.963145375251770020e-01 2.406239956617355347e-01 2.238985896110534668e-01 2.273279577493667603e-01
2.841717600822448730e-01 2.519766688346862793e-01 2.281204164028167725e-01 2.457056939601898193e-01 2.986725866794586182e-01 2.399500310420989990e-01 2.308794260025024414e-01 2.205232977867126465e-01
2.827540636062622070e-01 2.530629634857177734e-01 2.342975735664367676e-01 2.437026202678680420e-01 2.869247198104858398e-01 2.338279634714126587e-01 2.379182577133178711e-01 2.275116443634033203e-01
2.776923477649688721e-01 2.559145689010620117e-01 2.432881891727447510e-01 2.295726686716079712e-01 2.891110479831695557e-01 2.277127653360366821e-01 2.386646568775177002e-01 2.380435764789581299e-01
2.763782739639282227e-01 2.446696162223815918e-01 2.449737787246704102e-01 2.306199073791503906e-01 2.874009609222412109e-01 2.315373718738555908e-01 2.372459024190902710e-01 2.471740841865539551e-01
2.872536182403564453e-01 2.419500052928924561e-01 2.466416656970977783e-01 2.341863363981246948e-01 2.797483801841735840e-01 2.292347550392150879e-01 2.387016862630844116e-01 2.422833740711212158e-01
2.909812331199645996e-01 2.399181276559829712e-01 2.483158558607101440e-01 2.351110577583312988e-01 2.791813313961029053e-01 2.321649640798568726e-01 2.429308444261550903e-01 2.313964664936065674e-01
2.891944050788879395e-01 2.436037957668304443e-01 2.356019616127014160e-01 2.427157908678054810e-01 2.731758356094360352e-01 2.348373234272003174e-01 2.425782680511474609e-01 2.382924258708953857e-01
2.898830771446228027e-01 2.479472011327743530e-01 2.376419454813003540e-01 2.416397631168365479e-01 2.755274772644042969e-01 2.330807000398635864e-01 2.379514724016189575e-01 2.363281250000000000e-01
2.804193794727325439e-01 2.441135644912719727e-01 2.479079812765121460e-01 2.407047152519226074e-01 2.761428356170654297e-01 2.372340261936187744e-01 2.355663180351257324e-01 2.379108965396881104e-01
2.780199944972991943e-01 2.414472401142120361e-01 2.516322135925292969e-01 2.377468049526214600e-01 2.737309932708740234e-01 2.388670742511749268e-01 2.376470714807510376e-01 2.409083098173141479e-01
2.801617383956909180e-01 2.443315684795379639e-01 2.429799735546112061e-01 2.462541759014129639e-01 2.732723653316497803e-01 2.359921783208847046e-01 2.349076271057128906e-01 2.421000599861145020e-01
2.764346301555633545e-01 2.459131777286529541e-01 2.437777221202850342e-01 2.420332133769989014e-01 2.815490961074829102e-01 2.378654181957244873e-01 2.364576160907745361e-01 2.359688580036163330e-01
2.765954732894897461e-01 2.463756501674652100e-01 2.421341091394424438e-01 2.430534958839416504e-01 2.819439172744750977e-01 2.381161451339721680e-01 2.347632050514221191e-01 2.370176613330841064e-01
2.818303108215332031e-01 2.453067302703857422e-01 2.375775873661041260e-01 2.451414465904235840e-01 2.803061306476593018e-01 2.361707985401153564e-01 2.319969385862350464e-01 2.416697293519973755e-01
2.815020084381103516e-01 2.450807094573974609e-01 2.385299205780029297e-01 2.450574636459350586e-01 2.802146375179290771e-01 2.339526116847991943e-01 2.347694039344787598e-01 2.408928126096725464e-01
2.839674949645996094e-01 2.424839884042739868e-01 2.415405660867691040e-01 2.449591159820556641e-01 2.831225991249084473e-01 2.322712838649749756e-01 2.314475178718566895e-01 2.402070015668869019e-01
2.853932678699493408e-01 2.415586709976196289e-01 2.397547066211700439e-01 2.411686331033706665e-01 2.814655900001525879e-01 2.347817122936248779e-01 2.345134168863296509e-01 2.413635849952697754e-01
2.822730541229248047e-01 2.411615848541259766e-01 2.436737418174743652e-01 2.414220124483108521e-01 2.826802432537078857e-01 2.354045957326889038e-01 2.330729216337203979e-01 2.403113692998886108e-01
2.873549461364746094e-01 2.357517182826995850e-01 2.410441488027572632e-01 2.391015589237213135e-01 2.779514193534851074e-01 2.419282495975494385e-01 2.353494763374328613e-01 2.415180504322052002e-01
2.882878482341766357e-01 2.370785325765609741e-01 2.442935705184936523e-01 2.378557324409484863e-01 2.780721187591552734e-01 2.420938163995742798e-01 2.363090813159942627e-01 2.360088974237442017e-01
2.797966599464416504e-01 2.385948896408081055e-01 2.488184273242950439e-01 2.370619475841522217e-01 2.761701345443725586e-01 2.402646988630294800e-01 2.437313795089721680e-01 2.355614602565765381e-01
2.827365100383758545e-01 2.363155484199523926e-01 2.459287047386169434e-01 2.361141592264175415e-01 2.796126306056976318e-01 2.399612665176391602e-01 2.396283149719238281e-01 2.397023439407348633e-01
2.851947546005249023e-01 2.374902665615081787e-01 2.464542686939239502e-01 2.366525828838348389e-01 2.795708179473876953e-01 2.368625253438949585e-01 2.386061847209930420e-01 2.391681671142578125e-01
2.796623706817626953e-01 2.382064908742904663e-01 2.488088011741638184e-01 2.360863983631134033e-01 2.799365520477294922e-01 2.416731119155883789e-01 2.369734048843383789e-01 2.386524081230163574e-01
2.844390571117401123e-01 2.402833104133605957e-01 2.431401312351226807e-01 2.332271039485931396e-01 2.787516713142395020e-01 2.426908910274505615e-01 2.361469119787216187e-01 2.413204312324523926e-01
2.798987925052642822e-01 2.379117906093597412e-01 2.404183000326156616e-01 2.351315915584564209e-01 2.791432142257690430e-01 2.492111623287200928e-01 2.393224090337753296e-01 2.389622628688812256e-01
2.795957326889038086e-01 2.418658584356307983e-01 2.390326857566833496e-01 2.382024675607681274e-01 2.831314802169799805e-01 2.424550652503967285e-01 2.377413809299468994e-01 2.379748374223709106e-01
2.850272357463836670e-01 2.444758266210556030e-01 2.382703572511672974e-01 2.334551662206649780e-01 2.798372805118560791e-01 2.405489683151245117e-01 2.393658459186553955e-01 2.390187680721282959e-01
2.841401398181915283e-01 2.392817586660385132e-01 2.395035624504089355e-01 2.348111420869827271e-01 2.862578034400939941e-01 2.380892932415008545e-01 2.387450188398361206e-01 2.391707003116607666e-01
2.818093299865722656e-01 2.427192181348800659e-01 2.437532991170883179e-01 2.320563942193984985e-01 2.841072380542755127e-01 2.391332089900970459e-01 2.393313348293304443e-01 2.370893955230712891e-01
2.810081243515014648e-01 2.388539612293243408e-01 2.435817867517471313e-01 2.376492917537689209e-01 2.831807732582092285e-01 2.397596091032028198e-01 2.369522452354431152e-01 2.390135973691940308e-01
2.785910964012145996e-01 2.395430058240890503e-01 2.386539876461029053e-01 2.396922558546066284e-01 2.785800397396087646e-01 2.416282892227172852e-01 2.402943968772888184e-01 2.430163025856018066e-01
2.762032747268676758e-01 2.424122691154479980e-01 2.415751963853836060e-01 2.362896054983139038e-01 2.812784910202026367e-01 2.446296364068984985e-01 2.392083108425140381e-01 2.384025752544403076e-01
2.767736315727233887e-01 2.401946485042572021e-01 2.391199171543121338e-01 2.406071424484252930e-01 2.784985005855560303e-01 2.479442209005355835e-01 2.381033897399902344e-01 2.387579232454299927e-01
2.779335081577301025e-01 2.406921088695526123e-01 2.393942177295684814e-01 2.421694993972778320e-01 2.761643528938293457e-01 2.461672425270080566e-01 2.391720563173294067e-01 2.383062839508056641e-01
2.793579399585723877e-01 2.365489751100540161e-01 2.415570914745330811e-01 2.434302717447280884e-01 2.768838405609130859e-01 2.420080304145812988e-01 2.412569820880889893e-01 2.389561533927917480e-01
2.766054272651672363e-01 2.385796010494232178e-01 2.412977665662765503e-01 2.442093789577484131e-01 2.796710729598999023e-01 2.408131211996078491e-01 2.411997914314270020e-01 2.376231402158737183e-01
2.784877419471740723e-01 2.357011139392852783e-01 2.420567870140075684e-01 2.438054084777832031e-01 2.805825471878051758e-01 2.394735217094421387e-01 2.414369285106658936e-01 2.384551465511322021e-01
2.744337916374206543e-01 2.377533614635467529e-01 2.414738386869430542e-01 2.443013042211532593e-01 2.818264961242675781e-01 2.414428293704986572e-01 2.395546585321426392e-01 2.392129600048065186e-01
2.698970437049865723e-01 2.440329045057296753e-01 2.411560118198394775e-01 2.385416030883789062e-01 2.831103503704071045e-01 2.426734864711761475e-01 2.381296902894973755e-01 2.424581646919250488e-01
2.753395140171051025e-01 2.443095147609710693e-01 2.390353232622146606e-01 2.415727376937866211e-01 2.823681831359863281e-01 2.412114292383193970e-01 2.355641275644302368e-01 2.405983805656433105e-01
2.759495675563812256e-01 2.462052553892135620e-01 2.399506568908691406e-01 2.364777922630310059e-01 2.815929949283599854e-01 2.404612451791763306e-01 2.355560064315795898e-01 2.438056766986846924e-01
2.778387367725372314e-01 2.458417117595672607e-01 2.363322377204895020e-01 2.404099255800247192e-01 2.816428244113922119e-01 2.408433705568313599e-01 2.354936003684997559e-01 2.415967583656311035e-01
2.773807048797607422e-01 2.424573898315429688e-01 2.381147593259811401e-01 2.366268187761306763e-01 2.809121012687683105e-01 2.406187802553176880e-01 2.402320206165313721e-01 2.436565905809402466e-01
2.773407697677612305e-01 2.383122295141220093e-01 2.420159578323364258e-01 2.356859743595123291e-01 2.793169319629669189e-01 2.430503368377685547e-01 2.379659712314605713e-01 2.463110536336898804e-01
2.796815633773803711e-01 2.353061586618423462e-01 2.449951171875000000e-01 2.429340779781341553e-01 2.773599028587341309e-01 2.481461316347122192e-01 2.313831448554992676e-01 2.401931285858154297e-01
2.727166414260864258e-01 2.419255822896957397e-01 2.455587387084960938e-01 2.419791221618652344e-01 2.786602973937988281e-01 2.426605373620986938e-01 2.347939610481262207e-01 2.417042553424835205e-01
2.710546553134918213e-01 2.376415133476257324e-01 2.436990141868591309e-01 2.433587759733200073e-01 2.772495150566101074e-01 2.427089214324951172e-01 2.382673025131225586e-01 2.460194230079650879e-01
2.701962888240814209e-01 2.371177375316619873e-01 2.434875369071960449e-01 2.466288506984710693e-01 2.772254943847656250e-01 2.441150993108749390e-01 2.359344959259033203e-01 2.452936470508575439e-01
2.731366157531738281e-01 2.388633489608764648e-01 2.378469556570053101e-01 2.461940050125122070e-01 2.815552353858947754e-01 2.461487650871276855e-01 2.353370487689971924e-01 2.409170567989349365e-01
2.767237126827239990e-01 2.416383177042007446e-01 2.382196038961410522e-01 2.429066747426986694e-01 2.803139686584472656e-01 2.442424297332763672e-01 2.328152954578399658e-01 2.431390732526779175e-01
2.773790657520294189e-01 2.405767738819122314e-01 2.379802316427230835e-01 2.390927672386169434e-01 2.777995467185974121e-01 2.500052750110626221e-01 2.370353937149047852e-01 2.401300221681594849e-01
2.769371271133422852e-01 2.389823347330093384e-01 2.419119775295257568e-01 2.437172234058380127e-01 2.753703594207763672e-01 2.467788457870483398e-01 2.364345639944076538e-01 2.398665845394134521e-01
2.740716338157653809e-01 2.419862747192382812e-01 2.429155707359313965e-01 2.388329356908798218e-01 2.807345688343048096e-01 2.453392744064331055e-01 2.329322993755340576e-01 2.431865036487579346e-01
2.796944975852966309e-01 2.387003153562545776e-01 2.463225871324539185e-01 2.423018068075180054e-01 2.771445810794830322e-01 2.383620440959930420e-01 2.321309149265289307e-01 2.453422546386718750e-01
2.799862623214721680e-01 2.404717057943344116e-01 2.420422583818435669e-01 2.417309582233428955e-01 2.756523489952087402e-01 2.422026395797729492e-01 2.366609424352645874e-01 2.412519603967666626e-01
2.798394560813903809e-01 2.378954738378524780e-01 2.394687086343765259e-01 2.407304942607879639e-01 2.769280970096588135e-01 2.437569051980972290e-01 2.381081730127334595e-01 2.432717084884643555e-01
2.798984646797180176e-01 2.351783215999603271e-01 2.395369708538055420e-01 2.401633560657501221e-01 2.812659144401550293e-01 2.463468313217163086e-01 2.343773841857910156e-01 2.432318031787872314e-01
2.763751149177551270e-01 2.383898794651031494e-01 2.378914356231689453e-01 2.404904514551162720e-01 2.793728113174438477e-01 2.495001703500747681e-01 2.391233742237091064e-01 2.388558089733123779e-01
2.783523499965667725e-01 2.417470216751098633e-01 2.338839024305343628e-01 2.382738888263702393e-01 2.836195826530456543e-01 2.481873780488967896e-01 2.320266366004943848e-01 2.439082115888595581e-01
2.799809873104095459e-01 2.415627241134643555e-01 2.330804318189620972e-01 2.376668006181716919e-01 2.810873985290527344e-01 2.458186596632003784e-01 2.311893701553344727e-01 2.496125400066375732e-01
2.853497266769409180e-01 2.402045130729675293e-01 2.358886301517486572e-01 2.357006371021270752e-01 2.793025374412536621e-01 2.449710071086883545e-01 2.315241992473602295e-01 2.470575869083404541e-01
2.842899560928344727e-01 2.401131093502044678e-01 2.368796467781066895e-01 2.363057136535644531e-01 2.780792713165283203e-01 2.444198578596115112e-01 2.322337925434112549e-01 2.476774901151657104e-01
2.829875946044921875e-01 2.407601922750473022e-01 2.318838536739349365e-01 2.389127314090728760e-01 2.778791487216949463e-01 2.433153688907623291e-01 2.400067746639251709e-01 2.442532032728195190e-01
2.785654962062835693e-01 2.396373599767684937e-01 2.331238687038421631e-01 2.421387135982513428e-01 2.793779373168945312e-01 2.426439225673675537e-01 2.383908182382583618e-01 2.461207211017608643e-01
2.836773395538330078e-01 2.424608618021011353e-01 2.344025224447250366e-01 2.415496110916137695e-01 2.758648395538330078e-01 2.455603480339050293e-01 2.377839088439941406e-01 2.386993467807769775e-01
2.814581096172332764e-01 2.413121759891510010e-01 2.375456392765045166e-01 2.469246387481689453e-01 2.759834825992584229e-01 2.390234321355819702e-01 2.400945127010345459e-01 2.376568466424942017e-01
2.816241383552551270e-01 2.390100061893463135e-01 2.374815791845321655e-01 2.495222985744476318e-01 2.754703760147094727e-01 2.387920022010803223e-01 2.419795095920562744e-01 2.361189424991607666e-01
2.788369655609130859e-01 2.386797517538070679e-01 2.366093248128890991e-01 2.484042197465896606e-01 2.803695797920227051e-01 2.393222153186798096e-01 2.385285943746566772e-01 2.392481267452239990e-01
2.779297828674316406e-01 2.361776530742645264e-01 2.392034679651260376e-01 2.475322186946868896e-01 2.744352221488952637e-01 2.412670403718948364e-01 2.399930953979492188e-01 2.434603422880172729e-01
2.777145504951477051e-01 2.373382300138473511e-01 2.402161806821823120e-01 2.425490766763687134e-01 2.786514759063720703e-01 2.401947677135467529e-01 2.462637275457382202e-01 2.370707690715789795e-01
2.831773757934570312e-01 2.366157025098800659e-01 2.385946959257125854e-01 2.403053492307662964e-01 2.755326628684997559e-01 2.422992885112762451e-01 2.404811531305313110e-01 2.429925203323364258e-01
2.786756157875061035e-01 2.412256598472595215e-01 2.422778159379959106e-01 2.412993907928466797e-01 2.789808511734008789e-01 2.334792912006378174e-01 2.403057217597961426e-01 2.437543570995330811e-01
2.827700972557067871e-01 2.394216656684875488e-01 2.371814996004104614e-01 2.421924918889999390e-01 2.765938639640808105e-01 2.403843998908996582e-01 2.404144853353500366e-01 2.410402148962020874e-01
2.826300263404846191e-01 2.358153909444808960e-01 2.427132427692413330e-01 2.384409010410308838e-01 2.807577848434448242e-01 2.429200559854507446e-01 2.399969249963760376e-01 2.367243468761444092e-01
2.827291488647460938e-01 2.345649600028991699e-01 2.430011630058288574e-01 2.378966212272644043e-01 2.770686745643615723e-01 2.433708906173706055e-01 2.415037155151367188e-01 2.398635447025299072e-01
2.810916602611541748e-01 2.347111552953720093e-01 2.412557303905487061e-01 2.353168427944183350e-01 2.788598835468292236e-01 2.434227466583251953e-01 2.456690520048141479e-01 2.396715581417083740e-01
2.858083844184875488e-01 2.293149530887603760e-01 2.394559979438781738e-01 2.344463318586349487e-01 2.806118130683898926e-01 2.415422797203063965e-01 2.446325272321701050e-01 2.441863417625427246e-01
2.815422713756561279e-01 2.312880009412765503e-01 2.409301549196243286e-01 2.337398529052734375e-01 2.818582952022552490e-01 2.406322956085205078e-01 2.426183521747589111e-01 2.473894059658050537e-01
2.748252153396606445e-01 2.387645542621612549e-01 2.390672266483306885e-01 2.409353852272033691e-01 2.822141647338867188e-01 2.408086955547332764e-01 2.437218129634857178e-01 2.396616488695144653e-01
2.727801799774169922e-01 2.377948015928268433e-01 2.394113242626190186e-01 2.436540424823760986e-01 2.812769711017608643e-01 2.427708953619003296e-01 2.423526942729949951e-01 2.399577647447586060e-01
2.765766382217407227e-01 2.424033880233764648e-01 2.418853789567947388e-01 2.395028173923492432e-01 2.783454954624176025e-01 2.422471940517425537e-01 2.411445975303649902e-01 2.378930002450942993e-01
2.815957665443420410e-01 2.439808100461959839e-01 2.370849847793579102e-01 2.400050312280654907e-01 2.747739553451538086e-01 2.392221987247467041e-01 2.456382662057876587e-01 2.376975566148757935e-01
2.819517850875854492e-01 2.366907447576522827e-01 2.352033704519271851e-01 2.436422258615493774e-01 2.785442471504211426e-01 2.451718747615814209e-01 2.435266077518463135e-01 2.352676689624786377e-01
2.794377207756042480e-01 2.415961027145385742e-01 2.418275475502014160e-01 2.368742525577545166e-01 2.812021076679229736e-01 2.450537979602813721e-01 2.386663854122161865e-01 2.353405952453613281e-01
2.745299935340881348e-01 2.364092767238616943e-01 2.426089048385620117e-01 2.467778623104095459e-01 2.813930809497833252e-01 2.422594428062438965e-01 2.354516088962554932e-01 2.405684143304824829e-01
2.721037864685058594e-01 2.387889474630355835e-01 2.430612146854400635e-01 2.450023144483566284e-01 2.790054082870483398e-01 2.430503368377685547e-01 2.391624450683593750e-01 2.398239672183990479e-01
2.751263678073883057e-01 2.412331849336624146e-01 2.367085963487625122e-01 2.413934171199798584e-01 2.846107780933380127e-01 2.437186092138290405e-01 2.374654561281204224e-01 2.397420406341552734e-01
2.771027982234954834e-01 2.415408194065093994e-01 2.402207553386688232e-01 2.418285161256790161e-01 2.770856022834777832e-01 2.409994453191757202e-01 2.406902015209197998e-01 2.405303269624710083e-01
2.772321701049804688e-01 2.402254045009613037e-01 2.400245964527130127e-01 2.432757467031478882e-01 2.780162394046783447e-01 2.433415949344635010e-01 2.372880578041076660e-01 2.405946850776672363e-01
2.761164307594299316e-01 2.403017431497573853e-01 2.399851977825164795e-01 2.426709234714508057e-01 2.790950536727905273e-01 2.461498379707336426e-01 2.352245301008224487e-01 2.404547631740570068e-01
2.791009843349456787e-01 2.392479032278060913e-01 2.409734576940536499e-01 2.410960793495178223e-01 2.804324030876159668e-01 2.465288043022155762e-01 2.365157902240753174e-01 2.361029833555221558e-01
2.775528430938720703e-01 2.408245503902435303e-01 2.417656779289245605e-01 2.367792725563049316e-01 2.760749757289886475e-01 2.424505650997161865e-01 2.408041059970855713e-01 2.437464147806167603e-01
2.761464715003967285e-01 2.431549131870269775e-01 2.394628226757049561e-01 2.373480200767517090e-01 2.754787504673004150e-01 2.422713637351989746e-01 2.428617179393768311e-01 2.432743757963180542e-01
2.735998034477233887e-01 2.397110760211944580e-01 2.377437204122543335e-01 2.436000704765319824e-01 2.795871496200561523e-01 2.402850985527038574e-01 2.457557320594787598e-01 2.397157847881317139e-01
2.749350368976593018e-01 2.366437613964080811e-01 2.410986423492431641e-01 2.406759560108184814e-01 2.833917438983917236e-01 2.429714649915695190e-01 2.441328763961791992e-01 2.361489534378051758e-01
2.775133848190307617e-01 2.342937737703323364e-01 2.366664409637451172e-01 2.422276586294174194e-01 2.875955998897552490e-01 2.428878992795944214e-01 2.421780228614807129e-01 2.366356253623962402e-01
