# pops for 8 qbits with connectivity gas and unitary DM 22438278217664
3.999999761581420898e-01 1.999999880790710449e-01 1.999999880790710449e-01 1.999999880790710449e-01 3.999999761581420898e-01 2.000000029802322388e-01 2.000000029802322388e-01 2.000000029802322388e-01
3.368193507194519043e-01 1.999999880790710449e-01 2.370152175426483154e-01 1.999999880790710449e-01 3.722684085369110107e-01 1.999999880790710449e-01 1.999999880790710449e-01 2.538968920707702637e-01
3.041612207889556885e-01 2.146571576595306396e-01 2.416671216487884521e-01 2.220432758331298828e-01 3.260585069656372070e-01 2.131188660860061646e-01 2.284390628337860107e-01 2.498545944690704346e-01
2.908399403095245361e-01 2.177408635616302490e-01 2.317783087491989136e-01 2.304954528808593750e-01 3.047619462013244629e-01 2.269610613584518433e-01 2.381998002529144287e-01 2.592225670814514160e-01
3.012572228908538818e-01 2.358784228563308716e-01 2.186239957809448242e-01 2.473506629467010498e-01 2.834545671939849854e-01 2.249610871076583862e-01 2.352165281772613525e-01 2.532574534416198730e-01
2.874574065208435059e-01 2.330737709999084473e-01 2.295880615711212158e-01 2.501615583896636963e-01 2.732500433921813965e-01 2.402575612068176270e-01 2.372616231441497803e-01 2.489499300718307495e-01
2.842089831829071045e-01 2.347430735826492310e-01 2.366309911012649536e-01 2.505888640880584717e-01 2.690281867980957031e-01 2.377739846706390381e-01 2.412648797035217285e-01 2.457609623670578003e-01
2.878544032573699951e-01 2.358057349920272827e-01 2.387656122446060181e-01 2.491922229528427124e-01 2.701424658298492432e-01 2.395103126764297485e-01 2.398625165224075317e-01 2.388666123151779175e-01
2.846340537071228027e-01 2.390352040529251099e-01 2.289936244487762451e-01 2.496861219406127930e-01 2.752422094345092773e-01 2.347963005304336548e-01 2.440408170223236084e-01 2.435714155435562134e-01
2.819922268390655518e-01 2.402251213788986206e-01 2.333983778953552246e-01 2.515160143375396729e-01 2.747420966625213623e-01 2.365559488534927368e-01 2.436628490686416626e-01 2.379071712493896484e-01
2.838832736015319824e-01 2.396744489669799805e-01 2.409541159868240356e-01 2.430211603641510010e-01 2.777177691459655762e-01 2.402275353670120239e-01 2.393467724323272705e-01 2.351746708154678345e-01
2.831114530563354492e-01 2.440281212329864502e-01 2.408399134874343872e-01 2.460663467645645142e-01 2.773589491844177246e-01 2.415232360363006592e-01 2.353647053241729736e-01 2.317070513963699341e-01
2.811670601367950439e-01 2.406046837568283081e-01 2.423743307590484619e-01 2.449011802673339844e-01 2.784183323383331299e-01 2.412431985139846802e-01 2.357505112886428833e-01 2.355404198169708252e-01
2.822880744934082031e-01 2.455392628908157349e-01 2.393025159835815430e-01 2.445650398731231689e-01 2.765714526176452637e-01 2.420227229595184326e-01 2.371540069580078125e-01 2.325566411018371582e-01
2.810215353965759277e-01 2.432613968849182129e-01 2.432352602481842041e-01 2.416041791439056396e-01 2.707424759864807129e-01 2.459243088960647583e-01 2.384599596261978149e-01 2.357505112886428833e-01
2.799513638019561768e-01 2.456576228141784668e-01 2.446214556694030762e-01 2.391770333051681519e-01 2.716572880744934082e-01 2.449183762073516846e-01 2.381398379802703857e-01 2.358766496181488037e-01
2.787266969680786133e-01 2.473773360252380371e-01 2.435366213321685791e-01 2.399739027023315430e-01 2.747097611427307129e-01 2.387586683034896851e-01 2.373968809843063354e-01 2.395197600126266479e-01
2.770416736602783203e-01 2.447848021984100342e-01 2.429318279027938843e-01 2.425001859664916992e-01 2.744435966014862061e-01 2.434460520744323730e-01 2.399528175592422485e-01 2.348986566066741943e-01
2.803721427917480469e-01 2.407619357109069824e-01 2.436417639255523682e-01 2.449943572282791138e-01 2.733943462371826172e-01 2.404549121856689453e-01 2.406627684831619263e-01 2.357174158096313477e-01
2.769331932067871094e-01 2.417293637990951538e-01 2.402127385139465332e-01 2.432394325733184814e-01 2.733045816421508789e-01 2.442392110824584961e-01 2.420722842216491699e-01 2.382687330245971680e-01
2.803074121475219727e-01 2.441864609718322754e-01 2.396920323371887207e-01 2.422805279493331909e-01 2.734975814819335938e-01 2.408848404884338379e-01 2.425731569528579712e-01 2.365775704383850098e-01
2.807273566722869873e-01 2.405124306678771973e-01 2.453515231609344482e-01 2.441778779029846191e-01 2.759229242801666260e-01 2.431186437606811523e-01 2.380220592021942139e-01 2.321667671203613281e-01
2.861581742763519287e-01 2.426489293575286865e-01 2.425617873668670654e-01 2.453223615884780884e-01 2.730728983879089355e-01 2.386346012353897095e-01 2.375910729169845581e-01 2.340097278356552124e-01
2.918756008148193359e-01 2.391435205936431885e-01 2.389634847640991211e-01 2.454364299774169922e-01 2.697572112083435059e-01 2.400208711624145508e-01 2.365927994251251221e-01 2.382095903158187866e-01
2.829139530658721924e-01 2.394309341907501221e-01 2.380254417657852173e-01 2.416925728321075439e-01 2.745324969291687012e-01 2.399274855852127075e-01 2.396919876337051392e-01 2.437845915555953979e-01
2.809951007366180420e-01 2.415404319763183594e-01 2.398407757282257080e-01 2.437709569931030273e-01 2.774002552032470703e-01 2.379526346921920776e-01 2.339421808719635010e-01 2.445571571588516235e-01
2.787866592407226562e-01 2.393403649330139160e-01 2.400286793708801270e-01 2.392641305923461914e-01 2.795791029930114746e-01 2.395826429128646851e-01 2.384702712297439575e-01 2.449477016925811768e-01
2.775251269340515137e-01 2.357772439718246460e-01 2.456865757703781128e-01 2.383804619312286377e-01 2.788106203079223633e-01 2.424962222576141357e-01 2.433088123798370361e-01 2.380143404006958008e-01
2.781823873519897461e-01 2.365513443946838379e-01 2.458891272544860840e-01 2.412740886211395264e-01 2.768869400024414062e-01 2.386259138584136963e-01 2.445140331983566284e-01 2.380756139755249023e-01
2.826414108276367188e-01 2.400157749652862549e-01 2.430218607187271118e-01 2.372947633266448975e-01 2.804343402385711670e-01 2.393561005592346191e-01 2.394578307867050171e-01 2.377772927284240723e-01
2.789812386035919189e-01 2.419266700744628906e-01 2.412653565406799316e-01 2.430973052978515625e-01 2.736070156097412109e-01 2.397970855236053467e-01 2.407661229372024536e-01 2.405585944652557373e-01
2.766422331333160400e-01 2.388592660427093506e-01 2.377690672874450684e-01 2.425960004329681396e-01 2.783407568931579590e-01 2.391071021556854248e-01 2.450248301029205322e-01 2.416601479053497314e-01
2.759604752063751221e-01 2.394935488700866699e-01 2.378728091716766357e-01 2.413580864667892456e-01 2.782825827598571777e-01 2.405333369970321655e-01 2.456610202789306641e-01 2.408375442028045654e-01
2.742237448692321777e-01 2.402344495058059692e-01 2.346452474594116211e-01 2.412157505750656128e-01 2.830893397331237793e-01 2.437289208173751831e-01 2.433408945798873901e-01 2.395210266113281250e-01
2.781912684440612793e-01 2.401721626520156860e-01 2.441326975822448730e-01 2.378209233283996582e-01 2.775638103485107422e-01 2.403755784034729004e-01 2.406015992164611816e-01 2.411414086818695068e-01
2.776355743408203125e-01 2.388107031583786011e-01 2.331852614879608154e-01 2.408238053321838379e-01 2.783670425415039062e-01 2.403596043586730957e-01 2.417154312133789062e-01 2.491019517183303833e-01
2.762176990509033203e-01 2.381213754415512085e-01 2.353310585021972656e-01 2.412883341312408447e-01 2.752191126346588135e-01 2.420510351657867432e-01 2.475891709327697754e-01 2.441815137863159180e-01
2.779612243175506592e-01 2.432651668787002563e-01 2.415030598640441895e-01 2.357432544231414795e-01 2.781879305839538574e-01 2.387231886386871338e-01 2.452187538146972656e-01 2.393967807292938232e-01
2.777525782585144043e-01 2.389326989650726318e-01 2.392835766077041626e-01 2.392843365669250488e-01 2.766270935535430908e-01 2.425530999898910522e-01 2.441057264804840088e-01 2.414601147174835205e-01
2.780376672744750977e-01 2.404096126556396484e-01 2.389522194862365723e-01 2.385154515504837036e-01 2.781886458396911621e-01 2.412188053131103516e-01 2.442098855972290039e-01 2.404670119285583496e-01
2.806281149387359619e-01 2.440547347068786621e-01 2.347752004861831665e-01 2.399152964353561401e-01 2.838270068168640137e-01 2.364243716001510620e-01 2.413486540317535400e-01 2.390258759260177612e-01
2.803983688354492188e-01 2.420797646045684814e-01 2.392783164978027344e-01 2.384635061025619507e-01 2.815029025077819824e-01 2.382740825414657593e-01 2.402722686529159546e-01 2.397300004959106445e-01
2.791380882263183594e-01 2.410826385021209717e-01 2.457111179828643799e-01 2.406516373157501221e-01 2.810656130313873291e-01 2.377835214138031006e-01 2.372261285781860352e-01 2.373404204845428467e-01
2.761062383651733398e-01 2.363617122173309326e-01 2.448373138904571533e-01 2.419959902763366699e-01 2.822051644325256348e-01 2.422387301921844482e-01 2.358192503452301025e-01 2.404347658157348633e-01
2.831358015537261963e-01 2.358385473489761353e-01 2.401868253946304321e-01 2.428761571645736694e-01 2.831713557243347168e-01 2.389795184135437012e-01 2.335619181394577026e-01 2.422490864992141724e-01
2.808641791343688965e-01 2.402745783329010010e-01 2.370508313179016113e-01 2.466761469841003418e-01 2.825959324836730957e-01 2.380264997482299805e-01 2.333686351776123047e-01 2.411423325538635254e-01
2.837988138198852539e-01 2.382782101631164551e-01 2.371146678924560547e-01 2.456740587949752808e-01 2.825284302234649658e-01 2.381200492382049561e-01 2.333955019712448120e-01 2.410893738269805908e-01
2.797720432281494141e-01 2.385543137788772583e-01 2.355864942073822021e-01 2.449812293052673340e-01 2.837599515914916992e-01 2.406392097473144531e-01 2.353555113077163696e-01 2.413504123687744141e-01
2.788090407848358154e-01 2.393324673175811768e-01 2.349544465541839600e-01 2.430162578821182251e-01 2.829670011997222900e-01 2.412860393524169922e-01 2.412041574716567993e-01 2.384296804666519165e-01
2.827709913253784180e-01 2.384784221649169922e-01 2.394350916147232056e-01 2.388418465852737427e-01 2.778014540672302246e-01 2.435687333345413208e-01 2.439499497413635254e-01 2.351526021957397461e-01
2.760872244834899902e-01 2.392752468585968018e-01 2.386848032474517822e-01 2.371121197938919067e-01 2.773888409137725830e-01 2.449142038822174072e-01 2.474624812602996826e-01 2.390741258859634399e-01
2.760214805603027344e-01 2.365899831056594849e-01 2.410232722759246826e-01 2.368401288986206055e-01 2.802059054374694824e-01 2.455330044031143188e-01 2.477627992630004883e-01 2.360224723815917969e-01
2.747356295585632324e-01 2.395098805427551270e-01 2.376768887042999268e-01 2.365079522132873535e-01 2.837011516094207764e-01 2.480261921882629395e-01 2.451207190752029419e-01 2.347205877304077148e-01
2.795593142509460449e-01 2.359066456556320190e-01 2.394631206989288330e-01 2.360028028488159180e-01 2.825775742530822754e-01 2.416901290416717529e-01 2.474429011344909668e-01 2.373565137386322021e-01
2.805472612380981445e-01 2.348065525293350220e-01 2.388850152492523193e-01 2.374799400568008423e-01 2.797787785530090332e-01 2.423803210258483887e-01 2.462142407894134521e-01 2.399068623781204224e-01
2.779097557067871094e-01 2.376444190740585327e-01 2.402074933052062988e-01 2.413058578968048096e-01 2.846466898918151855e-01 2.395521253347396851e-01 2.423786371946334839e-01 2.363539934158325195e-01
2.810745239257812500e-01 2.393426597118377686e-01 2.390305101871490479e-01 2.428520321846008301e-01 2.866454124450683594e-01 2.371842265129089355e-01 2.404407560825347900e-01 2.334288954734802246e-01
2.772020995616912842e-01 2.379921972751617432e-01 2.406761348247528076e-01 2.417166382074356079e-01 2.849501073360443115e-01 2.380244731903076172e-01 2.389349192380905151e-01 2.405024468898773193e-01
2.763541340827941895e-01 2.361898571252822876e-01 2.416288554668426514e-01 2.424747943878173828e-01 2.832579612731933594e-01 2.407607138156890869e-01 2.393121570348739624e-01 2.400204390287399292e-01
2.807171046733856201e-01 2.371280193328857422e-01 2.411411404609680176e-01 2.376580536365509033e-01 2.834950089454650879e-01 2.416168749332427979e-01 2.372807562351226807e-01 2.409619390964508057e-01
2.819403409957885742e-01 2.414984405040740967e-01 2.401082068681716919e-01 2.437367588281631470e-01 2.802540063858032227e-01 2.401697635650634766e-01 2.353903949260711670e-01 2.369010299444198608e-01
2.780771851539611816e-01 2.379309535026550293e-01 2.435282021760940552e-01 2.457378506660461426e-01 2.791752815246582031e-01 2.392598986625671387e-01 2.367434054613113403e-01 2.395461350679397583e-01
2.822420001029968262e-01 2.405551224946975708e-01 2.381864041090011597e-01 2.460587471723556519e-01 2.750106453895568848e-01 2.413438856601715088e-01 2.379629611968994141e-01 2.386391460895538330e-01
2.839670181274414062e-01 2.415930330753326416e-01 2.314108461141586304e-01 2.405602633953094482e-01 2.790232896804809570e-01 2.403660267591476440e-01 2.422340810298919678e-01 2.408443838357925415e-01
2.847366929054260254e-01 2.394686937332153320e-01 2.354711741209030151e-01 2.379867583513259888e-01 2.812987864017486572e-01 2.364933639764785767e-01 2.459555715322494507e-01 2.385878711938858032e-01
2.837003469467163086e-01 2.384396046400070190e-01 2.391088902950286865e-01 2.377028465270996094e-01 2.787224650382995605e-01 2.383194565773010254e-01 2.483048886060714722e-01 2.357003688812255859e-01
2.834004163742065430e-01 2.369432449340820312e-01 2.413575053215026855e-01 2.388360202312469482e-01 2.768370211124420166e-01 2.396512329578399658e-01 2.453806549310684204e-01 2.375927865505218506e-01
2.851231098175048828e-01 2.372364103794097900e-01 2.414936125278472900e-01 2.395284622907638550e-01 2.757152915000915527e-01 2.372187525033950806e-01 2.455905675888061523e-01 2.380925863981246948e-01
2.821341156959533691e-01 2.394476532936096191e-01 2.383712381124496460e-01 2.458832710981369019e-01 2.771939635276794434e-01 2.366511821746826172e-01 2.441861629486083984e-01 2.361312210559844971e-01
2.813653945922851562e-01 2.395064532756805420e-01 2.413523197174072266e-01 2.436121106147766113e-01 2.770296633243560791e-01 2.341367751359939575e-01 2.439399659633636475e-01 2.390561103820800781e-01
2.767922878265380859e-01 2.378541231155395508e-01 2.433426380157470703e-01 2.451048791408538818e-01 2.780988216400146484e-01 2.388694584369659424e-01 2.448098212480545044e-01 2.351267933845520020e-01
2.780688405036926270e-01 2.425975501537322998e-01 2.408285439014434814e-01 2.415989637374877930e-01 2.773947715759277344e-01 2.410076260566711426e-01 2.392639368772506714e-01 2.392385005950927734e-01
2.774302959442138672e-01 2.404085099697113037e-01 2.437478750944137573e-01 2.401407063007354736e-01 2.806536257266998291e-01 2.364794164896011353e-01 2.423310875892639160e-01 2.388072311878204346e-01
2.774832844734191895e-01 2.364962548017501831e-01 2.407498061656951904e-01 2.407091110944747925e-01 2.783409357070922852e-01 2.432547509670257568e-01 2.394149601459503174e-01 2.435495555400848389e-01
2.802079916000366211e-01 2.383112162351608276e-01 2.423414289951324463e-01 2.375777810811996460e-01 2.843230962753295898e-01 2.387431710958480835e-01 2.361295074224472046e-01 2.423645853996276855e-01
2.817827463150024414e-01 2.390277385711669922e-01 2.365418225526809692e-01 2.390841096639633179e-01 2.837818861007690430e-01 2.390889227390289307e-01 2.397062182426452637e-01 2.409853041172027588e-01
2.795881330966949463e-01 2.442947477102279663e-01 2.385995984077453613e-01 2.428060919046401978e-01 2.796189785003662109e-01 2.374720573425292969e-01 2.384114861488342285e-01 2.392075657844543457e-01
2.782284915447235107e-01 2.409787029027938843e-01 2.400475293397903442e-01 2.416877597570419312e-01 2.797823548316955566e-01 2.366420924663543701e-01 2.389118820428848267e-01 2.437199056148529053e-01
2.769191861152648926e-01 2.435294389724731445e-01 2.456781268119812012e-01 2.422061115503311157e-01 2.818787693977355957e-01 2.335094660520553589e-01 2.376063317060470581e-01 2.386711984872817993e-01
2.785179615020751953e-01 2.411256134510040283e-01 2.447764128446578979e-01 2.395942807197570801e-01 2.826328277587890625e-01 2.333475202322006226e-01 2.403658926486968994e-01 2.396382242441177368e-01
2.836730480194091797e-01 2.427746355533599854e-01 2.448560744524002075e-01 2.416987121105194092e-01 2.775775194168090820e-01 2.362187504768371582e-01 2.362564951181411743e-01 2.369434386491775513e-01
2.819789350032806396e-01 2.427583336830139160e-01 2.443429827690124512e-01 2.439222186803817749e-01 2.785005569458007812e-01 2.341757565736770630e-01 2.358607053756713867e-01 2.384591847658157349e-01
2.773068845272064209e-01 2.409241646528244019e-01 2.428457140922546387e-01 2.450394630432128906e-01 2.838895022869110107e-01 2.393393814563751221e-01 2.324125468730926514e-01 2.382409721612930298e-01
2.789035737514495850e-01 2.451274693012237549e-01 2.440329641103744507e-01 2.441525459289550781e-01 2.843623459339141846e-01 2.365071475505828857e-01 2.294447720050811768e-01 2.374677956104278564e-01
2.801952362060546875e-01 2.461899369955062866e-01 2.436140775680541992e-01 2.416553497314453125e-01 2.824943661689758301e-01 2.375023066997528076e-01 2.307681292295455933e-01 2.375791668891906738e-01
2.788362801074981689e-01 2.445368766784667969e-01 2.445760667324066162e-01 2.419167459011077881e-01 2.796666026115417480e-01 2.389076352119445801e-01 2.304604053497314453e-01 2.410980165004730225e-01
2.772284746170043945e-01 2.427771091461181641e-01 2.395319044589996338e-01 2.421766519546508789e-01 2.832724452018737793e-01 2.400860190391540527e-01 2.355746328830718994e-01 2.393512874841690063e-01
2.808410525321960449e-01 2.410919070243835449e-01 2.394461929798126221e-01 2.387703210115432739e-01 2.802254557609558105e-01 2.372095584869384766e-01 2.449044585227966309e-01 2.375096231698989868e-01
2.805201709270477295e-01 2.371554672718048096e-01 2.413974553346633911e-01 2.384419143199920654e-01 2.820377349853515625e-01 2.380537539720535278e-01 2.436024844646453857e-01 2.387895137071609497e-01
2.816715836524963379e-01 2.400720864534378052e-01 2.380942702293395996e-01 2.372152954339981079e-01 2.817088067531585693e-01 2.393158525228500366e-01 2.444921433925628662e-01 2.374284565448760986e-01
2.818919122219085693e-01 2.430710494518280029e-01 2.350202500820159912e-01 2.345806658267974854e-01 2.782490253448486328e-01 2.448041886091232300e-01 2.401087284088134766e-01 2.422726452350616455e-01
2.803613841533660889e-01 2.388565689325332642e-01 2.329123914241790771e-01 2.373948693275451660e-01 2.789019346237182617e-01 2.465515732765197754e-01 2.387494891881942749e-01 2.462702840566635132e-01
2.804336547851562500e-01 2.396496236324310303e-01 2.345501780509948730e-01 2.386861443519592285e-01 2.799004912376403809e-01 2.414184957742691040e-01 2.414516955614089966e-01 2.439080923795700073e-01
2.840067148208618164e-01 2.343246042728424072e-01 2.351641356945037842e-01 2.418477535247802734e-01 2.811732888221740723e-01 2.450648099184036255e-01 2.425896823406219482e-01 2.358273863792419434e-01
2.811143994331359863e-01 2.304560691118240356e-01 2.413602322340011597e-01 2.392821758985519409e-01 2.837468683719635010e-01 2.448210120201110840e-01 2.395296841859817505e-01 2.396879345178604126e-01
2.782749235630035400e-01 2.345382869243621826e-01 2.377729564905166626e-01 2.337424606084823608e-01 2.880598604679107666e-01 2.407414764165878296e-01 2.448359429836273193e-01 2.420324385166168213e-01
2.747754752635955811e-01 2.385324090719223022e-01 2.392788529396057129e-01 2.328452169895172119e-01 2.848376631736755371e-01 2.448833286762237549e-01 2.424103617668151855e-01 2.424350380897521973e-01
2.823702096939086914e-01 2.361290901899337769e-01 2.364064306020736694e-01 2.425243556499481201e-01 2.792252302169799805e-01 2.431448101997375488e-01 2.373421192169189453e-01 2.428561002016067505e-01
2.846829295158386230e-01 2.390371561050415039e-01 2.383533716201782227e-01 2.394654601812362671e-01 2.821810841560363770e-01 2.414824068546295166e-01 2.391553670167922974e-01 2.356406450271606445e-01
2.864544093608856201e-01 2.372222244739532471e-01 2.357752025127410889e-01 2.413537651300430298e-01 2.848638892173767090e-01 2.387262731790542603e-01 2.396950721740722656e-01 2.359075546264648438e-01
2.875150740146636963e-01 2.368484735488891602e-01 2.366842329502105713e-01 2.444133758544921875e-01 2.832219600677490234e-01 2.398300468921661377e-01 2.379043698310852051e-01 2.335808277130126953e-01
