# pops for 8 qbits with connectivity gas_with_one_uni in chunks 2
1.999999999999999278e-01 1.999999999999999278e-01 1.999999999999999278e-01 1.999999999999999278e-01 1.999999999999999278e-01 3.999999999999999667e-01 1.999999999999999278e-01 1.999999999999999278e-01
2.000000000000001221e-01 2.000000000000002054e-01 2.000000000000001221e-01 2.468028304796753836e-01 2.370137620376153720e-01 2.337025479151691454e-01 2.000000000000001221e-01 2.824808595675405987e-01
2.171104285259970457e-01 2.133647715123395405e-01 2.094376957910048798e-01 2.279412207273947277e-01 2.053007260200173378e-01 2.883513298002532976e-01 2.089105687142536472e-01 2.295832589087396514e-01
2.163353611258680143e-01 2.138472499583252695e-01 2.194021431640956199e-01 2.400733806516192614e-01 2.394868643302487388e-01 2.226106526927898177e-01 2.283329475872613590e-01 2.199114004897921582e-01
2.267421821594868547e-01 2.135237220867934049e-01 2.171816262351047855e-01 2.270372433273005475e-01 2.276511914800248282e-01 2.262600214383852781e-01 2.206661924079658388e-01 2.409378208649377018e-01
2.294427018803761875e-01 2.375598398462531735e-01 2.184234983058346291e-01 2.211572423178968794e-01 2.300290826943486577e-01 2.208061347693333620e-01 2.225003157919643870e-01 2.200811843939927681e-01
2.235714827105257652e-01 2.377834030515452446e-01 2.192606850494279447e-01 2.200870600353899142e-01 2.348395519153134436e-01 2.188962801274474401e-01 2.252159794482256894e-01 2.203455576621238809e-01
2.178785854878944050e-01 2.208371232478791024e-01 2.223228917823200090e-01 2.206469368271997966e-01 2.245148981462676552e-01 2.209670938253767702e-01 2.279644210022899187e-01 2.448680496807715823e-01
2.221703862407058694e-01 2.200622579967606574e-01 2.281772097627540741e-01 2.204448019319712460e-01 2.239808236860798274e-01 2.326664761279298999e-01 2.180204371642729955e-01 2.344776070895251419e-01
2.191792995597024729e-01 2.186022321509749899e-01 2.272619513131599045e-01 2.226974352047576822e-01 2.227751709622616538e-01 2.256016641143862855e-01 2.233868081406555073e-01 2.404954385540991613e-01
2.168101073574520976e-01 2.239501400830502253e-01 2.277673153172472542e-01 2.202874902896217180e-01 2.425380020643098378e-01 2.250328932996981390e-01 2.220304393653828590e-01 2.215836122232366090e-01
2.294858076082292586e-01 2.302649407649409175e-01 2.215993486650174593e-01 2.214569079768627935e-01 2.223780834444000210e-01 2.226106164954714806e-01 2.299950153421703170e-01 2.222092797029050770e-01
2.147899166041958297e-01 2.263157852003792603e-01 2.193985786721845965e-01 2.207217388600144214e-01 2.268732751210836285e-01 2.492180841097952904e-01 2.220325942964420651e-01 2.206500271359032317e-01
2.221117126226087035e-01 2.178679905723686361e-01 2.243368690357739337e-01 2.237927864755023810e-01 2.230609833670923470e-01 2.402010415343566740e-01 2.194131762753094850e-01 2.292154401169864131e-01
2.171544932340022660e-01 2.234525982551119894e-01 2.211057361574872149e-01 2.237918513490458616e-01 2.280337387533488414e-01 2.428047861185058109e-01 2.202150530066186440e-01 2.234417431258768350e-01
2.256474093084891441e-01 2.184624386651007610e-01 2.173809065619930203e-01 2.290069783696644379e-01 2.205478861084537723e-01 2.412410860438845006e-01 2.215537856506328562e-01 2.261595092917794703e-01
2.210162611011490807e-01 2.151895479520677390e-01 2.189057111160354618e-01 2.481052008334024561e-01 2.261475838507210900e-01 2.220818619915144454e-01 2.238581268287381243e-01 2.246957063263685939e-01
2.227377337953968250e-01 2.302560534672137282e-01 2.352297716445631293e-01 2.209129335354119428e-01 2.206522686997496874e-01 2.204181678054178972e-01 2.292956634715583308e-01 2.204974075806855893e-01
2.207528083579829714e-01 2.225182230794042759e-01 2.233058641087132812e-01 2.347998459747013544e-01 2.246787985978359603e-01 2.261143937325549302e-01 2.189594384358985735e-01 2.288706277129056998e-01
2.252952111296174786e-01 2.268105283048647558e-01 2.186301360214331913e-01 2.202519223311367180e-01 2.245100071627340876e-01 2.186881191860402529e-01 2.411024280610794546e-01 2.247116478030905529e-01
2.376120198646579362e-01 2.397268833694168322e-01 2.194224814133999002e-01 2.201465930053022324e-01 2.206373821983962924e-01 2.232434185799961057e-01 2.159745935873214062e-01 2.232366279815054810e-01
2.343322385051344603e-01 2.359641890935460229e-01 2.213084904927884178e-01 2.228417439145927992e-01 2.249847069244995945e-01 2.250152700990073751e-01 2.158394125711660116e-01 2.197139483992609221e-01
2.238185467955553787e-01 2.347603040056702728e-01 2.234064541184111463e-01 2.235225291527611069e-01 2.110673859262776064e-01 2.272497810363418858e-01 2.302798334190956087e-01 2.258951655458830143e-01
2.173223833332132149e-01 2.341813955185715335e-01 2.218614853186254010e-01 2.298745687578902241e-01 2.182073224959369673e-01 2.305204696156853694e-01 2.260516711008509760e-01 2.219807038592221948e-01
2.211357786559939309e-01 2.337552554182652509e-01 2.184127713186919950e-01 2.247033684885174076e-01 2.311761571275583738e-01 2.223886861515382285e-01 2.278356161477491371e-01 2.205923666916813075e-01
2.219384859495594498e-01 2.217885140302392477e-01 2.186380964613127142e-01 2.132999781310972454e-01 2.323979557525691630e-01 2.378649073922360913e-01 2.235234290015112590e-01 2.305486332814692674e-01
2.341416713451332787e-01 2.204164115697540283e-01 2.321560692846415253e-01 2.213849777504478256e-01 2.272096299191630753e-01 2.221806886425772010e-01 2.189194627362465451e-01 2.235910887520322632e-01
2.206036077988323962e-01 2.187222313332708445e-01 2.261578934901854743e-01 2.262603851703545998e-01 2.240426198152543069e-01 2.264704671210342746e-01 2.376195688093610814e-01 2.201232264617010159e-01
2.251153292916849846e-01 2.299237083033828510e-01 2.179441493241023875e-01 2.254036849323070024e-01 2.284347645154387874e-01 2.188298066125296260e-01 2.363563631248282171e-01 2.179921938957194716e-01
2.308060722599059034e-01 2.228939142606226331e-01 2.251149050994534495e-01 2.197973869764103805e-01 2.280410606393565021e-01 2.152366022762904618e-01 2.238885682573386604e-01 2.342214902306153090e-01
2.245140335323910219e-01 2.435468670894928300e-01 2.134322281735391846e-01 2.265353193897383932e-01 2.193840749836044879e-01 2.264733855163914289e-01 2.196660209150005649e-01 2.264480703998352773e-01
2.206645058924580904e-01 2.259643355998331438e-01 2.230443468416148933e-01 2.195083562257332255e-01 2.240424642373919362e-01 2.192298407585335229e-01 2.249182698379289247e-01 2.426278806064996740e-01
2.153373082863046239e-01 2.454127640408192146e-01 2.199138089170567523e-01 2.225404839928502576e-01 2.222105353632038149e-01 2.157240922913907510e-01 2.303438776015232781e-01 2.285171295068443298e-01
2.239705663639947886e-01 2.296343878668898886e-01 2.221282883917591877e-01 2.417193941787365852e-01 2.222608498572553049e-01 2.190560144649642549e-01 2.183283828562083417e-01 2.229021160201848650e-01
2.204421308622565301e-01 2.275457734087430739e-01 2.192487999175168900e-01 2.232506806187554149e-01 2.240702445746072524e-01 2.236545437235923917e-01 2.369764328665178166e-01 2.248113940280024592e-01
2.371660573191221588e-01 2.269307975274467981e-01 2.269315088018985516e-01 2.238131046370984145e-01 2.164400875531789781e-01 2.196927485081953679e-01 2.251334102853398134e-01 2.238922853677116909e-01
2.271634710019521386e-01 2.239214278997756769e-01 2.216891634613223083e-01 2.263010612031101654e-01 2.228866914804239763e-01 2.262581005257918165e-01 2.313900011752002273e-01 2.203900832524161024e-01
2.223266175047344251e-01 2.195214925714951970e-01 2.301949062067810969e-01 2.422348819475906856e-01 2.271950155458046794e-01 2.195610686068087680e-01 2.221747953074879600e-01 2.167912223092882951e-01
2.268402679536375144e-01 2.202679427143860169e-01 2.383424452748226230e-01 2.213342245775958284e-01 2.354344833988550878e-01 2.189316370020588098e-01 2.153488641601344067e-01 2.235001349185013475e-01
2.273227924978564463e-01 2.304753013192334943e-01 2.138852471131217903e-01 2.204548774436610736e-01 2.235198998679850946e-01 2.312430431226445426e-01 2.295251304846075147e-01 2.235737081508813728e-01
2.193221361281713355e-01 2.286023169420789147e-01 2.196017619678833077e-01 2.299678154080923020e-01 2.401285308335072699e-01 2.150378725416506043e-01 2.196087321356477717e-01 2.277308340429592404e-01
2.287001470538679304e-01 2.199329056909611335e-01 2.256088605297831007e-01 2.262989496877601259e-01 2.259157340542569670e-01 2.165989107966039273e-01 2.207100065699124924e-01 2.362344856168449581e-01
2.213246593728692979e-01 2.336640680089244748e-01 2.259913777781912825e-01 2.225474776477149585e-01 2.271399323682926630e-01 2.273433532692390735e-01 2.164096509226723364e-01 2.255794806320854939e-01
2.223158184599803855e-01 2.213229729445787275e-01 2.301389472214853127e-01 2.352145667410804331e-01 2.160430113794729601e-01 2.309849933943740885e-01 2.228737726992464363e-01 2.211059171597721806e-01
2.240812536004478939e-01 2.310266541789713635e-01 2.197076798033312517e-01 2.260499115271287496e-01 2.230269210589801154e-01 2.259992482621781262e-01 2.245556952974253340e-01 2.255526362715268018e-01
2.175103235268496527e-01 2.179423695139402761e-01 2.341273150078151122e-01 2.241408207133255559e-01 2.199632616997955203e-01 2.244542896195454995e-01 2.310734041130458605e-01 2.307882158056725752e-01
2.210059181365904013e-01 2.270663346198463217e-01 2.232606253771056426e-01 2.235530096622361240e-01 2.231754521928523416e-01 2.241901570273497624e-01 2.287131572632738474e-01 2.290353457207348065e-01
2.275705440836048032e-01 2.414510242982093602e-01 2.211441327894634601e-01 2.191229197012628527e-01 2.168418715247791007e-01 2.330190593566146273e-01 2.208750501335264294e-01 2.199753981125290025e-01
2.184479510915336986e-01 2.238641475698948391e-01 2.414372928364647841e-01 2.245104338839477021e-01 2.288537524584418614e-01 2.179967953703855210e-01 2.184979190034077035e-01 2.263917077859131377e-01
2.195720967878325991e-01 2.164448406257014346e-01 2.180837257556089703e-01 2.373024775978420930e-01 2.468345827695963557e-01 2.188831238487729258e-01 2.174711084983915188e-01 2.254080441162425175e-01
2.219783842616328828e-01 2.448131193479373968e-01 2.231433377812389596e-01 2.207214250954736001e-01 2.150324274551848047e-01 2.182879029505005175e-01 2.374860375929354339e-01 2.185373655150843475e-01
2.272762692739929424e-01 2.331855241484842578e-01 2.271357115778241398e-01 2.196465118550678108e-01 2.173697638456930092e-01 2.168197625235016024e-01 2.233729635816124603e-01 2.351934931938125806e-01
2.344307510403952632e-01 2.292069406545403643e-01 2.290464171821575690e-01 2.201115059765852144e-01 2.210157356088258418e-01 2.184226462915944689e-01 2.245019387121442445e-01 2.232640645337453100e-01
2.329334995804408504e-01 2.238208111593345262e-01 2.278868640362066433e-01 2.252827067068557676e-01 2.338626994268833970e-01 2.201348265164843609e-01 2.173849545737040478e-01 2.186936380000787938e-01
2.218838914082962022e-01 2.232301871382717795e-01 2.161011597184821775e-01 2.272168070545808882e-01 2.207943627459756364e-01 2.259681414789164178e-01 2.278271825647658066e-01 2.369782678906990625e-01
2.201034940106657845e-01 2.398472490017171110e-01 2.243945769902809528e-01 2.219413221222751309e-01 2.203349427317936871e-01 2.199145416189294544e-01 2.216147532062160419e-01 2.318491203181088367e-01
2.184728073470788012e-01 2.266062362749342585e-01 2.241620196566424528e-01 2.270920325169555609e-01 2.183184372336449963e-01 2.329391059004382314e-01 2.201112349732714524e-01 2.322981260970214401e-01
2.346010449246812568e-01 2.233133597618511546e-01 2.303905178119794728e-01 2.169174094406036979e-01 2.156576992454781183e-01 2.239069451863769100e-01 2.239662460921585108e-01 2.312467775368591827e-01
2.282078065413932766e-01 2.201313574546268359e-01 2.216289874000426374e-01 2.233877789775402523e-01 2.196353256779892127e-01 2.308089259241570268e-01 2.194798773051549745e-01 2.367199407190838933e-01
2.165299240222262889e-01 2.271311811734337549e-01 2.292787504357658990e-01 2.429555494907533475e-01 2.210476222486649489e-01 2.212704381834395828e-01 2.143687782913412665e-01 2.274177561543609949e-01
2.220412633860051055e-01 2.200937690530583857e-01 2.274966415167354039e-01 2.234937969604177121e-01 2.291607991498288421e-01 2.277675686483136286e-01 2.301013003769290244e-01 2.198448609086983141e-01
2.160453831762355614e-01 2.338924972095446642e-01 2.222405420708313262e-01 2.381032259633267534e-01 2.293883791117960202e-01 2.155984116600445921e-01 2.212601716218224046e-01 2.234713891863850388e-01
2.224882766866456973e-01 2.387802644165083477e-01 2.215237570539618228e-01 2.196979603304433093e-01 2.257274903947709688e-01 2.193783461986646144e-01 2.283347765373321958e-01 2.240691283816595991e-01
2.225642518794957170e-01 2.182879744533701150e-01 2.202133536117875934e-01 2.221539183362908898e-01 2.291460195646632947e-01 2.437827019471644208e-01 2.223843141687419367e-01 2.214674660384715332e-01
2.224056244995685772e-01 2.215441271721740046e-01 2.259201242630614337e-01 2.212630317086693166e-01 2.211580793939441902e-01 2.357106652047082640e-01 2.260297995271018656e-01 2.259685482307578763e-01
2.326178036385860848e-01 2.261871453326286807e-01 2.359462501501229936e-01 2.168496661432723904e-01 2.195337891573929390e-01 2.198857257440257895e-01 2.280858076454977124e-01 2.208938121884584660e-01
2.451156359924380745e-01 2.201562460464102644e-01 2.255746706634969012e-01 2.221572559046859352e-01 2.187665074895219219e-01 2.216664142948752969e-01 2.241788662274217525e-01 2.223844033811339105e-01
2.247652263158422259e-01 2.300622580758485969e-01 2.191507403595552295e-01 2.283364563532358227e-01 2.207848714263044021e-01 2.259589407535529393e-01 2.303307374159020426e-01 2.206107692997436587e-01
2.231505441585980853e-01 2.276972929806379276e-01 2.232595858033394332e-01 2.227121016688543564e-01 2.189194077966513940e-01 2.311125065013234225e-01 2.286573174550283749e-01 2.244912436355511742e-01
2.213712377921746577e-01 2.323733320709149841e-01 2.282717664041478411e-01 2.159157576936391321e-01 2.228190190480127675e-01 2.314105469874992715e-01 2.245181067716297552e-01 2.233202332319655370e-01
2.425135401130306678e-01 2.206209250439438996e-01 2.229997649710263874e-01 2.277898702528695085e-01 2.169737988013774876e-01 2.262190520273649474e-01 2.138393008440289678e-01 2.290437479463416637e-01
2.234350064986520557e-01 2.220062754071577549e-01 2.242910436118592532e-01 2.336511676838227136e-01 2.336760004124539825e-01 2.227340865997139707e-01 2.166988601964624228e-01 2.235075595898614598e-01
2.164430787717381566e-01 2.204719749567595199e-01 2.383079070770976471e-01 2.209696312053967826e-01 2.169886319646197326e-01 2.323965193092235593e-01 2.318929251803402147e-01 2.225293315348075007e-01
2.213623789513194384e-01 2.211338681293317787e-01 2.408827480271626686e-01 2.149686223114575523e-01 2.196686386596274909e-01 2.241584451115532228e-01 2.368942652553732708e-01 2.209310335541576076e-01
2.283330814540904807e-01 2.181035125046888734e-01 2.327685473413894923e-01 2.231468967109998536e-01 2.217175043107374177e-01 2.256563782662355244e-01 2.314559852225632486e-01 2.188180941892785836e-01
2.203408226837264283e-01 2.217340732085943955e-01 2.281542532081899111e-01 2.293455951693392780e-01 2.188901491971637914e-01 2.186544742175639544e-01 2.250214329292978543e-01 2.378591993861074450e-01
2.184323052165523527e-01 2.416987396184530623e-01 2.235312038227787179e-01 2.244240498938464834e-01 2.195621627248160457e-01 2.201130127864665831e-01 2.308809862542302860e-01 2.213575396828388331e-01
2.234377505391741681e-01 2.341807303344424773e-01 2.185837599141017829e-01 2.275096957150520294e-01 2.158192886139526090e-01 2.168370019678803884e-01 2.366695610342048894e-01 2.269622118811736589e-01
2.321677192090431940e-01 2.224730663986270451e-01 2.188482210081555968e-01 2.263626349246250502e-01 2.245835539438910400e-01 2.195159394797030761e-01 2.295028491115466418e-01 2.265460159243893878e-01
2.298268155422421022e-01 2.189121141468082510e-01 2.160049368997420949e-01 2.329315987180259895e-01 2.203601388084226731e-01 2.357386052866787263e-01 2.196844196648031211e-01 2.265413709332580183e-01
2.221899059438608159e-01 2.230559681955118778e-01 2.221641785665577351e-01 2.252331685384096893e-01 2.287595761819799789e-01 2.356213326556260979e-01 2.288605177759851228e-01 2.141153521420497696e-01
2.203072218504540380e-01 2.223400081618016888e-01 2.342194982514398116e-01 2.296284275658800611e-01 2.198336056801059590e-01 2.338247177552727762e-01 2.198692077995735572e-01 2.199773129354536116e-01
2.244902464230505157e-01 2.177429182488275772e-01 2.373130145367910449e-01 2.181652380542595804e-01 2.194513974762707098e-01 2.357713591731377678e-01 2.275315809424321711e-01 2.195342451452109711e-01
2.382945720998845274e-01 2.175028765413067888e-01 2.255286721481882251e-01 2.224376355703926167e-01 2.263925644774197332e-01 2.210587627911309583e-01 2.212392001380676654e-01 2.275457162335894346e-01
2.212760693313984006e-01 2.226527304169071131e-01 2.255255788366650194e-01 2.290158479851243656e-01 2.154130771304628711e-01 2.289490940146986786e-01 2.270719269209478253e-01 2.300956753637763141e-01
2.254061119212155684e-01 2.293805187515996213e-01 2.206124126637830085e-01 2.394862021982869238e-01 2.215004092833197935e-01 2.236448854449061829e-01 2.183945011462583297e-01 2.215749585906105490e-01
2.315893286227067860e-01 2.270539193951136292e-01 2.271303492907303379e-01 2.239237573715048002e-01 2.172092015247741592e-01 2.185604520653885718e-01 2.300967416408075394e-01 2.244362500889539314e-01
2.235770533175253094e-01 2.328447955656042512e-01 2.269096634152399927e-01 2.215018896735301834e-01 2.269801850952029298e-01 2.274873300484484828e-01 2.233912627924379279e-01 2.173078200919898451e-01
2.174596637175416070e-01 2.182493360782517822e-01 2.361003998325996722e-01 2.215353920884658712e-01 2.216130694439986670e-01 2.277949069388966186e-01 2.192600651358344588e-01 2.379871667643905231e-01
2.346195500622172136e-01 2.283570882977039584e-01 2.213924911892033165e-01 2.249482558869976001e-01 2.254445301838948479e-01 2.325069384980161247e-01 2.129766266946589437e-01 2.197545191872870562e-01
2.274635392118991573e-01 2.185813855281082130e-01 2.234534156431155771e-01 2.274378816537356018e-01 2.240428731966961073e-01 2.293580452645643253e-01 2.277982864294823551e-01 2.218645730723775300e-01
2.185527531282504821e-01 2.245513898283462983e-01 2.265869444600475957e-01 2.244630540212371739e-01 2.382748055218412431e-01 2.272675581616324103e-01 2.165071358877470875e-01 2.237963589908755213e-01
2.338939828158977385e-01 2.266771741242350757e-01 2.219681910211846743e-01 2.271258746792328420e-01 2.229030928148511004e-01 2.207669832859982251e-01 2.211563723459531172e-01 2.255083289126251778e-01
2.298321502860984633e-01 2.236767388481033791e-01 2.167399041112902658e-01 2.210419201965665159e-01 2.314058735822418222e-01 2.192132933442078879e-01 2.297723300936743984e-01 2.283177895377951350e-01
2.278817240472015004e-01 2.216800199458665854e-01 2.238187085249288277e-01 2.314332195607779752e-01 2.382807046362291903e-01 2.243986968451880393e-01 2.144566259143727283e-01 2.180503005254131321e-01
2.262618127850705985e-01 2.255116139651887341e-01 2.266617982114623453e-01 2.275591599927288267e-01 2.181885226140350686e-01 2.270495779888337118e-01 2.261429664051090305e-01 2.226245480375481089e-01
2.195260098005802629e-01 2.195163112742156419e-01 2.205108774401568772e-01 2.352074477466110924e-01 2.200949192357859185e-01 2.414567522763212126e-01 2.238820155799003397e-01 2.198056666464058284e-01
2.246274493786549753e-01 2.191338183369138659e-01 2.186729856683676809e-01 2.208667873970701911e-01 2.366559642944173758e-01 2.188436779316374481e-01 2.256232595485211656e-01 2.355760574443939714e-01
2.217288030637653284e-01 2.229091614985816983e-01 2.226398339698517359e-01 2.232917667923318417e-01 2.228936852152051395e-01 2.408216429037163264e-01 2.223215833064819680e-01 2.233935232500435519e-01
2.230606884719282812e-01 2.190318818506607201e-01 2.174192038853241249e-01 2.317114836554417523e-01 2.235718780845438181e-01 2.289374319209231123e-01 2.232800630981793266e-01 2.329873690329761493e-01
2.223673568415598101e-01 2.254109518549337332e-01 2.386319519687551682e-01 2.289167020013845588e-01 2.175555416542203080e-01 2.213607819931544818e-01 2.257121111782867673e-01 2.200446025076819856e-01
