# pops for 8 qbits with connectivity gas_with_one_uni in chunks 2
1.999999999999999278e-01 1.999999999999999278e-01 1.999999999999999278e-01 1.999999999999999278e-01 1.999999999999999278e-01 3.999999999999999667e-01 1.999999999999999278e-01 1.999999999999999278e-01
2.695273249288312467e-01 2.311157618974463701e-01 2.000000000000002609e-01 2.000000000000003442e-01 2.698898420913785068e-01 2.294670710823451532e-01 2.000000000000002887e-01 2.000000000000002887e-01
2.862757426886020085e-01 2.115025760819073952e-01 2.038202344287620982e-01 2.100277506523013649e-01 2.079825154864241299e-01 2.460622551225017940e-01 2.285637248050262083e-01 2.057652007344750456e-01
2.183958150369799678e-01 2.356802628398077526e-01 2.297787990654488188e-01 2.179767532192293800e-01 2.284772113624528311e-01 2.245031210641906527e-01 2.216791604203801058e-01 2.235088769915096474e-01
2.171340331897781417e-01 2.241476538847994027e-01 2.376527624702809705e-01 2.228971806166076819e-01 2.247588211845106265e-01 2.305135162305690932e-01 2.221548211345527879e-01 2.207412112889007572e-01
2.415692501358367439e-01 2.190046660049967675e-01 2.183203661175444066e-01 2.185436852796475982e-01 2.201580198429680946e-01 2.218368241147490316e-01 2.214054958781908611e-01 2.391616926260660692e-01
2.152552927743098532e-01 2.324355613256134934e-01 2.446890156707421660e-01 2.156832144784565919e-01 2.248901782365230750e-01 2.246426027242692525e-01 2.180907109628071328e-01 2.243134238272782299e-01
2.222572304182361125e-01 2.318585841206910192e-01 2.238409419956873259e-01 2.226183485424671205e-01 2.393132914725739913e-01 2.167391132510420315e-01 2.220701521156480396e-01 2.213023380836538767e-01
2.228526057098444701e-01 2.352243937974534682e-01 2.225782844745714806e-01 2.208240860582178500e-01 2.306372343306404560e-01 2.196315930377469861e-01 2.203765595215833595e-01 2.278752430699405307e-01
2.204665792492770948e-01 2.352854503867918556e-01 2.271629317314873830e-01 2.222254758401066843e-01 2.299894030737100747e-01 2.173719156520596274e-01 2.207162846221446539e-01 2.267819594444203668e-01
2.227492637604062964e-01 2.298483465085277844e-01 2.323623325415551666e-01 2.196469564943144548e-01 2.216765797890093148e-01 2.240853369256898542e-01 2.220184865725711443e-01 2.276126974079244192e-01
2.158505468936313398e-01 2.235689618223108410e-01 2.244378541703495600e-01 2.294422275628889285e-01 2.314879912532695760e-01 2.337952824067772162e-01 2.270464107419771782e-01 2.143707251487932397e-01
2.273254463760961963e-01 2.271388052461296991e-01 2.312599405968850941e-01 2.186488080301245973e-01 2.272366678797496653e-01 2.198009533593331399e-01 2.298652990408560637e-01 2.187240794708226466e-01
2.215158760881895672e-01 2.217576727296758088e-01 2.303235375818647457e-01 2.319394373975325607e-01 2.206920118152692345e-01 2.246334894344098332e-01 2.212554379393872894e-01 2.278825370136689232e-01
2.307049433135786032e-01 2.301003164659833622e-01 2.266470705271489972e-01 2.178070409685435305e-01 2.247548895261458346e-01 2.243166363124307616e-01 2.221358894321101840e-01 2.235332134540553850e-01
2.224085988347077048e-01 2.262647460252980303e-01 2.177183745534397030e-01 2.207493047817972731e-01 2.302294696492191428e-01 2.273752651844880568e-01 2.250636927205088567e-01 2.301905482505383627e-01
2.211852920511953313e-01 2.190853740885349288e-01 2.266623577362665565e-01 2.350135111864500304e-01 2.303057087450502138e-01 2.202141916207671080e-01 2.248724161923859877e-01 2.226611483793465018e-01
2.177085204119988127e-01 2.340579230962978874e-01 2.195944735151446614e-01 2.420825648686535936e-01 2.184502134606408352e-01 2.241650221185354508e-01 2.177732436914420200e-01 2.261680388372828698e-01
2.326567299201857675e-01 2.324076918285025717e-01 2.223459348282108838e-01 2.199160060045511622e-01 2.180319619570521561e-01 2.216340900964159644e-01 2.275225250694768164e-01 2.254850602956004202e-01
2.259290853219434458e-01 2.193173940357077134e-01 2.272555695453075675e-01 2.205294529007054971e-01 2.210635011051362286e-01 2.352131251572534276e-01 2.240022486533501389e-01 2.266896232805918343e-01
2.205236563047896226e-01 2.271091680858915995e-01 2.241773354133512752e-01 2.239295849030248364e-01 2.217553902040622360e-01 2.323922421114144043e-01 2.175473194787129472e-01 2.325653034987487100e-01
2.197921388616856375e-01 2.208008147147260680e-01 2.297836162414935435e-01 2.304910738858142183e-01 2.231889801901895953e-01 2.177605312207503141e-01 2.156205797174182981e-01 2.425622651679181785e-01
2.299506474750413754e-01 2.220672048644412311e-01 2.415063094560416512e-01 2.168945292116823687e-01 2.199196063068213636e-01 2.181869813666082458e-01 2.162280410272861275e-01 2.352466802920726019e-01
2.269112265675693185e-01 2.202499325364351834e-01 2.338447339031220484e-01 2.254662246678822424e-01 2.206801494994135027e-01 2.169658686111467227e-01 2.185058829181618645e-01 2.373759812962646654e-01
2.253582737838799588e-01 2.341153824116566917e-01 2.260385541834301348e-01 2.185356262391916216e-01 2.258198520392073472e-01 2.262910499772732564e-01 2.239174797004179207e-01 2.199237816649387001e-01
2.189980337554820189e-01 2.352597997336394742e-01 2.171512119987496769e-01 2.293361170308880759e-01 2.232147887797362174e-01 2.207063818919913212e-01 2.207555540255001503e-01 2.345781127840075031e-01
2.188973786359129370e-01 2.405338657274553593e-01 2.210177897105917166e-01 2.323193365979558944e-01 2.226812446557292213e-01 2.183573615684997193e-01 2.286660512596995765e-01 2.175269718441508737e-01
2.201723451623014138e-01 2.276150159309583143e-01 2.219839657255378573e-01 2.310465130984893922e-01 2.225707487143508689e-01 2.298328929438624990e-01 2.313821931802997334e-01 2.153963252441941645e-01
2.200531011432918238e-01 2.293089794992129726e-01 2.224806661874912106e-01 2.241302443375250975e-01 2.285207153193636320e-01 2.201087881442815031e-01 2.232415625450794305e-01 2.321559428237496558e-01
2.224798468170104404e-01 2.201378720649511955e-01 2.314212227870097449e-01 2.231030407081869005e-01 2.263245204803878419e-01 2.217302452746764130e-01 2.230264786407158972e-01 2.317767732270555048e-01
2.161178248277056124e-01 2.245375949848516517e-01 2.344164047541271445e-01 2.213012080375638957e-01 2.236914003323515754e-01 2.326256763698724139e-01 2.290264388109388427e-01 2.182834518825815806e-01
2.202076444471695316e-01 2.306784051831715365e-01 2.331511971123746141e-01 2.234409910137274691e-01 2.280478246323143221e-01 2.185865204259809236e-01 2.237954391765654139e-01 2.220919780086896000e-01
2.337651297286516550e-01 2.289982606126002296e-01 2.203316820602573001e-01 2.229888416096715287e-01 2.208915168734521817e-01 2.234709112752272242e-01 2.265195054902368610e-01 2.230341523498958201e-01
2.380236234463352085e-01 2.284185049077884777e-01 2.228249095051314521e-01 2.207709568187326277e-01 2.211959299243281829e-01 2.185754058952903978e-01 2.270845606087790458e-01 2.231061088936067138e-01
2.218461231227655817e-01 2.257487458627624177e-01 2.292149502570473563e-01 2.240800688665904039e-01 2.206282491036397342e-01 2.209992283448095618e-01 2.239319597225780667e-01 2.335506747197998445e-01
2.231520536375770081e-01 2.309062013851810036e-01 2.202428704776499824e-01 2.226469189048545239e-01 2.289463337807397247e-01 2.361469564947575595e-01 2.232800243100638571e-01 2.146786410091688357e-01
2.311716892563313863e-01 2.198145440738585032e-01 2.317727830987837689e-01 2.241223129475111708e-01 2.259011051731580899e-01 2.196426368624507242e-01 2.185086904954836873e-01 2.290662380924146924e-01
2.180161516373695929e-01 2.213218035225890112e-01 2.210987475395553292e-01 2.392934740194411214e-01 2.306488632569380359e-01 2.217246954168909934e-01 2.280749101112746202e-01 2.198213544959332355e-01
2.237684792633655440e-01 2.169826647525298635e-01 2.195285556057688103e-01 2.237649683845052695e-01 2.314295805124441108e-01 2.218816984947400706e-01 2.400380371701898163e-01 2.226060158164473168e-01
2.298395235211651566e-01 2.178871395080158868e-01 2.200564600098305623e-01 2.416982019938238302e-01 2.232928406420401080e-01 2.199975930772253008e-01 2.230844342229000021e-01 2.241438070249902326e-01
2.189231377984451055e-01 2.392018529857986853e-01 2.209143942318853859e-01 2.184466038634576002e-01 2.201290172726589334e-01 2.204833448680629249e-01 2.363067090929459879e-01 2.255949398867357347e-01
2.227408941546625554e-01 2.230867784692284472e-01 2.225585864731461638e-01 2.253731127794581512e-01 2.360292172501468333e-01 2.290917663447142039e-01 2.169540223440765137e-01 2.241656221845572672e-01
2.229828046304579703e-01 2.262403242180304197e-01 2.260129737471294753e-01 2.210564196659264291e-01 2.385518211847531544e-01 2.273928288140133480e-01 2.175744177078298980e-01 2.201884100318499682e-01
2.232199964837987827e-01 2.244925873161414676e-01 2.260958864436457549e-01 2.210065616851535353e-01 2.380674707672201518e-01 2.278441245158022710e-01 2.224197735943562737e-01 2.168535991938713159e-01
2.172102546653349175e-01 2.370421282243846961e-01 2.228715967879389970e-01 2.323372034041227552e-01 2.249948243386503122e-01 2.257475142710037019e-01 2.219016131969845929e-01 2.178948651115698021e-01
2.157555199250672240e-01 2.270451086200921120e-01 2.262920725388046228e-01 2.238643030757989094e-01 2.183082969475803325e-01 2.318749277106128825e-01 2.309336274767694597e-01 2.259261437052648147e-01
2.211919144151317518e-01 2.227508985501437944e-01 2.212204465371947204e-01 2.177915302243717821e-01 2.240163013105519463e-01 2.253944679788476291e-01 2.210263639563369020e-01 2.466080770274098055e-01
2.241638261944023658e-01 2.165988140634482473e-01 2.319499781112474568e-01 2.238795437253991716e-01 2.227087269832758454e-01 2.267661132917921374e-01 2.248797227620766281e-01 2.290532748683473119e-01
2.323796272520168016e-01 2.198301776607144153e-01 2.206124212134037144e-01 2.231039368369526765e-01 2.306987328897616985e-01 2.348090024869270154e-01 2.199585894071707792e-01 2.186075122530414527e-01
2.195451476972049010e-01 2.259344406174924325e-01 2.293724668365983710e-01 2.242644329967973527e-01 2.245552470796570166e-01 2.260881797170589680e-01 2.305980550783454375e-01 2.196420299768335471e-01
2.329871829716204656e-01 2.251495217253301484e-01 2.285912067440965811e-01 2.192036283229139848e-01 2.231072843950021867e-01 2.223480197328595864e-01 2.216774398806310442e-01 2.269357162275339179e-01
2.193767235606154387e-01 2.226666097481193318e-01 2.206286305691186611e-01 2.244743894540024709e-01 2.420503773449917684e-01 2.220478540776606169e-01 2.268521669017316000e-01 2.219032483437481107e-01
2.181423528643365028e-01 2.168439541769408008e-01 2.314909999554742859e-01 2.215215594885943939e-01 2.399634934952224463e-01 2.243084715699714127e-01 2.210508223242775017e-01 2.266783461251706544e-01
2.230814433063767199e-01 2.280936481115444781e-01 2.185953001259859640e-01 2.171671857461515420e-01 2.308978744280423268e-01 2.430217243250007153e-01 2.242988884659159743e-01 2.148439354909689181e-01
2.346675538018924423e-01 2.248833320011071335e-01 2.294824652758511163e-01 2.217074065057002830e-01 2.177999776036853574e-01 2.304130344684933718e-01 2.219693993808592170e-01 2.190768309623980781e-01
2.194658886124770114e-01 2.193409423748783338e-01 2.260156960636295620e-01 2.317570484755286653e-01 2.197465360557802339e-01 2.417629899365708601e-01 2.196286027512321382e-01 2.222822957298903335e-01
2.223651516284933793e-01 2.249897290944836981e-01 2.291202193588268710e-01 2.210766275216245469e-01 2.244231706984704533e-01 2.307780057569963350e-01 2.241605575483103796e-01 2.230865383927814471e-01
2.202428581292635024e-01 2.250668984746981016e-01 2.284380750881463418e-01 2.188220025982588746e-01 2.409866176434046492e-01 2.185914772346576884e-01 2.299091666533025768e-01 2.179429041782552645e-01
2.207792911872950015e-01 2.268366097306410700e-01 2.453071466326425809e-01 2.245438338125204936e-01 2.178986722892556904e-01 2.230406397883675229e-01 2.240445923495423541e-01 2.175492142097223969e-01
2.242529440322552636e-01 2.211312315334605649e-01 2.244073748117499933e-01 2.305170847648052579e-01 2.234528972872322772e-01 2.257623085513867367e-01 2.354974603731890548e-01 2.149786986459067406e-01
2.183487254607465178e-01 2.172206429799762584e-01 2.336512388451525979e-01 2.278845874645459013e-01 2.161467776705053023e-01 2.297287827062197141e-01 2.356986011904016187e-01 2.213206436824377565e-01
2.266041711030744310e-01 2.219856159279602059e-01 2.206056069149735788e-01 2.240387665054006938e-01 2.357485035702068521e-01 2.229489515771087838e-01 2.265240035592348544e-01 2.215443808420258509e-01
2.226335684550817817e-01 2.272376176846558349e-01 2.467331106126569584e-01 2.201533555949981846e-01 2.165943356931300523e-01 2.228995986119554629e-01 2.235212703866210626e-01 2.202271429608861353e-01
2.232516517068750816e-01 2.269346918346639430e-01 2.466617622018466571e-01 2.165060371294308672e-01 2.185827772772140354e-01 2.226557896209641618e-01 2.233312281715915670e-01 2.220760620573987432e-01
2.206785080679944389e-01 2.220619728757250999e-01 2.493162070261723540e-01 2.223666521184476663e-01 2.243439166801551310e-01 2.183799990923296908e-01 2.249164757803944203e-01 2.179362683587668104e-01
2.344424745894914952e-01 2.146736670429002514e-01 2.208843206388911018e-01 2.234008301248301687e-01 2.169340779850998380e-01 2.205574463530467766e-01 2.377913139858687519e-01 2.313158692798562011e-01
2.206171975138867813e-01 2.274990711734804494e-01 2.214348571623549200e-01 2.233257814414394971e-01 2.284306852253370768e-01 2.212394361147283217e-01 2.256877656673406396e-01 2.317652057014167322e-01
2.221468277761493304e-01 2.225052903161097162e-01 2.261242912262865223e-01 2.281048276805128505e-01 2.191925201487975594e-01 2.210091208882626335e-01 2.243080453672866292e-01 2.366090765965790099e-01
2.337151535619568787e-01 2.247465522132051918e-01 2.280997557283383770e-01 2.235760298795920198e-01 2.195045915505708933e-01 2.215177823179818040e-01 2.272826543027032797e-01 2.215574804456358626e-01
2.305887396782142496e-01 2.173052889727595527e-01 2.288197399800202536e-01 2.301864163852448963e-01 2.172897512050228352e-01 2.245634993983226801e-01 2.312672302843135352e-01 2.199793340960863874e-01
2.306217401353785612e-01 2.250953106373272117e-01 2.246265324995700141e-01 2.226293414710333318e-01 2.290070331425202166e-01 2.239441995682914244e-01 2.199530761749863561e-01 2.241227663708767470e-01
2.224986075048818734e-01 2.185447646404642674e-01 2.204652028184802270e-01 2.347278133229482866e-01 2.370804815985737835e-01 2.210405709477989422e-01 2.201390666346570435e-01 2.255034925321781070e-01
2.154795237728265866e-01 2.271397182181682517e-01 2.158664247817503878e-01 2.308012757812361038e-01 2.327758601903671121e-01 2.303389256195494394e-01 2.221644171031688653e-01 2.254338545329161447e-01
2.198456126489179430e-01 2.246934080865778116e-01 2.157012613191415795e-01 2.342878875869553734e-01 2.358561464603288749e-01 2.259192218216281578e-01 2.212892788916490938e-01 2.224071831847845571e-01
2.167959021947991893e-01 2.240073250630354451e-01 2.174378682515040739e-01 2.382887721597604647e-01 2.350269821641820245e-01 2.234335845685117838e-01 2.226948517522840121e-01 2.223147138459055372e-01
2.215478821934294129e-01 2.279277854244063650e-01 2.249689991481419182e-01 2.192097580397480983e-01 2.294823548924784240e-01 2.302294877932554440e-01 2.169891940979842837e-01 2.296445384105371967e-01
2.258860818879355192e-01 2.216693944552921014e-01 2.210121280251511333e-01 2.245603653136685751e-01 2.233261924223844952e-01 2.133314004503097661e-01 2.346928366371038299e-01 2.355216008081363610e-01
2.273878565053698841e-01 2.230670770836422345e-01 2.239196211192096275e-01 2.198596070958235005e-01 2.288772548235443738e-01 2.218900313472882968e-01 2.324448498254382267e-01 2.225537021996643050e-01
2.279094644406209624e-01 2.208157272255381054e-01 2.172659235836376657e-01 2.285677931638506744e-01 2.218988106783707781e-01 2.378148290637905338e-01 2.221831416671045112e-01 2.235443101770681062e-01
2.382540656403842050e-01 2.230629923848040652e-01 2.383512675056095320e-01 2.226130066936323204e-01 2.209435647737861275e-01 2.168937052737257842e-01 2.197716563759312958e-01 2.201097413521074242e-01
2.287736239696555596e-01 2.260917078192191676e-01 2.254803538600762547e-01 2.175064822887847471e-01 2.159843022835095661e-01 2.225283112893990112e-01 2.345731170773263097e-01 2.290621014120109711e-01
2.272385751364668638e-01 2.200007971011369301e-01 2.356249907171743818e-01 2.182986982444803936e-01 2.240896252582512127e-01 2.197216830770433449e-01 2.306667857585905923e-01 2.243588447068368130e-01
2.255697804890045288e-01 2.163818522570372938e-01 2.431067427468587838e-01 2.256237157558354800e-01 2.265882690015577905e-01 2.171209531887383637e-01 2.232871198739047880e-01 2.223215666870442531e-01
2.337203095001021969e-01 2.180173282168917648e-01 2.319252470675924049e-01 2.290558073742620104e-01 2.186204893685349815e-01 2.233454225847529284e-01 2.228859949236463300e-01 2.224294009641977210e-01
2.202067806766244695e-01 2.211398258951666473e-01 2.295606192147188196e-01 2.331940513719892583e-01 2.204171004874844464e-01 2.295982097322284143e-01 2.236635633664329492e-01 2.222198492553352500e-01
2.260753402920908650e-01 2.332961246640340713e-01 2.255238925652690851e-01 2.220525749197925780e-01 2.210251648456185991e-01 2.213345158683177050e-01 2.238076851109256082e-01 2.268847017339310213e-01
2.232631828782893069e-01 2.230903275351941162e-01 2.266453576485320809e-01 2.243424946356390726e-01 2.269935416565638520e-01 2.320059710907901585e-01 2.195300006305186957e-01 2.241291239244520561e-01
2.276950098664309585e-01 2.277489655848823624e-01 2.268917612131186312e-01 2.203083368233412498e-01 2.255068501159329386e-01 2.314938045999248573e-01 2.188859278900884275e-01 2.214693439062597746e-01
2.239798425613739596e-01 2.362759455178567447e-01 2.167020795922371401e-01 2.204211749867363290e-01 2.249795022436701375e-01 2.272093398442701084e-01 2.268071833630353473e-01 2.236249318907991002e-01
2.284717556711380049e-01 2.385885965575898771e-01 2.207248155463546468e-01 2.232822259701460477e-01 2.273074772260087473e-01 2.185459778680811649e-01 2.256349202376896346e-01 2.174442309229716319e-01
2.318362223355498186e-01 2.292813215517888470e-01 2.213061521651530916e-01 2.201786634602137249e-01 2.242117152952628756e-01 2.227494113526127806e-01 2.338345236897042545e-01 2.166019901496927802e-01
2.286557193146514233e-01 2.198615454735548813e-01 2.235110182458219796e-01 2.290047753565129518e-01 2.294413394938598916e-01 2.184954240942452997e-01 2.265091933937331825e-01 2.245209846275990906e-01
2.355101898749940859e-01 2.247836345409262582e-01 2.155450392992429853e-01 2.258041767220053120e-01 2.274439927211275858e-01 2.206290734229454653e-01 2.248526682406303268e-01 2.254312251781057652e-01
2.240052081219784663e-01 2.288547100239263221e-01 2.197354463786572176e-01 2.193902778891384520e-01 2.282454361392600162e-01 2.230779499841386293e-01 2.314851310925134520e-01 2.252058403703652290e-01
2.278749422394351909e-01 2.204851495149586227e-01 2.223153307009618496e-01 2.206366985289935634e-01 2.264116916268295310e-01 2.184620760568073972e-01 2.309566390653269019e-01 2.328574722666643115e-01
2.323709187428863732e-01 2.246474269906792165e-01 2.183732456037743574e-01 2.256629183731304611e-01 2.198200624214688148e-01 2.295866651619044851e-01 2.172721652420180616e-01 2.322665974641152098e-01
2.259094765468654120e-01 2.202656651560498113e-01 2.269308230067064447e-01 2.222917602421510264e-01 2.163685873792343950e-01 2.308616880859724885e-01 2.333405367943502673e-01 2.240314627886469401e-01
2.214427263748301455e-01 2.187349103490730529e-01 2.226581882027963977e-01 2.361583927561319296e-01 2.417227179559563455e-01 2.202918112515282467e-01 2.252772938912559475e-01 2.137139592184042758e-01
2.312900506970274606e-01 2.242598233092059079e-01 2.150080622458384050e-01 2.231280938713515738e-01 2.313490641670256920e-01 2.242768588981715328e-01 2.244752208071959243e-01 2.262128260041602890e-01
2.187783870311516554e-01 2.273182449564999652e-01 2.166279209275346618e-01 2.254187051779691087e-01 2.402111726793019486e-01 2.250363062053458985e-01 2.183667405461098276e-01 2.282425224760629423e-01
2.219958172701106403e-01 2.235965628896893487e-01 2.266701650122706080e-01 2.284171637754086326e-01 2.221326107011257489e-01 2.235206459416630986e-01 2.302294136878876851e-01 2.234376207218205235e-01
