# pops for 8 qbits with connectivity gas_with_one_uni in chunks 2
1.999999999999999278e-01 1.999999999999999278e-01 1.999999999999999278e-01 1.999999999999999278e-01 1.999999999999999278e-01 3.999999999999999667e-01 1.999999999999999278e-01 1.999999999999999278e-01
2.000000000000001221e-01 2.824808595675406542e-01 2.000000000000001221e-01 2.000000000000001776e-01 2.370137620376153720e-01 2.337025479151691731e-01 2.000000000000001499e-01 2.468028304796754113e-01
2.158853284797936922e-01 2.296105266929570343e-01 2.070797229181306764e-01 2.064487865314081072e-01 2.075999241082827351e-01 2.570262425622213964e-01 2.281740554441543389e-01 2.481754132630517862e-01
2.135134238976744148e-01 2.234091259653327721e-01 2.236209990056013119e-01 2.208339822442767497e-01 2.202600563359314867e-01 2.301967388292217587e-01 2.208332941555471995e-01 2.473323795664144897e-01
2.168412706455515315e-01 2.234687430935168029e-01 2.194621730556307326e-01 2.222166214248431637e-01 2.370310749781273929e-01 2.401728302423509764e-01 2.202816341770743314e-01 2.205256523829053350e-01
2.189152983125187135e-01 2.279316870387176064e-01 2.189754881956122723e-01 2.252807176490598529e-01 2.323796359469616768e-01 2.355520499297968362e-01 2.237483011594769977e-01 2.172168217678554503e-01
2.182838081509744232e-01 2.254383726686167155e-01 2.301504721686857546e-01 2.240075836815735300e-01 2.202270321914069073e-01 2.272797276146739931e-01 2.281462396586091956e-01 2.264667638654600523e-01
2.192032378555216487e-01 2.229885114658414491e-01 2.223692881385269937e-01 2.262166492650911631e-01 2.286607713890538573e-01 2.250520946422754354e-01 2.297213174635192312e-01 2.257881297801701825e-01
2.282948107961731976e-01 2.174424735462973934e-01 2.270691639306793297e-01 2.223725271755064570e-01 2.245369557325143373e-01 2.210171924242010921e-01 2.434260732576766506e-01 2.158408031369509483e-01
2.187680868028691883e-01 2.212760271461832462e-01 2.327586439264248963e-01 2.231478233936535494e-01 2.204579411978024872e-01 2.182842455213696298e-01 2.379820541967573588e-01 2.273251778149391611e-01
2.393483039832000892e-01 2.218190897079561907e-01 2.155080541035463426e-01 2.209916095637597666e-01 2.229108404215852379e-01 2.206803921673725910e-01 2.352892221568650133e-01 2.234524878957137028e-01
2.258783385664068499e-01 2.219033720095780204e-01 2.343917696423790387e-01 2.294396250310273833e-01 2.190304498978214442e-01 2.221100641153992417e-01 2.214274565675573014e-01 2.258189241698285998e-01
2.498131979966042027e-01 2.227795646860871448e-01 2.148554708357568177e-01 2.293950423141449535e-01 2.229613652421058578e-01 2.181215822116143732e-01 2.210173778477668161e-01 2.210563988659171586e-01
2.430305413704190731e-01 2.158214647956545329e-01 2.199836509041524779e-01 2.259751436049910189e-01 2.280357405090497336e-01 2.237952865537010394e-01 2.241545766672708995e-01 2.192035955947595482e-01
2.483355130225430307e-01 2.168816460891901388e-01 2.207466044509289738e-01 2.209045477043691807e-01 2.318666056433434097e-01 2.226235316299808864e-01 2.200893357814746043e-01 2.185522156781672665e-01
2.199757151591863191e-01 2.216512722071539154e-01 2.313818670591161752e-01 2.260305617686674540e-01 2.242409989129948156e-01 2.206741205054603971e-01 2.248947275183795780e-01 2.311507368690380593e-01
2.133576261179120359e-01 2.207899590239169596e-01 2.208716700253323117e-01 2.511404176355878648e-01 2.282979749960059868e-01 2.240965466469602985e-01 2.166922318910571854e-01 2.247535736632238768e-01
2.247472042661504132e-01 2.181078977390609741e-01 2.278402165899429122e-01 2.243266607236481525e-01 2.415481223907451902e-01 2.133309781586235632e-01 2.187502835160117509e-01 2.313486366158138685e-01
2.267932351340805619e-01 2.225679572485290691e-01 2.281233126775566167e-01 2.212148401841362855e-01 2.208919172900108696e-01 2.331775900177152638e-01 2.192767806700406941e-01 2.279543667779275751e-01
2.218805944176897582e-01 2.202345786488274226e-01 2.255047362281330237e-01 2.199527158155006601e-01 2.215014163176960149e-01 2.155100371070597376e-01 2.375969589216462285e-01 2.378189625434433130e-01
2.273394727883224498e-01 2.290909667082023093e-01 2.171900150377467364e-01 2.262231132782644150e-01 2.237183785454724960e-01 2.331110224353238614e-01 2.210647302638622524e-01 2.222623009428019991e-01
2.176254213332761145e-01 2.240874501199420499e-01 2.227904468012453509e-01 2.207007845120729228e-01 2.279872027341172114e-01 2.281670551871932684e-01 2.267433899116081675e-01 2.318982494005410733e-01
2.189507302668534938e-01 2.219400235808695332e-01 2.185326277377762916e-01 2.277133213739692685e-01 2.217967834777161418e-01 2.314424286780918383e-01 2.412931854786133923e-01 2.183308994061065322e-01
2.150434236094616869e-01 2.225231400002716520e-01 2.239220169379453618e-01 2.227533688052743543e-01 2.327862569578006136e-01 2.248297913472990517e-01 2.223364462833026522e-01 2.358055560586390653e-01
2.215547365244865674e-01 2.283113841815900269e-01 2.286052837299390184e-01 2.267076020841130857e-01 2.158034330694645064e-01 2.285596518225477269e-01 2.337015601185452318e-01 2.167563484693096343e-01
2.333191919240899803e-01 2.250626878084634186e-01 2.206152364701948199e-01 2.240377496221211684e-01 2.225519859358805475e-01 2.307719632167678225e-01 2.279893922310356480e-01 2.156517927914424482e-01
2.281910788028088388e-01 2.265140311134481166e-01 2.283762247391032119e-01 2.226222912261508757e-01 2.276442141481468395e-01 2.220423143207347627e-01 2.162797992964830829e-01 2.283300463531188207e-01
2.325844320747790517e-01 2.195209764034199151e-01 2.176081699669702996e-01 2.209002565164591980e-01 2.319659502958965336e-01 2.220319140525417179e-01 2.297703347527778883e-01 2.256179659371499724e-01
2.256834093041481248e-01 2.196313834883293348e-01 2.230430240251548291e-01 2.193038508907237116e-01 2.382154487958789424e-01 2.180830585351829498e-01 2.317729954246567636e-01 2.242668295359193931e-01
2.194338349179385528e-01 2.201327336667676104e-01 2.201577165179788576e-01 2.271246625428009203e-01 2.241475517804348006e-01 2.244608085553841670e-01 2.442696551742339905e-01 2.202730368444566766e-01
2.231763468874912448e-01 2.178012970537680504e-01 2.218045990140476431e-01 2.233432706839951765e-01 2.152881478207013810e-01 2.309428264456510616e-01 2.378265171732190930e-01 2.298169949211198715e-01
2.235924760636725794e-01 2.199910635676435022e-01 2.186100270779352539e-01 2.424169148735762780e-01 2.162246627138845467e-01 2.310111169747044724e-01 2.295117661182032032e-01 2.186419726103730754e-01
2.337459916366260992e-01 2.218043085522689584e-01 2.157567105534419771e-01 2.333840696705942186e-01 2.225998552937878683e-01 2.235009925711787804e-01 2.359012201517572405e-01 2.133068515703377688e-01
2.314206192003488427e-01 2.185012104211011275e-01 2.200540528602875356e-01 2.195389083532505170e-01 2.239309835543872862e-01 2.263773014428243080e-01 2.265730671099804028e-01 2.336038570578126417e-01
2.181560434712215835e-01 2.166463886540330730e-01 2.182775592059267578e-01 2.259002433892685346e-01 2.299922762100136964e-01 2.296241600087226553e-01 2.187413671624250655e-01 2.426619618983817395e-01
2.145088664689852598e-01 2.184831592326177407e-01 2.200760850007184577e-01 2.259121240181281021e-01 2.226013176491906664e-01 2.207272831779162892e-01 2.280035151483472688e-01 2.496876493040888489e-01
2.215879488729905478e-01 2.454568029668304785e-01 2.180464560425878773e-01 2.175674005439008352e-01 2.270299569916601479e-01 2.252477476397221623e-01 2.210840403022021894e-01 2.239796466400983399e-01
2.288757527404181036e-01 2.395279627186632232e-01 2.216693116543596298e-01 2.222974105783695198e-01 2.228870688021148128e-01 2.191587739859928163e-01 2.227975243391829840e-01 2.227861951808909335e-01
2.225795839612673410e-01 2.505486926335935838e-01 2.191518700085566262e-01 2.340724713491615094e-01 2.172442562394635845e-01 2.207597452937713201e-01 2.199370486327061058e-01 2.157063318814705644e-01
2.199180501780939045e-01 2.295725731730199892e-01 2.284994506483998267e-01 2.169846740567561161e-01 2.234047603584657093e-01 2.262277799955008384e-01 2.288130366860766096e-01 2.265796749036799174e-01
2.190043518438464509e-01 2.229225329846106496e-01 2.244006795931794418e-01 2.317348852540289661e-01 2.350672699363420826e-01 2.256080821401116321e-01 2.229773852906302700e-01 2.182848129572419749e-01
2.255675441197668163e-01 2.269311019024784215e-01 2.201775237196767765e-01 2.383572709756901220e-01 2.197944319720326334e-01 2.192002833740849810e-01 2.292339104013401685e-01 2.207379335349206606e-01
2.364959511964055683e-01 2.205510457956089965e-01 2.172895941871745840e-01 2.299094229459703320e-01 2.191516039655457271e-01 2.198740427256579144e-01 2.331334074612911311e-01 2.235949317223371591e-01
2.185233361235986160e-01 2.400672476564890689e-01 2.256980718660075991e-01 2.163127261409683311e-01 2.236844508246179086e-01 2.277913963540824926e-01 2.231813429943847460e-01 2.247414280398425945e-01
2.384642443750381036e-01 2.259577364231283858e-01 2.174665651518464249e-01 2.150626583790668789e-01 2.258835946953579865e-01 2.301915060501650845e-01 2.213671220603849188e-01 2.256065728650038238e-01
2.147877805275129892e-01 2.187122660543693031e-01 2.308623712724409971e-01 2.325887864747552269e-01 2.246548573323919329e-01 2.198147797812847470e-01 2.231853069314671811e-01 2.353938516257672309e-01
2.169943449055609652e-01 2.185362970990598341e-01 2.358311109180103171e-01 2.336205908222288852e-01 2.237259832617773669e-01 2.266054884495003474e-01 2.201229071612552102e-01 2.245632773825963491e-01
2.188736528203899800e-01 2.289164826262341246e-01 2.246642589333647799e-01 2.304329041777300746e-01 2.362012139760925611e-01 2.202792381428116675e-01 2.213011534312787632e-01 2.193310958920870746e-01
2.272551603887877081e-01 2.189748039253411049e-01 2.324441318679322244e-01 2.287923666263575739e-01 2.188659642258636850e-01 2.214531073900758151e-01 2.212459417763533165e-01 2.309685237992783191e-01
2.307593062255153260e-01 2.272103477211250000e-01 2.252127267490363349e-01 2.242840821127415341e-01 2.308614162734151376e-01 2.268725574539958156e-01 2.183850590881753762e-01 2.164145043759841680e-01
2.207212379630508758e-01 2.198623150051327579e-01 2.342731606414980572e-01 2.191169037794855334e-01 2.343161934302015192e-01 2.218936695974347006e-01 2.270713096180194956e-01 2.227452099651655582e-01
2.217522100923491613e-01 2.239013193429222059e-01 2.287082563740531205e-01 2.219838509175731389e-01 2.302938564768815533e-01 2.325712060396072367e-01 2.190917303052040965e-01 2.216975704513977075e-01
2.191789874272334349e-01 2.284271086394540629e-01 2.274067855553430495e-01 2.315037967721221834e-01 2.245017976747754607e-01 2.220394106882276619e-01 2.229312224758941696e-01 2.240108907669381699e-01
2.186651941549379585e-01 2.215730148612748418e-01 2.210093487446710414e-01 2.316168645436527118e-01 2.294110224527695363e-01 2.175309114109983677e-01 2.299933245240029789e-01 2.302003193076806176e-01
2.344585750867249907e-01 2.231199761871548171e-01 2.332144428927596658e-01 2.185065110417527545e-01 2.259495157338213267e-01 2.168892094389292535e-01 2.267434804373971435e-01 2.211182891814474361e-01
2.176092549011515720e-01 2.254661423193869696e-01 2.247840618026421822e-01 2.391459072679955056e-01 2.293559205028591619e-01 2.279859587232322127e-01 2.152823713685642071e-01 2.203703831141548275e-01
2.240308146639071463e-01 2.203078798422861417e-01 2.359431642102541860e-01 2.289413183504644955e-01 2.185865741853554589e-01 2.374920077550820297e-01 2.193336939351504256e-01 2.153645470574883924e-01
2.163722221965162507e-01 2.331710493218313307e-01 2.274233310280172893e-01 2.228159511719534080e-01 2.193882976037833943e-01 2.299524820356192989e-01 2.252743169557128722e-01 2.256023496865529332e-01
2.221385049142639567e-01 2.270857898448535583e-01 2.283822971358621945e-01 2.193711215340349852e-01 2.239109881854953743e-01 2.349598805688035696e-01 2.200138973873014547e-01 2.241375204293719892e-01
2.228378314643963964e-01 2.289673065847709077e-01 2.200682671247240763e-01 2.234733904921948067e-01 2.174095623339024064e-01 2.457986456519526963e-01 2.205315375408172240e-01 2.209134588072280414e-01
2.189245379645962108e-01 2.193429011154098551e-01 2.199291156102689548e-01 2.266796709398646859e-01 2.433091959670680426e-01 2.241716452559027184e-01 2.258833097730627570e-01 2.217596233738133582e-01
2.295431718048708269e-01 2.305247818443322827e-01 2.202476713457377777e-01 2.187439158381866700e-01 2.237266298164187206e-01 2.386966089423665505e-01 2.197590315083255974e-01 2.187581888997478519e-01
2.343789119356647077e-01 2.211873672811563440e-01 2.201262564703342361e-01 2.244089138857462973e-01 2.284193773440885977e-01 2.292895361593061399e-01 2.193539261613682567e-01 2.228357107623211153e-01
2.298996220053530770e-01 2.199250961390013803e-01 2.263392517166752382e-01 2.206595148272142981e-01 2.364144911002311056e-01 2.160575539413833457e-01 2.301223121914818537e-01 2.205821580786447023e-01
2.228521161339875878e-01 2.251362907414967141e-01 2.214350833463787360e-01 2.181480989215773270e-01 2.304895209609842399e-01 2.191407917228792579e-01 2.456062041077315128e-01 2.171918940649500140e-01
2.217457099249166563e-01 2.165607088221839505e-01 2.186032512616719603e-01 2.210176572535255957e-01 2.301857055933945184e-01 2.176814549675914756e-01 2.281690791183291767e-01 2.460364330583714454e-01
2.237948814826811739e-01 2.254121754091006624e-01 2.193659125692470346e-01 2.164051394675134410e-01 2.246626053245283083e-01 2.298839141197177860e-01 2.299697640390018227e-01 2.305056075881947719e-01
2.190425799935028506e-01 2.272695826089642102e-01 2.204584637999484620e-01 2.168826120959649884e-01 2.315090201549727111e-01 2.280913269184778602e-01 2.294274714119261815e-01 2.273189430162269875e-01
2.285230145305076621e-01 2.325838299179210367e-01 2.277954099611156913e-01 2.189645408061710596e-01 2.170649851006011821e-01 2.238603261523850196e-01 2.312203129961734882e-01 2.199875805351090285e-01
2.210353645025963376e-01 2.169886280851448246e-01 2.276626042758385648e-01 2.251979466485186099e-01 2.265595867763073312e-01 2.261977417538911794e-01 2.313905607180890001e-01 2.249675672395989867e-01
2.146850905865168302e-01 2.218104532117475269e-01 2.263980379527825715e-01 2.273260417683731771e-01 2.321388849237836227e-01 2.285262176582022464e-01 2.273397113600892916e-01 2.217755625384892071e-01
2.164937831830167081e-01 2.218432411110461411e-01 2.220325924614088564e-01 2.215250376911222507e-01 2.235885590856668270e-01 2.232099658609837667e-01 2.455717344867982266e-01 2.257350861199413639e-01
2.235625585959882256e-01 2.357199990276440116e-01 2.161457121649158764e-01 2.285098050343110088e-01 2.234870675466097689e-01 2.159944672345167627e-01 2.387336903571045388e-01 2.178467000388934205e-01
2.201044661989600970e-01 2.168528267521106501e-01 2.405667449973026562e-01 2.248174700197372033e-01 2.173858561388547217e-01 2.292461060538732442e-01 2.312914094959579725e-01 2.197351203431863742e-01
2.293899404151520383e-01 2.206203137626915611e-01 2.340662690143248681e-01 2.209940066359614985e-01 2.234436038315819884e-01 2.286049120221151643e-01 2.224486635700165527e-01 2.204322907481393035e-01
2.225364677026322457e-01 2.196599545262181985e-01 2.214081615038551998e-01 2.206049927694878621e-01 2.215536953105509133e-01 2.309650777278036415e-01 2.396000780873177305e-01 2.236715723721174054e-01
2.214740799059983778e-01 2.217234594569144346e-01 2.474613559118016559e-01 2.243774149215916058e-01 2.167801560243844960e-01 2.215408671055826284e-01 2.240746715538373401e-01 2.225679951198719364e-01
2.170804383341692900e-01 2.213616504197111756e-01 2.402975200521523247e-01 2.240926571652220312e-01 2.233526194537233667e-01 2.205613569915840788e-01 2.318850742070591997e-01 2.213686833763601758e-01
2.371160478134405336e-01 2.208329012423466964e-01 2.288094788270748636e-01 2.309788716258776298e-01 2.172446507755911860e-01 2.181217574155224215e-01 2.201506962162192715e-01 2.267455960839089846e-01
2.217122701133620033e-01 2.327697729538041327e-01 2.222809405485196288e-01 2.265623219539879551e-01 2.162528670145788257e-01 2.336044484351120221e-01 2.241355489463157658e-01 2.226818300343017532e-01
2.225437260165029629e-01 2.339646447602534152e-01 2.222045116417830646e-01 2.309445695268853294e-01 2.157007073443552025e-01 2.280171880391815009e-01 2.276964816326553231e-01 2.189281710383639279e-01
2.203544684382732211e-01 2.257174070966565527e-01 2.202823211021120442e-01 2.217425721951273854e-01 2.289934000573221606e-01 2.296814140777989344e-01 2.301437037119387352e-01 2.230847133207515265e-01
2.298285618020340093e-01 2.235575107489287394e-01 2.255667642900182068e-01 2.267176443192059354e-01 2.219259368031834823e-01 2.339337015555870702e-01 2.184495788250581938e-01 2.200203016559653668e-01
2.306925114554897183e-01 2.265354659135006277e-01 2.179309060273531828e-01 2.216645753501953753e-01 2.191606304195265476e-01 2.275885993324793799e-01 2.232899990131539114e-01 2.331373124882825387e-01
2.223396972470288446e-01 2.288903757607846368e-01 2.237778974971453561e-01 2.302088293120849449e-01 2.202550465891119358e-01 2.230903081380492536e-01 2.243389641907136967e-01 2.270988812650610589e-01
2.222404683432880890e-01 2.190492160433840652e-01 2.248975081536625786e-01 2.200297081919685149e-01 2.403745563303701371e-01 2.305312932790464231e-01 2.224083893467047601e-01 2.204688603115557144e-01
2.229599983420646747e-01 2.186674967740639686e-01 2.306527739580028213e-01 2.264121393069783994e-01 2.378823870743520530e-01 2.208857656157141303e-01 2.198061944990976901e-01 2.227332444297060454e-01
2.405790417760666211e-01 2.263925412481080923e-01 2.267545873016823255e-01 2.178063285600000953e-01 2.186779272018304632e-01 2.263693687105539087e-01 2.234343537279031289e-01 2.199858514738343152e-01
2.260352355850925310e-01 2.168439241794518357e-01 2.421278985616619750e-01 2.314022330459533927e-01 2.199092772571094312e-01 2.180999024148511378e-01 2.181557162553275919e-01 2.274258127005318042e-01
2.187822714095012944e-01 2.337448378482768208e-01 2.359372435859936334e-01 2.245526877596635273e-01 2.193338961248784136e-01 2.222598381009456281e-01 2.270359808311908645e-01 2.183532443395289069e-01
2.236049323772817676e-01 2.157682836813552829e-01 2.326253037609031793e-01 2.247814766879371873e-01 2.260183145641853630e-01 2.205203280299816160e-01 2.334934637430037818e-01 2.231878971553304392e-01
2.334110138812473256e-01 2.193309209751457822e-01 2.225449482663482692e-01 2.258982195343318122e-01 2.227983005953468876e-01 2.269767345687562499e-01 2.326509948871983979e-01 2.163888672916035594e-01
2.257324270191818361e-01 2.376719244559560018e-01 2.240528980557128236e-01 2.259281690603266446e-01 2.215730299461237673e-01 2.222173440784134257e-01 2.202946525459538729e-01 2.225295548383091626e-01
2.242313985270985022e-01 2.397155383558542407e-01 2.209398683143745934e-01 2.238811843975160309e-01 2.223859643231935468e-01 2.269927737492243303e-01 2.217990518009502199e-01 2.200542205317675970e-01
2.259510293608906206e-01 2.262857979709255452e-01 2.230160133856673166e-01 2.221271480672524501e-01 2.245084188660189384e-01 2.241661350602907610e-01 2.359329763319870377e-01 2.180124809569458644e-01
2.250643395583765971e-01 2.398297803584745758e-01 2.301705377876777925e-01 2.205347438889232459e-01 2.229376629353361783e-01 2.201747707672921106e-01 2.208947432237331754e-01 2.203934214801643310e-01
2.216187869734055349e-01 2.434210291492168998e-01 2.221579314831916008e-01 2.313099918476167749e-01 2.236205738660995979e-01 2.203654905743225867e-01 2.138165463715700210e-01 2.236896497345541857e-01
2.162506602633053054e-01 2.203803501165086665e-01 2.267855669106624561e-01 2.327567378907864359e-01 2.177398816866279174e-01 2.408528337240967154e-01 2.236186192179722421e-01 2.216153501900172684e-01
2.195864158541242783e-01 2.273405413644774831e-01 2.212549999657868471e-01 2.286873527056776656e-01 2.233427526731620871e-01 2.289083332269011839e-01 2.202105595854942643e-01 2.306690446243522263e-01
2.229286455721161686e-01 2.187447134197730569e-01 2.369874730483808034e-01 2.236237133746923622e-01 2.272403704289610582e-01 2.184294583710206794e-01 2.293441343600898796e-01 2.227014914249440258e-01
2.232221719536410520e-01 2.165717604941664876e-01 2.193126512352469026e-01 2.211189923383059253e-01 2.240303308203780430e-01 2.348417475399688925e-01 2.338167066128578331e-01 2.270856390054114549e-01
