# ex_work for 16 qbits with connectivity 5 in chunks 4
3.516373505723891651e-02 3.516373505723891651e-02 3.516373505723891651e-02 3.516373505723891651e-02 -1.245112338684901676e-01 3.516374571164630064e-02 3.516374571164630064e-02 3.516374571164630064e-02 3.516374571164630064e-02 3.516374571164630064e-02 3.516374571164630064e-02 3.516374571164630064e-02 3.516374571164630064e-02 3.516374571164630064e-02 3.516374571164630064e-02 3.516374571164630064e-02
-1.369288518767401881e-02 5.792696407018337393e-03 2.009868203155829383e-02 2.009868203155829383e-02 -9.869575478163890303e-02 1.382336695387399424e-03 2.009870220850598632e-02 2.009870220850598632e-02 2.009870220850598632e-02 2.009870220850598632e-02 2.009870220850598632e-02 2.009870220850598632e-02 2.009870220850598632e-02 2.009868203155829383e-02 2.009870220850598632e-02 2.009869212003192671e-02
-9.072307340129683040e-03 -4.270671140679739748e-03 1.793419817480894005e-02 1.793421819045048354e-02 -8.736309705968937911e-02 -1.685107362250192614e-02 1.793419817480894005e-02 1.793420818262958863e-02 2.179106863314768383e-02 1.397275357525562534e-02 1.793419817480894005e-02 1.793419817480894005e-02 1.694775053992346112e-02 1.555032743698461957e-02 1.793419817480894005e-02 1.793419817480894005e-02
1.034235087491706777e-02 -6.526050475029169032e-03 1.932502388556932987e-02 1.932502388556932987e-02 -9.520548829227135079e-02 -1.566650799889916443e-02 1.932502388556932987e-02 1.932502388556932987e-02 1.910031691635175402e-02 1.660142553958272871e-02 1.932503394519850121e-02 1.932503394519850121e-02 2.101855110162522203e-02 1.704311247129127599e-02 1.932503394519850121e-02 1.932503394519850121e-02
1.095962204105337991e-02 -6.160275438685808812e-03 1.871237371956112339e-02 1.871237371956112339e-02 -9.220018255406502161e-02 -1.734395021360260122e-02 1.871237371956112339e-02 1.871237371956112339e-02 1.270870979802062040e-02 1.491029936274760812e-02 1.871237371956112339e-02 1.871238375636177093e-02 1.976171779310760546e-02 1.691882270220170306e-02 1.871238375636177093e-02 1.871238375636177093e-02
4.816076910430041116e-03 -1.073040704649740225e-02 1.840494278967776121e-02 1.840494278967776121e-02 -9.072559627920515068e-02 -1.070171194966014136e-02 1.840495281502727357e-02 1.840495281502727357e-02 1.163744823090185135e-02 1.481287705685392121e-02 1.840495281502727357e-02 1.840495281502727357e-02 1.874794495037335196e-02 1.789320411090332061e-02 1.840495281502727357e-02 1.840495281502727357e-02
6.071047940499119111e-03 -7.947166407093459936e-03 1.824397516298719227e-02 1.824397516298719227e-02 -8.958386437924287238e-02 -1.693544348819485401e-02 1.824397516298719227e-02 1.824397516298719227e-02 1.152544232351127539e-02 1.606385988613085597e-02 1.824397516298719227e-02 1.824397516298719227e-02 1.779701364050473994e-02 1.705316891305143009e-02 1.824397516298719227e-02 1.824397516298719227e-02
3.040211125420621500e-03 -7.960933343768799783e-03 1.846950559343899997e-02 1.846950559343899997e-02 -9.117075705091833016e-02 -1.084654546106353888e-02 1.846950559343900344e-02 1.846951562119313744e-02 1.118826036464543906e-02 1.668757177572322351e-02 1.846949556568529272e-02 1.846949556568529272e-02 1.975408537687279101e-02 1.572955361479275518e-02 1.846949556568529272e-02 1.846949556568529272e-02
3.187076704554322060e-03 -1.839825764486188037e-02 1.784540229191981797e-02 1.784540229191981797e-02 -8.705557834622254521e-02 -7.090971254571861587e-03 1.784541229643476709e-02 1.784541229643476709e-02 9.144124495156474852e-03 1.523651831424041418e-02 1.784540229191981797e-02 1.784540229191981797e-02 1.773055037074003706e-02 1.655342962251160274e-02 1.784540229191981797e-02 1.784540229191981797e-02
4.102208069820482278e-03 -1.297454156954952302e-02 1.831935919649738467e-02 1.831935919649738467e-02 -9.036385029676229086e-02 -5.382569982514591629e-03 1.831937924082190777e-02 1.831937924082190777e-02 8.770871227007370763e-03 1.650364444147391779e-02 1.831934917433558976e-02 1.831934917433558976e-02 1.680451707539526093e-02 1.712725398561780119e-02 1.831936921865960979e-02 1.831934917433558976e-02
3.639326850990316428e-03 -1.237245645491197310e-02 1.825065356414220380e-02 1.825065356414220380e-02 -8.994308583322656314e-02 -6.852940443274719955e-03 1.825064354453923357e-02 1.825064354453923357e-02 8.685417270941244230e-03 1.752711771582507114e-02 1.825063352493615926e-02 1.825063352493615926e-02 1.670832753210660729e-02 1.641537559808998320e-02 1.825063352493615926e-02 1.825063352493615926e-02
1.517028933432753527e-03 -1.186087008546351552e-02 1.802197574819561221e-02 1.802197574819561221e-02 -8.852812488461023199e-02 -8.428458963130786713e-03 1.802196573710724420e-02 1.802196573710724420e-02 8.580848758856658362e-03 1.813850548508977659e-02 1.802196573710724420e-02 1.802196573710724420e-02 1.554869392496736370e-02 1.616783334727178723e-02 1.802196573710724420e-02 1.802196573710724420e-02
2.275647724037447184e-03 -1.275893012928402438e-02 1.832148679442081526e-02 1.832148679442081526e-02 -9.017713257894498236e-02 -9.454797311720459368e-03 1.832146674993916091e-02 1.832146674993916091e-02 1.472388481029448734e-02 1.703145963972974367e-02 1.832147677217990656e-02 1.832147677217990656e-02 1.579558600840803156e-02 1.740915958427818183e-02 1.832147677217990656e-02 1.832147677217990656e-02
6.346305353129171089e-04 -1.037305641239404629e-02 1.780613647899184290e-02 1.780613647899184290e-02 -8.700303120857852401e-02 -1.279360207003473957e-02 1.780615648509870780e-02 1.780614648204510708e-02 8.285941993468041999e-03 1.781543232549160152e-02 1.780614648204510708e-02 1.780614648204510708e-02 1.532880450267545130e-02 1.679061551790889117e-02 1.780614648204510708e-02 1.780614648204510708e-02
6.798019848325329018e-03 -7.220799512569126867e-03 1.846783322193097307e-02 1.846783322193097307e-02 -9.114988308261109951e-02 -1.282974174528167532e-02 1.846784324962292764e-02 1.846785327731504528e-02 1.011342073416066425e-02 1.740415170643750883e-02 1.846785327731504528e-02 1.846785327731504528e-02 1.588601805518802257e-02 1.739060067747119978e-02 1.846785327731504528e-02 1.846785327731504528e-02
9.994113919361455670e-03 -9.359881212721063437e-03 1.836283462237370268e-02 1.836283462237370268e-02 -9.033956358492817307e-02 -1.528783442619753748e-02 1.836283462237370268e-02 1.836283462237370268e-02 1.000579082771492143e-02 1.620412996010543727e-02 1.836283462237370268e-02 1.836283462237370268e-02 1.635862460452968889e-02 1.781132409369994007e-02 1.836283462237370268e-02 1.836283462237370268e-02
6.189769799953337426e-03 -8.932470331755688539e-03 1.807975989199563094e-02 1.807975989199563094e-02 -8.866901442105556974e-02 -1.583389067390897006e-02 1.807975989199563094e-02 1.807975989199563094e-02 1.003555038443268432e-02 1.765804542067526961e-02 1.807976990523590954e-02 1.807976990523590954e-02 1.497348036744053368e-02 1.659103817328407005e-02 1.807976990523590954e-02 1.807976990523590954e-02
4.018599880613892873e-03 -1.034318411914714707e-02 1.810430284814909530e-02 1.810430284814909530e-02 -8.897079598659857202e-02 -1.189600536167098425e-02 1.810434614305505771e-02 1.810433612889978533e-02 9.756522431587533184e-03 1.770072404916771605e-02 1.810434614305505771e-02 1.810434614305505771e-02 1.485362887337210620e-02 1.705380763643541547e-02 1.810434614305505771e-02 1.810434614305505771e-02
4.647266108368543897e-03 -1.396825850540681438e-02 1.804549356953526543e-02 1.804549356953526543e-02 -8.865854449399378223e-02 -7.148398071441007876e-03 1.804546029677554439e-02 1.804546029677554439e-02 7.829046434026815451e-03 1.613565340411734703e-02 1.804549356953517522e-02 1.804549356953517522e-02 1.529489547770926557e-02 1.727917686966916333e-02 1.804549356953517522e-02 1.804549356953517522e-02
4.231938520493565975e-03 -1.454631547617934312e-02 1.779151025541855086e-02 1.779151025541855086e-02 -8.670332507035072300e-02 -1.317331235809937086e-02 1.779155349620606744e-02 1.779154349369584109e-02 1.071294579748567448e-02 1.826211612318884639e-02 1.779151025541845718e-02 1.779154349369584109e-02 1.470553531223216248e-02 1.517943435121690658e-02 1.779154349369584109e-02 1.779151025541845718e-02
9.569636667504129515e-03 -1.644759752796510002e-02 1.805133208066203240e-02 1.805133208066203240e-02 -8.824645220273096002e-02 -1.286060131484322369e-02 1.805129880710951151e-02 1.805134209284381744e-02 1.024583054768484283e-02 1.713068659167765392e-02 1.805134209284381744e-02 1.805134209284381744e-02 1.714369813865317116e-02 1.537266653672650536e-02 1.805134209284381744e-02 1.805134209284381744e-02
7.523704878707249306e-03 -1.110054392786433662e-02 1.798337264096826205e-02 1.798333937664447005e-02 -8.789365091275709585e-02 -1.710738712620309826e-02 1.798337264096826205e-02 1.798337264096826205e-02 1.167965052546272170e-02 1.647001161760787771e-02 1.798333937664447005e-02 1.798333937664447005e-02 1.638499951163602253e-02 1.505615076220500996e-02 1.798333937664456025e-02 1.798333937664456025e-02
5.483059084729436337e-03 -1.439697684668238623e-02 1.807438743640256765e-02 1.807437742336167122e-02 -8.865489859687934737e-02 -1.012133764768519129e-02 1.807442071309055612e-02 1.807442071309055612e-02 9.233066434528381869e-03 1.550372396273645183e-02 1.807437742336167122e-02 1.807437742336167122e-02 1.823851125833976516e-02 1.665871991987981013e-02 1.807442071309055612e-02 1.807437742336167122e-02
6.221542463092439440e-03 -1.944543383870439308e-03 1.838490579917769971e-02 1.838490579917769971e-02 -9.055180962561189262e-02 -1.751542193998809060e-02 1.838491582378220732e-02 1.838494914264786340e-02 8.456263616269135003e-03 1.706108599073046309e-02 1.838490579917770318e-02 1.838494914264786687e-02 1.836714944472407629e-02 1.543732747760397962e-02 1.838494914264786687e-02 1.838494914264786687e-02
1.528481354611726205e-03 -9.593085874256952750e-03 1.785512996824955081e-02 1.785512996824955081e-02 -8.738196125730807173e-02 -1.259115431065357081e-02 1.785513997312776144e-02 1.785513997312776144e-02 7.207125000542912059e-03 1.761058597884465615e-02 1.785513997312776144e-02 1.785517322004416194e-02 1.752280074592967377e-02 1.491962092716190083e-02 1.785513997312776144e-02 1.785512996824946061e-02
1.241459953467243665e-02 -9.240933378366391823e-03 1.848077494117613545e-02 1.848076491300162244e-02 -9.098375187438288714e-02 -1.510137607354153540e-02 1.848077494117613545e-02 1.848077494117613545e-02 7.763978110524353063e-03 1.682576099479918263e-02 1.848077494117613545e-02 1.848077494117613545e-02 1.847346345267601372e-02 1.666097638397166444e-02 1.848077494117613545e-02 1.848077494117613545e-02
6.736605127536979785e-03 -9.244556996801258850e-03 1.808852635567644376e-02 1.808852635567644376e-02 -8.875076963818591402e-02 -1.482506926925366078e-02 1.808853636924415836e-02 1.808853636924415836e-02 7.506832525776763881e-03 1.684713065938519758e-02 1.808856964785372085e-02 1.808856964785372085e-02 1.919370415344074168e-02 1.464118397993392946e-02 1.808856964785372085e-02 1.808856964785372085e-02
7.414728931509757988e-03 -1.576188349934102770e-02 1.829487994239331269e-02 1.829492327028154827e-02 -9.000239960273480333e-02 -7.214289225405341559e-03 1.829488996364501269e-02 1.829488996364501269e-02 9.304394025092543180e-03 1.679268059148726969e-02 1.829488996364501269e-02 1.829488996364501269e-02 1.826051718437448831e-02 1.573072284288096201e-02 1.829488996364501269e-02 1.829488996364501269e-02
7.183072002511845314e-03 -1.433647994007631113e-02 1.815739449823834673e-02 1.815739449823834673e-02 -8.917501497610587358e-02 -1.027660637172491016e-02 1.815738448210667613e-02 1.815738448210667613e-02 1.013811653858775856e-02 1.556602288139987550e-02 1.815739449823834673e-02 1.815739449823834673e-02 1.692370874964713862e-02 1.688640123185755973e-02 1.815739449823834673e-02 1.815739449823834673e-02
8.096711455170298513e-03 -1.318237474134978209e-02 1.845146892671340258e-02 1.845146892671340258e-02 -9.098225769854656475e-02 -8.366896460482558737e-03 1.845146892671340258e-02 1.845146892671340258e-02 8.757973980895799107e-03 1.623635312031755998e-02 1.845146892671340258e-02 1.845146892671340258e-02 1.793060849972583082e-02 1.780167568327445382e-02 1.845146892671340258e-02 1.845146892671340258e-02
5.778871096012926437e-03 -1.450979326294816844e-02 1.816736482742105710e-02 1.816736482742105710e-02 -8.928395117452586627e-02 -8.578830391348022527e-03 1.816736482742105710e-02 1.816732152160353483e-02 9.305380576830691100e-03 1.746117581282386269e-02 1.816736482742105710e-02 1.816736482742105710e-02 1.661894373124828822e-02 1.619074248288056295e-02 1.816736482742105710e-02 1.816736482742105710e-02
7.383083738252271301e-03 -1.604000884518068382e-02 1.805094735796547445e-02 1.805094735796547445e-02 -8.839373326556736188e-02 -1.032916627991725157e-02 1.805094735796547098e-02 1.805094735796547098e-02 8.443661983956738878e-03 1.743825466872881216e-02 1.805095737013401314e-02 1.805095737013401314e-02 1.828578202052942928e-02 1.498297094697055923e-02 1.805099064364022732e-02 1.805099064364022732e-02
2.347099294846040872e-03 -8.671510183587329695e-03 1.825052892976837191e-02 1.825052892976837191e-02 -8.997784841171903303e-02 -9.835777310827263642e-03 1.825053894936854923e-02 1.825052892976837191e-02 9.017598827061362038e-03 1.678625086668580207e-02 1.825052892976837191e-02 1.825052892976837191e-02 1.682530340106742905e-02 1.728563403782369320e-02 1.825052892976837191e-02 1.825052892976837191e-02
1.646770784933680211e-03 -3.296898886907837466e-03 1.805073670452401677e-02 1.805073670452401677e-02 -8.883686141617443133e-02 -1.191600245913945581e-02 1.805069341888703230e-02 1.805069341888703230e-02 2.903184556126205910e-03 1.623120127471647939e-02 1.805073670452401677e-02 1.805073670452401677e-02 1.636429744987308657e-02 1.825499577591663258e-02 1.805073670452401677e-02 1.805073670452401677e-02
5.023499681726740877e-03 -6.820775783427761307e-03 1.818367558523506858e-02 1.818367558523506858e-02 -8.968129322700291173e-02 -9.854849742787366931e-03 1.818371889387782048e-02 1.818367558523506858e-02 4.159167061692899126e-03 1.742685140544345673e-02 1.818367558523506858e-02 1.818367558523506858e-02 1.565598314071630845e-02 1.696995516488797318e-02 1.818367558523506858e-02 1.818368560234581363e-02
4.054161568964266896e-03 -1.329859882890627350e-02 1.797291768305082915e-02 1.797291768305082915e-02 -8.787843375223902687e-02 -1.372909808327648674e-02 1.797288442014164864e-02 1.797288442014164864e-02 1.148707255835922959e-02 1.639099136040220173e-02 1.797291768305082915e-02 1.797296095522430553e-02 1.580856882035214933e-02 1.803462189873369925e-02 1.797291768305082915e-02 1.797292769231425072e-02
6.090917632679710217e-03 -1.017630553473657801e-02 1.797019095922914103e-02 1.797019095922914103e-02 -8.808575136131507888e-02 -1.388640185470969672e-02 1.797015769669004295e-02 1.797015769669004295e-02 8.578490827838229638e-03 1.587540828568546891e-02 1.797015769669004642e-02 1.797019095922914103e-02 1.591279911425911436e-02 1.629859746032859269e-02 1.797020096839096331e-02 1.797015769669004642e-02
4.919079961800875735e-03 -1.456542522431950384e-02 1.821996690381277179e-02 1.821992358889077193e-02 -8.963638557055107758e-02 -7.226402627130689219e-03 1.821993360735235309e-02 1.821993360735235309e-02 9.766530487782924125e-03 1.690806583629207022e-02 1.821996690381277179e-02 1.821993360735235309e-02 1.542461819903796251e-02 1.797695148473275883e-02 1.821996690381277179e-02 1.821996690381277179e-02
5.813080159098418451e-03 -1.004219570141388733e-02 1.787383990071322870e-02 1.787383990071322870e-02 -8.737617926302064519e-02 -1.542435566296820014e-02 1.787383990071322870e-02 1.787383990071322870e-02 8.560699623945750708e-03 1.672250004873189824e-02 1.787383990071322523e-02 1.787387315017382322e-02 1.402422177723258376e-02 1.725858276283515069e-02 1.787387315017382322e-02 1.787387315017382322e-02
4.337728454908732108e-03 -7.461010643397975213e-03 1.826289113077778428e-02 1.826289113077778428e-02 -9.007352760558642868e-02 -1.103586200784003463e-02 1.826290115083931132e-02 1.826290115083931132e-02 7.959525322723362203e-03 1.658597664390141016e-02 1.826289113077778428e-02 1.826289113077778428e-02 1.613872176926178445e-02 1.743715008836333596e-02 1.826290115083931132e-02 1.826290115083931132e-02
5.662316346522604585e-03 -9.565880008034374077e-03 1.794099157788083682e-02 1.794099157788083682e-02 -8.801565159272824179e-02 -1.258839336892209754e-02 1.794100158595667710e-02 1.794100158595667710e-02 7.160467569182353380e-03 1.673032824215621439e-02 1.794103484453655334e-02 1.794103484453655334e-02 1.575344225860833558e-02 1.501495758508841240e-02 1.794103484453655334e-02 1.794103484453655334e-02
1.770011594292492108e-03 -1.393790216487745572e-02 1.776763186159630026e-02 1.776763186159630026e-02 -8.690406671407764627e-02 -6.858190043316539711e-03 1.776764186321848349e-02 1.776764186321848349e-02 6.682060352838620383e-03 1.669132670704500873e-02 1.776762185997435989e-02 1.776762185997435989e-02 1.565718805471853076e-02 1.495819105849188757e-02 1.776763186159630026e-02 1.776762185997435989e-02
8.666640257568597070e-04 -1.227712237171006346e-02 1.795061517994141903e-02 1.795061517994141903e-02 -8.805896274937205503e-02 -8.616638264967581978e-03 1.795065844826229315e-02 1.795062518837564625e-02 9.394250036523462896e-03 1.673229195529917987e-02 1.795061517994141903e-02 1.795062518837564625e-02 1.696704460407847531e-02 1.529332610458538841e-02 1.795061517994141903e-02 1.795061517994141903e-02
1.783903755819469172e-03 -1.230401852833125712e-02 1.837697727147069235e-02 1.837697727147069235e-02 -9.070394521483887695e-02 -5.187160560439605002e-03 1.837704066219800203e-02 1.837699732009161549e-02 1.196111935971701234e-02 1.661326069464884314e-02 1.837699732009161549e-02 1.837699732009161549e-02 1.703150994635736076e-02 1.606415714897332925e-02 1.837699732009161549e-02 1.837699732009161549e-02
2.501388765374419013e-03 -1.284866652167262514e-02 1.860514166686708798e-02 1.860515169967547067e-02 -9.204679788772385240e-02 -7.114917833961961887e-04 1.860514166686708798e-02 1.860514166686708798e-02 1.106656676274300581e-02 1.706312268072763746e-02 1.860514166686708798e-02 1.860514166686708798e-02 1.672422068276627205e-02 1.606665815355132199e-02 1.860514166686708798e-02 1.860514166686708798e-02
1.473821843015160442e-03 -1.209002738824834292e-02 1.790742490789774821e-02 1.790742490789774821e-02 -8.779469019050617495e-02 -9.138700905679267295e-03 1.790742490789774821e-02 1.790742490789774821e-02 9.136674892216171615e-03 1.787958353398741082e-02 1.790743491472392493e-02 1.790743491472392493e-02 1.557034211937601345e-02 1.473291044578266609e-02 1.790743491472392493e-02 1.790743491472392493e-02
1.692459531330022893e-04 -1.270286557222514122e-02 1.778844709097689505e-02 1.778844709097689505e-02 -8.702873447113609884e-02 -7.579433193948039056e-03 1.778843708858006759e-02 1.778842708618348992e-02 6.389213695909071178e-03 1.734204282874435982e-02 1.778844709097689158e-02 1.778844709097689158e-02 1.621530831632468292e-02 1.553427096966802402e-02 1.778844709097689158e-02 1.778844709097689158e-02
7.501474678725311360e-04 -6.022478515196022508e-03 1.791301940180976132e-02 1.791302940884437200e-02 -8.810798409529119191e-02 -7.425193782646903086e-03 1.791302940884445874e-02 1.791302940884445874e-02 1.415956928832208528e-03 1.730817303036009600e-02 1.791302940884445874e-02 1.791303941587932269e-02 1.722903524121585650e-02 1.443734639037009410e-02 1.791303941587932269e-02 1.791303941587932269e-02
1.280339841033049930e-02 -1.049985417200112285e-02 1.879920952060207262e-02 1.879920952060207262e-02 -9.310346029817824498e-02 -2.968416296677859560e-03 1.879919948056434781e-02 1.879919948056434781e-02 3.185339946602765062e-03 1.752697651540792781e-02 1.879920952060207262e-02 1.879919948056434781e-02 1.770041999910971012e-02 1.538831066668962938e-02 1.879920952060207262e-02 1.879920952060207262e-02
1.087925798244230441e-02 -1.452536634662555948e-02 1.837900133171486636e-02 1.837901135610054901e-02 -9.045094116778495952e-02 -9.674551045551591996e-03 1.837900133171486636e-02 1.837900133171486636e-02 8.421954025352652862e-03 1.906961039311892703e-02 1.837898128294433719e-02 1.837901135610054901e-02 1.602904363762513995e-02 1.581691456086892905e-02 1.837899130732952024e-02 1.837898128294433719e-02
6.183599305758102557e-03 -1.035908386251249529e-02 1.839775028566345907e-02 1.839776031074761425e-02 -9.081971365075036662e-02 -8.887883101365181074e-03 1.839776031074770446e-02 1.839776031074770446e-02 9.147234929948224944e-03 1.880721525722318585e-02 1.839776031074770446e-02 1.839776031074770446e-02 1.628492336968342946e-02 1.514985289276841486e-02 1.839776031074770446e-02 1.839776031074770446e-02
8.263131838347981262e-03 -1.063572883254896087e-02 1.831547739351655282e-02 1.831545734947738827e-02 -9.020584097208209085e-02 -1.181192123933668715e-02 1.831546737149680054e-02 1.831547739351655282e-02 8.149690548624730080e-03 1.746497659280373330e-02 1.831546737149680054e-02 1.831546737149680054e-02 1.707958887448415494e-02 1.638833853765868723e-02 1.831547739351655282e-02 1.831546737149680054e-02
4.262565493685977792e-03 -1.813293736670050504e-02 1.778251078189475171e-02 1.778251078189475171e-02 -8.664488352750800149e-02 -7.927889725471750845e-03 1.778252078407109582e-02 1.778252078407109582e-02 7.567429309047716754e-03 1.759080342376064671e-02 1.778252078407109582e-02 1.778252078407109582e-02 1.549826044216945711e-02 1.632967633886372658e-02 1.778252078407109582e-02 1.778252078407109582e-02
3.425123436014992310e-03 -1.496087222062417871e-02 1.812666300701122613e-02 1.812666300701122613e-02 -8.901150722799902604e-02 -7.607594581844355323e-03 1.812665299202249197e-02 1.812665299202249197e-02 9.022079779834376451e-03 1.685983393424313886e-02 1.812666300701122613e-02 1.812666300701122613e-02 1.735551588134734424e-02 1.745242446156554036e-02 1.812666300701122613e-02 1.812666300701122613e-02
3.364094649383534124e-03 -1.389472634875825625e-02 1.793467828293915725e-02 1.793466827509843792e-02 -8.781498384307391547e-02 -9.598717643471119804e-03 1.793467828293915725e-02 1.793467828293915725e-02 7.214118659952778456e-03 1.519606588173853974e-02 1.793467828293915725e-02 1.793467828293915725e-02 1.884980623396376870e-02 1.693401618411155898e-02 1.793467828293915725e-02 1.793467828293915725e-02
4.714311936212224607e-03 -1.373598438507224288e-02 1.770431086375071419e-02 1.770430086448568363e-02 -8.636283186086117503e-02 -9.667901719997418902e-03 1.770425763877660555e-02 1.770429086522098613e-02 3.822544716261098811e-03 1.498405553777680706e-02 1.770430086448568363e-02 1.770432086301582109e-02 1.607307442676549417e-02 1.757902083639582835e-02 1.770430086448568363e-02 1.770430086448568363e-02
3.708782050773108685e-03 -1.416983748595036438e-02 1.814709784869970519e-02 1.814709784869970519e-02 -8.926109564545527120e-02 -5.562625574772737946e-03 1.814709784869970519e-02 1.814709784869970519e-02 6.482436900805777467e-03 1.766339271585586068e-02 1.814709784869970519e-02 1.814709784869970519e-02 1.612466399634146855e-02 1.766419889512153840e-02 1.814709784869970519e-02 1.814709784869970519e-02
4.088142060703566644e-03 -9.341063820495362768e-03 1.812437981198006254e-02 1.812437981198006254e-02 -8.924328980886866991e-02 -9.199364189394466929e-03 1.812436979707646861e-02 1.812435978217312449e-02 5.004880517760163482e-03 1.643561853552403390e-02 1.812437981198015274e-02 1.812437981198015274e-02 1.732309349049852842e-02 1.720075260841396822e-02 1.812437981198015274e-02 1.812437981198015274e-02
5.866255626150736202e-03 -9.143897014310948049e-03 1.824473951644688466e-02 1.824474953583276812e-02 -9.000687399911580511e-02 -9.424036378395927657e-03 1.824470621661435435e-02 1.824470621661435435e-02 7.773333670485428788e-03 1.745722282890270136e-02 1.824470621661435435e-02 1.824473951644688466e-02 1.484746420462825303e-02 1.625514265015772994e-02 1.824473951644688466e-02 1.824473951644688466e-02
1.182230200346853256e-02 -4.605541841247924074e-03 1.877052075756411795e-02 1.877052075756411795e-02 -9.279590172261674430e-02 -1.301943802880935717e-02 1.877053079653345086e-02 1.877052075756411795e-02 5.823582294867793267e-03 1.839246446175130459e-02 1.877048738629709737e-02 1.877053079653354453e-02 1.765824152307061620e-02 1.662478737831997455e-02 1.877053079653354453e-02 1.877053079653354453e-02
1.131871499871893449e-02 -1.316341652127838921e-02 1.809531768249547645e-02 1.809530766867402038e-02 -8.867379980986753174e-02 -1.340299287920366199e-02 1.809531768249547645e-02 1.809531768249547645e-02 5.721062274735915290e-03 1.775196840984124766e-02 1.809530766867402038e-02 1.809530766867402038e-02 1.639631331519407140e-02 1.635396802339237482e-02 1.809530766867402038e-02 1.809530766867402038e-02
9.236690810025628695e-03 -1.332442877234710742e-02 1.781065916606123026e-02 1.781065916606123026e-02 -8.679052322237455763e-02 -1.525223333093569077e-02 1.781066916928537858e-02 1.781065916606123026e-02 6.711828649477153894e-03 1.799099390278524266e-02 1.781066916928537858e-02 1.781066916928537858e-02 1.468595525904295603e-02 1.566984975499890326e-02 1.781066916928537858e-02 1.781066916928537858e-02
9.166254441665371358e-03 -1.168037246827460449e-02 1.787956703358990762e-02 1.787956703358990762e-02 -8.727401980385143809e-02 -1.609897950538219033e-02 1.787956703358990415e-02 1.787960028383534655e-02 6.930907474129804902e-03 1.733718927349963204e-02 1.787961028962601132e-02 1.787960028383534655e-02 1.621899643978040248e-02 1.513051022044590264e-02 1.787961028962601132e-02 1.787960028383534655e-02
1.264713514499858117e-02 -1.158173491354613435e-02 1.810593562270254933e-02 1.810600218468101305e-02 -8.864582323156747212e-02 -1.641971037208795128e-02 1.810600218468101305e-02 1.810600218468101305e-02 7.224126535363217284e-03 1.708020718629088899e-02 1.810600218468101305e-02 1.810600218468101305e-02 1.709979173901459912e-02 1.510244899528669256e-02 1.810600218468101305e-02 1.810600218468101305e-02
1.140126037935226128e-02 -1.576333905164219173e-02 1.817448983049120906e-02 1.817448983049120906e-02 -8.930313722762851791e-02 -5.168371676615223648e-03 1.817448983049120906e-02 1.817448983049120906e-02 1.102589423069750196e-03 1.563506331747827743e-02 1.817455641109088152e-02 1.817455641109088152e-02 1.866597280713479939e-02 1.652738647844085793e-02 1.817455641109088152e-02 1.817452312079082324e-02
1.239990105076201748e-02 -1.425455767490983738e-02 1.781925064310884571e-02 1.781926064665287010e-02 -8.681332700726245022e-02 -1.282476246432921047e-02 1.781921740105732802e-02 1.781921740105732802e-02 5.958870420948189184e-05 1.546293902262042483e-02 1.781921740105732802e-02 1.781925064310884571e-02 1.879580178839846197e-02 1.627136956470794094e-02 1.781925064310884571e-02 1.781925064310884571e-02
1.121567337392693868e-02 -9.888497176681190076e-03 1.828869122659868354e-02 1.828869122659868354e-02 -9.017834044840682128e-02 -9.202348675903734843e-03 1.828872453240578191e-02 1.828872453240578191e-02 2.369670379799135654e-03 1.567172459370474308e-02 1.828872453240569518e-02 1.828865792079201885e-02 1.792846673364954443e-02 1.633132560271167641e-02 1.828865792079201885e-02 1.828865792079201885e-02
1.150803523167932309e-02 -8.441126857580576182e-03 1.820268062125009190e-02 1.820271391537857733e-02 -8.939077405796107267e-02 -1.633392728950998352e-02 1.820271391537857733e-02 1.820271391537857733e-02 6.864754272307408214e-03 1.635347175379641901e-02 1.820271391537858080e-02 1.820271391537858080e-02 1.726025091395672409e-02 1.567507760019790433e-02 1.820271391537858080e-02 1.820271391537858080e-02
9.805740017417279714e-03 -1.510653220762945594e-02 1.797596899930546319e-02 1.797603552598498952e-02 -8.798828437667798041e-02 -1.027229483470091728e-02 1.797600226264500431e-02 1.797600226264500431e-02 4.245423962789414939e-03 1.666082169586820955e-02 1.797603552598498952e-02 1.797603552598498952e-02 1.785314894659613752e-02 1.561859877985116891e-02 1.797603552598498952e-02 1.797603552598498952e-02
1.074237864612851735e-02 -1.204516920199529863e-02 1.848045590588268811e-02 1.848048923774446226e-02 -9.123522934379105220e-02 -7.278297335812006219e-03 1.848048923774446226e-02 1.848048923774446226e-02 4.956520217345877256e-03 1.669241433538303648e-02 1.848048923774446572e-02 1.848048923774446572e-02 1.826624106833054859e-02 1.643299098977474976e-02 1.848052256960668049e-02 1.848053259777370991e-02
1.125261683383983746e-02 -9.211701055184540188e-03 1.837656901850280577e-02 1.837660233625132422e-02 -9.072645691654948608e-02 -8.436306635730821471e-03 1.837660233625132422e-02 1.837660233625132422e-02 1.905138138213986710e-03 1.634783162373442539e-02 1.837663565400011328e-02 1.837663565400011328e-02 1.750219915588065514e-02 1.660365341620528498e-02 1.837660233625132422e-02 1.837663565400011328e-02
1.119632289025685769e-02 -7.585187529445400895e-03 1.850637978597722416e-02 1.850641312136101779e-02 -9.152663780981393216e-02 -8.251952927393502168e-03 1.850644645674525204e-02 1.850644645674525204e-02 2.547303741247660368e-03 1.669251781888713218e-02 1.850641312136101779e-02 1.850641312136101779e-02 1.709989144970251035e-02 1.649491539734465259e-02 1.850641312136101779e-02 1.850641312136101779e-02
9.186239862168522896e-03 -5.433215224058619668e-03 1.859206946156102477e-02 1.859211284091262864e-02 -9.209408784053889352e-02 -7.295480547083620614e-03 1.859211284091262864e-02 1.859207949388479858e-02 2.488105833184749496e-03 1.698476975095924296e-02 1.859207949388479858e-02 1.859211284091262517e-02 1.746701516310279062e-02 1.623984707135131891e-02 1.859207949388479858e-02 1.859207949388479858e-02
8.496880758291509503e-03 -1.496991216734608679e-02 1.822423767863929484e-02 1.822424769726376306e-02 -8.964087047837261679e-02 -7.673968277658950281e-03 1.822431429137971737e-02 1.822431429137971737e-02 7.479701517150666966e-03 1.658347597891979969e-02 1.822428099432151644e-02 1.822423767863929484e-02 1.622616906184886146e-02 1.713095384940628574e-02 1.822428099432151644e-02 1.822428099432151644e-02
9.332902821157959897e-03 -1.044539937374171050e-02 1.823332269917599807e-02 1.823332269917599807e-02 -8.977388737745914393e-02 -1.164682017999992165e-02 1.823338929575733444e-02 1.823338929575733444e-02 7.081940405174715937e-03 1.598758362975161856e-02 1.823335599746657779e-02 1.823331268021365428e-02 1.685862797624962037e-02 1.626873565412744957e-02 1.823332269917608828e-02 1.823332269917608828e-02
8.137841116146290327e-03 -8.451868091164022045e-03 1.882700222776173896e-02 1.882700222776173896e-02 -9.334040048811573231e-02 -1.450739800444584464e-03 1.882700222776173896e-02 1.882700222776173896e-02 2.633202342774233328e-03 1.678716601008908849e-02 1.882695880774047301e-02 1.882696884881454591e-02 1.830603432320245666e-02 1.761797096635366738e-02 1.882696884881454591e-02 1.882696884881454591e-02
6.901117938600304265e-03 -1.041761737392115326e-02 1.825209701410089591e-02 1.825213031494135954e-02 -9.008340099370247545e-02 -5.760225684892868875e-03 1.825213031494135954e-02 1.825208699443942040e-02 2.909652182868891455e-03 1.609229739444472881e-02 1.825208699443942040e-02 1.825207697477802468e-02 1.572021775604492272e-02 1.832455866570358374e-02 1.825209701410089591e-02 1.825207697477802468e-02
5.524455321941461501e-03 -1.206178834577211444e-02 1.771830846985001165e-02 1.771830846985001165e-02 -8.628413845107849034e-02 -1.447619945880296473e-02 1.771838492635353576e-02 1.771831846963837359e-02 5.578954544235945924e-03 1.633667041032002554e-02 1.771830846984992144e-02 1.771835169799582110e-02 1.724570476714688480e-02 1.586079287870659563e-02 1.771835169799582110e-02 1.771835169799582110e-02
1.052275707242596170e-02 -1.193364292867010387e-02 1.794786077584013817e-02 1.794787078417396306e-02 -8.768316500856550288e-02 -1.619932416852135765e-02 1.794787078417396306e-02 1.794787078417396306e-02 7.009168610715489980e-03 1.619250288320723402e-02 1.794787078417396306e-02 1.794790404369812215e-02 1.603526914489475028e-02 1.663749202929451498e-02 1.794787078417396306e-02 1.794787078417396306e-02
9.869717595382916653e-03 -6.143920524269689057e-03 1.844970063676543495e-02 1.844976729213269884e-02 -9.084443620478457881e-02 -1.674400588880687810e-02 1.844973396444875638e-02 1.844973396444875638e-02 8.719845695286549195e-03 1.734722120072182752e-02 1.844969060974476285e-02 1.844970063676543495e-02 1.787943593656578234e-02 1.630652150355294330e-02 1.844970063676543495e-02 1.844973396444875638e-02
2.088538631738666180e-03 -6.798628257483360290e-03 1.828469669339003595e-02 1.828472999865445731e-02 -9.021262094662302333e-02 -1.053182618396403605e-02 1.828469669339003595e-02 1.828472999865445731e-02 8.874925917427606628e-03 1.821959265121391586e-02 1.828469669339003595e-02 1.828472999865445731e-02 1.672036076094239945e-02 1.577974194300009111e-02 1.828466338812596848e-02 1.828469669339003595e-02
1.565857809591496633e-03 -1.368971310852360075e-02 1.817460873066378130e-02 1.817460873066378130e-02 -8.945778079360190704e-02 -5.056928710941311494e-03 1.817460873066378130e-02 1.817461874744016881e-02 8.751033418118584969e-03 1.710700716462732265e-02 1.817460873066378130e-02 1.817461874744016881e-02 1.671194530167391043e-02 1.701270282927800151e-02 1.817459871388764706e-02 1.817461874744016881e-02
2.934518556090662342e-03 -1.452109345827575296e-02 1.813734473235067285e-02 1.813735474773952097e-02 -8.914564628084675757e-02 -7.140826927084855356e-03 1.813734473235067285e-02 1.813735474773952097e-02 1.121977631358440919e-02 1.753304670111658845e-02 1.813735474773952097e-02 1.813738803299562094e-02 1.628705052795591246e-02 1.541680458158105338e-02 1.813735474773952097e-02 1.813735474773952097e-02
1.739529782134321360e-03 -1.415891899627571768e-02 1.827158921318080761e-02 1.827162251666894499e-02 -8.993666228996120837e-02 -6.446199866238532840e-03 1.827157919279342319e-02 1.827157919279342319e-02 1.196293537299169228e-02 1.729872538737472695e-02 1.827158921318080761e-02 1.827158921318080761e-02 1.655592323468045232e-02 1.717856823647823106e-02 1.827158921318080761e-02 1.827158921318080761e-02
4.425606594231075268e-03 -1.189592532117915956e-02 1.856094533195013288e-02 1.856096539427953829e-02 -9.164966480108713287e-02 -7.520149224921285000e-03 1.856094533195013288e-02 1.856094533195013288e-02 1.182237438448708981e-02 1.761953590224247385e-02 1.856095536311475405e-02 1.856096539427962502e-02 1.683820523999131694e-02 1.787159024196732088e-02 1.856096539427962502e-02 1.856095536311475405e-02
3.818340808283342963e-03 -8.882340985065703340e-03 1.819517202302404005e-02 1.819518204056647104e-02 -8.935627894978491470e-02 -1.508119402584742058e-02 1.819519205810897836e-02 1.819522535122030868e-02 1.140693546922271623e-02 1.800707571284913822e-02 1.819515198793992053e-02 1.819517202302404005e-02 1.694253417921410057e-02 1.656430626341822213e-02 1.819517202302404005e-02 1.819517202302404005e-02
4.195316792551888850e-03 -1.639924045541959682e-02 1.803034917360563094e-02 1.803034917360563094e-02 -8.827941034222350214e-02 -9.213351706247381590e-03 1.803034917360563094e-02 1.803034917360563094e-02 1.074759627178642138e-02 1.611388143446890880e-02 1.803032915079618922e-02 1.803032915079618922e-02 1.714036677095547023e-02 1.720535263024837447e-02 1.803034917360563094e-02 1.803034917360563094e-02
1.301156584610456933e-02 -1.625592335976461245e-02 1.832173566410681687e-02 1.832173566410681687e-02 -8.977640854062229891e-02 -1.406924982113194958e-02 1.832174568636205786e-02 1.832174568636205786e-02 1.256078580956859932e-02 1.647998099338237807e-02 1.832172564185173894e-02 1.832172564185173894e-02 1.655326730045070943e-02 1.673394434530279737e-02 1.832172564185173894e-02 1.832172564185173894e-02
9.292427170047534019e-03 -1.121335248494137980e-02 1.836071167657858660e-02 1.836071167657858660e-02 -9.026493300382112950e-02 -1.486389004323876786e-02 1.836070165287217310e-02 1.836070165287217310e-02 1.292181467001186912e-02 1.600800335676021494e-02 1.836071167657858660e-02 1.836071167657858660e-02 1.616625990296242238e-02 1.738329809918609525e-02 1.836071167657858660e-02 1.836071167657858660e-02
6.248480178297125161e-03 -8.754855527665063308e-03 1.815046671409672671e-02 1.815046671409672671e-02 -8.899310055442331835e-02 -1.720241393476809599e-02 1.815044668234272809e-02 1.815045669821964761e-02 1.189796695324481582e-02 1.686323975382046300e-02 1.815044668234272809e-02 1.815044668234272809e-02 1.643764388503339210e-02 1.646004765938339359e-02 1.815044668234272809e-02 1.815044668234272809e-02
6.171423210679215926e-03 -1.417630410954738573e-02 1.835579138073951608e-02 1.835581142778714911e-02 -9.015934672063613542e-02 -1.257590157213429004e-02 1.835579138073951608e-02 1.835580140426329790e-02 1.555359616673497071e-02 1.668617329111166114e-02 1.835579138073951608e-02 1.835581142778714911e-02 1.716023296715482593e-02 1.681126812590431896e-02 1.835581142778714911e-02 1.835581142778714911e-02
9.859330310734165312e-03 -1.692980492932758332e-02 1.862506170727705121e-02 1.862506170727705121e-02 -9.160352944274309517e-02 -9.910177623480620479e-03 1.862505167372459358e-02 1.862505167372459358e-02 1.633595425474180032e-02 1.752712950449432719e-02 1.862504164017221922e-02 1.862506170727705121e-02 1.710094968666808768e-02 1.631585013372289714e-02 1.862506170727705121e-02 1.862506170727705121e-02
-1.716025401943156584e-04 -1.148622802588953988e-02 1.820009241186331880e-02 1.820010242958890537e-02 -8.941532548824861204e-02 -1.105142825608724545e-02 1.820010242958890537e-02 1.820009241186331880e-02 1.541435971415308637e-02 1.578678940762702834e-02 1.820008239413807224e-02 1.820009241186331880e-02 1.742536800484106516e-02 1.696886260869037363e-02 1.820009241186331880e-02 1.820009241186331880e-02
6.332980218927960819e-04 -1.371351710112582965e-02 1.846983412858123688e-02 1.846985418412383159e-02 -9.104565526313378176e-02 -5.975239289655423156e-03 1.846983412858123688e-02 1.846983412858123688e-02 1.554445535732474487e-02 1.584946591050360662e-02 1.846984415635245444e-02 1.846984415635245444e-02 1.745377554968014985e-02 1.782126091476379098e-02 1.846984415635245444e-02 1.846984415635245444e-02
-1.306564906640836701e-03 -1.551296093713994476e-02 1.809962344050895788e-02 1.809962344050895788e-02 -8.872563249709300437e-02 -7.304723904469596386e-03 1.809962344050895788e-02 1.809963345449337735e-02 1.542985374311274353e-02 1.561602716019768952e-02 1.809962344050878441e-02 1.809962344050878441e-02 1.680444009125257529e-02 1.734573610431628526e-02 1.809963345449328714e-02 1.809963345449328714e-02
-1.376741767806418824e-03 -1.227871222794141119e-02 1.781163595525023929e-02 1.781164595851315868e-02 -8.662943970517204828e-02 -1.588030751129980780e-02 1.781164595851315868e-02 1.781164595851315868e-02 1.659320387239322792e-02 1.497607433707540993e-02 1.781163595525023929e-02 1.781164595851315868e-02 1.634319554891053988e-02 1.738013875762255134e-02 1.781164595851315868e-02 1.781164595851315868e-02
7.012801709100856956e-03 -1.258695003038838058e-02 1.845452835343484171e-02 1.845454840783689390e-02 -9.065409916140375335e-02 -1.490359818952767881e-02 1.845452835343484171e-02 1.845451832623406369e-02 1.700265398331103975e-02 1.633071290939059825e-02 1.845452835343484518e-02 1.845453838063587648e-02 1.794783907391867689e-02 1.656501620989768789e-02 1.845452835343484518e-02 1.845452835343484518e-02
6.512742587646280779e-03 -1.003283636043572451e-02 1.833417723182626663e-02 1.833419727726431567e-02 -9.036971802307336432e-02 -1.116225661064230296e-02 1.833418725454520615e-02 1.833418725454520615e-02 9.021654514725448507e-03 1.749341125889698409e-02 1.833418725454520962e-02 1.833418725454520962e-02 1.732618049024322107e-02 1.606557537283212836e-02 1.833418725454520962e-02 1.833418725454520962e-02
5.559347240600927276e-03 -9.175048573530134727e-03 1.816972203195378263e-02 1.816973204854833296e-02 -8.916516654544091869e-02 -1.583265276747490222e-02 1.816973204854833296e-02 1.816972203195378263e-02 1.053248547748307680e-02 1.733355588222850602e-02 1.816969198217101636e-02 1.816971201535930516e-02 1.780501132326747088e-02 1.608895508493577570e-02 1.816971201535930516e-02 1.816971201535930516e-02
4.339669915324384855e-03 -1.264169757422190822e-02 1.759769964799329928e-02 1.759770964329310586e-02 -8.543179793316767190e-02 -1.381138359170947134e-02 1.759770964329310586e-02 1.759770964329310586e-02 3.603387518392452225e-03 1.709590633376599500e-02 1.759768965269392291e-02 1.759770964329310586e-02 1.754722650142212168e-02 1.558605566921575890e-02 1.759770964329310586e-02 1.759770964329310586e-02
5.820188072465141103e-03 -5.761910150250183250e-03 1.799022231750798534e-02 1.799022231750798534e-02 -8.823167198655326726e-02 -1.625168286662886930e-02 1.799022231750798534e-02 1.799023232741959327e-02 6.841960404721319187e-03 1.646155023430637132e-02 1.799024233733137121e-02 1.799025234724330527e-02 1.575656331597368592e-02 1.618118717176385626e-02 1.799025234724321853e-02 1.799025234724321853e-02
