# ex_work for 8 qbits with connectivity c5 and unitary DM 22812586695104
-9.396235507879802107e-02 1.406706849968649420e-01 1.406706849968649420e-01 1.406706849968649420e-01 -9.396235507879802107e-02 1.406706690892610412e-01 1.406706690892610412e-01 1.406706690892610412e-01
-8.298925727256448170e-02 2.918907425541869202e-03 9.007449072574937043e-02 9.007449072574937043e-02 -7.197061718153123511e-02 9.007450455365091646e-02 3.575760347303909986e-02 9.007450455365091646e-02
-6.419155528455247617e-02 5.010392013775716259e-04 7.867056225831052518e-02 7.782274244320641632e-02 -7.408893000367461346e-02 3.054263575523793323e-02 3.911342093846875700e-02 7.406093043814077070e-02
-6.182715530619973393e-02 1.221926850890472580e-03 5.778149418382476366e-02 5.511519992540972468e-02 -5.592447848516838432e-02 1.776314007747936685e-02 3.366643041191293151e-02 4.843190581905224001e-02
-4.281076026739913387e-02 2.069369567047602346e-02 2.111784035548820368e-02 2.124906466201501726e-02 -5.632825258940482582e-02 1.319996299239958870e-02 3.899447433749254899e-02 4.098714401266726620e-02
-3.548350186302650505e-02 1.897940170028775478e-02 2.553415736032911207e-02 6.348230933522398985e-03 -5.034322686443311323e-02 1.588097245468588284e-02 3.157395028842522461e-02 2.758006338350654438e-02
-3.512742656050547169e-02 9.313206328106062373e-03 3.620794942707668967e-02 5.253251822769536110e-03 -4.541900219783569920e-02 2.413029513634640938e-02 2.352061036372321903e-02 1.688944042910790408e-02
-4.321848662793311563e-02 9.732148717853576422e-03 3.293322308643177598e-02 4.753586375420068913e-03 -3.678878351507908206e-02 2.807114640207995782e-02 2.191909532202988148e-02 1.623037786711791289e-02
-4.381712715727799357e-02 4.951342192062616748e-03 2.808763169752264560e-02 6.738544259906900646e-03 -2.708374586250574673e-02 2.325517088653671419e-02 1.962007227060151224e-02 1.484453632583973733e-02
-4.317052927516763783e-02 1.561999267175609224e-03 2.422196143504256119e-02 1.185349522944101515e-02 -2.465138966102303070e-02 2.246575351250505725e-02 1.750079865433581613e-02 1.448246675428054714e-02
-4.222671614787733285e-02 6.592114296598471090e-03 1.928681487450073159e-02 1.903585856404237456e-02 -3.105732492669797257e-02 2.245323753156916805e-02 1.373526249426293422e-02 1.855532640279953724e-02
-3.392335925691428861e-02 1.721031568379645729e-02 1.556082821407797287e-02 1.356289925747267144e-02 -2.833862862107493219e-02 7.260879743716320764e-03 1.656195002753977491e-02 9.624509151288315051e-03
-4.041417832632485108e-02 2.022108560914286438e-02 2.193681651365793697e-02 1.270180626752342480e-02 -3.295176020623243052e-02 1.514799290483503577e-02 1.564752968676174499e-02 1.329450913147629636e-02
-3.552371894299873045e-02 2.179905556198623306e-02 2.122532416088861867e-02 1.044783671899866470e-02 -3.940568654313637148e-02 1.270681748034537678e-02 1.765862562039308137e-02 1.787098305803798068e-02
-3.745448010476212786e-02 2.639810726750378353e-02 2.246180216152754427e-02 1.233842376176067131e-02 -3.817516204156137793e-02 1.301117100793923453e-02 1.446555275561214361e-02 1.450924329803561161e-02
-4.248973281988478040e-02 2.525288024152770247e-02 2.069043491409041854e-02 1.544241766101877959e-02 -3.516035863117721039e-02 1.581600388976521845e-02 1.512117803300184159e-02 1.463707176865612289e-02
-3.618125335440701418e-02 2.097964644554389108e-02 4.839090689006157568e-03 1.396283063887560766e-02 -3.213716087341399880e-02 1.759756142159774744e-02 1.608987208287199211e-02 1.672044978743893184e-02
-3.715189829904996799e-02 1.664172865355652634e-02 7.304990736128866985e-03 1.760379801526206975e-02 -3.213909937905955194e-02 1.589893736648509762e-02 1.690197833711403613e-02 1.722390545644809923e-02
-2.411792632952578647e-02 1.244261940624895139e-02 8.969114333584212589e-03 1.449951413069618458e-02 -2.868761315847905002e-02 7.397898956703352798e-03 9.391251265104092957e-03 1.204028144618090809e-02
-2.391273527613967803e-02 1.541788953634834654e-02 6.777514419342302310e-03 1.439834012638879258e-02 -2.803814553221506758e-02 8.491065988903763462e-03 9.522592085468057840e-03 8.960707201315426182e-03
-2.622590493735060466e-02 1.148633404916741055e-02 1.436963605133356227e-02 1.578732590473740441e-02 -3.135926581171442906e-02 1.476259150165462435e-02 9.273638755008490470e-03 6.540603680272729509e-03
-3.042859689515054269e-02 8.367807011178653165e-03 1.846147894179364299e-02 1.710741482640936589e-02 -2.858368248660558483e-02 1.091256206721112100e-02 4.636226769115155480e-03 1.524338393575454600e-02
-2.860658115805316329e-02 1.372345476914083560e-02 1.109300155191141231e-02 1.503831293085888289e-02 -2.952120600102730100e-02 8.425183898398224888e-03 7.618490377843025428e-03 1.706707072468489558e-02
-3.138741805943125879e-02 1.674169672444748846e-02 1.170215192220877033e-02 1.826004054384101211e-02 -2.830841072897787719e-02 3.776232750105043643e-03 8.442144121003769888e-03 1.701535376617653583e-02
-2.812182215831477913e-02 1.752434646631439302e-02 1.594332568601982900e-02 1.817027593756547973e-02 -3.599971988416294372e-02 3.833442245113235104e-03 1.402142251459223728e-02 1.379037038336970201e-02
-1.910959138093475465e-02 1.525199212549504038e-02 1.145172760460669466e-02 1.412674036929425191e-02 -3.654141372160819162e-02 8.290536021543651671e-03 1.428260179545243896e-02 7.131327399171090951e-03
-1.994251584612176040e-02 7.008879604513659593e-03 1.336910697965794370e-02 1.665509160962756752e-02 -3.304602239516792050e-02 7.640211689368879740e-03 1.269973578644619308e-02 8.528714377583252598e-03
-2.082415061835307668e-02 3.455657676516550678e-03 1.488833368043281959e-02 1.986236010058335666e-02 -3.390935261340945889e-02 9.315153350626093759e-03 1.358418478252738232e-02 7.893104697575691400e-03
-2.419292607028616579e-02 2.328323937895910439e-03 1.333675566441104750e-02 2.173553312308327407e-02 -3.267782505724972641e-02 4.464323959973017820e-03 1.452914046856530923e-02 1.590335150572372985e-02
-2.629647887323438918e-02 1.583032625879089066e-03 1.584903090719661997e-02 1.887023302978426201e-02 -3.189333557373853767e-02 3.715758292000116356e-03 1.706417457839210297e-02 1.720404058813167908e-02
-2.618596539447170038e-02 8.502313356495193666e-03 1.446154457517057589e-02 1.525703984867405813e-02 -3.019046997562159496e-02 3.256835231795427495e-03 1.787081324268148530e-02 1.130407903615686209e-02
-3.150513079948610851e-02 1.210767418694182369e-02 1.749120158289281177e-02 5.171344793682973971e-03 -2.817863601471573207e-02 1.059699349996825329e-02 1.747781843519382802e-02 1.280540734191180745e-02
-3.523091942811350241e-02 1.138311566500969756e-02 1.571193647178058955e-02 1.054918062232124837e-02 -2.389804167835525572e-02 1.183566387007850898e-02 1.525537617762895599e-02 1.025328244966856352e-02
-3.303267085947187570e-02 9.055437463465612624e-03 1.629973165586753869e-02 1.405807403806350053e-02 -2.495329930280947364e-02 1.157250911953132226e-02 9.541129496748406921e-03 1.238147891872538181e-02
-3.234100558671756248e-02 1.610571658947915555e-02 1.827925894441630519e-02 9.780819313305206056e-03 -2.553448938187237449e-02 4.552126349070292725e-03 1.060394908754924530e-02 1.371827220420091843e-02
-3.385217101354427022e-02 1.715326451901489496e-02 1.120806822782936113e-02 8.915604974073166461e-03 -2.478979576014616465e-02 1.188875696574790905e-02 1.063204332028604669e-02 1.425229267732400565e-02
-3.334630129032797874e-02 1.055707975544565441e-02 9.624791883435953460e-03 1.289944891087495445e-02 -2.662754022533123099e-02 1.202281384955504115e-02 1.169108466903386913e-02 1.925164492016224679e-02
-3.135959662633950457e-02 1.285257380526200546e-02 1.110065678660589715e-02 1.158718014530375588e-02 -3.029655864894800418e-02 1.572080086796405832e-02 1.244907388928656253e-02 1.462042345480149205e-02
-3.298990758819991126e-02 1.235362485750078620e-02 1.368315519439987533e-02 1.755174080616278900e-02 -3.028495563379728431e-02 1.389267298915664202e-02 1.218425166387683209e-02 1.137544369646713814e-02
-3.268785542847871955e-02 1.349725479152136427e-02 1.303126171456537273e-02 1.529370471512103528e-02 -2.528729561633318024e-02 9.879973887713592098e-03 1.022831091154439292e-02 1.084024929074994641e-02
-3.656294837839065698e-02 1.194538704457938014e-02 1.418210349051281065e-02 1.903129394608056579e-02 -2.643925880688020522e-02 1.537323752979624994e-02 7.034437477818378769e-03 1.379340263673379738e-02
-3.326131139177431612e-02 1.042336587235920438e-02 1.220902966572956147e-02 1.965689142611886861e-02 -3.066374632407459569e-02 1.301578851813041567e-02 1.024777574490445646e-02 1.676915009602509415e-02
-3.161044989613593509e-02 9.751186973096839447e-03 1.334298736790557119e-02 1.911653239720500011e-02 -3.196816579790497104e-02 1.301946912351069699e-02 1.020496444547359070e-02 1.625312255792602315e-02
-3.174488508000700149e-02 1.169110780575714596e-02 1.573387422456683921e-02 1.351826171906882548e-02 -2.783940214352688750e-02 1.377122670216461911e-02 7.624646009791750424e-03 1.284531229519748387e-02
-3.158932745121045826e-02 1.372621479593268655e-02 1.185382757337153509e-02 1.351669431737404121e-02 -2.736898919756974857e-02 1.351891825551005712e-02 8.732428849247955358e-03 1.276441351499933534e-02
-3.315890329330408587e-02 1.296592820956419916e-02 1.456382801477190160e-02 1.307708519883860054e-02 -2.523361465295667974e-02 1.160120148386779675e-02 4.459862318697310930e-03 1.713062339765289432e-02
-3.435082843116903095e-02 1.077614543409100359e-02 1.164912465256553314e-02 1.743595518758134927e-02 -2.486660369721218136e-02 1.505680618352597637e-02 4.697375832745705020e-03 1.569054256194497149e-02
-3.168258572104020593e-02 1.044068227705728484e-02 1.636301326132525574e-02 1.783997637798381483e-02 -2.440037610086409972e-02 1.386509956036766425e-02 2.032216959281179982e-03 9.949591050265509454e-03
-2.621106893356776532e-02 1.284082839272715319e-02 1.146030503008047159e-02 9.614201961678217265e-03 -2.735430463066320164e-02 1.373904569462600089e-02 6.326751023575910571e-03 1.181443814080277745e-02
-2.172493512354559467e-02 1.158798514335170060e-02 1.214390867435269881e-02 1.153030730164580908e-02 -2.786410463641819657e-02 1.056164873900070772e-02 3.823513561127690058e-03 1.048916822231985013e-02
-2.217022183894299184e-02 1.479112046102236053e-02 1.454186406952855462e-02 3.076510701509169946e-03 -2.930563842640754313e-02 1.014033047576777882e-02 1.119920989742536482e-02 9.426935394346821692e-03
-2.343077314160423724e-02 1.478897871932596635e-02 1.776703995108895942e-02 -6.838588073481690829e-04 -2.972863940052252948e-02 1.182048591827974948e-02 1.068065452975236300e-02 1.179225992633785823e-02
-2.559264056471554152e-02 1.598165561317582348e-02 1.917171729403979036e-02 2.647919045237976440e-03 -2.722617353777046986e-02 8.238705872615156162e-03 8.902187289965148020e-03 1.038930092035982716e-02
-2.848449024299267579e-02 1.860313685900555000e-02 2.207783548815787922e-02 5.775531345396773229e-03 -2.922849726442047769e-02 7.745986674498481217e-03 1.047818491122414104e-02 8.306735201771759877e-03
-2.408665704435904512e-02 2.503833225479604879e-02 1.178514107204901330e-02 6.970352825895346875e-03 -2.824270577338336072e-02 4.421150834366055840e-03 5.690257783455185923e-03 1.123721045157260144e-02
-2.222326947232471789e-02 2.655956248144383802e-02 1.796549605908932465e-02 6.201638896863515514e-03 -3.373555652104363867e-02 8.443177369920446332e-03 -1.777817751370678896e-03 1.482333068039512307e-02
-2.514664881193620638e-02 2.167459048881767783e-02 9.354607648631971945e-03 1.134404717741825316e-02 -2.817485079075892143e-02 1.122998101926095393e-02 2.183023932286811634e-03 1.042021843378035904e-02
-2.896147103017474370e-02 1.313925422523617471e-02 1.275167758198384252e-02 1.447811042555683866e-02 -2.989301215746310164e-02 1.699097073461020360e-02 5.988776965252334133e-03 1.076035719628435847e-02
-2.882207639621900061e-02 6.553775450677390771e-03 1.407559419339568518e-02 1.670377476574903472e-02 -2.761986644646201305e-02 1.156345097291655577e-02 3.918233841621179998e-03 1.794393672181773466e-02
-2.318405885281626250e-02 1.514846981193236283e-02 7.427450526549300193e-03 1.182125006046360130e-02 -2.932811983749194357e-02 1.008085505573210437e-02 2.847506830424183927e-03 1.756137740613755716e-02
-2.661578612110032313e-02 1.356669274371317090e-02 9.093796693599992889e-03 1.404334883645500832e-02 -3.071765099203895011e-02 9.510410540850467234e-03 7.406618328156115358e-03 1.822979069992122086e-02
-3.002880051371094663e-02 1.650389105038019277e-02 1.094610396419029401e-02 1.297054871937959250e-02 -2.884056052610550064e-02 1.368998365987747316e-02 6.551556716729517796e-03 1.340807778228716995e-02
-2.976723740184470876e-02 1.444388771992084243e-02 1.574250812010103556e-02 1.601093259866124413e-02 -3.409700795470711060e-02 8.281332883112828280e-03 1.055182976515349480e-02 1.722291328609168448e-02
-2.759420730706914349e-02 1.553532496013718817e-02 1.162361381431393018e-02 1.676677432979902654e-02 -3.473639373836252819e-02 1.080812705989814097e-02 1.103566717659371435e-02 1.399239033871528190e-02
-2.801567995641874448e-02 1.172361994987742781e-02 1.445805112487730942e-02 1.671348711578278523e-02 -3.413770218887175051e-02 1.231907584602567884e-02 1.453976194830628593e-02 9.646812986493847816e-03
-3.010478314567871169e-02 1.120485170571140082e-02 1.572283757903677331e-02 1.274398233545323382e-02 -3.073395408659525610e-02 1.428425106399336918e-02 1.370511660576964434e-02 9.394179797271827448e-03
-2.902927403613678528e-02 1.610189249336297507e-02 1.941424829081795506e-02 1.245262877790429164e-02 -3.319409575448149796e-02 1.319991131297367816e-02 1.060352231517353722e-02 7.874836994408933311e-03
-2.945520791441885028e-02 1.143328770680522924e-02 2.261912106184190210e-02 7.438907181166788847e-03 -3.227249968575787026e-02 1.359558959340739781e-02 1.528173282540233081e-02 8.725259925319165874e-03
-2.804314632099727186e-02 1.386658100302937124e-02 1.197751814751347489e-02 6.293362927130743967e-03 -2.990575830300731472e-02 1.402196289385905341e-02 1.267764848984519535e-02 1.373910117195526262e-02
-2.680584611942393378e-02 1.239145246031856870e-02 1.216287138998564665e-02 1.056397750725753849e-02 -2.925299553441626163e-02 1.018044016763158637e-02 1.034268890303363317e-02 1.385339239595459807e-02
-2.721636599947590412e-02 8.380269702944646154e-03 1.249700816965443675e-02 1.029023145317017017e-02 -2.554631751164892356e-02 1.805851998414415016e-02 6.416572989623067248e-03 9.173922709677333545e-03
-2.889632799557101395e-02 8.734438992157301379e-03 1.838999232568347061e-02 1.011609822554556878e-02 -3.053635316091208446e-02 1.905631042429589347e-02 1.136294258621881742e-02 7.610366663437160596e-03
-2.655297790025186802e-02 7.700217836525943653e-03 2.463282326377649531e-02 1.448834592224237765e-02 -3.566792885319596679e-02 1.495903090654318937e-02 1.123529542538194946e-02 7.507691369952889000e-03
-3.025834525705365166e-02 7.560724543200489367e-03 2.086681095577280765e-02 1.205562286144227710e-02 -3.503400550529248147e-02 1.449588855698709378e-02 2.031413448499735236e-02 9.764178914358616693e-03
-3.142652461614937887e-02 1.275683068121533613e-02 1.483867637931312634e-02 1.420131634303050359e-02 -3.619391025209039991e-02 1.553579073968910408e-02 1.620327000297531322e-02 1.480223021501872460e-02
-3.383143077451675196e-02 1.527412226917832655e-02 1.531693867465493304e-02 1.513289890303324420e-02 -3.131265888563227601e-02 1.391696841822196405e-02 1.162518499543299666e-02 1.281153351497213086e-02
-3.006113411458797430e-02 1.737183452741057968e-02 1.649332917312432145e-02 1.467853026252755565e-02 -3.109368726083881415e-02 9.992843624259650434e-03 1.410514682907690852e-02 5.299216391436627725e-03
-3.263626548201846445e-02 1.617924764621200481e-02 1.668804540680467186e-02 1.818889306810830483e-02 -3.077259842647217872e-02 1.437445784611122990e-02 7.941846955408823905e-03 8.222536076928580601e-03
-3.207585772935725443e-02 1.344498366869221508e-02 2.096866593662087899e-02 1.836407246956836894e-02 -3.076848507971059743e-02 1.305566965465504263e-02 1.123633671444172408e-02 3.954727116698503186e-03
-2.687233467043410179e-02 6.505277015330769054e-03 2.117401641436602797e-02 1.890911855045529846e-02 -3.185024172928673653e-02 1.474137117642276146e-02 8.129446627348520596e-03 5.295208829197273377e-03
-3.310128143085858121e-02 9.947139867211313852e-03 1.992362491355296333e-02 1.859522942308241417e-02 -2.916655348529962125e-02 1.610821539709750283e-02 1.096725974172454814e-02 4.595787302796665828e-03
-3.107908935422932367e-02 1.456224621509765067e-02 1.953084252345719390e-02 7.873524904864898089e-03 -2.860436689396861007e-02 1.324885105585496721e-02 1.107944658109523070e-02 9.231625789824846398e-03
-3.435870229869897319e-02 1.330249821617140484e-02 1.953370550152030635e-02 4.889505361039153154e-03 -2.604348295955054293e-02 1.485100838047038324e-02 1.260554984534006245e-02 1.194097954691383107e-02
-2.872806416357348569e-02 8.645131178461731847e-03 1.911128407439888904e-02 7.009463179543962662e-03 -2.937458355109268809e-02 1.264053440878641806e-02 1.677273103002939122e-02 8.967137720211458204e-03
-2.702305000260725454e-02 9.154658150445617315e-03 1.635128712561632544e-02 9.061774243790125111e-03 -3.204583654178495139e-02 8.897920983042848647e-03 1.822067417317125085e-02 1.294213508558940753e-02
-2.712730339254350309e-02 8.372995415904652128e-03 8.894532499903065256e-03 1.267602626512975839e-02 -3.222872786162540859e-02 1.625159568243372127e-02 1.851085085935295568e-02 1.038604688689646373e-02
-3.014416962206846809e-02 1.410271928988607662e-02 1.385063975486149242e-02 8.714687505371273082e-03 -2.996639942237775550e-02 1.183565088032959359e-02 1.896779611790507317e-02 8.646577282946755344e-03
-2.878994546344355171e-02 1.799070013678975150e-02 1.061609216983567736e-02 8.866999149444606404e-03 -3.102907868725756149e-02 1.276710086637068697e-02 1.846146866164586481e-02 7.142878036002743396e-03
-2.844617850201669462e-02 1.483101568073089127e-02 1.228089846194336740e-02 6.578934249452408206e-03 -3.155755011771784607e-02 1.325636300133824566e-02 1.696595921940273477e-02 1.202228049023263204e-02
-3.393768952099854991e-02 9.843954445038452516e-03 1.331086882048215791e-02 4.383458997974465886e-03 -2.663102681600456115e-02 1.656866673420724981e-02 1.812877076061381043e-02 1.514880610999490979e-02
-3.201912333684135692e-02 1.256465380614373017e-02 1.637265007901216388e-02 6.589872346856004079e-03 -2.605017737908769254e-02 1.067485762986740590e-02 1.692235219899536347e-02 9.961109100987023540e-03
-2.937129727057905329e-02 8.021757951017283172e-03 1.696050650836414264e-02 6.683709140023018705e-03 -2.772488752477580282e-02 1.205936344016176991e-02 1.803648306272192733e-02 9.785659737550581744e-03
-2.960558633998533820e-02 7.607435633856112628e-03 1.793292464431922584e-02 1.376958752619366830e-02 -2.574455182196211042e-02 7.563669480857761022e-03 1.610762915111220786e-02 6.022298591869184453e-03
-2.940069080237419155e-02 1.313199630867770487e-02 1.319501359890039999e-02 1.276100925470979516e-02 -2.609794645438477667e-02 4.569177545022226790e-03 1.452985000057439163e-02 1.073489908803274169e-02
-3.117570084826299520e-02 8.910624910522824474e-03 1.233935742627978970e-02 1.224267447771124930e-02 -2.571322161485316976e-02 1.436554168700947785e-02 1.572684833409504143e-02 7.492639654690308633e-03
-2.641886473097562055e-02 5.358125917235951295e-03 1.688503837729527640e-02 7.084430117525224863e-03 -2.430294362866266752e-02 1.293821689254383463e-02 1.412108122198812120e-02 5.599325212718690367e-03
-3.004173946986326421e-02 4.106858604262302211e-03 2.058835544406612331e-02 3.260463661083345521e-03 -2.940256785873380033e-02 1.241529538639462270e-02 1.710807689621087965e-02 1.855527030758976834e-02
-3.457747461245074677e-02 9.902531194821147936e-03 9.846882893030359241e-03 6.842862746840725451e-03 -2.188347967506024463e-02 1.003573271733061364e-02 1.753220196930363461e-02 1.711101349252448431e-02
-3.246947535436029569e-02 1.479241486958496679e-02 7.247098868852976973e-03 5.766570268958439230e-03 -2.498294338813798754e-02 1.346620382295404816e-02 2.139556979705664608e-02 9.943169522932171489e-03
-3.119546028451377837e-02 1.520052251829493058e-02 8.225421602520452055e-03 7.226283122674485165e-03 -2.043391920735863204e-02 5.452875855961416586e-03 1.897698153905075236e-02 8.819995516759205484e-03
-2.780389485370645189e-02 1.115005096049377815e-02 1.127172188132501661e-02 1.353215965652191863e-02 -2.752125419110274321e-02 8.870350144004184381e-03 1.673066207639492195e-02 7.011092912828524593e-03
