# ex_work for 8 qbits with connectivity c5 and unitary DM 22873560663808
-9.396235507879802107e-02 1.406706849968649420e-01 1.406706849968649420e-01 1.406706849968649420e-01 -9.396235507879802107e-02 1.406706690892610412e-01 1.406706690892610412e-01 1.406706690892610412e-01
-8.757780336889310624e-02 9.036391528497099424e-02 9.036391528497099424e-02 -7.448687400125905342e-03 -6.349925764237855652e-02 4.328377926246357310e-02 9.036391528497099424e-02 9.036391528497099424e-02
-5.852297262058440974e-02 1.401646094786941979e-02 4.432612346424505412e-02 -1.368008850823853803e-02 -3.568362254920066229e-02 1.657189234345805839e-02 4.516202791829308089e-02 5.401440101036847352e-02
-3.228094045063024248e-02 2.732734136099130087e-02 2.819636797413619875e-02 -1.350137297006792159e-03 -5.010513962257620579e-02 2.284766223889587652e-02 3.079027140016439568e-02 1.338499693414330928e-02
-2.818744224523729233e-02 1.613990394138076906e-02 9.565757977471400081e-03 1.255212679101013959e-02 -4.512608627545446061e-02 1.935993114729568990e-02 2.618389801689507621e-02 1.691264967702506977e-02
-2.843830509575916154e-02 1.328191782184202745e-02 2.364476381568953942e-02 2.658083355370105625e-03 -4.219370899712085454e-02 2.239662829401660796e-02 2.490741748093516783e-02 9.544955025039493848e-03
-2.473513231139198507e-02 -1.632427753784748041e-03 1.917904100184836952e-02 1.525457612927213873e-02 -3.894956036238078623e-02 2.029535015202903886e-02 2.540661988254536152e-02 6.540026098475132561e-03
-3.038418053704269525e-02 1.360884501690509847e-02 1.690303189819564525e-02 1.042857064821478726e-02 -3.695416450464654445e-02 2.514333793033210473e-02 1.633267406929782284e-02 6.457958384742727882e-03
-2.946517977894518026e-02 2.342577307183709920e-02 1.772891747554425357e-02 5.673177905157093109e-03 -3.518434262526343170e-02 2.328783188788799072e-02 8.949789956831344720e-03 5.895821817229296262e-03
-2.982740742597037378e-02 1.836781841577288937e-02 1.762232044248108684e-02 1.012725068618186217e-02 -3.642947723148514533e-02 2.057995485800242011e-02 1.107371091954866167e-02 8.904393910521812491e-03
-3.077933212258198228e-02 1.737754490546350450e-02 1.566691816602801268e-02 1.486191886944750358e-02 -3.536016459295759223e-02 1.618729765166838225e-02 1.318061655338519968e-02 8.726819580602026769e-03
-2.906759594617857115e-02 1.773131157467569899e-02 1.232489403448679306e-02 1.307366026170328661e-02 -3.172277258272086092e-02 1.683415365429376254e-02 1.060297892281731463e-02 6.713468486778200427e-03
-2.578078732527235364e-02 1.207936406499282925e-02 1.312780905611340976e-02 6.148926601682389546e-03 -3.540582295438924471e-02 1.250991697265899094e-02 1.832748257415096893e-02 1.618922844713450993e-02
-2.648726638267106734e-02 1.129717985993618050e-02 5.710785900304943784e-03 9.763246088585272528e-03 -3.145755185219433619e-02 1.530992805872318126e-02 1.262552350483581685e-02 1.820574197528675858e-02
-2.659541482353919642e-02 1.056270803215873279e-02 1.044829145312800404e-02 9.467735058948805599e-03 -2.885962273130265529e-02 1.390371461519660998e-02 9.370264393666916450e-03 1.489133707755063186e-02
-2.621881053323380992e-02 1.501372195080386170e-02 8.740654807940756443e-03 1.172538144088740297e-02 -3.062766812300577596e-02 1.356665812004133331e-02 1.051689341837290341e-02 1.128037815842672202e-02
-2.552516941006316778e-02 1.296726438586471263e-02 1.626955747606061153e-02 3.240309148678335947e-03 -3.379671127398854724e-02 1.221018790309021107e-02 1.617633718841522683e-02 1.456706167660903363e-02
-2.914149213190161264e-02 1.686980379385110210e-02 1.375871173190986764e-02 8.880375059781489902e-03 -3.231919687073059322e-02 9.157726844261771318e-03 1.611856726174600712e-02 1.347081879706216005e-02
-3.254658582351811075e-02 1.245370156980366537e-02 1.444884286055099672e-02 8.526751521598699077e-03 -3.082202017810016167e-02 9.607054050923963251e-03 2.096280616576795541e-02 1.553062103129515883e-02
-3.075043256560551497e-02 1.248544540263112589e-02 1.680309454984386247e-02 1.122257071706022312e-02 -2.958416232433670745e-02 7.653275573114837887e-03 1.951514377188201532e-02 8.939913949943600197e-03
-2.674700133457148452e-02 1.471111904394967716e-02 7.865747284990011814e-03 1.036320960149718015e-02 -2.904038822734620814e-02 7.075665316000141931e-03 1.654973799538024190e-02 1.279536479948535817e-02
-2.737068594159799625e-02 1.426405123439029865e-02 7.685463664970164019e-03 5.308106817243673711e-03 -2.687580497488571696e-02 1.010902047700681407e-02 1.740566110860175542e-02 1.233729967668814424e-02
-3.131974830963715067e-02 1.122117082568077281e-02 1.341341159282906197e-02 1.183357784914087357e-02 -2.907884875463127849e-02 1.375115999996746885e-02 1.751198710973690675e-02 8.724016811945792954e-03
-2.808177492159320138e-02 7.992342194857173301e-03 1.555775862313222777e-02 9.813501272528979066e-03 -3.099183242485182080e-02 1.166061047828040667e-02 1.955337391460426275e-02 1.001634302702917971e-02
-2.930732553003352614e-02 9.675450356857670520e-03 1.252071195585893228e-02 1.132229666958317095e-02 -2.982488815230380230e-02 1.320960107088971908e-02 1.763266503749612996e-02 1.004757184610761273e-02
-3.121118000833896303e-02 9.757205207330634997e-03 1.289247188901246517e-02 8.587049148467310739e-03 -2.741234135110126244e-02 1.295997065272691019e-02 1.713042712241221593e-02 1.236114942222641538e-02
-2.960706837798134441e-02 1.110360754935587127e-02 1.485631358259869098e-02 7.778265395894535389e-03 -2.948252691694319347e-02 1.126808707800745595e-02 1.575491551069202467e-02 1.358624272154823620e-02
-3.318432213912810014e-02 1.148571665390490069e-02 1.563250674609239707e-02 5.642631420978209272e-03 -2.614089783134787223e-02 1.070527573301712984e-02 1.552890688040351949e-02 1.617226761442289856e-02
-3.573619136375935645e-02 1.222620359871035359e-02 1.662880429649079075e-02 1.260981346200205910e-02 -2.765498271418395659e-02 9.541310598134547863e-03 1.355461288344804970e-02 1.705916027110743888e-02
-3.334539722759273517e-02 1.357228329730882088e-02 1.192614625623165600e-02 1.212986717311819763e-02 -2.420389654400900356e-02 1.743245684686651337e-02 9.714462460371690519e-03 7.626999978740497260e-03
-3.264526781444587050e-02 7.972591295962630498e-03 1.064198260962642001e-02 1.080630355056539510e-02 -2.344115171974351861e-02 2.130470436410010146e-02 1.467654818658623364e-02 5.203910581837418482e-03
-2.978112695380936634e-02 7.601287812161548925e-03 1.439809336641885429e-02 9.494959257320917043e-03 -2.199851633509647755e-02 1.818529729525344280e-02 9.692021840457660381e-03 4.426489049181712120e-03
-2.629368324211069086e-02 1.631999184009874648e-02 1.210440029163153963e-02 8.425545710931108684e-03 -2.364833153151976730e-02 1.152115820522416588e-02 3.660818525839205223e-03 8.680963754448387318e-03
-3.212041162434600000e-02 1.296215526543337791e-02 1.900639252058375361e-02 7.871295013441186039e-03 -2.589051023861045631e-02 1.577176996422426439e-02 4.196178135333889121e-03 1.351616752148257841e-02
-2.778368033401209733e-02 1.085615491485147216e-02 1.326000585898916111e-02 1.104322245849696099e-02 -2.857727901716961352e-02 1.539600680011159878e-02 4.840022036283755762e-03 1.484489749751461730e-02
-2.936313208844989683e-02 1.681990791179007946e-02 1.082196361605385765e-02 1.120613908264192493e-02 -2.733046817180842525e-02 1.393272253642718547e-02 7.643553277404649578e-03 1.022907328397488005e-02
-3.200309219484268053e-02 1.429761017958702113e-02 1.052975150670564658e-02 9.207124001910056005e-03 -2.611196309652782932e-02 1.694095786831041270e-02 1.011966972635078461e-02 1.188779075117990872e-02
-3.182015584176174638e-02 1.736191677098753230e-02 1.265857534380931786e-02 7.790777593077199796e-03 -2.750658119666362852e-02 1.361870371705170037e-02 1.444435963225592853e-02 9.035067057138339991e-03
-2.811462569067200989e-02 1.429150228198511688e-02 1.376869009939662471e-02 9.102508603237512499e-03 -2.773531490317276624e-02 1.512489838558365822e-02 1.036014534336861768e-02 6.712978479390602389e-03
-2.789043734246245132e-02 1.392791026890416971e-02 1.296732498361785960e-02 8.310075953497477255e-03 -2.736460426953427755e-02 1.812673431700156587e-02 7.912285582540465323e-03 7.369919817681236038e-03
-2.815476022133125977e-02 1.236005357493621254e-02 1.419854625973836215e-02 8.060887545692599701e-03 -3.125486800392882070e-02 1.714448650002611124e-02 9.925770386196497083e-03 1.325104122349710610e-02
-3.103012197431715205e-02 1.401891856153616826e-02 1.597476752163708852e-02 1.398888589239932582e-02 -3.211109197412708588e-02 1.117402388270551800e-02 8.487240188793786222e-03 1.727507338514740892e-02
-3.025361587450094147e-02 1.731328700396334713e-02 1.420133202154541356e-02 1.050435084771091619e-02 -3.073111702447373084e-02 8.867926967686953071e-03 1.057521497655059331e-02 1.597728013803178040e-02
-2.845055409432201837e-02 1.770513059197004538e-02 1.309542267332080775e-02 1.267815031447743802e-02 -3.449668009207995656e-02 1.274348371977476919e-02 1.304744884693540864e-02 1.138674110358434133e-02
-2.837020321189371794e-02 1.513161577255113868e-02 1.249543674484846628e-02 1.528255149466590905e-02 -3.459295087277020064e-02 1.087031023593394707e-02 1.393929604635560544e-02 1.293235182296245851e-02
-2.910037943714778932e-02 1.436413029951385915e-02 1.504431441134943155e-02 1.433560734750699041e-02 -3.327039657956511187e-02 9.643068595524238729e-03 1.334077845690510335e-02 1.286378083629046744e-02
-2.861650010767299857e-02 1.380325176053536461e-02 1.911712474317093027e-02 8.727384999843445373e-03 -3.250985163750854529e-02 1.107634511235162066e-02 1.167186440151043829e-02 1.336390420249387520e-02
-3.173530666862468819e-02 1.281790035746366470e-02 1.896202018929831964e-02 7.195251452111383651e-03 -3.132620324171266069e-02 9.139377687327074340e-03 1.458332526098168533e-02 1.837716485183773368e-02
-3.003197848999696051e-02 9.076102835037350852e-03 2.152461385821444542e-02 1.121618148477194696e-02 -3.220317416505086988e-02 1.166269103047546524e-02 1.091516596304129005e-02 1.528661077419395282e-02
-3.241691751395332083e-02 1.258628046418396214e-02 2.046365268562400086e-02 1.084937688470498200e-02 -2.993460827833526253e-02 1.034568261466862343e-02 1.032814379511304975e-02 1.520093467844463482e-02
-3.072554023777899351e-02 9.813498603661353903e-03 1.259969361945226067e-02 1.621861432309765205e-02 -3.012589079338708065e-02 7.741736699506213300e-03 1.337910309269696452e-02 1.752520922676441967e-02
-3.384406075155145521e-02 1.573912587818440331e-02 1.602990441618659320e-02 1.632727726594815701e-02 -3.009888607017710202e-02 6.272475267982331217e-03 1.371957589821317519e-02 1.432420282081587302e-02
-3.270793432186543809e-02 1.591078777585210047e-02 1.589876149021136192e-02 1.717138798793992407e-02 -3.182921801143234058e-02 8.583181361771084067e-03 9.924647935612927394e-03 1.580530764683214795e-02
-2.808803783399668047e-02 1.290439797972078861e-02 1.709424458749961642e-02 1.326833227495083367e-02 -3.041219748752124405e-02 1.050644036457919032e-02 9.382860971453568441e-03 1.027172472237691987e-02
-3.243711976098728744e-02 1.271802040589042893e-02 1.877909468507629395e-02 1.390668346634849235e-02 -3.376395168195809454e-02 1.358717028620074971e-02 1.457387124092275957e-02 1.233351092963186173e-02
-3.416175825996557724e-02 1.739836942768490172e-02 1.438482975248884209e-02 1.485904572216709477e-02 -3.263097605559928116e-02 1.366115776554200842e-02 1.446899685960669098e-02 1.207647809695215971e-02
-3.220246224695601234e-02 1.781240698114754106e-02 1.099755193046015288e-02 1.677987558583458189e-02 -3.488605676954827789e-02 1.389305798929181546e-02 1.584936850043129966e-02 1.214509840814919153e-02
-3.125537280311620897e-02 1.333734585243628867e-02 1.515844221759077813e-02 1.799770255233072713e-02 -3.530713275581580379e-02 1.197961027305521724e-02 1.777536071018484543e-02 1.043956081961802326e-02
-3.365808924637053029e-02 1.498804059905821211e-02 1.203325171095336044e-02 1.931573811696997781e-02 -2.990387674483289959e-02 9.089385155360450372e-03 1.711460300913015403e-02 9.307483238875896570e-03
-3.030989397631894677e-02 1.733085703788893317e-02 1.118733876828812389e-02 1.057148608707528942e-02 -3.058449871842021037e-02 1.136657073981940658e-02 1.403905680499302477e-02 1.267345514491331065e-02
-3.061499909661362026e-02 1.277011188235482354e-02 1.349900837143308031e-02 8.358447238396373574e-03 -3.026566791835500966e-02 1.358177703301001286e-02 1.367852213351155623e-02 1.524352320485542443e-02
-3.064452405858959089e-02 9.054861585760290085e-03 1.673721547503996890e-02 1.483527330354028617e-02 -3.268086220033337985e-02 1.338901265118270546e-02 1.393966593379496015e-02 1.319175005293417996e-02
-3.087283378470640285e-02 1.207988085257340541e-02 1.807825319337693845e-02 1.116998247082331801e-02 -3.173023642533225053e-02 7.797502546565058396e-03 1.167743708252447568e-02 1.945293320915818941e-02
-3.368854996078884945e-02 9.545353104837070793e-03 2.131775881165466624e-02 1.211531021149409373e-02 -3.029210486276386755e-02 1.116482737345473979e-02 1.104467843689676231e-02 1.740893993316824581e-02
-3.068101015583808711e-02 1.082410677855555337e-02 1.695023224719348007e-02 6.053376464646489756e-03 -2.864993616465714640e-02 1.309916644204339904e-02 9.011286626047117221e-03 1.917673351861627629e-02
-3.394222628333420227e-02 1.613164276124188015e-02 1.286177384187439654e-02 6.613435477372347354e-03 -2.638622968227467488e-02 1.159111045585783061e-02 1.008375551688473100e-02 1.961411416176373282e-02
-3.053275639147375389e-02 1.410290445906628616e-02 1.719827679087989475e-02 5.579252951123347438e-03 -3.212012616309446733e-02 1.571259730746949607e-02 1.400975691095871119e-02 1.367494848631516623e-02
-3.042777674049993580e-02 1.140605088563160542e-02 1.775186804415677250e-02 5.663772565039793677e-03 -2.988489460052767832e-02 1.511007223476234194e-02 1.202536668027468815e-02 1.454386521497674084e-02
-3.032431195328401038e-02 7.149430625074360349e-03 1.345401135403707753e-02 4.673619546292643451e-03 -2.813171605583923013e-02 1.696371102352911553e-02 1.328771413882121229e-02 1.832939632196260368e-02
-3.287536648948923002e-02 1.272406720262187277e-02 1.436042146131595067e-02 3.499987974094829514e-03 -2.998072157049590236e-02 1.480877477163540686e-02 1.386398675874172225e-02 2.180695129063112483e-02
-3.308552065084135324e-02 1.199759334496674004e-02 1.466346944865634834e-02 6.586593447553024117e-03 -3.018665461843843961e-02 1.497756400044098629e-02 1.362092634817400373e-02 1.950664778866000384e-02
-2.738945140807165501e-02 9.246190758555643263e-03 1.760155915470101515e-02 8.663798821350687449e-03 -3.085414677970426539e-02 1.459843684262069133e-02 8.633162869150345226e-03 1.447453091824432540e-02
-3.604668893857719547e-02 1.699555186085704994e-02 1.287855494036304130e-02 1.202884247443297867e-02 -3.227948249222008931e-02 1.435852046591266744e-02 1.805506845484928721e-02 1.527853699983703489e-02
-2.822897148884261076e-02 1.236411535919847843e-02 1.419131314680058438e-02 8.671441751033456130e-03 -2.948114436787898501e-02 1.210195832983763063e-02 1.187684146234203875e-02 1.285764213795017978e-02
-2.992137925185517355e-02 1.743568910747685455e-02 1.500565190282656010e-02 1.159083537572782457e-02 -3.090443197313647028e-02 7.536960810275957975e-03 1.123587640963986424e-02 1.439612754989683281e-02
-2.948722972812679519e-02 1.295408319259420786e-02 1.137596835482209898e-02 1.219574450533522821e-02 -2.908541428580209420e-02 9.957695513026320125e-03 1.217927528206290411e-02 1.472593051728303230e-02
-3.060430289075199636e-02 1.087973512732711562e-02 1.790406472221968415e-02 1.103075188449013228e-02 -2.877552208600250849e-02 1.228036828275654892e-02 9.989754255451958193e-03 1.272202688025695153e-02
-2.950640085452471001e-02 6.140382055884828667e-03 1.885571485566673797e-02 9.447814547598399476e-03 -2.591774648268404396e-02 8.608459025997803465e-03 1.014199500784613087e-02 1.585013255727877463e-02
-2.603850154777465412e-02 7.029199337843870798e-03 1.380717984984294357e-02 1.179893730893821942e-02 -2.926102276625718382e-02 9.211309039976715504e-03 1.882120762126055988e-02 8.078837204035311387e-03
-2.335155731341363033e-02 6.612160518104843489e-03 1.608296025841169860e-02 7.431772427596128328e-03 -2.784997223903978511e-02 2.559991574102831423e-03 2.160217074251363084e-02 9.035512380682224343e-03
-2.662347381388390291e-02 1.146982091308672595e-03 1.474727945673527142e-02 1.348941328588779999e-02 -2.955328272786281185e-02 8.402879513777808743e-03 1.955544608913561619e-02 1.325375416689060157e-02
-2.841583288717316330e-02 7.738514884005394216e-03 1.364778310292864144e-02 1.596454154475462212e-02 -3.040351606161555836e-02 8.382401826927520644e-03 1.021148797354690281e-02 1.821681654900607003e-02
-2.879917683890991301e-02 3.570266840162935641e-03 1.460196024383288160e-02 1.149527060683372577e-02 -2.526690728649400031e-02 5.146578572882665528e-03 1.381087091387617899e-02 1.861005545622964469e-02
-3.201007089963821273e-02 2.651158397045217698e-03 1.423508378718946893e-02 9.998044672393551630e-03 -2.649457753744409103e-02 7.018371921325010018e-03 2.171884819723777366e-02 1.899119314458666205e-02
-3.052607776684627267e-02 1.232910585525132975e-02 1.281726114239997022e-02 1.296887378632292052e-02 -2.942578812254228321e-02 7.788018361344407371e-03 1.210789100590445484e-02 1.774267136315897664e-02
-3.161797699488735902e-02 1.244603416950242720e-03 1.389642154426479377e-02 1.092237413485647006e-02 -2.435475465969468359e-02 8.067848865952733858e-03 1.918251625568890770e-02 1.725437039756948579e-02
-3.043503123666273583e-02 4.650710680636227674e-03 1.239695364630763810e-02 1.008555966077427819e-02 -2.688537900125160043e-02 9.888681620461983734e-03 1.463520825864604059e-02 2.042926551362700058e-02
-3.514740482889560508e-02 6.703478467509856910e-03 1.906771442084690543e-02 1.773557494416959715e-02 -2.875132571877898890e-02 1.136979745280542603e-02 9.546473806949383814e-03 1.836480862288259949e-02
-3.264496083823709149e-02 8.163965560507829844e-03 1.407569846406856937e-02 1.709377549704255844e-02 -2.896917305406727580e-02 1.476319646544810467e-02 8.330285969400552659e-03 1.618643967569831019e-02
-2.967737332920148893e-02 1.313824840571600587e-02 9.771927421008248793e-03 1.247862580119248055e-02 -3.176885122067210632e-02 1.571931210725816680e-02 1.615005420933174687e-02 1.082873601585875728e-02
-3.078650060441606717e-02 1.147643400519617052e-02 7.935130195720290977e-03 1.234393912523628137e-02 -2.886392226489448501e-02 1.897285562747419441e-02 1.434659706700338981e-02 1.031104289749971807e-02
-2.859740028188936453e-02 1.091456192827519600e-02 1.138682190931483186e-02 1.475525816057558261e-02 -3.207510255383190512e-02 1.565716315239200004e-02 1.273834677235800329e-02 1.136689734930710141e-02
-2.831970282536944161e-02 1.822035345887815586e-02 1.349929117232561739e-02 1.138454652915995603e-02 -3.291292114494757948e-02 1.211210067484190349e-02 1.146420591326787961e-02 1.116361418453498330e-02
-2.510060442257324581e-02 1.520150290967180878e-02 1.216610513961944792e-02 6.594313471417704436e-03 -3.072574113416877417e-02 9.611566307418809366e-03 1.751282498254293912e-02 8.531414028204399938e-03
-3.113812058921849868e-02 1.418893242486078156e-02 1.805792492730463189e-02 1.483914285766139074e-03 -2.534969369211290124e-02 1.327051195110136306e-02 1.537137029617597316e-02 8.718033452599490904e-03
-3.012516714922925179e-02 1.163739965060819025e-02 1.404213429308843672e-02 7.142838594810038341e-03 -3.032378424531607941e-02 1.511426315853927303e-02 1.684040003335519897e-02 1.180265226629701077e-02
-2.961579407613248657e-02 1.134608583805216293e-02 1.217584829346589001e-02 1.297893625626502130e-02 -2.917109521155374779e-02 7.846021485989510685e-03 1.858213324147014317e-02 1.102703796672441575e-02
-2.665900906891725125e-02 9.210540388416286681e-03 1.425921824387406910e-02 1.300784052798575723e-02 -2.915848097333684566e-02 6.283420461995849193e-03 1.397853255956995298e-02 1.257231954091111298e-02
-2.623732811784941846e-02 1.293001197635702468e-02 6.973648579753390954e-03 1.614216525577574432e-02 -3.350015642971491958e-02 1.589277714299610830e-02 1.423267191452667023e-02 9.586034280924389875e-03
-2.943051474313439567e-02 1.149341011800349144e-02 1.084787837619236896e-02 1.780943875923364159e-02 -3.281037964060326551e-02 1.764951781597430894e-02 1.225445960456328712e-02 9.501868277161235055e-03
-3.242871155291116719e-02 1.457977445124351325e-02 5.862929739101181530e-03 1.550939365905584962e-02 -3.010602966629677413e-02 1.730105004267487936e-02 1.495557376089990710e-02 1.189289592375809487e-02
