# ex_work for 8 qbits with connectivity c5 and unitary DM 22776208940096
-9.396235507879802107e-02 1.406706849968649420e-01 1.406706849968649420e-01 1.406706849968649420e-01 -9.396235507879802107e-02 1.406706690892610412e-01 1.406706690892610412e-01 1.406706690892610412e-01
-7.694577356294629578e-02 4.597677504038878704e-02 4.215025287805453796e-02 4.764857151506039085e-02 -6.621330030617895990e-02 4.686839324929202577e-02 6.733730640310126025e-02 5.201385455858757723e-02
-4.332779147297249889e-02 3.960736246786428216e-02 -6.527142651585507438e-03 3.260731008851534135e-02 -4.510194895362571593e-02 3.082658319645461761e-02 -3.264441951907063894e-03 4.657724240569612040e-02
-3.464957468349402769e-02 3.819948477920753066e-02 -1.408588594746208386e-02 2.672766295237307549e-02 -4.481959903825524089e-02 2.431076062672987703e-02 6.055781664486641590e-03 3.965115871998390468e-02
-3.636814281895570100e-02 2.809834608102627224e-02 1.114687395448111379e-03 2.725159707162284548e-02 -4.407186609630558277e-02 2.143702919985379998e-02 5.004704634478241224e-03 3.313477335626092979e-02
-3.329417519787781360e-02 2.943934260859321778e-02 2.440417679813394747e-02 9.394669331151250108e-03 -5.295071450573342331e-02 1.421247513732903402e-02 1.320161152005258978e-02 3.815712927737424653e-02
-4.252804298739595174e-02 2.406026822831294765e-02 2.642824171325198687e-02 8.741572245921518797e-03 -4.389825286265600784e-02 1.367492376647995445e-02 1.152450952669728870e-02 4.258874369354481021e-02
-3.924500464609433775e-02 1.924733317426517709e-02 2.790274635555931720e-02 2.148336787496679320e-02 -3.714110338487493918e-02 1.704817318389850039e-03 3.922966377008748826e-03 3.337135322275863042e-02
-3.931678912383033964e-02 1.920130042754318589e-02 3.137216798301883935e-02 1.717677673924732432e-02 -3.434915149707809534e-02 2.163740150832866964e-03 -8.434187472583662632e-04 3.485202781260469951e-02
-3.265154992026542830e-02 5.560985242080628173e-03 3.028205228852499584e-02 1.927091103091236809e-02 -2.948643213837847527e-02 6.063950309417312978e-04 1.624488038912599809e-03 2.558103565530781692e-02
-2.961878754282363732e-02 8.961862486317560134e-03 2.512536560471919506e-02 1.809646953729034460e-02 -3.071863002563673603e-02 -1.123307485366239209e-03 1.178661043056836687e-02 1.516656048809363749e-02
-3.174456740162694135e-02 1.898734309689732724e-02 1.712581533910232864e-02 1.366074502567646114e-02 -2.963941290180980778e-02 1.245741238162218108e-03 5.178310057967843404e-03 2.334234314983427844e-02
-2.935188222357404744e-02 1.976733136975350816e-02 2.595299817815541546e-03 1.962879661983085028e-02 -2.532523182139293991e-02 1.842933848075991535e-03 7.581327394352976173e-03 1.767424928604900691e-02
-2.607431357169086653e-02 1.464025042719965461e-02 2.220088967976034233e-03 1.296441448493179140e-02 -2.968087051685855751e-02 1.047497110656169655e-02 1.021170578797012292e-02 1.927030513044880947e-02
-2.465287575857996391e-02 1.500516932657270687e-02 1.204345743432971502e-02 1.084056962510525357e-02 -3.194755108766553220e-02 9.405242169808779307e-03 1.091642288384358367e-02 1.238498955621720674e-02
-3.117854321536411150e-02 2.004792496079852923e-02 1.154921599065025090e-02 8.516675334014907339e-03 -3.242143356816448024e-02 1.420354890056959273e-02 1.247928177308926107e-02 1.498471664972944248e-02
-2.828763069744081801e-02 1.942775742579142678e-02 6.713110551230821836e-03 1.149199108813098169e-02 -3.178615543771758783e-02 1.132968652866290886e-02 1.181600183567568102e-02 1.542361240380348344e-02
-2.919042252240469648e-02 2.383102971485590374e-02 6.575260705287915182e-03 1.161507870772426378e-02 -2.912625018555162898e-02 9.629631017997965572e-03 1.329963775623839266e-02 8.821033330779836507e-03
-2.941213904016839326e-02 1.588825797330267742e-02 4.016455234410376031e-03 1.294876344998723526e-02 -2.626731234707619170e-02 1.605040981066441219e-02 9.025973358406214064e-03 1.144904661575897771e-02
-3.089625239100039777e-02 1.530283897233044449e-02 6.173636606142381654e-03 1.404618915427859743e-02 -2.577417836877946705e-02 1.510061150351110076e-02 1.029425647212068445e-02 9.882735500501487608e-03
-3.259828788905549946e-02 1.255696243568424526e-02 9.430640712093452463e-03 1.340605363812374072e-02 -2.492541544164839432e-02 1.159171708152147325e-02 9.105545600649399621e-03 1.604357875601884059e-02
-3.421005841594506464e-02 1.887340496570951917e-02 1.648673883954240166e-02 6.376341884871357391e-03 -2.771912414089613280e-02 1.348826159886920562e-02 8.280297311564908253e-03 1.598288431095752637e-02
-2.890485195133569302e-02 1.769170489562688076e-02 1.548164222716357646e-02 6.932138659222629624e-03 -3.168600098879720273e-02 1.262409039210875099e-02 7.933636675349541034e-03 1.639356631893739563e-02
-2.670395442968017535e-02 1.908860890936835489e-02 1.528578578269806226e-02 8.881596228177563931e-03 -3.505723448730867914e-02 1.315240117333078655e-02 5.479869173374371343e-03 1.754094809353333798e-02
-2.534158960182621850e-02 9.591189600848142038e-03 1.847046269574726535e-02 1.429193099778554125e-02 -3.412581257607492230e-02 1.635966316574996582e-02 8.025623762001870415e-03 8.841708432753071431e-03
-2.994725212348182605e-02 1.396026964285495761e-02 2.028943545060809747e-02 1.592453621276190140e-02 -3.089950334970084644e-02 1.096082873427200489e-02 8.109409286453811774e-03 8.231455951554781519e-03
-3.729641538426566039e-02 1.796442845977480954e-02 1.552365850146270390e-02 1.794729205474055941e-02 -3.048282227775486394e-02 8.963417836423568860e-03 1.666181717951858640e-02 1.196197069881196375e-02
-3.167386789337347380e-02 1.663920537161501026e-02 1.514132729187727192e-02 2.180210414413412401e-02 -3.244895415366987751e-02 7.067378466729602043e-03 1.436623017991730221e-02 7.990475053537539341e-03
-3.368586524945963584e-02 2.158862481384455495e-02 1.131875975224374935e-02 1.710555695368187051e-02 -3.241248681084922534e-02 6.294199437581859090e-03 2.122641044607474423e-02 9.040857070106935248e-03
-2.804873010722929924e-02 1.774573664942960538e-02 1.185578739084557250e-02 1.903246069179139605e-02 -3.315802440814052954e-02 -7.237496098658830401e-04 1.890873326055833581e-02 1.222808815220007700e-02
-3.200169414984249672e-02 2.343414356574808829e-02 1.062581386894409161e-02 1.442773808801583839e-02 -3.320589074041502275e-02 5.721565975925415638e-03 1.972100376124035978e-02 1.114224130362280289e-02
-3.253372405779338117e-02 2.052629549286152932e-02 1.291416752903820631e-02 5.313420000929448481e-03 -3.076210121947777973e-02 1.118478384604497736e-02 1.704331495639998736e-02 1.459904662497047735e-02
-2.802301420550510139e-02 1.705741652866324398e-02 9.080016923124508907e-03 9.123099321669658757e-03 -3.362871617337288149e-02 1.428563462617522817e-02 2.042100070012305493e-02 8.993540073904337032e-03
-2.977728492707636121e-02 1.366868244766576528e-02 6.671447232283432560e-03 5.950541991999630173e-03 -2.843839173889740890e-02 1.390178505478460551e-02 1.687108466163192780e-02 1.624987200909043528e-02
-2.718104932141136854e-02 1.528392356338855937e-02 5.445903543602808802e-03 6.256178429513554323e-03 -2.929564014618735168e-02 1.126028911215863973e-02 1.250689482497224607e-02 2.004058670810391837e-02
-2.781240041709918953e-02 1.645244942777391445e-02 8.642669909612245294e-03 8.177494474612842512e-03 -2.983076845881806397e-02 1.157587752636904561e-02 1.143536867180044644e-02 1.589538412539979323e-02
-3.128262431329491972e-02 1.954100373896947018e-02 1.608243699064551210e-02 1.081693385867218797e-02 -3.278854640470407755e-02 6.456337319264239538e-03 1.571892078254345099e-02 1.409404669731612395e-02
-3.398269989624510407e-02 1.615453580188614194e-02 8.255859505274862689e-03 1.328769840556042782e-02 -2.939385464452632865e-02 1.320981832694589908e-02 1.583374532304603760e-02 1.462444078725808234e-02
-2.893040782660959154e-02 1.885686488629130866e-02 5.146874096623238991e-03 1.102982853904748047e-02 -2.872707691595856663e-02 1.196371296375470759e-02 1.101800331622306180e-02 1.435644690121645577e-02
-3.225610847129170566e-02 1.298085897959163140e-02 7.895110895111826996e-03 1.830303045939956838e-02 -3.027440729049130086e-02 1.240652521554159483e-02 1.058565276207851062e-02 1.791189372080258940e-02
-2.727353107435292676e-02 2.091299163596897423e-02 5.754843704672154767e-03 1.179351341349145488e-02 -2.916992448062329796e-02 9.209186745988721598e-03 8.675217295254999961e-03 1.433966658936169231e-02
-2.523436441565093946e-02 1.627371786037104875e-02 5.061203134232349424e-03 1.151459983416749586e-02 -3.211077767096001678e-02 1.504401649722972474e-02 1.495647073046472292e-02 9.230392842639481218e-03
-2.786625282612716775e-02 6.417713573744405521e-03 1.248260446987869456e-02 1.304143317733440915e-02 -3.145048095919990988e-02 1.778212689578207925e-02 1.604741775961540315e-02 9.214936320989287194e-03
-2.863903599398475580e-02 1.546172722987449073e-02 1.760813044987000198e-02 4.985168186726630576e-03 -3.602062809451725411e-02 1.708125714290989472e-02 1.379619910182806192e-02 1.505986828900669761e-02
-2.730888648594822707e-02 1.234206112845704674e-02 1.634162590952610225e-02 4.451162911352612994e-03 -3.271134003095732545e-02 1.633343216254573918e-02 1.313868816661071560e-02 1.362507966691474566e-02
-2.767112283196207501e-02 8.423194241983551420e-03 1.598922723073475591e-02 8.469850258805772941e-03 -3.194033032015246992e-02 1.569043257765128860e-02 1.439568481831825057e-02 1.237305294353132842e-02
-2.330216859041436481e-02 5.134680807254634639e-03 1.120616782975156038e-02 1.040275770895276661e-02 -3.165768031888768069e-02 1.280783290791756568e-02 1.444721250189966166e-02 1.435694864883614065e-02
-2.607264768658830098e-02 8.676659450846758992e-03 1.435745928313601413e-02 1.293805671603351359e-02 -3.240110794895761925e-02 1.295337724174381797e-02 1.601310979138839338e-02 8.648356899094907305e-03
-2.592711304786886675e-02 1.225910917350179694e-02 9.961704293441991237e-03 1.171335369525540633e-02 -3.505879532026516532e-02 1.705068420851475058e-02 1.678919643132092271e-02 1.006309138719215478e-02
-2.456009414410678660e-02 1.342417456771231518e-02 1.674477075939890050e-02 7.331149597540559046e-03 -3.393357334349814819e-02 1.281372387143322675e-02 1.175585718030835829e-02 1.179434372558494336e-02
-2.107516972264401531e-02 8.306032976180268215e-03 1.759651821577375500e-02 1.220484156513724182e-02 -3.766710643231167832e-02 1.124476541243363097e-02 1.486720387015524718e-02 1.101254959051701197e-02
-2.484537307217605726e-02 1.326147905141797888e-02 2.024535009113423087e-02 3.652142314310467992e-03 -4.007990318538619950e-02 1.612103024100127249e-02 2.125388581257353290e-02 1.135708380596050192e-02
-3.035665569703439176e-02 1.546974384921394503e-02 2.316900424922443968e-02 8.184199457364673552e-03 -3.996275911445418966e-02 1.380377376564221291e-02 1.939714270968997956e-02 1.398684007352363375e-02
-3.181924150143222718e-02 1.635812546925617672e-02 1.805958408163576764e-02 1.788793231867959188e-02 -3.268139158050224757e-02 1.087376330660165188e-02 9.584902016425150481e-03 1.052088694715202360e-02
-2.995668249445294570e-02 1.373605317071745907e-02 1.697440267112053369e-02 1.848476153471926078e-02 -3.307683233151008373e-02 9.496412810034809276e-03 9.492664075510305957e-03 1.268631684683646337e-02
-3.128261554540993222e-02 1.114712898280724798e-02 1.857457357098271991e-02 1.382447891528054869e-02 -2.781693520725878055e-02 8.588497516600315101e-03 1.268187311259515171e-02 9.698932073887282096e-03
-3.003003537312123883e-02 1.237658432620717883e-02 1.573902817813884955e-02 9.204712316391540014e-03 -2.992965874196353362e-02 1.478305804284222626e-02 1.255829232805624925e-02 1.099888913000929801e-02
-2.800861893771292715e-02 7.230211319955262214e-03 2.369899903427821752e-02 9.024061874320771920e-03 -3.486493171523941115e-02 1.676221987050685938e-02 1.431764093457046742e-02 1.029570660189274220e-02
-2.864923329915656375e-02 1.328286103341635473e-02 1.652547177689093691e-02 9.371262557358954123e-03 -3.141202683140807000e-02 1.692703335838359469e-02 9.723647711051249323e-03 1.017222676040423039e-02
-2.871766373929648605e-02 1.331282066506586995e-02 1.769810902397205010e-02 9.891868275625867457e-03 -3.421233210021551452e-02 1.433841559697215072e-02 1.169438203616914723e-02 1.371060560372661455e-02
-2.917519875712717287e-02 6.895463784486189664e-03 1.005713945333801609e-02 1.466245844659381375e-02 -2.809359750450834969e-02 1.273790599581075406e-02 1.380886344231827163e-02 1.333451318984375279e-02
-3.158959800068419921e-02 7.439547538733861688e-03 1.682032964660523655e-02 1.110375241960806156e-02 -2.751341782724167281e-02 1.175397904367184339e-02 1.656142380094513533e-02 1.087886542583334573e-02
-3.106316085552369641e-02 8.646415145016872819e-03 1.755164380499133966e-02 5.840935688745540859e-03 -3.068463389875460134e-02 1.478800671992930305e-02 1.968862039065254546e-02 1.253702679634316128e-02
-3.151501863301212764e-02 9.787404756798796790e-03 1.950300646012795291e-02 1.221546112029486299e-02 -3.336394012955598565e-02 1.709196690989528769e-02 1.506081060713437836e-02 1.025740630890090849e-02
-3.389283123711909346e-02 1.424885061991587945e-02 1.280379128440945272e-02 1.421805541437581345e-02 -2.950437905214482390e-02 1.416625941477050662e-02 1.226200269726583116e-02 1.351194470026636542e-02
-3.126405331649156211e-02 1.066464571680675669e-02 1.264504104323741114e-02 1.501870887392160910e-02 -2.431053263086800642e-02 1.285626861415463743e-02 1.254868185201117418e-02 5.431589677893183983e-03
-2.971378447296824099e-02 8.285256680683902863e-03 1.107142387407810194e-02 1.805982793715735918e-02 -2.746209322585823481e-02 1.413188751270469390e-02 1.559438603066123398e-02 4.611088297933267632e-03
-3.004267118663045411e-02 1.311876034608968830e-02 9.407128829357470565e-03 2.115287669875214049e-02 -3.017645819920080838e-02 1.531300393235752490e-02 8.087814145388371942e-03 9.418369897351239542e-03
-3.060956014797486247e-02 1.206242019189833134e-02 5.733458103587600607e-03 2.167749568102610505e-02 -3.265000809669690862e-02 2.021933778558029221e-02 1.192856353639935342e-02 1.013785261101929520e-02
-2.963910188324739986e-02 1.197645593922587633e-02 9.647320120440800589e-03 1.602679809989083701e-02 -3.244749834399195121e-02 2.119747685311285101e-02 1.329677023731609675e-02 7.398639293461847094e-03
-3.299641107705455351e-02 7.076861927217575551e-03 1.264343040061123927e-02 1.655150044435175355e-02 -2.503917436120877207e-02 1.589667371068921586e-02 1.997693954725180895e-02 1.749687333038671931e-03
-3.593962032068694773e-02 9.415421746256766658e-03 1.430056573612986139e-02 1.948160217063105853e-02 -2.561644306812469948e-02 1.805163678449223444e-02 1.531521551585077710e-02 2.978051435037024856e-03
-3.047666815814409347e-02 9.574944072200023901e-03 1.343604171338365870e-02 1.775461571540790789e-02 -2.429234970050241776e-02 1.180332396325632985e-02 1.485265483640172378e-02 1.016631698404821000e-03
-2.728879969174923328e-02 1.239470518454076700e-02 1.728011489207470497e-02 1.323264701847303229e-02 -2.298075335385841439e-02 1.015222052533225859e-02 4.478227899245552576e-03 3.921593818819922583e-03
-2.886838148632059342e-02 1.233757329766728764e-02 1.508307027129486555e-02 1.198588189968647841e-02 -2.268689071438362292e-02 1.187249664005457506e-02 4.830247830560607455e-03 7.032050523907540374e-03
-2.543545413453624296e-02 1.474510865532411251e-02 1.179575830867407929e-02 1.066525787032074173e-02 -2.497104432136772537e-02 8.727305284892752923e-03 8.504873955854013595e-03 6.682604128428702543e-03
-3.074400399017948246e-02 1.842862723215671003e-02 1.689482814434037708e-02 7.327542322030720055e-03 -2.476071785334389361e-02 7.890399413746656057e-03 1.392962666456466249e-02 4.998811836942216626e-03
-2.952666512858553166e-02 1.433630438540397546e-02 1.662975768616450564e-02 1.537999527012067803e-02 -2.631944195315972373e-02 1.142503648369640190e-02 6.327171397628622226e-03 5.569095463673122068e-03
-3.147771000990082918e-02 1.664530657321547369e-02 1.233762171227389959e-02 1.513114200704277629e-02 -2.553245223821416429e-02 1.060245689667690949e-02 7.367018670277830118e-03 9.268736978804897886e-03
-3.235044374846530318e-02 1.581544885058849131e-02 1.933219123125430247e-02 1.341678744497695405e-02 -3.075234901958005460e-02 7.666084873447691871e-03 1.424414683532765347e-02 1.053377694766724666e-02
-3.082719881591628949e-02 1.970914444669018967e-02 1.329611536892630862e-02 1.498771798053001592e-02 -2.988872530931217103e-02 8.253089665473214639e-03 9.912158058373379821e-03 1.097520914943854453e-02
-2.579272046037327584e-02 1.164350273506029737e-02 1.419762476320485071e-02 1.492655593610648507e-02 -3.104239226042401073e-02 1.083320004378860585e-02 1.117768345357604207e-02 8.114590064856394211e-03
-2.674792114913827901e-02 1.079260156738015217e-02 1.535787691873626362e-02 1.017627450180986007e-02 -2.880666863569625660e-02 1.027538803145462351e-02 1.181927440986731831e-02 1.033356256427952514e-02
-3.003196022881230928e-02 1.479830812996712000e-02 1.722349301082788664e-02 6.953334854810838683e-03 -2.936417359056936113e-02 1.335496605820218723e-02 1.253129487080636810e-02 1.007713616242659690e-02
-2.933979899331787267e-02 9.082218072490670993e-03 1.169089738362191939e-02 7.333917627539313609e-03 -2.941680594586234057e-02 1.484889980863097168e-02 1.560237188886500620e-02 1.535382399123606800e-02
-2.715059197268274160e-02 1.284669363922158816e-02 7.386309376788459564e-03 8.501549038571564951e-03 -3.182276601946977534e-02 1.845625313196525702e-02 1.303272243178311453e-02 1.422603920383897456e-02
-2.947455465408129957e-02 1.254217627332631854e-02 3.522924613893352579e-03 5.489980187031635178e-03 -2.554887461437338123e-02 1.742643573072809662e-02 1.246707315958823364e-02 1.726534428235108540e-02
-3.234774526025097074e-02 1.701031831131213576e-02 1.072848032159605045e-02 1.649507190072332583e-02 -2.494279069464386267e-02 4.207579879677753737e-03 7.831246059750041760e-03 1.599018030342132246e-02
-2.904839938443062528e-02 1.639720203903636750e-02 1.205758997396664048e-02 1.217294515919296188e-02 -2.756565276665864234e-02 -1.506681810052074846e-03 1.377664343616949449e-02 1.861094798021648705e-02
-2.781605336416040700e-02 1.921876047007988961e-02 1.332626606980123925e-02 1.043746340653907943e-02 -3.399332552002016367e-02 2.918113558479031207e-03 1.634673912996257097e-02 1.729685974140777668e-02
-2.262663801166500330e-02 1.359454184833727361e-02 1.301847232591912124e-02 1.941014546987089584e-02 -3.647448150541211798e-02 2.376194619895276045e-03 9.468490290096226100e-03 1.818840686456341463e-02
-2.304194314313062417e-02 1.265756038068536690e-02 8.846359890914010787e-03 1.912022891222335194e-02 -3.261054857214403663e-02 4.626166582603143812e-03 8.974985747057143137e-03 1.565287749848322946e-02
-2.294620234522885827e-02 1.601947135439032652e-02 1.196779486813269629e-02 2.256629145720501564e-02 -3.299971088466828462e-02 4.240843056733457558e-03 6.235170831509975406e-03 9.750813104244896237e-03
-2.398747477029209915e-02 1.021840132589074517e-02 1.595294462915798975e-02 1.877171620676666014e-02 -3.473066763386653544e-02 1.031620108595106451e-02 7.368938077179448820e-03 1.191879069916084236e-02
-2.710498318933996648e-02 1.302584085889315485e-02 1.188664257246097207e-02 1.169652900034451500e-02 -3.120151459240197087e-02 9.754953323958965791e-03 1.171023261297772511e-02 1.498998709415160467e-02
-2.645652814198270683e-02 8.500388143292635784e-03 9.124539365764018986e-03 1.662330903645954649e-02 -2.858525797740159996e-02 9.846907895574274691e-03 1.108561369583195566e-02 1.291074604056416213e-02
-2.685488356638008126e-02 9.032138253668735642e-03 1.394648182070465023e-02 1.197078103018196435e-02 -2.630048924994130011e-02 3.451268375779652144e-03 1.220176126805259595e-02 1.482016624479864410e-02
-2.655649293048988752e-02 1.204834754199009261e-02 1.474926682288425425e-02 1.036104401682659028e-02 -2.862386516395858116e-02 7.879218008028394254e-03 1.610626941930531561e-02 7.248863319172275770e-03
-2.646104958916227837e-02 1.544242601061571185e-02 1.567427170273508544e-02 1.031067279945085957e-02 -3.090606243372751721e-02 7.534232292306471644e-03 1.376998809707963463e-02 9.088585696432508604e-03
-2.850762657605913561e-02 1.240831354494899286e-02 1.152449385339837477e-02 1.427716919932607402e-02 -3.327133261157273758e-02 1.120546572219355622e-02 1.652026261607513272e-02 1.272418592905913762e-02
-2.614650612272000421e-02 1.470366221112933726e-02 1.684683653936490735e-02 1.768724441251913818e-02 -3.582762496444627520e-02 1.121478483917122231e-02 8.112277038202546364e-03 1.102224056693890467e-02
