# pops for 8 qbits with connectivity c5 and unitary DM 23305559574272
3.999999761581420898e-01 1.999999880790710449e-01 1.999999880790710449e-01 1.999999880790710449e-01 3.999999761581420898e-01 2.000000029802322388e-01 2.000000029802322388e-01 2.000000029802322388e-01
3.420454859733581543e-01 2.246182560920715332e-01 2.274636030197143555e-01 2.233865857124328613e-01 3.289471864700317383e-01 2.239605337381362915e-01 2.202025949954986572e-01 2.093757092952728271e-01
3.019742071628570557e-01 2.255823612213134766e-01 2.208266407251358032e-01 2.595874071121215820e-01 3.168584406375885010e-01 2.399197220802307129e-01 2.142015844583511353e-01 2.210495620965957642e-01
2.840864956378936768e-01 2.199751436710357666e-01 2.377682924270629883e-01 2.633087038993835449e-01 3.064951896667480469e-01 2.389485538005828857e-01 2.169130295515060425e-01 2.325045317411422729e-01
2.783752977848052979e-01 2.179621160030364990e-01 2.400676012039184570e-01 2.571201920509338379e-01 3.076075315475463867e-01 2.342208474874496460e-01 2.235248833894729614e-01 2.411213815212249756e-01
2.791557312011718750e-01 2.239062488079071045e-01 2.372022271156311035e-01 2.538934350013732910e-01 3.027836680412292480e-01 2.361383140087127686e-01 2.216241955757141113e-01 2.452960461378097534e-01
2.753922343254089355e-01 2.344562113285064697e-01 2.352643609046936035e-01 2.479374855756759644e-01 3.056539893150329590e-01 2.389693409204483032e-01 2.206565290689468384e-01 2.416697591543197632e-01
2.788682579994201660e-01 2.333990484476089478e-01 2.343833148479461670e-01 2.552286684513092041e-01 3.023560941219329834e-01 2.396721839904785156e-01 2.188424766063690186e-01 2.372497320175170898e-01
2.760686278343200684e-01 2.296482026576995850e-01 2.358940541744232178e-01 2.526819109916687012e-01 3.057874739170074463e-01 2.375297248363494873e-01 2.187642157077789307e-01 2.436255812644958496e-01
2.762561440467834473e-01 2.386928200721740723e-01 2.404430210590362549e-01 2.492529153823852539e-01 2.981363534927368164e-01 2.359487563371658325e-01 2.194460630416870117e-01 2.418237924575805664e-01
2.724094986915588379e-01 2.335992604494094849e-01 2.439449429512023926e-01 2.418311834335327148e-01 2.863883376121520996e-01 2.516165375709533691e-01 2.243502885103225708e-01 2.458597421646118164e-01
2.774436771869659424e-01 2.303934395313262939e-01 2.410128861665725708e-01 2.464964687824249268e-01 2.829899787902832031e-01 2.507964372634887695e-01 2.313081920146942139e-01 2.395586371421813965e-01
2.767142653465270996e-01 2.314396798610687256e-01 2.425637990236282349e-01 2.430659830570220947e-01 2.826910614967346191e-01 2.532346248626708984e-01 2.357670515775680542e-01 2.345232963562011719e-01
2.826152145862579346e-01 2.371982038021087646e-01 2.433186322450637817e-01 2.359958440065383911e-01 2.778953015804290771e-01 2.463708966970443726e-01 2.423046678304672241e-01 2.343009561300277710e-01
2.789306044578552246e-01 2.412532269954681396e-01 2.409523874521255493e-01 2.401383519172668457e-01 2.799522876739501953e-01 2.441446483135223389e-01 2.428421229124069214e-01 2.317860573530197144e-01
2.784707844257354736e-01 2.425073683261871338e-01 2.368041872978210449e-01 2.382904887199401855e-01 2.795789837837219238e-01 2.471988201141357422e-01 2.426819950342178345e-01 2.344670295715332031e-01
2.740399241447448730e-01 2.377622276544570923e-01 2.368212640285491943e-01 2.430835217237472534e-01 2.789874076843261719e-01 2.466977238655090332e-01 2.432257086038589478e-01 2.393818944692611694e-01
2.754902839660644531e-01 2.426071017980575562e-01 2.362660020589828491e-01 2.404751032590866089e-01 2.777059674263000488e-01 2.470840513706207275e-01 2.398828417062759399e-01 2.404883056879043579e-01
2.741459608078002930e-01 2.383622527122497559e-01 2.364046126604080200e-01 2.422671914100646973e-01 2.810584008693695068e-01 2.449373453855514526e-01 2.419317960739135742e-01 2.408920526504516602e-01
2.778549492359161377e-01 2.437057197093963623e-01 2.365365326404571533e-01 2.421954274177551270e-01 2.793887257575988770e-01 2.396442592144012451e-01 2.397605776786804199e-01 2.409134507179260254e-01
2.819442749023437500e-01 2.400785088539123535e-01 2.439771592617034912e-01 2.380475401878356934e-01 2.768085300922393799e-01 2.424258291721343994e-01 2.365168929100036621e-01 2.402008920907974243e-01
2.817219495773315430e-01 2.378273010253906250e-01 2.424927353858947754e-01 2.437134981155395508e-01 2.816452682018280029e-01 2.400626391172409058e-01 2.342852652072906494e-01 2.382509857416152954e-01
2.779782414436340332e-01 2.403798252344131470e-01 2.416054457426071167e-01 2.467890381813049316e-01 2.857436537742614746e-01 2.366323918104171753e-01 2.331372499465942383e-01 2.377337217330932617e-01
2.740778326988220215e-01 2.413191646337509155e-01 2.394363284111022949e-01 2.430349588394165039e-01 2.875249087810516357e-01 2.407367378473281860e-01 2.349560707807540894e-01 2.389135658740997314e-01
2.778949141502380371e-01 2.466473877429962158e-01 2.461515069007873535e-01 2.422334551811218262e-01 2.812709808349609375e-01 2.352892458438873291e-01 2.312582433223724365e-01 2.392538189888000488e-01
2.810191810131072998e-01 2.428075671195983887e-01 2.471900880336761475e-01 2.371916919946670532e-01 2.825520634651184082e-01 2.380113303661346436e-01 2.297976016998291016e-01 2.414299845695495605e-01
2.813932895660400391e-01 2.424020767211914062e-01 2.430718094110488892e-01 2.383476495742797852e-01 2.840054333209991455e-01 2.403020858764648438e-01 2.272679209709167480e-01 2.432092279195785522e-01
2.744908332824707031e-01 2.419593632221221924e-01 2.417101562023162842e-01 2.433222532272338867e-01 2.796804308891296387e-01 2.416998147964477539e-01 2.335207909345626831e-01 2.436158508062362671e-01
2.813156247138977051e-01 2.377277612686157227e-01 2.384802401065826416e-01 2.399179637432098389e-01 2.806847095489501953e-01 2.416507452726364136e-01 2.410313785076141357e-01 2.391910254955291748e-01
2.814203500747680664e-01 2.367894351482391357e-01 2.371376752853393555e-01 2.401190102100372314e-01 2.814022004604339600e-01 2.427598237991333008e-01 2.407558709383010864e-01 2.396150976419448853e-01
2.822623550891876221e-01 2.365608513355255127e-01 2.374897003173828125e-01 2.374138236045837402e-01 2.827586531639099121e-01 2.454554140567779541e-01 2.399234771728515625e-01 2.381351888179779053e-01
2.821957767009735107e-01 2.352836430072784424e-01 2.385601252317428589e-01 2.402845323085784912e-01 2.779948711395263672e-01 2.486256808042526245e-01 2.425181269645690918e-01 2.345367074012756348e-01
2.807926237583160400e-01 2.380378246307373047e-01 2.395165860652923584e-01 2.408864498138427734e-01 2.791116535663604736e-01 2.441527992486953735e-01 2.376297712326049805e-01 2.398717701435089111e-01
2.822521924972534180e-01 2.424516528844833374e-01 2.374494373798370361e-01 2.374108731746673584e-01 2.839221060276031494e-01 2.413583099842071533e-01 2.389086037874221802e-01 2.362462282180786133e-01
2.856808900833129883e-01 2.405330687761306763e-01 2.361217290163040161e-01 2.392970770597457886e-01 2.818912267684936523e-01 2.398942708969116211e-01 2.388625442981719971e-01 2.377186417579650879e-01
2.761418223381042480e-01 2.389585971832275391e-01 2.369033545255661011e-01 2.429887205362319946e-01 2.859024405479431152e-01 2.373979389667510986e-01 2.406987100839614868e-01 2.410077899694442749e-01
2.770284414291381836e-01 2.398809641599655151e-01 2.383114099502563477e-01 2.392379045486450195e-01 2.874435782432556152e-01 2.418915629386901855e-01 2.390335649251937866e-01 2.371720224618911743e-01
2.784048318862915039e-01 2.391118556261062622e-01 2.404327094554901123e-01 2.426613420248031616e-01 2.852103710174560547e-01 2.434256374835968018e-01 2.348451167345046997e-01 2.359074950218200684e-01
2.748204469680786133e-01 2.406408935785293579e-01 2.429236918687820435e-01 2.410128712654113770e-01 2.816355228424072266e-01 2.429804503917694092e-01 2.383995950222015381e-01 2.375859022140502930e-01
2.755955457687377930e-01 2.410741150379180908e-01 2.430499643087387085e-01 2.400964498519897461e-01 2.794651389122009277e-01 2.439425140619277954e-01 2.365722060203552246e-01 2.402033954858779907e-01
2.756261825561523438e-01 2.370042204856872559e-01 2.415870130062103271e-01 2.422072440385818481e-01 2.847383618354797363e-01 2.403991520404815674e-01 2.379741370677947998e-01 2.404630333185195923e-01
2.805538773536682129e-01 2.397421896457672119e-01 2.378709912300109863e-01 2.391859441995620728e-01 2.830517888069152832e-01 2.380815893411636353e-01 2.384490221738815308e-01 2.430639117956161499e-01
2.783089876174926758e-01 2.445751428604125977e-01 2.428952455520629883e-01 2.405991405248641968e-01 2.766264677047729492e-01 2.393449246883392334e-01 2.380173951387405396e-01 2.396320402622222900e-01
2.762913405895233154e-01 2.455724328756332397e-01 2.440614253282546997e-01 2.419778704643249512e-01 2.766247391700744629e-01 2.403669804334640503e-01 2.366014420986175537e-01 2.385030686855316162e-01
2.782579064369201660e-01 2.431255280971527100e-01 2.400911152362823486e-01 2.427946180105209351e-01 2.713117301464080811e-01 2.428966760635375977e-01 2.388690710067749023e-01 2.426526099443435669e-01
2.800971269607543945e-01 2.394000589847564697e-01 2.398303449153900146e-01 2.445191144943237305e-01 2.728710174560546875e-01 2.450622618198394775e-01 2.385897785425186157e-01 2.396295815706253052e-01
2.850191891193389893e-01 2.413929104804992676e-01 2.360603958368301392e-01 2.393292039632797241e-01 2.740238904953002930e-01 2.406199723482131958e-01 2.392140626907348633e-01 2.443396449089050293e-01
2.812474966049194336e-01 2.413272261619567871e-01 2.352519035339355469e-01 2.395944297313690186e-01 2.764373123645782471e-01 2.390806972980499268e-01 2.399835288524627686e-01 2.470766901969909668e-01
2.842055857181549072e-01 2.403132766485214233e-01 2.345999479293823242e-01 2.431986331939697266e-01 2.760312259197235107e-01 2.365345358848571777e-01 2.413043230772018433e-01 2.438116669654846191e-01
2.871652841567993164e-01 2.383611798286437988e-01 2.340229749679565430e-01 2.425534129142761230e-01 2.756581306457519531e-01 2.366900742053985596e-01 2.423709779977798462e-01 2.431771457195281982e-01
2.867849767208099365e-01 2.373670786619186401e-01 2.345917224884033203e-01 2.397127747535705566e-01 2.748304009437561035e-01 2.409566491842269897e-01 2.419391721487045288e-01 2.438164502382278442e-01
2.854277193546295166e-01 2.381203174591064453e-01 2.360244095325469971e-01 2.419854700565338135e-01 2.748677432537078857e-01 2.390909045934677124e-01 2.388758808374404907e-01 2.456067353487014771e-01
2.830529808998107910e-01 2.403398305177688599e-01 2.381674051284790039e-01 2.413763254880905151e-01 2.732661366462707520e-01 2.431132346391677856e-01 2.332431972026824951e-01 2.474400997161865234e-01
2.812286913394927979e-01 2.426695525646209717e-01 2.361001670360565186e-01 2.414281666278839111e-01 2.747381329536437988e-01 2.434137016534805298e-01 2.354485541582107544e-01 2.449721843004226685e-01
2.791067361831665039e-01 2.381990104913711548e-01 2.369556427001953125e-01 2.388325184583663940e-01 2.812085151672363281e-01 2.413937449455261230e-01 2.392086833715438843e-01 2.450942546129226685e-01
2.790917754173278809e-01 2.417630255222320557e-01 2.386735677719116211e-01 2.391015589237213135e-01 2.755635380744934082e-01 2.414802908897399902e-01 2.374191880226135254e-01 2.469061613082885742e-01
2.753419280052185059e-01 2.411977946758270264e-01 2.411351799964904785e-01 2.388233244419097900e-01 2.796794176101684570e-01 2.431414723396301270e-01 2.376184165477752686e-01 2.430615723133087158e-01
2.774570286273956299e-01 2.396615147590637207e-01 2.391996681690216064e-01 2.402423471212387085e-01 2.823052704334259033e-01 2.399367988109588623e-01 2.411492615938186646e-01 2.400471866130828857e-01
2.759557366371154785e-01 2.428417354822158813e-01 2.387200295925140381e-01 2.391088753938674927e-01 2.822121083736419678e-01 2.383510172367095947e-01 2.349222451448440552e-01 2.478873282670974731e-01
2.753083109855651855e-01 2.434056848287582397e-01 2.451157271862030029e-01 2.381896376609802246e-01 2.767744064331054688e-01 2.441161572933197021e-01 2.334002852439880371e-01 2.436888366937637329e-01
2.789316177368164062e-01 2.404082119464874268e-01 2.466337978839874268e-01 2.400430738925933838e-01 2.724751830101013184e-01 2.402772307395935059e-01 2.343279421329498291e-01 2.469019293785095215e-01
2.801543474197387695e-01 2.415617108345031738e-01 2.414204776287078857e-01 2.383859157562255859e-01 2.755963206291198730e-01 2.390330284833908081e-01 2.351973950862884521e-01 2.486497908830642700e-01
2.773349285125732422e-01 2.406307309865951538e-01 2.398277521133422852e-01 2.418069541454315186e-01 2.799925804138183594e-01 2.388453781604766846e-01 2.345515191555023193e-01 2.470091283321380615e-01
2.803470194339752197e-01 2.384312748908996582e-01 2.401446700096130371e-01 2.423422187566757202e-01 2.826736271381378174e-01 2.376968562602996826e-01 2.321526557207107544e-01 2.462106198072433472e-01
2.781825363636016846e-01 2.379028797149658203e-01 2.426551878452301025e-01 2.427132278680801392e-01 2.817695140838623047e-01 2.389117032289505005e-01 2.357496321201324463e-01 2.421142458915710449e-01
2.751053571701049805e-01 2.419925630092620850e-01 2.497019767761230469e-01 2.420088350772857666e-01 2.776716351509094238e-01 2.376173436641693115e-01 2.364622503519058228e-01 2.394390106201171875e-01
2.842423021793365479e-01 2.349991947412490845e-01 2.495371103286743164e-01 2.391354441642761230e-01 2.726724147796630859e-01 2.426192462444305420e-01 2.386185675859451294e-01 2.381746619939804077e-01
2.876461148262023926e-01 2.337057292461395264e-01 2.463433295488357544e-01 2.393200248479843140e-01 2.714013457298278809e-01 2.380379438400268555e-01 2.429898232221603394e-01 2.405546307563781738e-01
2.831975519657135010e-01 2.345895469188690186e-01 2.453271299600601196e-01 2.439143061637878418e-01 2.728829979896545410e-01 2.377203106880187988e-01 2.434398233890533447e-01 2.389272451400756836e-01
2.804843783378601074e-01 2.383734881877899170e-01 2.425232976675033569e-01 2.437532097101211548e-01 2.745525240898132324e-01 2.390156835317611694e-01 2.422630935907363892e-01 2.390332520008087158e-01
2.833503186702728271e-01 2.411518543958663940e-01 2.400111407041549683e-01 2.393129467964172363e-01 2.729583382606506348e-01 2.406733334064483643e-01 2.402516603469848633e-01 2.422893494367599487e-01
2.777569890022277832e-01 2.404094189405441284e-01 2.362361550331115723e-01 2.428552657365798950e-01 2.728250026702880859e-01 2.456525564193725586e-01 2.406176626682281494e-01 2.436458766460418701e-01
2.793743312358856201e-01 2.389564961194992065e-01 2.410553395748138428e-01 2.415489405393600464e-01 2.744757533073425293e-01 2.446585893630981445e-01 2.380987405776977539e-01 2.418307065963745117e-01
2.813870906829833984e-01 2.384487837553024292e-01 2.401597499847412109e-01 2.383651286363601685e-01 2.793969511985778809e-01 2.433414459228515625e-01 2.372569292783737183e-01 2.416427731513977051e-01
2.798274159431457520e-01 2.407919168472290039e-01 2.434331774711608887e-01 2.357131987810134888e-01 2.813222110271453857e-01 2.443649172782897949e-01 2.347101420164108276e-01 2.398357987403869629e-01
2.830569744110107422e-01 2.417614161968231201e-01 2.375077903270721436e-01 2.375377416610717773e-01 2.807316184043884277e-01 2.426314055919647217e-01 2.325067222118377686e-01 2.442651838064193726e-01
2.820946872234344482e-01 2.440531700849533081e-01 2.392338216304779053e-01 2.436981052160263062e-01 2.723662853240966797e-01 2.431102991104125977e-01 2.336014211177825928e-01 2.418409883975982666e-01
2.816644310951232910e-01 2.395451962947845459e-01 2.401157319545745850e-01 2.444109320640563965e-01 2.746875584125518799e-01 2.455993592739105225e-01 2.360505461692810059e-01 2.379249781370162964e-01
2.872836589813232422e-01 2.383958995342254639e-01 2.383067756891250610e-01 2.426717877388000488e-01 2.757671773433685303e-01 2.400498390197753906e-01 2.383292466402053833e-01 2.391943633556365967e-01
2.821234762668609619e-01 2.423506677150726318e-01 2.344799339771270752e-01 2.440390884876251221e-01 2.760949134826660156e-01 2.395941913127899170e-01 2.406749725341796875e-01 2.406415343284606934e-01
2.795598506927490234e-01 2.431445419788360596e-01 2.289118766784667969e-01 2.422360628843307495e-01 2.773851752281188965e-01 2.426705509424209595e-01 2.410770803689956665e-01 2.450135648250579834e-01
2.796683907508850098e-01 2.369396239519119263e-01 2.295773476362228394e-01 2.423416078090667725e-01 2.823452651500701904e-01 2.443078160285949707e-01 2.386658340692520142e-01 2.461528778076171875e-01
2.763790488243103027e-01 2.359631657600402832e-01 2.332350611686706543e-01 2.444700896739959717e-01 2.813783884048461914e-01 2.441226541996002197e-01 2.375728487968444824e-01 2.468774020671844482e-01
2.794353663921356201e-01 2.382627278566360474e-01 2.359898984432220459e-01 2.429910600185394287e-01 2.773427367210388184e-01 2.434150874614715576e-01 2.370045483112335205e-01 2.455572038888931274e-01
2.809011042118072510e-01 2.377599179744720459e-01 2.374306321144104004e-01 2.429267168045043945e-01 2.790644168853759766e-01 2.429599761962890625e-01 2.343449145555496216e-01 2.446109056472778320e-01
2.822107672691345215e-01 2.418119311332702637e-01 2.374906390905380249e-01 2.384562790393829346e-01 2.746229767799377441e-01 2.427382320165634155e-01 2.346743643283843994e-01 2.479934990406036377e-01
2.766718864440917969e-01 2.409137338399887085e-01 2.431423962116241455e-01 2.458673119544982910e-01 2.759158015251159668e-01 2.411628067493438721e-01 2.332686483860015869e-01 2.430560588836669922e-01
2.764122784137725830e-01 2.403294742107391357e-01 2.405430078506469727e-01 2.396694570779800415e-01 2.769926190376281738e-01 2.429449111223220825e-01 2.377588003873825073e-01 2.453479915857315063e-01
2.844614982604980469e-01 2.457514703273773193e-01 2.398656010627746582e-01 2.401975393295288086e-01 2.716901302337646484e-01 2.422973215579986572e-01 2.357638925313949585e-01 2.399711161851882935e-01
2.790057361125946045e-01 2.441489994525909424e-01 2.395214438438415527e-01 2.435580939054489136e-01 2.759742736816406250e-01 2.398861944675445557e-01 2.401216775178909302e-01 2.377821505069732666e-01
2.714982330799102783e-01 2.447895556688308716e-01 2.428494840860366821e-01 2.416028529405593872e-01 2.761433422565460205e-01 2.383442670106887817e-01 2.373243570327758789e-01 2.474464178085327148e-01
2.722072303295135498e-01 2.475799173116683960e-01 2.425453513860702515e-01 2.453359365463256836e-01 2.836858630180358887e-01 2.352905869483947754e-01 2.359359711408615112e-01 2.374176830053329468e-01
2.720214426517486572e-01 2.403409332036972046e-01 2.399253547191619873e-01 2.418629229068756104e-01 2.837114930152893066e-01 2.354739755392074585e-01 2.466222643852233887e-01 2.400400936603546143e-01
2.747327089309692383e-01 2.390530407428741455e-01 2.416755259037017822e-01 2.400655597448348999e-01 2.825798094272613525e-01 2.351823002099990845e-01 2.445502430200576782e-01 2.421593070030212402e-01
2.746433317661285400e-01 2.390551269054412842e-01 2.406472712755203247e-01 2.383661270141601562e-01 2.832756042480468750e-01 2.355127185583114624e-01 2.470879256725311279e-01 2.414104342460632324e-01
2.771178185939788818e-01 2.367767095565795898e-01 2.409065961837768555e-01 2.418115139007568359e-01 2.835870385169982910e-01 2.397726625204086304e-01 2.408564984798431396e-01 2.391695827245712280e-01
2.799905240535736084e-01 2.370907664299011230e-01 2.419477254152297974e-01 2.409398108720779419e-01 2.816324234008789062e-01 2.397262752056121826e-01 2.387199997901916504e-01 2.399508953094482422e-01
2.781286835670471191e-01 2.370201051235198975e-01 2.446095049381256104e-01 2.424968928098678589e-01 2.812379300594329834e-01 2.390589416027069092e-01 2.379008531570434570e-01 2.395454645156860352e-01
2.833477258682250977e-01 2.391893863677978516e-01 2.422049194574356079e-01 2.390230298042297363e-01 2.800983190536499023e-01 2.424356490373611450e-01 2.358288019895553589e-01 2.378706037998199463e-01
2.839633524417877197e-01 2.365727573633193970e-01 2.437458932399749756e-01 2.393371760845184326e-01 2.832764089107513428e-01 2.424207478761672974e-01 2.349139153957366943e-01 2.357681691646575928e-01
2.824480533599853516e-01 2.366247326135635376e-01 2.432708889245986938e-01 2.389904856681823730e-01 2.835306227207183838e-01 2.394357323646545410e-01 2.361230403184890747e-01 2.395748943090438843e-01
