# pops for 8 qbits with connectivity c5 and unitary DM 23266157673920
3.999999761581420898e-01 1.999999880790710449e-01 1.999999880790710449e-01 1.999999880790710449e-01 3.999999761581420898e-01 2.000000029802322388e-01 2.000000029802322388e-01 2.000000029802322388e-01
3.420454859733581543e-01 2.233865857124328613e-01 2.246182411909103394e-01 2.274636030197143555e-01 3.289471864700317383e-01 2.093757092952728271e-01 2.239605337381362915e-01 2.202025800943374634e-01
3.086285591125488281e-01 2.194294184446334839e-01 2.276169359683990479e-01 2.531788349151611328e-01 3.017421960830688477e-01 2.160630971193313599e-01 2.588672041893005371e-01 2.144736647605895996e-01
2.966676354408264160e-01 2.364264428615570068e-01 2.224492579698562622e-01 2.546596825122833252e-01 2.979308366775512695e-01 2.278977036476135254e-01 2.508492171764373779e-01 2.131192088127136230e-01
2.985773980617523193e-01 2.308411002159118652e-01 2.255096137523651123e-01 2.565789818763732910e-01 2.935279011726379395e-01 2.199393510818481445e-01 2.577770948410034180e-01 2.172484546899795532e-01
2.994719743728637695e-01 2.309779524803161621e-01 2.253296375274658203e-01 2.539259493350982666e-01 2.954131364822387695e-01 2.294340282678604126e-01 2.559350132942199707e-01 2.095122635364532471e-01
2.790018320083618164e-01 2.393785268068313599e-01 2.331935167312622070e-01 2.482297420501708984e-01 2.995961010456085205e-01 2.284143418073654175e-01 2.638215720653533936e-01 2.083642482757568359e-01
2.745966017246246338e-01 2.386894077062606812e-01 2.443015575408935547e-01 2.466957569122314453e-01 2.971831858158111572e-01 2.310697436332702637e-01 2.558156251907348633e-01 2.116480767726898193e-01
2.887401878833770752e-01 2.389204204082489014e-01 2.386530935764312744e-01 2.452535778284072876e-01 2.909344732761383057e-01 2.397135198116302490e-01 2.344703674316406250e-01 2.233141511678695679e-01
2.879833579063415527e-01 2.390064150094985962e-01 2.404045462608337402e-01 2.361589372158050537e-01 2.897585034370422363e-01 2.441029846668243408e-01 2.390895485877990723e-01 2.234955430030822754e-01
2.886720299720764160e-01 2.338031679391860962e-01 2.407916784286499023e-01 2.419809401035308838e-01 2.939315438270568848e-01 2.424291670322418213e-01 2.345542311668395996e-01 2.238370478153228760e-01
2.868927121162414551e-01 2.307919561862945557e-01 2.391211390495300293e-01 2.446420192718505859e-01 2.964140772819519043e-01 2.408188283443450928e-01 2.355215400457382202e-01 2.257975488901138306e-01
2.851293087005615234e-01 2.361023575067520142e-01 2.344470024108886719e-01 2.396042793989181519e-01 2.905226945877075195e-01 2.464375495910644531e-01 2.382935583591461182e-01 2.294630706310272217e-01
2.750887274742126465e-01 2.345385402441024780e-01 2.389117479324340820e-01 2.455311864614486694e-01 2.881211042404174805e-01 2.429776191711425781e-01 2.363321185111999512e-01 2.384988516569137573e-01
2.809936404228210449e-01 2.345783114433288574e-01 2.362890243530273438e-01 2.415256500244140625e-01 2.900485396385192871e-01 2.441975474357604980e-01 2.383704036474227905e-01 2.339966446161270142e-01
2.808319330215454102e-01 2.325804829597473145e-01 2.381708025932312012e-01 2.438333183526992798e-01 2.850273251533508301e-01 2.460731565952301025e-01 2.386543154716491699e-01 2.348283827304840088e-01
2.797490656375885010e-01 2.372410893440246582e-01 2.347068190574645996e-01 2.473575919866561890e-01 2.846806943416595459e-01 2.439784258604049683e-01 2.380049526691436768e-01 2.342810630798339844e-01
2.805350124835968018e-01 2.354709357023239136e-01 2.409479767084121704e-01 2.485411763191223145e-01 2.823694050312042236e-01 2.440574169158935547e-01 2.358452528715133667e-01 2.322325110435485840e-01
2.796218097209930420e-01 2.332053035497665405e-01 2.402364164590835571e-01 2.480466365814208984e-01 2.844393253326416016e-01 2.433952391147613525e-01 2.359361201524734497e-01 2.351188212633132935e-01
2.782375514507293701e-01 2.318417429924011230e-01 2.416297495365142822e-01 2.469146549701690674e-01 2.793538868427276611e-01 2.449288070201873779e-01 2.409917712211608887e-01 2.361014932394027710e-01
2.764343619346618652e-01 2.319205999374389648e-01 2.375425249338150024e-01 2.492843270301818848e-01 2.796382606029510498e-01 2.488952726125717163e-01 2.387428581714630127e-01 2.375414669513702393e-01
2.761441767215728760e-01 2.410341650247573853e-01 2.377807199954986572e-01 2.410641163587570190e-01 2.769944369792938232e-01 2.486621588468551636e-01 2.404933422803878784e-01 2.378265708684921265e-01
2.746974825859069824e-01 2.338817268610000610e-01 2.436319887638092041e-01 2.466336339712142944e-01 2.751626372337341309e-01 2.460893690586090088e-01 2.396627068519592285e-01 2.402400970458984375e-01
2.787227630615234375e-01 2.386730015277862549e-01 2.404841929674148560e-01 2.443647384643554688e-01 2.735040187835693359e-01 2.446627318859100342e-01 2.393329441547393799e-01 2.402552366256713867e-01
2.804108858108520508e-01 2.386132031679153442e-01 2.371935546398162842e-01 2.396255731582641602e-01 2.784711718559265137e-01 2.466715425252914429e-01 2.406745851039886475e-01 2.383390963077545166e-01
2.783275544643402100e-01 2.366429865360260010e-01 2.355954200029373169e-01 2.394632697105407715e-01 2.812887132167816162e-01 2.528420388698577881e-01 2.381855696439743042e-01 2.376540601253509521e-01
2.771377563476562500e-01 2.400469779968261719e-01 2.357313632965087891e-01 2.384364008903503418e-01 2.776023745536804199e-01 2.505576908588409424e-01 2.396577149629592896e-01 2.408293336629867554e-01
2.776195108890533447e-01 2.391357719898223877e-01 2.371796369552612305e-01 2.386948615312576294e-01 2.782948017120361328e-01 2.459816038608551025e-01 2.423037588596343994e-01 2.407896071672439575e-01
2.754617929458618164e-01 2.374542355537414551e-01 2.370117753744125366e-01 2.375020384788513184e-01 2.833426594734191895e-01 2.432592958211898804e-01 2.440186887979507446e-01 2.419490218162536621e-01
2.791312038898468018e-01 2.379722297191619873e-01 2.328571081161499023e-01 2.366471588611602783e-01 2.824129164218902588e-01 2.450239062309265137e-01 2.452853620052337646e-01 2.406696826219558716e-01
2.791328430175781250e-01 2.364797592163085938e-01 2.336202859878540039e-01 2.404734790325164795e-01 2.751945257186889648e-01 2.449669837951660156e-01 2.468330860137939453e-01 2.432985007762908936e-01
2.796543836593627930e-01 2.351143211126327515e-01 2.361915707588195801e-01 2.389406263828277588e-01 2.789220809936523438e-01 2.402009963989257812e-01 2.431141734123229980e-01 2.478612959384918213e-01
2.781137526035308838e-01 2.362809777259826660e-01 2.396242618560791016e-01 2.394961565732955933e-01 2.816019654273986816e-01 2.389764189720153809e-01 2.403505444526672363e-01 2.455553412437438965e-01
2.822553217411041260e-01 2.318061590194702148e-01 2.352466434240341187e-01 2.432312071323394775e-01 2.811447978019714355e-01 2.400761842727661133e-01 2.434203177690505981e-01 2.428188323974609375e-01
2.879112958908081055e-01 2.343281805515289307e-01 2.348716109991073608e-01 2.421995699405670166e-01 2.783561348915100098e-01 2.381480336189270020e-01 2.432014346122741699e-01 2.409831732511520386e-01
2.881737947463989258e-01 2.336423397064208984e-01 2.369505763053894043e-01 2.424315512180328369e-01 2.768008410930633545e-01 2.396647334098815918e-01 2.402916252613067627e-01 2.420439571142196655e-01
2.837078273296356201e-01 2.400060445070266724e-01 2.358994185924530029e-01 2.416836619377136230e-01 2.783822417259216309e-01 2.398823946714401245e-01 2.418999075889587402e-01 2.385379523038864136e-01
2.863593399524688721e-01 2.430845648050308228e-01 2.371568530797958374e-01 2.361922711133956909e-01 2.800462841987609863e-01 2.406312227249145508e-01 2.408521473407745361e-01 2.356767803430557251e-01
2.836508452892303467e-01 2.426163107156753540e-01 2.342461347579956055e-01 2.318536490201950073e-01 2.809479236602783203e-01 2.424365580081939697e-01 2.431271672248840332e-01 2.411207407712936401e-01
2.875311374664306641e-01 2.485471963882446289e-01 2.347311079502105713e-01 2.325124442577362061e-01 2.834298610687255859e-01 2.337356358766555786e-01 2.395014315843582153e-01 2.400104552507400513e-01
2.799325585365295410e-01 2.485728412866592407e-01 2.421917319297790527e-01 2.359156757593154907e-01 2.782945930957794189e-01 2.340107113122940063e-01 2.371504902839660645e-01 2.439307421445846558e-01
2.798335552215576172e-01 2.432992905378341675e-01 2.402665168046951294e-01 2.382011413574218750e-01 2.771748304367065430e-01 2.419442385435104370e-01 2.364157438278198242e-01 2.428640127182006836e-01
2.807480990886688232e-01 2.422631084918975830e-01 2.400191724300384521e-01 2.382939159870147705e-01 2.787277102470397949e-01 2.406828552484512329e-01 2.389606088399887085e-01 2.403038144111633301e-01
2.790367007255554199e-01 2.449099719524383545e-01 2.406246215105056763e-01 2.357002496719360352e-01 2.784369885921478271e-01 2.409203648567199707e-01 2.396001219749450684e-01 2.407702058553695679e-01
2.811361253261566162e-01 2.459172010421752930e-01 2.393893003463745117e-01 2.394810318946838379e-01 2.773162424564361572e-01 2.411770820617675781e-01 2.414041757583618164e-01 2.341781556606292725e-01
2.819651961326599121e-01 2.474890649318695068e-01 2.358962893486022949e-01 2.385785877704620361e-01 2.772121131420135498e-01 2.401319146156311035e-01 2.391072958707809448e-01 2.396187633275985718e-01
2.785404622554779053e-01 2.444166988134384155e-01 2.347571402788162231e-01 2.428440898656845093e-01 2.767409682273864746e-01 2.397622764110565186e-01 2.455064654350280762e-01 2.374311238527297974e-01
2.763301134109497070e-01 2.490199208259582520e-01 2.331555038690567017e-01 2.402406334877014160e-01 2.760365605354309082e-01 2.446717917919158936e-01 2.427038848400115967e-01 2.378408312797546387e-01
2.714024782180786133e-01 2.450692653656005859e-01 2.385422289371490479e-01 2.429329752922058105e-01 2.782762050628662109e-01 2.438011616468429565e-01 2.426994889974594116e-01 2.372753918170928955e-01
2.745375037193298340e-01 2.429137527942657471e-01 2.412063181400299072e-01 2.394666075706481934e-01 2.796406149864196777e-01 2.419281154870986938e-01 2.404896616935729980e-01 2.398165464401245117e-01
2.738967239856719971e-01 2.443960458040237427e-01 2.415335476398468018e-01 2.426804602146148682e-01 2.784906625747680664e-01 2.363767623901367188e-01 2.424999475479125977e-01 2.401250153779983521e-01
2.763363420963287354e-01 2.397645264863967896e-01 2.395218610763549805e-01 2.402801662683486938e-01 2.763385772705078125e-01 2.384895086288452148e-01 2.476435899734497070e-01 2.416245937347412109e-01
2.779146730899810791e-01 2.438408732414245605e-01 2.403137087821960449e-01 2.451450228691101074e-01 2.762849032878875732e-01 2.365402877330780029e-01 2.447245866060256958e-01 2.352350354194641113e-01
2.817690968513488770e-01 2.429737150669097900e-01 2.404454499483108521e-01 2.405189424753189087e-01 2.759881615638732910e-01 2.441284656524658203e-01 2.410352230072021484e-01 2.331401109695434570e-01
2.745430469512939453e-01 2.425300478935241699e-01 2.437027692794799805e-01 2.435305863618850708e-01 2.807343006134033203e-01 2.380632162094116211e-01 2.405034601688385010e-01 2.363916784524917603e-01
2.718642055988311768e-01 2.402874827384948730e-01 2.440549731254577637e-01 2.452395260334014893e-01 2.806918025016784668e-01 2.405882775783538818e-01 2.428725659847259521e-01 2.344001680612564087e-01
2.758796513080596924e-01 2.438641786575317383e-01 2.390968203544616699e-01 2.440713346004486084e-01 2.844625115394592285e-01 2.381887137889862061e-01 2.424248754978179932e-01 2.320109456777572632e-01
2.773506641387939453e-01 2.447308450937271118e-01 2.405999153852462769e-01 2.391574233770370483e-01 2.894257605075836182e-01 2.342940270900726318e-01 2.409044951200485229e-01 2.335358858108520508e-01
2.768028676509857178e-01 2.471555918455123901e-01 2.451718896627426147e-01 2.365396916866302490e-01 2.862071394920349121e-01 2.340461313724517822e-01 2.371264100074768066e-01 2.369493246078491211e-01
2.792552709579467773e-01 2.475481182336807251e-01 2.411274909973144531e-01 2.387458235025405884e-01 2.837521731853485107e-01 2.380930185317993164e-01 2.372110486030578613e-01 2.342659980058670044e-01
2.765395641326904297e-01 2.407252937555313110e-01 2.414679229259490967e-01 2.396153062582015991e-01 2.848601639270782471e-01 2.385599166154861450e-01 2.425854504108428955e-01 2.356453239917755127e-01
2.761795818805694580e-01 2.404170632362365723e-01 2.432900816202163696e-01 2.415738105773925781e-01 2.862206101417541504e-01 2.409327775239944458e-01 2.374443560838699341e-01 2.339406758546829224e-01
2.783907353878021240e-01 2.409163415431976318e-01 2.393057197332382202e-01 2.435776591300964355e-01 2.833979725837707520e-01 2.403557896614074707e-01 2.422475218772888184e-01 2.318072319030761719e-01
2.800645530223846436e-01 2.435192912817001343e-01 2.398039251565933228e-01 2.425750195980072021e-01 2.834949195384979248e-01 2.378537505865097046e-01 2.390494197607040405e-01 2.336380779743194580e-01
2.801123857498168945e-01 2.446506023406982422e-01 2.385457903146743774e-01 2.432365715503692627e-01 2.808004021644592285e-01 2.424232214689254761e-01 2.333007901906967163e-01 2.369292080402374268e-01
2.806743383407592773e-01 2.399903833866119385e-01 2.353873550891876221e-01 2.454154938459396362e-01 2.773123681545257568e-01 2.440178990364074707e-01 2.408870756626129150e-01 2.363139837980270386e-01
2.840253710746765137e-01 2.378681004047393799e-01 2.393387854099273682e-01 2.409230768680572510e-01 2.805863618850708008e-01 2.430642843246459961e-01 2.381540834903717041e-01 2.360388636589050293e-01
2.812503576278686523e-01 2.403824329376220703e-01 2.363561689853668213e-01 2.462832629680633545e-01 2.795425057411193848e-01 2.419088184833526611e-01 2.368202805519104004e-01 2.374550104141235352e-01
2.852254807949066162e-01 2.369429618120193481e-01 2.378985136747360229e-01 2.480552196502685547e-01 2.735128104686737061e-01 2.421914339065551758e-01 2.418017089366912842e-01 2.343706488609313965e-01
2.835381627082824707e-01 2.382996380329132080e-01 2.375613749027252197e-01 2.459026277065277100e-01 2.763239145278930664e-01 2.432202696800231934e-01 2.365086525678634644e-01 2.386442124843597412e-01
2.782021760940551758e-01 2.403426766395568848e-01 2.421641051769256592e-01 2.383898496627807617e-01 2.801899909973144531e-01 2.417489290237426758e-01 2.387132793664932251e-01 2.402478456497192383e-01
2.814327478408813477e-01 2.371434122323989868e-01 2.383004724979400635e-01 2.413235008716583252e-01 2.825303673744201660e-01 2.401509881019592285e-01 2.370058894157409668e-01 2.421114146709442139e-01
2.773984968662261963e-01 2.351430803537368774e-01 2.417466491460800171e-01 2.444859743118286133e-01 2.844024002552032471e-01 2.388670444488525391e-01 2.420205175876617432e-01 2.359346449375152588e-01
2.755790352821350098e-01 2.386565208435058594e-01 2.458173334598541260e-01 2.403985112905502319e-01 2.807999849319458008e-01 2.387396544218063354e-01 2.380387783050537109e-01 2.419689595699310303e-01
2.753300368785858154e-01 2.410713732242584229e-01 2.480878382921218872e-01 2.347179055213928223e-01 2.795626521110534668e-01 2.444042563438415527e-01 2.357842624187469482e-01 2.410404384136199951e-01
2.755817174911499023e-01 2.461498379707336426e-01 2.412017583847045898e-01 2.376066893339157104e-01 2.794653177261352539e-01 2.436486184597015381e-01 2.376891821622848511e-01 2.386555671691894531e-01
2.771917879581451416e-01 2.425019592046737671e-01 2.408995330333709717e-01 2.347572743892669678e-01 2.804436683654785156e-01 2.456322759389877319e-01 2.387486845254898071e-01 2.398235499858856201e-01
2.772955298423767090e-01 2.413966059684753418e-01 2.423247694969177246e-01 2.383962869644165039e-01 2.793764472007751465e-01 2.441658228635787964e-01 2.340339273214340210e-01 2.430093139410018921e-01
2.771136760711669922e-01 2.405266016721725464e-01 2.435459792613983154e-01 2.378923296928405762e-01 2.780072987079620361e-01 2.469089180231094360e-01 2.356691360473632812e-01 2.403347194194793701e-01
2.786114811897277832e-01 2.414409667253494263e-01 2.390721589326858521e-01 2.372641265392303467e-01 2.796097397804260254e-01 2.448767274618148804e-01 2.412607073783874512e-01 2.378626465797424316e-01
2.802930474281311035e-01 2.455009222030639648e-01 2.395358830690383911e-01 2.468030899763107300e-01 2.816197872161865234e-01 2.374697923660278320e-01 2.371054142713546753e-01 2.316706627607345581e-01
2.771331071853637695e-01 2.458722889423370361e-01 2.368833571672439575e-01 2.416450679302215576e-01 2.776146531105041504e-01 2.442635148763656616e-01 2.398466169834136963e-01 2.367399930953979492e-01
2.754669785499572754e-01 2.407161742448806763e-01 2.355808764696121216e-01 2.390823364257812500e-01 2.867833375930786133e-01 2.458939999341964722e-01 2.383967936038970947e-01 2.380781471729278564e-01
2.783725559711456299e-01 2.397642880678176880e-01 2.348750978708267212e-01 2.352761775255203247e-01 2.907308936119079590e-01 2.443818747997283936e-01 2.377090454101562500e-01 2.388886362314224243e-01
2.794510126113891602e-01 2.372854948043823242e-01 2.384932488203048706e-01 2.332008183002471924e-01 2.924612760543823242e-01 2.403993010520935059e-01 2.405522465705871582e-01 2.381551116704940796e-01
2.825537025928497314e-01 2.442844957113265991e-01 2.413930445909500122e-01 2.313322424888610840e-01 2.834728062152862549e-01 2.392860651016235352e-01 2.369437962770462036e-01 2.407323420047760010e-01
2.767958045005798340e-01 2.426829040050506592e-01 2.393248677253723145e-01 2.339909225702285767e-01 2.830071747303009033e-01 2.391611635684967041e-01 2.420026659965515137e-01 2.430329322814941406e-01
2.774856686592102051e-01 2.380053251981735229e-01 2.365773916244506836e-01 2.362497597932815552e-01 2.773178219795227051e-01 2.455140948295593262e-01 2.430748343467712402e-01 2.457736134529113770e-01
2.773516178131103516e-01 2.416688203811645508e-01 2.420206069946289062e-01 2.397134006023406982e-01 2.756552994251251221e-01 2.440930902957916260e-01 2.394281923770904541e-01 2.400675117969512939e-01
2.757245302200317383e-01 2.412593662738800049e-01 2.483218312263488770e-01 2.369759231805801392e-01 2.797484695911407471e-01 2.388526797294616699e-01 2.387768328189849854e-01 2.403389066457748413e-01
2.749839127063751221e-01 2.457060664892196655e-01 2.394383847713470459e-01 2.364893257617950439e-01 2.768914699554443359e-01 2.414900362491607666e-01 2.428610026836395264e-01 2.421382516622543335e-01
2.777684926986694336e-01 2.463203966617584229e-01 2.423351109027862549e-01 2.360762655735015869e-01 2.733795344829559326e-01 2.342913150787353516e-01 2.428619265556335449e-01 2.469654381275177002e-01
2.743657231330871582e-01 2.446718364953994751e-01 2.377956211566925049e-01 2.408379614353179932e-01 2.783453464508056641e-01 2.355135530233383179e-01 2.446402460336685181e-01 2.438281476497650146e-01
2.775415182113647461e-01 2.418827712535858154e-01 2.388433218002319336e-01 2.402979880571365356e-01 2.752047181129455566e-01 2.408328652381896973e-01 2.388131916522979736e-01 2.465820312500000000e-01
2.794674038887023926e-01 2.464961409568786621e-01 2.349998801946640015e-01 2.373779714107513428e-01 2.779631614685058594e-01 2.373044788837432861e-01 2.430530041456222534e-01 2.433363646268844604e-01
2.785120010375976562e-01 2.429305911064147949e-01 2.377257347106933594e-01 2.407401353120803833e-01 2.797657251358032227e-01 2.363415956497192383e-01 2.417704164981842041e-01 2.422121912240982056e-01
2.775073647499084473e-01 2.428282052278518677e-01 2.333367466926574707e-01 2.430672347545623779e-01 2.810848355293273926e-01 2.372479885816574097e-01 2.449427098035812378e-01 2.399833053350448608e-01
2.755616903305053711e-01 2.485054880380630493e-01 2.403412610292434692e-01 2.378978133201599121e-01 2.819006443023681641e-01 2.366877943277359009e-01 2.449950277805328369e-01 2.341086566448211670e-01
2.712069153785705566e-01 2.460197806358337402e-01 2.379028648138046265e-01 2.440507411956787109e-01 2.764808237552642822e-01 2.381110191345214844e-01 2.467003315687179565e-01 2.395259290933609009e-01
2.726268172264099121e-01 2.473610639572143555e-01 2.371625006198883057e-01 2.484692931175231934e-01 2.751519083976745605e-01 2.377597540616989136e-01 2.412917017936706543e-01 2.401752471923828125e-01
2.729895412921905518e-01 2.509006261825561523e-01 2.380664944648742676e-01 2.457679212093353271e-01 2.788832485675811768e-01 2.358258068561553955e-01 2.374281883239746094e-01 2.401364892721176147e-01
