# pops for 16 qbits with connectivity m in chunks 4
2.000000029802322388e-01 2.000000029802322388e-01 2.000000029802322388e-01 2.000000029802322388e-01 3.999999463558197021e-01 1.999999880790710449e-01 1.999999880790710449e-01 1.999999880790710449e-01 1.999999880790710449e-01 1.999999880790710449e-01 1.999999880790710449e-01 1.999999880790710449e-01 1.999999880790710449e-01 1.999999880790710449e-01 1.999999880790710449e-01 1.999999880790710449e-01
2.000000476837158203e-01 2.000000476837158203e-01 2.000000178813934326e-01 2.000000476837158203e-01 3.508448898792266846e-01 2.135883569717407227e-01 2.260533273220062256e-01 2.095134556293487549e-01 2.000000029802322388e-01 2.000000029802322388e-01 2.000000029802322388e-01 2.000000029802322388e-01 2.000000029802322388e-01 2.000000029802322388e-01 2.000000029802322388e-01 2.000000029802322388e-01
2.000000029802322388e-01 2.000000029802322388e-01 2.000000029802322388e-01 2.000000029802322388e-01 3.578257858753204346e-01 2.195990681648254395e-01 2.254131287336349487e-01 1.971620470285415649e-01 2.000000178813934326e-01 2.000000178813934326e-01 2.000000178813934326e-01 2.000000178813934326e-01 2.000000178813934326e-01 2.000000476837158203e-01 2.000000476837158203e-01 2.000000476837158203e-01
2.000000178813934326e-01 2.000000178813934326e-01 2.000000178813934326e-01 2.000000178813934326e-01 3.627680242061614990e-01 2.101143896579742432e-01 2.144842147827148438e-01 2.126334160566329956e-01 2.000000029802322388e-01 2.000000029802322388e-01 2.000000029802322388e-01 2.000000029802322388e-01 2.000000029802322388e-01 2.000000029802322388e-01 2.000000327825546265e-01 2.000000029802322388e-01
2.000000178813934326e-01 1.999999880790710449e-01 2.000000178813934326e-01 2.000000178813934326e-01 3.498709201812744141e-01 2.099781781435012817e-01 2.266830652952194214e-01 2.134678810834884644e-01 2.000000327825546265e-01 2.000000178813934326e-01 2.000000327825546265e-01 2.000000327825546265e-01 2.000000327825546265e-01 2.000000327825546265e-01 2.000000178813934326e-01 2.000000178813934326e-01
2.000000327825546265e-01 2.000000029802322388e-01 2.000000327825546265e-01 2.000000178813934326e-01 3.570240736007690430e-01 2.135009318590164185e-01 2.050166279077529907e-01 2.244584709405899048e-01 2.000000327825546265e-01 2.000000327825546265e-01 2.000000327825546265e-01 2.000000327825546265e-01 2.000000327825546265e-01 2.000000327825546265e-01 2.000000327825546265e-01 2.000000327825546265e-01
1.999999880790710449e-01 1.999999880790710449e-01 1.999999880790710449e-01 1.999999880790710449e-01 3.547423481941223145e-01 2.081007659435272217e-01 2.231362909078598022e-01 2.140205949544906616e-01 2.000000327825546265e-01 2.000000178813934326e-01 2.000000178813934326e-01 2.000000327825546265e-01 2.000000178813934326e-01 2.000000178813934326e-01 2.000000327825546265e-01 2.000000178813934326e-01
2.000000178813934326e-01 2.000000178813934326e-01 2.000000178813934326e-01 2.000000178813934326e-01 3.521949648857116699e-01 2.257573902606964111e-01 2.202942967414855957e-01 2.017534077167510986e-01 2.000000178813934326e-01 2.000000178813934326e-01 2.000000178813934326e-01 2.000000178813934326e-01 2.000000178813934326e-01 2.000000178813934326e-01 2.000000178813934326e-01 2.000000178813934326e-01
2.000000178813934326e-01 2.000000178813934326e-01 2.000000178813934326e-01 2.000000178813934326e-01 3.655839562416076660e-01 2.069464921951293945e-01 2.067013084888458252e-01 2.207682281732559204e-01 2.000000029802322388e-01 2.000000029802322388e-01 2.000000029802322388e-01 2.000000029802322388e-01 2.000000029802322388e-01 2.000000327825546265e-01 2.000000029802322388e-01 2.000000327825546265e-01
2.000000178813934326e-01 2.000000178813934326e-01 2.000000178813934326e-01 2.000000178813934326e-01 3.829298019409179688e-01 2.130701839923858643e-01 2.121390700340270996e-01 1.918609440326690674e-01 2.000000178813934326e-01 2.000000327825546265e-01 2.000000178813934326e-01 2.000000178813934326e-01 2.000000327825546265e-01 2.000000327825546265e-01 2.000000327825546265e-01 2.000000327825546265e-01
2.000000029802322388e-01 2.000000029802322388e-01 2.000000029802322388e-01 2.000000029802322388e-01 3.435820937156677246e-01 2.236619889736175537e-01 2.290767729282379150e-01 2.036791592836380005e-01 2.000000178813934326e-01 2.000000178813934326e-01 2.000000327825546265e-01 2.000000178813934326e-01 2.000000178813934326e-01 2.000000178813934326e-01 2.000000327825546265e-01 2.000000178813934326e-01
1.999999880790710449e-01 1.999999880790710449e-01 1.999999880790710449e-01 1.999999880790710449e-01 3.755365312099456787e-01 2.082158178091049194e-01 2.133262157440185547e-01 2.029214799404144287e-01 1.999999880790710449e-01 1.999999880790710449e-01 2.000000029802322388e-01 2.000000029802322388e-01 2.000000029802322388e-01 1.999999880790710449e-01 2.000000029802322388e-01 2.000000029802322388e-01
2.000000178813934326e-01 1.999999880790710449e-01 1.999999880790710449e-01 1.999999880790710449e-01 3.600006699562072754e-01 2.096659392118453979e-01 2.212036401033401489e-01 2.091298103332519531e-01 2.000000178813934326e-01 2.000000178813934326e-01 2.000000178813934326e-01 2.000000178813934326e-01 2.000000178813934326e-01 2.000000178813934326e-01 2.000000178813934326e-01 2.000000029802322388e-01
2.000000178813934326e-01 1.999999880790710449e-01 2.000000178813934326e-01 1.999999880790710449e-01 3.538116812705993652e-01 2.060371190309524536e-01 2.208574414253234863e-01 2.192938178777694702e-01 2.000000178813934326e-01 2.000000029802322388e-01 2.000000029802322388e-01 2.000000029802322388e-01 2.000000029802322388e-01 2.000000029802322388e-01 2.000000029802322388e-01 2.000000029802322388e-01
2.000000327825546265e-01 2.000000327825546265e-01 2.000000327825546265e-01 2.000000327825546265e-01 3.644948899745941162e-01 2.102902233600616455e-01 2.105382829904556274e-01 2.146767079830169678e-01 2.000000178813934326e-01 1.999999880790710449e-01 1.999999880790710449e-01 1.999999880790710449e-01 2.000000178813934326e-01 2.000000178813934326e-01 2.000000178813934326e-01 1.999999880790710449e-01
1.999999880790710449e-01 1.999999880790710449e-01 1.999999880790710449e-01 1.999999880790710449e-01 3.439380526542663574e-01 2.182121276855468750e-01 2.321354448795318604e-01 2.057144045829772949e-01 2.000000029802322388e-01 2.000000029802322388e-01 2.000000029802322388e-01 2.000000029802322388e-01 2.000000029802322388e-01 2.000000029802322388e-01 2.000000029802322388e-01 2.000000029802322388e-01
2.000000029802322388e-01 2.000000029802322388e-01 2.000000029802322388e-01 2.000000029802322388e-01 3.599082231521606445e-01 2.164776325225830078e-01 2.054020017385482788e-01 2.182121276855468750e-01 2.000000178813934326e-01 2.000000178813934326e-01 2.000000178813934326e-01 2.000000178813934326e-01 2.000000178813934326e-01 2.000000029802322388e-01 2.000000029802322388e-01 2.000000029802322388e-01
2.000000476837158203e-01 2.000000178813934326e-01 2.000000476837158203e-01 2.000000476837158203e-01 3.638456463813781738e-01 2.077578157186508179e-01 2.081905156373977661e-01 2.202061116695404053e-01 2.000000178813934326e-01 2.000000178813934326e-01 2.000000178813934326e-01 2.000000178813934326e-01 2.000000178813934326e-01 2.000000178813934326e-01 2.000000178813934326e-01 2.000000178813934326e-01
2.000000178813934326e-01 2.000000178813934326e-01 2.000000178813934326e-01 2.000000178813934326e-01 3.587849140167236328e-01 2.279134243726730347e-01 2.282426804304122925e-01 1.850590109825134277e-01 2.000000476837158203e-01 2.000000327825546265e-01 2.000000476837158203e-01 2.000000327825546265e-01 2.000000476837158203e-01 2.000000327825546265e-01 2.000000476837158203e-01 2.000000327825546265e-01
2.000000178813934326e-01 2.000000029802322388e-01 2.000000029802322388e-01 2.000000178813934326e-01 3.543833494186401367e-01 2.188378870487213135e-01 2.141751348972320557e-01 2.126037627458572388e-01 2.000000178813934326e-01 2.000000178813934326e-01 2.000000178813934326e-01 2.000000178813934326e-01 2.000000178813934326e-01 2.000000178813934326e-01 2.000000178813934326e-01 2.000000178813934326e-01
2.000000029802322388e-01 2.000000029802322388e-01 2.000000178813934326e-01 2.000000029802322388e-01 3.820448517799377441e-01 2.022577524185180664e-01 2.093749493360519409e-01 2.063225805759429932e-01 2.000000327825546265e-01 2.000000029802322388e-01 2.000000327825546265e-01 2.000000029802322388e-01 2.000000327825546265e-01 2.000000327825546265e-01 2.000000327825546265e-01 2.000000029802322388e-01
2.000000327825546265e-01 2.000000327825546265e-01 2.000000327825546265e-01 2.000000327825546265e-01 3.589664399623870850e-01 2.075159251689910889e-01 2.271659821271896362e-01 2.063517719507217407e-01 2.000000178813934326e-01 2.000000178813934326e-01 2.000000178813934326e-01 2.000000178813934326e-01 2.000000178813934326e-01 2.000000178813934326e-01 2.000000178813934326e-01 1.999999880790710449e-01
2.000000327825546265e-01 2.000000029802322388e-01 2.000000029802322388e-01 2.000000029802322388e-01 3.590399622917175293e-01 2.047566026449203491e-01 2.166984379291534424e-01 2.195051014423370361e-01 2.000000327825546265e-01 2.000000327825546265e-01 2.000000327825546265e-01 2.000000327825546265e-01 2.000000327825546265e-01 2.000000327825546265e-01 2.000000327825546265e-01 2.000000327825546265e-01
2.000000327825546265e-01 2.000000178813934326e-01 2.000000178813934326e-01 2.000000178813934326e-01 3.608652055263519287e-01 2.197138220071792603e-01 2.233283817768096924e-01 1.960927248001098633e-01 2.000000178813934326e-01 2.000000178813934326e-01 2.000000178813934326e-01 2.000000178813934326e-01 2.000000178813934326e-01 2.000000178813934326e-01 2.000000178813934326e-01 2.000000178813934326e-01
2.000000178813934326e-01 2.000000178813934326e-01 2.000000178813934326e-01 2.000000178813934326e-01 3.497506678104400635e-01 2.139865010976791382e-01 2.243061661720275879e-01 2.119567245244979858e-01 2.000000476837158203e-01 2.000000178813934326e-01 2.000000476837158203e-01 2.000000178813934326e-01 2.000000476837158203e-01 2.000000476837158203e-01 2.000000476837158203e-01 2.000000476837158203e-01
2.000000178813934326e-01 2.000000178813934326e-01 2.000000178813934326e-01 2.000000178813934326e-01 3.660510182380676270e-01 2.089690119028091431e-01 1.998240947723388672e-01 2.251559495925903320e-01 2.000000178813934326e-01 2.000000178813934326e-01 2.000000178813934326e-01 2.000000178813934326e-01 2.000000327825546265e-01 2.000000327825546265e-01 2.000000327825546265e-01 2.000000178813934326e-01
2.000000327825546265e-01 2.000000178813934326e-01 2.000000327825546265e-01 2.000000178813934326e-01 3.480295538902282715e-01 2.205429375171661377e-01 2.212554961442947388e-01 2.101721763610839844e-01 2.000000178813934326e-01 2.000000178813934326e-01 2.000000178813934326e-01 2.000000178813934326e-01 2.000000178813934326e-01 2.000000178813934326e-01 2.000000178813934326e-01 2.000000178813934326e-01
2.000000476837158203e-01 2.000000327825546265e-01 2.000000476837158203e-01 2.000000178813934326e-01 3.576780855655670166e-01 2.216312736272811890e-01 2.221169769763946533e-01 1.985738128423690796e-01 2.000000029802322388e-01 2.000000029802322388e-01 2.000000029802322388e-01 2.000000029802322388e-01 2.000000029802322388e-01 2.000000029802322388e-01 2.000000029802322388e-01 2.000000029802322388e-01
2.000000178813934326e-01 2.000000178813934326e-01 2.000000178813934326e-01 2.000000178813934326e-01 3.653551042079925537e-01 2.108363211154937744e-01 2.056445628404617310e-01 2.181641310453414917e-01 2.000000178813934326e-01 2.000000178813934326e-01 2.000000327825546265e-01 1.999999880790710449e-01 2.000000178813934326e-01 2.000000178813934326e-01 2.000000178813934326e-01 2.000000178813934326e-01
2.000000327825546265e-01 2.000000327825546265e-01 2.000000327825546265e-01 2.000000327825546265e-01 3.691091239452362061e-01 2.100827097892761230e-01 2.204256504774093628e-01 2.003826946020126343e-01 2.000000178813934326e-01 2.000000029802322388e-01 2.000000178813934326e-01 2.000000178813934326e-01 2.000000178813934326e-01 2.000000029802322388e-01 2.000000178813934326e-01 2.000000178813934326e-01
2.000000178813934326e-01 2.000000178813934326e-01 2.000000327825546265e-01 2.000000029802322388e-01 3.613055348396301270e-01 2.082254141569137573e-01 2.213531732559204102e-01 2.091160118579864502e-01 2.000000178813934326e-01 2.000000178813934326e-01 2.000000178813934326e-01 2.000000178813934326e-01 2.000000178813934326e-01 2.000000178813934326e-01 2.000000178813934326e-01 2.000000178813934326e-01
2.000000178813934326e-01 2.000000178813934326e-01 2.000000327825546265e-01 2.000000178813934326e-01 3.576417565345764160e-01 2.108087241649627686e-01 2.191122770309448242e-01 2.124374359846115112e-01 2.000000476837158203e-01 2.000000178813934326e-01 2.000000178813934326e-01 2.000000178813934326e-01 2.000000178813934326e-01 2.000000178813934326e-01 2.000000476837158203e-01 2.000000178813934326e-01
2.000000327825546265e-01 2.000000029802322388e-01 2.000000327825546265e-01 2.000000327825546265e-01 3.629168570041656494e-01 2.198781073093414307e-01 2.274074852466583252e-01 1.897977143526077271e-01 2.000000178813934326e-01 2.000000029802322388e-01 2.000000178813934326e-01 2.000000178813934326e-01 2.000000178813934326e-01 2.000000178813934326e-01 2.000000178813934326e-01 2.000000178813934326e-01
2.000000327825546265e-01 2.000000178813934326e-01 2.000000327825546265e-01 2.000000327825546265e-01 3.631649911403656006e-01 2.027311623096466064e-01 2.073972970247268677e-01 2.267066985368728638e-01 2.000000327825546265e-01 2.000000178813934326e-01 2.000000178813934326e-01 2.000000178813934326e-01 2.000000327825546265e-01 2.000000178813934326e-01 2.000000178813934326e-01 2.000000178813934326e-01
2.000000476837158203e-01 2.000000178813934326e-01 2.000000327825546265e-01 2.000000327825546265e-01 3.613418042659759521e-01 2.138638347387313843e-01 2.139674723148345947e-01 2.108270227909088135e-01 2.000000178813934326e-01 2.000000178813934326e-01 2.000000178813934326e-01 2.000000029802322388e-01 2.000000178813934326e-01 2.000000178813934326e-01 2.000000178813934326e-01 2.000000178813934326e-01
2.000000178813934326e-01 2.000000178813934326e-01 2.000000327825546265e-01 2.000000178813934326e-01 3.452494144439697266e-01 2.223629951477050781e-01 2.277389615774154663e-01 2.046487778425216675e-01 2.000000327825546265e-01 2.000000178813934326e-01 2.000000327825546265e-01 2.000000178813934326e-01 2.000000178813934326e-01 2.000000178813934326e-01 2.000000178813934326e-01 2.000000178813934326e-01
2.000000476837158203e-01 2.000000178813934326e-01 2.000000476837158203e-01 2.000000476837158203e-01 3.646377325057983398e-01 2.103737294673919678e-01 2.080292105674743652e-01 2.169594615697860718e-01 2.000000178813934326e-01 2.000000178813934326e-01 2.000000178813934326e-01 2.000000178813934326e-01 2.000000178813934326e-01 2.000000178813934326e-01 2.000000178813934326e-01 2.000000178813934326e-01
2.000000327825546265e-01 2.000000327825546265e-01 2.000000327825546265e-01 2.000000178813934326e-01 3.598604798316955566e-01 2.149653136730194092e-01 2.114688009023666382e-01 2.137055546045303345e-01 2.000000476837158203e-01 2.000000178813934326e-01 2.000000476837158203e-01 2.000000327825546265e-01 2.000000327825546265e-01 2.000000327825546265e-01 2.000000476837158203e-01 2.000000327825546265e-01
2.000000327825546265e-01 2.000000327825546265e-01 2.000000327825546265e-01 2.000000178813934326e-01 3.585754930973052979e-01 2.144889831542968750e-01 2.272793799638748169e-01 1.996563374996185303e-01 2.000000625848770142e-01 2.000000476837158203e-01 2.000000625848770142e-01 2.000000476837158203e-01 2.000000476837158203e-01 2.000000476837158203e-01 2.000000476837158203e-01 2.000000476837158203e-01
2.000000476837158203e-01 2.000000178813934326e-01 2.000000476837158203e-01 2.000000476837158203e-01 3.589285612106323242e-01 2.147858291864395142e-01 2.156789451837539673e-01 2.106068730354309082e-01 2.000000029802322388e-01 2.000000029802322388e-01 2.000000029802322388e-01 2.000000029802322388e-01 2.000000029802322388e-01 2.000000029802322388e-01 2.000000178813934326e-01 2.000000029802322388e-01
2.000000476837158203e-01 2.000000327825546265e-01 2.000000625848770142e-01 2.000000476837158203e-01 3.561741709709167480e-01 2.153256088495254517e-01 2.191537469625473022e-01 2.093467414379119873e-01 2.000000178813934326e-01 2.000000178813934326e-01 2.000000178813934326e-01 2.000000178813934326e-01 2.000000178813934326e-01 2.000000178813934326e-01 2.000000178813934326e-01 2.000000178813934326e-01
2.000000327825546265e-01 2.000000327825546265e-01 2.000000327825546265e-01 2.000000327825546265e-01 3.797616660594940186e-01 2.029975950717926025e-01 2.163341343402862549e-01 2.009067684412002563e-01 2.000000625848770142e-01 2.000000327825546265e-01 2.000000327825546265e-01 2.000000178813934326e-01 2.000000327825546265e-01 2.000000327825546265e-01 2.000000476837158203e-01 2.000000327825546265e-01
2.000000178813934326e-01 2.000000178813934326e-01 2.000000178813934326e-01 2.000000178813934326e-01 3.606824874877929688e-01 2.063674628734588623e-01 2.100133746862411499e-01 2.229368835687637329e-01 2.000000625848770142e-01 2.000000327825546265e-01 2.000000625848770142e-01 2.000000625848770142e-01 2.000000625848770142e-01 2.000000625848770142e-01 2.000000625848770142e-01 2.000000625848770142e-01
2.000000327825546265e-01 2.000000327825546265e-01 2.000000476837158203e-01 2.000000327825546265e-01 3.544981181621551514e-01 2.248383462429046631e-01 2.298484444618225098e-01 1.908153146505355835e-01 2.000000327825546265e-01 2.000000327825546265e-01 2.000000327825546265e-01 2.000000178813934326e-01 2.000000327825546265e-01 2.000000178813934326e-01 2.000000327825546265e-01 2.000000327825546265e-01
2.000000327825546265e-01 2.000000327825546265e-01 2.000000476837158203e-01 2.000000327825546265e-01 3.598220944404602051e-01 2.105332762002944946e-01 2.166727632284164429e-01 2.129721194505691528e-01 2.000000178813934326e-01 2.000000178813934326e-01 2.000000178813934326e-01 2.000000178813934326e-01 2.000000178813934326e-01 2.000000178813934326e-01 2.000000178813934326e-01 2.000000178813934326e-01
2.000000029802322388e-01 2.000000029802322388e-01 2.000000178813934326e-01 2.000000029802322388e-01 3.597703576087951660e-01 2.102327644824981689e-01 2.097215801477432251e-01 2.202754616737365723e-01 2.000000178813934326e-01 2.000000178813934326e-01 2.000000327825546265e-01 2.000000178813934326e-01 2.000000178813934326e-01 2.000000178813934326e-01 2.000000327825546265e-01 2.000000178813934326e-01
2.000000476837158203e-01 2.000000178813934326e-01 2.000000327825546265e-01 2.000000327825546265e-01 3.513946533203125000e-01 2.194745242595672607e-01 2.188276648521423340e-01 2.103034257888793945e-01 2.000000476837158203e-01 2.000000178813934326e-01 2.000000476837158203e-01 2.000000178813934326e-01 2.000000476837158203e-01 2.000000327825546265e-01 2.000000476837158203e-01 2.000000476837158203e-01
2.000000476837158203e-01 2.000000327825546265e-01 2.000000476837158203e-01 2.000000327825546265e-01 3.591589331626892090e-01 2.107908874750137329e-01 2.205565571784973145e-01 2.094938308000564575e-01 2.000000476837158203e-01 2.000000178813934326e-01 2.000000327825546265e-01 2.000000327825546265e-01 2.000000327825546265e-01 2.000000327825546265e-01 2.000000476837158203e-01 2.000000476837158203e-01
2.000000327825546265e-01 2.000000327825546265e-01 2.000000327825546265e-01 2.000000327825546265e-01 3.542439341545104980e-01 2.195316255092620850e-01 2.184698432683944702e-01 2.077548503875732422e-01 2.000000625848770142e-01 2.000000327825546265e-01 2.000000625848770142e-01 2.000000327825546265e-01 2.000000327825546265e-01 2.000000327825546265e-01 2.000000476837158203e-01 2.000000327825546265e-01
2.000000178813934326e-01 2.000000178813934326e-01 2.000000327825546265e-01 2.000000178813934326e-01 3.623991906642913818e-01 2.108149975538253784e-01 2.142878919839859009e-01 2.124982178211212158e-01 2.000000625848770142e-01 2.000000178813934326e-01 2.000000625848770142e-01 2.000000178813934326e-01 2.000000327825546265e-01 2.000000327825546265e-01 2.000000625848770142e-01 2.000000476837158203e-01
2.000000476837158203e-01 2.000000476837158203e-01 2.000000476837158203e-01 2.000000476837158203e-01 3.835963606834411621e-01 1.994722485542297363e-01 2.092291563749313354e-01 2.077025026082992554e-01 2.000000327825546265e-01 2.000000327825546265e-01 2.000000327825546265e-01 2.000000327825546265e-01 2.000000327825546265e-01 2.000000327825546265e-01 2.000000327825546265e-01 2.000000327825546265e-01
2.000000476837158203e-01 2.000000476837158203e-01 2.000000476837158203e-01 2.000000476837158203e-01 3.472839593887329102e-01 2.230277657508850098e-01 2.238946110010147095e-01 2.057939320802688599e-01 2.000000476837158203e-01 2.000000476837158203e-01 2.000000476837158203e-01 2.000000327825546265e-01 2.000000476837158203e-01 2.000000476837158203e-01 2.000000476837158203e-01 2.000000476837158203e-01
2.000000625848770142e-01 2.000000476837158203e-01 2.000000625848770142e-01 2.000000476837158203e-01 3.641819953918457031e-01 2.198200672864913940e-01 2.269600331783294678e-01 1.890381276607513428e-01 2.000000476837158203e-01 2.000000327825546265e-01 2.000000476837158203e-01 2.000000327825546265e-01 2.000000327825546265e-01 2.000000327825546265e-01 2.000000476837158203e-01 2.000000327825546265e-01
2.000000476837158203e-01 2.000000327825546265e-01 2.000000476837158203e-01 2.000000327825546265e-01 3.663359582424163818e-01 2.042693048715591431e-01 2.076430022716522217e-01 2.217519730329513550e-01 2.000000625848770142e-01 2.000000178813934326e-01 2.000000625848770142e-01 2.000000178813934326e-01 2.000000625848770142e-01 2.000000476837158203e-01 2.000000625848770142e-01 2.000000178813934326e-01
2.000000625848770142e-01 2.000000476837158203e-01 2.000000625848770142e-01 2.000000476837158203e-01 3.513267636299133301e-01 2.150455117225646973e-01 2.198770642280578613e-01 2.137509584426879883e-01 2.000000625848770142e-01 2.000000327825546265e-01 2.000000476837158203e-01 2.000000327825546265e-01 2.000000327825546265e-01 2.000000327825546265e-01 2.000000625848770142e-01 2.000000327825546265e-01
2.000000476837158203e-01 2.000000476837158203e-01 2.000000476837158203e-01 2.000000476837158203e-01 3.583336174488067627e-01 2.099399715662002563e-01 2.193138897418975830e-01 2.124127894639968872e-01 2.000000476837158203e-01 2.000000476837158203e-01 2.000000625848770142e-01 2.000000476837158203e-01 2.000000476837158203e-01 2.000000476837158203e-01 2.000000476837158203e-01 2.000000476837158203e-01
2.000000476837158203e-01 2.000000476837158203e-01 2.000000476837158203e-01 2.000000476837158203e-01 3.556098043918609619e-01 2.130622714757919312e-01 2.175343185663223267e-01 2.137939333915710449e-01 2.000000327825546265e-01 2.000000327825546265e-01 2.000000327825546265e-01 2.000000327825546265e-01 2.000000327825546265e-01 2.000000327825546265e-01 2.000000327825546265e-01 2.000000327825546265e-01
2.000000476837158203e-01 2.000000327825546265e-01 2.000000327825546265e-01 2.000000327825546265e-01 3.540939390659332275e-01 2.175124287605285645e-01 2.187251895666122437e-01 2.096687555313110352e-01 2.000000327825546265e-01 2.000000178813934326e-01 2.000000327825546265e-01 2.000000178813934326e-01 2.000000327825546265e-01 2.000000327825546265e-01 2.000000327825546265e-01 2.000000327825546265e-01
2.000000476837158203e-01 2.000000327825546265e-01 2.000000476837158203e-01 2.000000476837158203e-01 3.694961369037628174e-01 2.056917995214462280e-01 2.099078148603439331e-01 2.149044871330261230e-01 2.000000476837158203e-01 2.000000327825546265e-01 2.000000476837158203e-01 2.000000327825546265e-01 2.000000476837158203e-01 2.000000476837158203e-01 2.000000476837158203e-01 2.000000476837158203e-01
2.000000625848770142e-01 2.000000625848770142e-01 2.000000774860382080e-01 2.000000625848770142e-01 3.625938892364501953e-01 2.185164242982864380e-01 2.199947535991668701e-01 1.988952159881591797e-01 2.000000476837158203e-01 2.000000476837158203e-01 2.000000476837158203e-01 2.000000476837158203e-01 2.000000476837158203e-01 2.000000476837158203e-01 2.000000476837158203e-01 2.000000476837158203e-01
2.000000625848770142e-01 2.000000476837158203e-01 2.000000625848770142e-01 2.000000625848770142e-01 3.488866090774536133e-01 2.284794598817825317e-01 2.199114114046096802e-01 2.027228176593780518e-01 2.000000625848770142e-01 2.000000625848770142e-01 2.000000774860382080e-01 2.000000625848770142e-01 2.000000625848770142e-01 2.000000625848770142e-01 2.000000774860382080e-01 2.000000625848770142e-01
2.000000476837158203e-01 2.000000476837158203e-01 2.000000476837158203e-01 2.000000327825546265e-01 3.834272027015686035e-01 2.014821767807006836e-01 2.117612063884735107e-01 2.033296674489974976e-01 2.000000625848770142e-01 2.000000625848770142e-01 2.000000625848770142e-01 2.000000625848770142e-01 2.000000625848770142e-01 2.000000625848770142e-01 2.000000625848770142e-01 2.000000476837158203e-01
2.000000476837158203e-01 2.000000476837158203e-01 2.000000625848770142e-01 2.000000476837158203e-01 3.558562099933624268e-01 2.101849913597106934e-01 2.181549221277236938e-01 2.158042192459106445e-01 2.000000476837158203e-01 2.000000327825546265e-01 2.000000625848770142e-01 2.000000476837158203e-01 2.000000625848770142e-01 2.000000476837158203e-01 2.000000625848770142e-01 2.000000327825546265e-01
2.000000476837158203e-01 2.000000476837158203e-01 2.000000476837158203e-01 2.000000476837158203e-01 3.523021638393402100e-01 2.159713357686996460e-01 2.230757325887680054e-01 2.086510211229324341e-01 2.000000476837158203e-01 2.000000327825546265e-01 2.000000476837158203e-01 2.000000327825546265e-01 2.000000327825546265e-01 2.000000327825546265e-01 2.000000625848770142e-01 2.000000327825546265e-01
2.000000625848770142e-01 2.000000476837158203e-01 2.000000476837158203e-01 2.000000476837158203e-01 3.670552670955657959e-01 2.018068432807922363e-01 2.186261713504791260e-01 2.125120162963867188e-01 2.000000476837158203e-01 2.000000327825546265e-01 2.000000476837158203e-01 2.000000178813934326e-01 2.000000476837158203e-01 2.000000327825546265e-01 2.000000476837158203e-01 2.000000327825546265e-01
2.000000327825546265e-01 2.000000327825546265e-01 2.000000476837158203e-01 2.000000327825546265e-01 3.486171066761016846e-01 2.192683666944503784e-01 2.203581184148788452e-01 2.117567360401153564e-01 2.000000476837158203e-01 2.000000476837158203e-01 2.000000476837158203e-01 2.000000327825546265e-01 2.000000476837158203e-01 2.000000476837158203e-01 2.000000774860382080e-01 2.000000476837158203e-01
2.000000625848770142e-01 2.000000476837158203e-01 2.000000625848770142e-01 2.000000476837158203e-01 3.598330616950988770e-01 2.084461599588394165e-01 2.134628444910049438e-01 2.182582616806030273e-01 2.000000625848770142e-01 2.000000327825546265e-01 2.000000625848770142e-01 2.000000327825546265e-01 2.000000327825546265e-01 2.000000327825546265e-01 2.000000476837158203e-01 2.000000476837158203e-01
2.000000327825546265e-01 2.000000476837158203e-01 2.000000625848770142e-01 2.000000327825546265e-01 3.632581532001495361e-01 2.137203365564346313e-01 2.125647962093353271e-01 2.104569971561431885e-01 2.000000774860382080e-01 2.000000327825546265e-01 2.000000476837158203e-01 2.000000327825546265e-01 2.000000476837158203e-01 2.000000476837158203e-01 2.000000476837158203e-01 2.000000327825546265e-01
2.000000327825546265e-01 2.000000327825546265e-01 2.000000327825546265e-01 2.000000327825546265e-01 3.480504751205444336e-01 2.289424687623977661e-01 2.284781634807586670e-01 1.945291757583618164e-01 2.000000774860382080e-01 2.000000476837158203e-01 2.000000476837158203e-01 2.000000476837158203e-01 2.000000476837158203e-01 2.000000476837158203e-01 2.000000476837158203e-01 2.000000476837158203e-01
2.000000476837158203e-01 2.000000476837158203e-01 2.000000476837158203e-01 2.000000476837158203e-01 3.692521452903747559e-01 2.152709215879440308e-01 2.031429558992385864e-01 2.123342603445053101e-01 2.000000625848770142e-01 2.000000476837158203e-01 2.000000625848770142e-01 2.000000476837158203e-01 2.000000625848770142e-01 2.000000476837158203e-01 2.000000774860382080e-01 2.000000476837158203e-01
2.000000625848770142e-01 2.000000327825546265e-01 2.000000625848770142e-01 2.000000327825546265e-01 3.809653818607330322e-01 2.004795968532562256e-01 2.108776271343231201e-01 2.076776921749114990e-01 2.000000774860382080e-01 2.000000625848770142e-01 2.000000774860382080e-01 2.000000625848770142e-01 2.000000774860382080e-01 2.000000774860382080e-01 2.000000774860382080e-01 2.000000774860382080e-01
2.000000327825546265e-01 2.000000327825546265e-01 2.000000476837158203e-01 2.000000476837158203e-01 3.470017015933990479e-01 2.180623859167098999e-01 2.288733422756195068e-01 2.060628384351730347e-01 2.000000774860382080e-01 2.000000327825546265e-01 2.000000774860382080e-01 2.000000327825546265e-01 2.000000625848770142e-01 2.000000625848770142e-01 2.000000625848770142e-01 2.000000476837158203e-01
2.000000625848770142e-01 2.000000476837158203e-01 2.000000774860382080e-01 2.000000476837158203e-01 3.609583079814910889e-01 2.120874524116516113e-01 2.193897366523742676e-01 2.075648307800292969e-01 2.000000625848770142e-01 2.000000178813934326e-01 2.000000625848770142e-01 2.000000178813934326e-01 2.000000625848770142e-01 2.000000625848770142e-01 2.000000625848770142e-01 2.000000625848770142e-01
2.000000476837158203e-01 2.000000476837158203e-01 2.000000625848770142e-01 2.000000476837158203e-01 3.608016669750213623e-01 2.067339420318603516e-01 2.245723754167556763e-01 2.078922986984252930e-01 2.000000923871994019e-01 2.000000327825546265e-01 2.000000625848770142e-01 2.000000327825546265e-01 2.000000625848770142e-01 2.000000625848770142e-01 2.000000625848770142e-01 2.000000625848770142e-01
2.000000625848770142e-01 2.000000476837158203e-01 2.000000625848770142e-01 2.000000476837158203e-01 3.526842594146728516e-01 2.167866677045822144e-01 2.123624533414840698e-01 2.181669324636459351e-01 2.000000476837158203e-01 2.000000476837158203e-01 2.000000476837158203e-01 2.000000178813934326e-01 2.000000476837158203e-01 2.000000327825546265e-01 2.000000476837158203e-01 2.000000476837158203e-01
2.000000476837158203e-01 2.000000327825546265e-01 2.000000476837158203e-01 2.000000476837158203e-01 3.652531504631042480e-01 1.990078687667846680e-01 2.154348939657211304e-01 2.203043848276138306e-01 2.000000625848770142e-01 2.000000327825546265e-01 2.000000476837158203e-01 2.000000327825546265e-01 2.000000476837158203e-01 2.000000476837158203e-01 2.000000625848770142e-01 2.000000476837158203e-01
2.000000625848770142e-01 2.000000476837158203e-01 2.000000625848770142e-01 2.000000476837158203e-01 3.497792482376098633e-01 2.277286797761917114e-01 2.209194302558898926e-01 2.015730142593383789e-01 2.000000476837158203e-01 2.000000327825546265e-01 2.000000476837158203e-01 2.000000327825546265e-01 2.000000476837158203e-01 2.000000327825546265e-01 2.000000476837158203e-01 2.000000327825546265e-01
2.000000625848770142e-01 2.000000476837158203e-01 2.000000625848770142e-01 2.000000476837158203e-01 3.567385375499725342e-01 2.173046767711639404e-01 2.179802507162094116e-01 2.079768627882003784e-01 2.000000625848770142e-01 2.000000476837158203e-01 2.000000625848770142e-01 2.000000327825546265e-01 2.000000625848770142e-01 2.000000178813934326e-01 2.000000625848770142e-01 2.000000625848770142e-01
2.000000774860382080e-01 2.000000625848770142e-01 2.000000774860382080e-01 2.000000625848770142e-01 3.810463547706604004e-01 2.073809504508972168e-01 1.993623375892639160e-01 2.122107148170471191e-01 2.000000625848770142e-01 2.000000476837158203e-01 2.000000625848770142e-01 2.000000625848770142e-01 2.000000625848770142e-01 2.000000625848770142e-01 2.000000774860382080e-01 2.000000774860382080e-01
2.000000476837158203e-01 2.000000476837158203e-01 2.000000625848770142e-01 2.000000625848770142e-01 3.578355312347412109e-01 2.183173447847366333e-01 2.263136655092239380e-01 1.975338310003280640e-01 2.000000774860382080e-01 2.000000625848770142e-01 2.000000774860382080e-01 2.000000625848770142e-01 2.000000774860382080e-01 2.000000625848770142e-01 2.000000774860382080e-01 2.000000625848770142e-01
2.000000625848770142e-01 2.000000625848770142e-01 2.000000625848770142e-01 2.000000476837158203e-01 3.526604473590850830e-01 2.186249345541000366e-01 2.210312336683273315e-01 2.076837718486785889e-01 2.000000774860382080e-01 2.000000625848770142e-01 2.000000923871994019e-01 2.000000327825546265e-01 2.000000625848770142e-01 2.000000625848770142e-01 2.000000625848770142e-01 2.000000625848770142e-01
2.000000476837158203e-01 2.000000625848770142e-01 2.000000625848770142e-01 2.000000625848770142e-01 3.662724196910858154e-01 2.086967825889587402e-01 2.152356654405593872e-01 2.097955048084259033e-01 2.000000625848770142e-01 2.000000476837158203e-01 2.000000625848770142e-01 2.000000476837158203e-01 2.000000476837158203e-01 2.000000476837158203e-01 2.000000625848770142e-01 2.000000476837158203e-01
2.000000327825546265e-01 2.000000327825546265e-01 2.000000625848770142e-01 2.000000327825546265e-01 3.549523055553436279e-01 2.073613703250885010e-01 2.302730381488800049e-01 2.074136734008789062e-01 2.000000625848770142e-01 2.000000625848770142e-01 2.000000774860382080e-01 2.000000625848770142e-01 2.000000625848770142e-01 2.000000625848770142e-01 2.000000625848770142e-01 2.000000625848770142e-01
2.000000625848770142e-01 2.000000476837158203e-01 2.000000476837158203e-01 2.000000476837158203e-01 3.616827130317687988e-01 2.118877321481704712e-01 2.019346803426742554e-01 2.244952172040939331e-01 2.000000774860382080e-01 2.000000625848770142e-01 2.000000625848770142e-01 2.000000625848770142e-01 2.000000625848770142e-01 2.000000625848770142e-01 2.000000625848770142e-01 2.000000625848770142e-01
2.000000625848770142e-01 2.000000476837158203e-01 2.000000774860382080e-01 2.000000476837158203e-01 3.602151572704315186e-01 2.024886608123779297e-01 2.290654331445693970e-01 2.082310914993286133e-01 2.000000774860382080e-01 2.000000476837158203e-01 2.000000625848770142e-01 2.000000476837158203e-01 2.000000625848770142e-01 2.000000625848770142e-01 2.000000625848770142e-01 2.000000625848770142e-01
2.000000476837158203e-01 2.000000476837158203e-01 2.000000476837158203e-01 2.000000476837158203e-01 3.510918319225311279e-01 2.281231880187988281e-01 2.178417891263961792e-01 2.029435932636260986e-01 2.000000625848770142e-01 2.000000625848770142e-01 2.000000625848770142e-01 2.000000476837158203e-01 2.000000625848770142e-01 2.000000625848770142e-01 2.000000625848770142e-01 2.000000476837158203e-01
2.000000774860382080e-01 2.000000476837158203e-01 2.000000774860382080e-01 2.000000476837158203e-01 3.665532469749450684e-01 2.036956995725631714e-01 2.080581188201904297e-01 2.216933220624923706e-01 2.000000774860382080e-01 2.000000327825546265e-01 2.000000625848770142e-01 2.000000327825546265e-01 2.000000625848770142e-01 2.000000327825546265e-01 2.000000625848770142e-01 2.000000327825546265e-01
2.000000774860382080e-01 2.000000625848770142e-01 2.000000923871994019e-01 2.000000625848770142e-01 3.686991035938262939e-01 2.192583531141281128e-01 2.121296674013137817e-01 1.999132782220840454e-01 2.000000923871994019e-01 2.000000625848770142e-01 2.000000923871994019e-01 2.000000625848770142e-01 2.000000625848770142e-01 2.000000476837158203e-01 2.000000774860382080e-01 2.000000476837158203e-01
2.000000625848770142e-01 2.000000476837158203e-01 2.000000625848770142e-01 2.000000625848770142e-01 3.487517535686492920e-01 2.247349619865417480e-01 2.292548865079879761e-01 1.972588151693344116e-01 2.000000476837158203e-01 2.000000476837158203e-01 2.000000774860382080e-01 2.000000476837158203e-01 2.000000476837158203e-01 2.000000327825546265e-01 2.000000774860382080e-01 2.000000476837158203e-01
2.000000625848770142e-01 2.000000625848770142e-01 2.000000774860382080e-01 2.000000476837158203e-01 3.655594885349273682e-01 2.117406576871871948e-01 2.103985846042633057e-01 2.123017013072967529e-01 2.000000774860382080e-01 2.000000774860382080e-01 2.000001072883605957e-01 2.000000774860382080e-01 2.000000923871994019e-01 2.000000774860382080e-01 2.000001072883605957e-01 2.000000774860382080e-01
2.000000774860382080e-01 2.000000625848770142e-01 2.000000774860382080e-01 2.000000625848770142e-01 3.626623451709747314e-01 2.102405726909637451e-01 2.158000618219375610e-01 2.112973928451538086e-01 2.000000774860382080e-01 2.000000476837158203e-01 2.000000625848770142e-01 2.000000476837158203e-01 2.000000625848770142e-01 2.000000476837158203e-01 2.000000625848770142e-01 2.000000625848770142e-01
2.000000476837158203e-01 2.000000476837158203e-01 2.000000923871994019e-01 2.000000476837158203e-01 3.609087467193603516e-01 1.994408965110778809e-01 2.257928699254989624e-01 2.138579338788986206e-01 2.000000625848770142e-01 2.000000476837158203e-01 2.000000625848770142e-01 2.000000476837158203e-01 2.000000476837158203e-01 2.000000476837158203e-01 2.000000774860382080e-01 2.000000774860382080e-01
2.000000625848770142e-01 2.000000774860382080e-01 2.000000774860382080e-01 2.000000774860382080e-01 3.597682714462280273e-01 2.183830887079238892e-01 2.075228393077850342e-01 2.143262028694152832e-01 2.000000774860382080e-01 2.000000625848770142e-01 2.000000625848770142e-01 2.000000625848770142e-01 2.000000625848770142e-01 2.000000625848770142e-01 2.000000625848770142e-01 2.000000625848770142e-01
2.000000774860382080e-01 2.000000625848770142e-01 2.000000774860382080e-01 2.000000774860382080e-01 3.517114818096160889e-01 2.119128555059432983e-01 2.398122996091842651e-01 1.965637505054473877e-01 2.000000774860382080e-01 2.000000625848770142e-01 2.000000774860382080e-01 2.000000625848770142e-01 2.000000774860382080e-01 2.000000625848770142e-01 2.000000774860382080e-01 2.000000625848770142e-01
2.000000625848770142e-01 2.000000476837158203e-01 2.000000625848770142e-01 2.000000476837158203e-01 3.653074204921722412e-01 2.173482626676559448e-01 1.986459046602249146e-01 2.186988592147827148e-01 2.000000923871994019e-01 2.000000476837158203e-01 2.000000923871994019e-01 2.000000178813934326e-01 2.000000923871994019e-01 2.000000625848770142e-01 2.000000923871994019e-01 2.000000625848770142e-01
2.000000625848770142e-01 2.000000476837158203e-01 2.000000625848770142e-01 2.000000476837158203e-01 3.606627583503723145e-01 2.030233740806579590e-01 2.171600908041000366e-01 2.191541790962219238e-01 2.000001221895217896e-01 2.000000476837158203e-01 2.000000923871994019e-01 2.000000774860382080e-01 2.000000923871994019e-01 2.000000774860382080e-01 2.000001072883605957e-01 2.000000923871994019e-01
2.000000476837158203e-01 2.000000476837158203e-01 2.000000476837158203e-01 2.000000476837158203e-01 3.560843765735626221e-01 2.279929667711257935e-01 2.222179770469665527e-01 1.937050372362136841e-01 2.000000923871994019e-01 2.000000476837158203e-01 2.000000923871994019e-01 2.000000476837158203e-01 2.000000625848770142e-01 2.000000476837158203e-01 2.000000774860382080e-01 2.000000625848770142e-01
2.000000625848770142e-01 2.000000476837158203e-01 2.000000625848770142e-01 2.000000476837158203e-01 3.585124015808105469e-01 2.154835015535354614e-01 2.151373773813247681e-01 2.108671814203262329e-01 2.000000923871994019e-01 2.000000774860382080e-01 2.000000774860382080e-01 2.000000774860382080e-01 2.000000774860382080e-01 2.000000774860382080e-01 2.000000774860382080e-01 2.000000774860382080e-01
2.000000774860382080e-01 2.000000774860382080e-01 2.000000774860382080e-01 2.000000774860382080e-01 3.710193037986755371e-01 2.072813659906387329e-01 2.137111574411392212e-01 2.079886049032211304e-01 2.000000625848770142e-01 2.000000476837158203e-01 2.000000923871994019e-01 2.000000476837158203e-01 2.000000625848770142e-01 2.000000476837158203e-01 2.000000625848770142e-01 2.000000476837158203e-01
2.000000625848770142e-01 2.000000476837158203e-01 2.000000625848770142e-01 2.000000476837158203e-01 3.585816323757171631e-01 2.127909213304519653e-01 2.183658778667449951e-01 2.102619856595993042e-01 2.000000923871994019e-01 2.000000625848770142e-01 2.000000923871994019e-01 2.000000327825546265e-01 2.000000774860382080e-01 2.000000476837158203e-01 2.000000923871994019e-01 2.000000476837158203e-01
2.000000774860382080e-01 2.000000625848770142e-01 2.000000774860382080e-01 2.000000625848770142e-01 3.621512055397033691e-01 2.019694447517395020e-01 2.209556698799133301e-01 2.149241268634796143e-01 2.000001072883605957e-01 2.000000476837158203e-01 2.000000923871994019e-01 2.000000476837158203e-01 2.000000923871994019e-01 2.000000476837158203e-01 2.000000923871994019e-01 2.000000476837158203e-01
