# ex_work for 16 qbits with connectivity 5 in chunks 4
3.516373505723891651e-02 3.516373505723891651e-02 3.516373505723891651e-02 3.516373505723891651e-02 -1.245112338684901676e-01 3.516374571164630064e-02 3.516374571164630064e-02 3.516374571164630064e-02 3.516374571164630064e-02 3.516374571164630064e-02 3.516374571164630064e-02 3.516374571164630064e-02 3.516374571164630064e-02 3.516374571164630064e-02 3.516374571164630064e-02 3.516374571164630064e-02
-1.029825115272800041e-03 3.042068084085427712e-02 2.309903389977410390e-02 2.309903389977410390e-02 -1.080064161659266136e-01 -6.189544822150519487e-03 2.309905430081280950e-02 2.309904410029342200e-02 2.309904410029342200e-02 2.309905430081280950e-02 2.309905430081280950e-02 2.309905430081280950e-02 2.309904410029342200e-02 2.309905430081280950e-02 2.309904410029342200e-02 2.309905430081280950e-02
6.968983495386761769e-03 -1.004790091755633670e-03 2.417323026993798210e-02 2.417323026993798210e-02 -1.106666314998026729e-01 2.589132836904707580e-02 2.417323026993798210e-02 2.417324051064589918e-02 2.417323026993798210e-02 2.417323026993798210e-02 2.417323026993798210e-02 2.417323026993798210e-02 2.417323026993798210e-02 2.417323026993798210e-02 2.417323026993798210e-02 2.417323026993798210e-02
6.881570254030093883e-03 -1.712761850540924641e-02 1.964554240533221766e-02 1.964554240533221766e-02 -9.682284204132866889e-02 6.959507041899818877e-03 1.964554240533221766e-02 1.964554240533221766e-02 1.556402969914004279e-02 1.863048262676361699e-02 1.964554240533221766e-02 1.964554240533221766e-02 1.729507669198726214e-02 1.863242518006381215e-02 1.964554240533221766e-02 1.964554240533221766e-02
4.395708090792749094e-03 -1.384084518300917645e-02 1.818651265688991936e-02 1.818651265688991936e-02 -8.920392649318524547e-02 -1.228865856040674623e-02 1.818651265688991936e-02 1.818650263967554886e-02 1.225122444005093646e-02 1.750329150669205358e-02 1.818649262246151838e-02 1.818649262246151838e-02 1.815198453690661240e-02 1.645703513576140045e-02 1.818649262246151838e-02 1.818649262246151838e-02
5.763989756029001300e-03 -1.740872972047249889e-02 1.737383848714628767e-02 1.737383848714628767e-02 -8.365342576069538516e-02 -1.201106334573986620e-02 1.737383848714628767e-02 1.737384847410933242e-02 3.497165710381688365e-03 1.598016144302081762e-02 1.737383848714628767e-02 1.737383848714628767e-02 1.669628282493616778e-02 1.476856209492374838e-02 1.737383848714628767e-02 1.737383848714628767e-02
6.391469699973998352e-03 -1.129262696095383219e-02 1.783094876637824483e-02 1.783094876637824483e-02 -8.724844841724360700e-02 -1.168092808288056887e-02 1.783094876637824483e-02 1.783094876637824483e-02 4.127683705123777122e-03 1.512546384443871905e-02 1.783093876240215980e-02 1.783093876240215980e-02 1.665915237255609360e-02 1.681448399157948678e-02 1.783093876240215980e-02 1.783093876240215980e-02
6.902685090399041101e-03 -1.302095477795424394e-02 1.790504989908428546e-02 1.790503989234939336e-02 -8.749777041583431392e-02 -1.417202478019145145e-02 1.790505990581942736e-02 1.790505990581942736e-02 9.414708470915049074e-03 1.550996487125100472e-02 1.790505990581942736e-02 1.790505990581942736e-02 1.659070269232728809e-02 1.625965903005755289e-02 1.790505990581942736e-02 1.790505990581942736e-02
6.004299435012515861e-03 -9.302279064325154681e-03 1.799641469422665063e-02 1.799641469422665063e-02 -8.827314860320098489e-02 -1.366003343773909869e-02 1.799641469422665063e-02 1.799641469422665063e-02 6.479364376111343068e-03 1.801190586792367210e-02 1.799641469422665063e-02 1.799641469422665063e-02 1.628494967998255633e-02 1.536701855977280762e-02 1.799641469422665063e-02 1.799641469422665063e-02
1.172366775993439157e-02 -9.635726957994583675e-03 1.843427151979400505e-02 1.843427151979400505e-02 -9.082222568775606686e-02 -1.301416646306335564e-02 1.843427151979409526e-02 1.843427151979409526e-02 5.752943683877081646e-03 1.859369223916750025e-02 1.843430484535538497e-02 1.843430484535538497e-02 1.648065930801188850e-02 1.708850184282516976e-02 1.843430484535538497e-02 1.843430484535538497e-02
1.201802310269272506e-02 -1.371938377040242234e-02 1.795730948587050124e-02 1.795730948587050124e-02 -8.763968529636580185e-02 -1.584491559698627400e-02 1.795730948587050124e-02 1.795727622509515203e-02 6.660445772380467824e-03 1.820271324979633523e-02 1.795727622509515203e-02 1.795727622509515203e-02 1.573258548018311234e-02 1.538669757292034264e-02 1.795727622509515203e-02 1.795727622509515203e-02
2.155622602710612588e-03 -1.317476463965615990e-02 1.766562608801155315e-02 1.766562608801155315e-02 -8.606776122907228155e-02 -1.078514072255728692e-02 1.766562608801155315e-02 1.766562608801155315e-02 6.294527242145865273e-03 1.830614028067214377e-02 1.766559286683767188e-02 1.766559286683767188e-02 1.521989494438322037e-02 1.502092989629908761e-02 1.766559286683767188e-02 1.766559286683767188e-02
2.200119088124835500e-03 -8.315920377564098992e-03 1.784751378734602406e-02 1.784751378734602406e-02 -8.725738517006978445e-02 -1.507811052059207513e-02 1.784748054147887800e-02 1.784748054147887800e-02 8.414132919186774820e-03 1.824363578862508647e-02 1.784748054147887800e-02 1.784748054147887800e-02 1.464435111726584970e-02 1.633470927236632328e-02 1.784748054147887800e-02 1.784748054147887800e-02
4.430115979933053200e-03 -1.402702546067314919e-02 1.778348824380016069e-02 1.778348824380016069e-02 -8.673341782524998655e-02 -1.252966032863356977e-02 1.778348824380016069e-02 1.778348824380016069e-02 8.982094823810954712e-03 1.744670490097673110e-02 1.778347824159203991e-02 1.778348824380016069e-02 1.497188540167034357e-02 1.595750038060571654e-02 1.778348824380016069e-02 1.778348824380016069e-02
7.719097194934833317e-03 -1.021362824269348747e-02 1.848855310397323065e-02 1.848855310397323065e-02 -9.128392852349384579e-02 -9.765785399839719411e-03 1.848856313243509020e-02 1.848855310397323065e-02 8.784932464896763951e-03 1.810464034650555859e-02 1.848855310397323065e-02 1.848855310397323065e-02 1.608397577112554919e-02 1.719208938970721509e-02 1.848856313243508673e-02 1.848855310397323065e-02
5.607068001589547712e-03 -9.067187402018068998e-03 1.816361075539674186e-02 1.816361075539674186e-02 -8.932234059168334128e-02 -1.320645818777119868e-02 1.816364404418768438e-02 1.816364404418768438e-02 9.098242126894459658e-03 1.714679065471935021e-02 1.816364404418768438e-02 1.816364404418768438e-02 1.481604695612423125e-02 1.780806822251111352e-02 1.816364404418768438e-02 1.816364404418768438e-02
6.873750194042072860e-03 -1.120101767222383103e-02 1.809667090005100815e-02 1.809667090005100815e-02 -8.879514742527191973e-02 -1.332258578213210004e-02 1.809663762035580020e-02 1.809663762035580020e-02 7.406684266932662790e-03 1.831112810953565428e-02 1.809663762035580020e-02 1.809663762035580020e-02 1.603899794837642528e-02 1.690015421208095753e-02 1.809663762035580020e-02 1.809663762035580020e-02
3.441632118741158423e-03 -1.666045924226632752e-02 1.761667566224483020e-02 1.761667566224483020e-02 -8.548002996488371363e-02 -1.144131939114961978e-02 1.761666566624590577e-02 1.761666566624590577e-02 8.927016623876403087e-03 1.622850694400474608e-02 1.761670887677314543e-02 1.761670887677314543e-02 1.392905008629265196e-02 1.762002799504320746e-02 1.761670887677314543e-02 1.761667566224473652e-02
4.554499085575674198e-03 -1.283842917233657920e-02 1.799802908737425933e-02 1.799802908737425933e-02 -8.841517664365108886e-02 -7.807378001398798846e-03 1.799803909756867229e-02 1.799803909756867229e-02 7.187497559598626275e-03 1.684503260510009787e-02 1.799798581088093985e-02 1.799799582107475607e-02 1.466800440436581698e-02 1.660280890717601501e-02 1.799799582107475607e-02 1.799799582107475607e-02
3.392616795475086617e-03 -1.362587895170320335e-02 1.781758820281116595e-02 1.781758820281116595e-02 -8.701473616113865328e-02 -1.174230157635241904e-02 1.781757819933469170e-02 1.781757819933469170e-02 9.237797219440853358e-03 1.531169778902667471e-02 1.781758820281116595e-02 1.781758820281116595e-02 1.616498769072020891e-02 1.714032098046050848e-02 1.781758820281116595e-02 1.781758820281116595e-02
3.719561281002749849e-03 -1.409421152834765094e-02 1.783499375382330970e-02 1.783499375382330970e-02 -8.681286717077138504e-02 -1.574008890769230257e-02 1.783499375382330970e-02 1.783499375382330970e-02 1.393757240207957847e-02 1.750886028555411270e-02 1.783498374969885725e-02 1.783498374969885725e-02 1.531707648683305195e-02 1.551887541448026056e-02 1.783498374969885725e-02 1.783498374969885725e-02
2.160126216584137837e-04 -1.246263147688595613e-02 1.804750833039237348e-02 1.804750833039237348e-02 -8.849620080876621775e-02 -1.075390059213094524e-02 1.804750833039237348e-02 1.804749831835607277e-02 1.360247198256776813e-02 1.806820639599960795e-02 1.804746504533863774e-02 1.804746504533863774e-02 1.554376714033915176e-02 1.591734853655174531e-02 1.804746504533863774e-02 1.804746504533863774e-02
-5.460729722206091258e-04 -1.118277403163968689e-02 1.786392389472285860e-02 1.786392389472285860e-02 -8.722509152502057328e-02 -1.392605461438229351e-02 1.786394390512677580e-02 1.786393389992469230e-02 1.279926003179642814e-02 1.625670266075250961e-02 1.786393389992468883e-02 1.786393389992468883e-02 1.624225998172769067e-02 1.710950520801818309e-02 1.786393389992468883e-02 1.786393389992468883e-02
1.021570261639191722e-03 -1.356002062437372362e-02 1.800766564581438717e-02 1.800762236766101365e-02 -8.853421442559021581e-02 -3.456205424033647125e-03 1.800763237821243271e-02 1.800763237821243271e-02 6.874471193186692392e-03 1.534486819855790211e-02 1.800762236766101365e-02 1.800762236766101365e-02 1.640694879277287965e-02 1.675524064081790679e-02 1.800762236766101365e-02 1.800762236766101365e-02
-3.196483346908323537e-04 -8.407456374478188693e-03 1.847917770339177479e-02 1.847917770339177479e-02 -9.121515434130696154e-02 -9.304895054618511629e-03 1.847917770339177479e-02 1.847918773150318550e-02 1.398629639684899166e-02 1.829971317894833402e-02 1.847918773150318550e-02 1.847918773150318550e-02 1.722125242730691494e-02 1.629597509910968300e-02 1.847918773150318550e-02 1.847918773150318550e-02
3.961714759879766609e-03 -9.592828467154182817e-03 1.819380905522419156e-02 1.819380905522419156e-02 -8.923321538271081210e-02 -1.628009339445914486e-02 1.819380905522419156e-02 1.819380905522419156e-02 1.469713824834862313e-02 1.745300710875886258e-02 1.819380905522418809e-02 1.819384234811044498e-02 1.636567695573984058e-02 1.614279577088879175e-02 1.819380905522418809e-02 1.819380905522418809e-02
5.572999957284402277e-03 -1.067904529054667165e-02 1.856882185032089974e-02 1.856881181887072921e-02 -9.156154129482484139e-02 -1.173647518241601080e-02 1.856885519415103075e-02 1.856885519415103075e-02 1.372441541000180877e-02 1.847281565673110013e-02 1.856882185032089974e-02 1.856882185032089974e-02 1.702541716619145745e-02 1.694020467011871436e-02 1.856882185032089974e-02 1.856882185032089974e-02
1.239239902073824111e-02 -9.074255346248052620e-03 1.908053749472215718e-02 1.908050408135061535e-02 -9.413577596874166120e-02 -1.359950071641787342e-02 1.908050408135070555e-02 1.908050408135070555e-02 1.484836116326066977e-02 1.814689277437029485e-02 1.908053749472215718e-02 1.908053749472215718e-02 1.775665683299188294e-02 1.743077878964077732e-02 1.908053749472215718e-02 1.908053749472215718e-02
3.325054248853905395e-03 -9.790907844250028996e-03 1.834457504208618361e-02 1.834457504208618361e-02 -9.026521703372729355e-02 -1.337003472179970273e-02 1.834453170563033961e-02 1.834453170563033961e-02 1.408944852847608502e-02 1.814332986752240084e-02 1.834457504208618361e-02 1.834457504208618361e-02 1.611022432104167873e-02 1.692324033380409112e-02 1.834457504208618361e-02 1.834457504208618361e-02
3.480504973925136001e-03 -1.113429857998592815e-02 1.784453517167950906e-02 1.784453517167950906e-02 -8.726094660346463139e-02 -1.295958827071543029e-02 1.784445867631062263e-02 1.784445867631062263e-02 7.982809757314334939e-03 1.669592612035761259e-02 1.784449192175615456e-02 1.784449192175615456e-02 1.584222446481487953e-02 1.648222887486511939e-02 1.784445867631061916e-02 1.784445867631061916e-02
7.978172869241587084e-03 -1.323135584917783762e-02 1.785698246770072925e-02 1.785698246770072925e-02 -8.709946214809397014e-02 -1.521223393851533177e-02 1.785694922056454970e-02 1.785694922056454970e-02 8.083675107462620635e-03 1.674637959913883103e-02 1.785698246770072925e-02 1.785694922056454623e-02 1.579906658716146231e-02 1.642039542186464821e-02 1.785694922056454623e-02 1.785694922056454623e-02
8.266489493121835161e-03 -1.792248028975500576e-02 1.801839609379510265e-02 1.801835281379252085e-02 -8.813053458140505947e-02 -9.311919752214141768e-03 1.801838608284502680e-02 1.801838608284502680e-02 9.205529502220486174e-03 1.625887192315271512e-02 1.801839609379510265e-02 1.801835281379251391e-02 1.637685212171766103e-02 1.667306241951974771e-02 1.801838608284502680e-02 1.801838608284502680e-02
7.082688537719666715e-03 -1.197961563635100216e-02 1.802419186142023566e-02 1.802419186142023566e-02 -8.831628255932680305e-02 -1.343939879216616597e-02 1.802415859157922851e-02 1.802415859157922851e-02 7.462784504466041940e-03 1.767833495627289808e-02 1.802419186142014546e-02 1.802419186142014546e-02 1.604120924704849696e-02 1.684173214571473703e-02 1.802415859157922851e-02 1.802415859157922851e-02
6.371246230481566672e-03 -1.574539143115558787e-02 1.749040499595256454e-02 1.749040499595256454e-02 -8.424617924166807881e-02 -1.728060661719071217e-02 1.749041498724884097e-02 1.749039500465654137e-02 6.998333110845043892e-03 1.648935085178619003e-02 1.749039500465654137e-02 1.749039500465654137e-02 1.558656315382154350e-02 1.709973979639803354e-02 1.749039500465654137e-02 1.749039500465654137e-02
7.469453135414854707e-03 -1.360378190397118145e-02 1.753393540682088650e-02 1.753393540682088650e-02 -8.489659491512836775e-02 -1.487078700889079771e-02 1.753392541390491957e-02 1.753392541390491957e-02 3.247318141586453405e-03 1.738869108820664811e-02 1.753393540682088650e-02 1.753393540682088650e-02 1.487395341920633163e-02 1.595041293695502113e-02 1.753393540682088650e-02 1.753393540682088650e-02
7.537119518710602359e-03 -1.450442699233324244e-02 1.804148381565149825e-02 1.804148381565149825e-02 -8.833970007436135752e-02 -1.242660619890222778e-02 1.804148381565149825e-02 1.804148381565149825e-02 9.229373134158221775e-03 1.723297629727631522e-02 1.804148381565149825e-02 1.804148381565149825e-02 1.602552775720026204e-02 1.689857331661083484e-02 1.804148381565149825e-02 1.804148381565149825e-02
2.508069955613799820e-03 -1.339345712278677651e-02 1.771015217866434704e-02 1.771011895146870282e-02 -8.620651874565057882e-02 -1.333539833102110987e-02 1.771010895199519666e-02 1.771010895199519666e-02 9.241127480867418822e-03 1.781377205234565761e-02 1.771010895199528687e-02 1.771010895199528687e-02 1.583832816327842771e-02 1.518049198392466305e-02 1.771010895199528687e-02 1.771010895199528687e-02
2.829202669634389017e-03 -1.470366013700320426e-02 1.831453315711673371e-02 1.831453315711673371e-02 -8.993892644362892763e-02 -1.068030748391191054e-02 1.831448982587299823e-02 1.831448982587299823e-02 1.657613897956831950e-02 1.737544552870484357e-02 1.831453315711673024e-02 1.831448982587299476e-02 1.783923365922869889e-02 1.567993532263024445e-02 1.831448982587299476e-02 1.831448982587299476e-02
1.370212861647627589e-03 -1.442597898432007759e-02 1.777562569374788182e-02 1.777558245575425189e-02 -8.620610582099291763e-02 -1.723403047828548501e-02 1.777561569183708570e-02 1.777561569183708570e-02 1.679777713669015210e-02 1.623940029129482959e-02 1.777561569183708570e-02 1.777558245575425189e-02 1.697483388766520343e-02 1.531343768901492416e-02 1.777558245575425189e-02 1.777558245575425189e-02
8.799611214682465533e-04 -5.801796860700404734e-03 1.772879356019810629e-02 1.772875033030571826e-02 -8.630857147485059000e-02 -1.851777906443373423e-02 1.772878356003058931e-02 1.772878356003058931e-02 8.755488067876330063e-03 1.602589485197931582e-02 1.772879356019810629e-02 1.772878356003058931e-02 1.657959452469083550e-02 1.625478688238072081e-02 1.772878356003058931e-02 1.772875033030571826e-02
7.722121297835968755e-03 -1.329222432003718951e-02 1.776431906171776695e-02 1.776431906171776695e-02 -8.633597759217073730e-02 -1.735063325832947312e-02 1.776427582567985039e-02 1.776427582567985039e-02 9.530207070653946844e-03 1.527192600973436079e-02 1.776430906022771414e-02 1.776430906022771414e-02 1.597372380608735876e-02 1.696164425131622619e-02 1.776426582419056779e-02 1.776426582419056779e-02
9.367162536711139131e-03 -1.428663346432428212e-02 1.792239135245980719e-02 1.792239135245980719e-02 -8.741292850941519144e-02 -1.567278192568730133e-02 1.792239135245980719e-02 1.792239135245980719e-02 9.011800751292761008e-03 1.645752240080868012e-02 1.792244462322779147e-02 1.792242460847551580e-02 1.645390790059961250e-02 1.645452305644727956e-02 1.792242460847551580e-02 1.792242460847551580e-02
4.549456991090407992e-03 -1.203528983860018865e-02 1.762142878301549767e-02 1.762140879067388213e-02 -8.540136800492111047e-02 -1.760325449933105094e-02 1.762139879450336233e-02 1.762141878684465174e-02 8.443274127803452461e-03 1.658935932369396196e-02 1.762140879067387866e-02 1.762136557935594511e-02 1.561375926491152463e-02 1.655291755565233697e-02 1.762140879067387866e-02 1.762140879067387866e-02
5.266704275811442786e-03 -1.307856167071339178e-02 1.749369589701377584e-02 1.749369589701377584e-02 -8.430749869639934946e-02 -1.928428888607802011e-02 1.749368590559650244e-02 1.749368590559650244e-02 9.081899773457637395e-03 1.655870949774319520e-02 1.749369589701377237e-02 1.749368590559649897e-02 1.531092683180305426e-02 1.572154130939975442e-02 1.749368590559649897e-02 1.749368590559649897e-02
6.473807874781018282e-03 -1.212536213629183263e-02 1.784287507161317829e-02 1.784287507161317829e-02 -8.699965937395566506e-02 -1.610018587209808769e-02 1.784286506719901313e-02 1.784286506719901313e-02 8.662374942359491251e-03 1.724776440772928660e-02 1.784287507161317829e-02 1.784286506719901313e-02 1.612396708984047827e-02 1.603987251178017742e-02 1.784285506278518452e-02 1.784285506278518452e-02
1.568345545441418229e-03 -9.671756494520476755e-03 1.745766960515491434e-02 1.745766960515491434e-02 -8.417513705010069847e-02 -1.954004454975784288e-02 1.745765961507854749e-02 1.745765961507854749e-02 8.315434791653475433e-03 1.597909919866952189e-02 1.745766960515491434e-02 1.745765961507854749e-02 1.566918252884684504e-02 1.658790493921488696e-02 1.745765961507854749e-02 1.745765961507854749e-02
5.908582670861306507e-03 -7.867221870672253675e-03 1.787559474228305259e-02 1.787558473665110462e-02 -8.717165874859952868e-02 -1.933144223595404526e-02 1.787557473101940991e-02 1.787557473101940991e-02 9.186318472376418104e-03 1.719301634428564360e-02 1.787558473665110462e-02 1.787557473101932318e-02 1.498762462446405833e-02 1.682499442322040253e-02 1.787556472538778807e-02 1.787556472538778807e-02
5.833356845649226470e-03 -2.023917799262195047e-02 1.740972125105260185e-02 1.740973123934491315e-02 -8.380412295816694335e-02 -9.759661484370577705e-03 1.740971126276044667e-02 1.740972125105260185e-02 4.877096676518138420e-03 1.525575998981625048e-02 1.740974122763739446e-02 1.740973123934491315e-02 1.509742336579766690e-02 1.687769986341459277e-02 1.740973123934491315e-02 1.740972125105242491e-02
5.722158853228849311e-03 -1.326331545536845943e-02 1.844849049161913571e-02 1.844847043769081568e-02 -9.069832877249554837e-02 -1.284247531976257482e-02 1.844847043769081568e-02 1.844847043769081568e-02 1.616880437615507773e-02 1.668998342591319559e-02 1.844848046465489763e-02 1.844846041072707374e-02 1.652306431344951337e-02 1.826408025147800013e-02 1.844846041072707374e-02 1.844846041072707374e-02
-1.529267678701865061e-03 -8.533947345780577842e-03 1.806608200738427442e-02 1.806608200738427442e-02 -8.844618129806332274e-02 -1.558950055715686150e-02 1.806606198193703300e-02 1.806606198193703300e-02 1.737921285427095411e-02 1.647273912688728553e-02 1.806608200738418421e-02 1.806607199466048197e-02 1.614364425959203750e-02 1.612704270492631639e-02 1.806606198193694626e-02 1.806606198193694626e-02
3.831560257565388636e-03 -1.985566975027715231e-02 1.774164703610818516e-02 1.774162703481731510e-02 -8.579048252818556597e-02 -1.447367219266373038e-02 1.774164703610827190e-02 1.774164703610827190e-02 1.668580326718919343e-02 1.592046205125471209e-02 1.774164703610818516e-02 1.774164703610818516e-02 1.546820258375333941e-02 1.675849399963064840e-02 1.774164703610818516e-02 1.774163703546262696e-02
2.551777963971195700e-03 -2.042829425887572603e-02 1.751259990908310762e-02 1.751257992484270276e-02 -8.427246084555643779e-02 -1.297539253416018536e-02 1.751256993272278656e-02 1.751256993272278656e-02 1.218069234422725251e-02 1.660327912120299412e-02 1.751259990908310762e-02 1.751258991696278203e-02 1.528316342020843641e-02 1.669918691548050171e-02 1.751258991696278203e-02 1.751258991696278203e-02
4.199711229099635057e-04 -1.383301299853626279e-02 1.788741060813906977e-02 1.788739059599578352e-02 -8.737564617006704504e-02 -1.165333863449178296e-02 1.788742061421095403e-02 1.788741060813897610e-02 1.251466574043439382e-02 1.618749715014431226e-02 1.788742061421095403e-02 1.788741060813897610e-02 1.611133341706483951e-02 1.743857329345648716e-02 1.788741060813897610e-02 1.788742061421086382e-02
3.951260509563997610e-03 -1.285680852524939168e-02 1.801701649012629747e-02 1.801697321037983024e-02 -8.814192881545691860e-02 -1.429874032372596346e-02 1.801698322127521720e-02 1.801698322127521720e-02 1.310610234605166964e-02 1.681699252559390803e-02 1.801702650102228118e-02 1.801698322127521720e-02 1.617893991132884554e-02 1.665486034813825136e-02 1.801698322127521720e-02 1.801698322127521720e-02
5.298380522935217801e-03 -9.675490620527495839e-03 1.807194811049715397e-02 1.807192808461312306e-02 -8.838434838636320678e-02 -1.807935682750342124e-02 1.807195812343959096e-02 1.807195812343959096e-02 1.227674205274956534e-02 1.700068183377245051e-02 1.807195812343959096e-02 1.807194811049715397e-02 1.653836539006428574e-02 1.717321277850517372e-02 1.807194811049715397e-02 1.807194811049715397e-02
6.942328782552793613e-03 -1.448491467125545898e-02 1.807194751073613881e-02 1.807193749779428121e-02 -8.835132755797811543e-02 -1.490588234403387308e-02 1.807194751073613881e-02 1.807198078705130745e-02 1.225671548814127876e-02 1.649056426817084239e-02 1.807193749779410080e-02 1.807193749779410080e-02 1.674838919611659066e-02 1.749435160284397092e-02 1.807192748485231953e-02 1.807193749779410080e-02
7.277136516738270250e-03 -1.186363206082092711e-02 1.780249606740573476e-02 1.780245282477346119e-02 -8.699721805409152409e-02 -1.189736089074230549e-02 1.780245282477346119e-02 1.780245282477346119e-02 2.785581418601439617e-03 1.658878399580019508e-02 1.780249606740555782e-02 1.780245282477337099e-02 1.649167891544821643e-02 1.623164524401276773e-02 1.780245282477337099e-02 1.780245282477337099e-02
6.881455294619001802e-03 -1.487464595866903015e-02 1.789275699664030425e-02 1.789271373839403448e-02 -8.730374259403338166e-02 -1.368394687390371393e-02 1.789270373212516196e-02 1.789270373212516196e-02 8.846930713544948199e-03 1.670747692568658876e-02 1.789274699037074479e-02 1.789270373212516196e-02 1.606451282079334256e-02 1.731163171631676725e-02 1.789271373839403448e-02 1.789271373839403448e-02
5.301594126664027976e-03 -1.420950698033557336e-02 1.787443686146271762e-02 1.787442685587541796e-02 -8.726144974445027014e-02 -1.302908399914776832e-02 1.787438360080043434e-02 1.787438360080043434e-02 8.806871165234854415e-03 1.773817151537059739e-02 1.787441685028828137e-02 1.787438360080043434e-02 1.525028336048921129e-02 1.706856328838005435e-02 1.787438360080034414e-02 1.787438360080034414e-02
7.102224442419742198e-03 -1.974699326405855368e-02 1.809259996257343156e-02 1.809255666974966467e-02 -8.849673190506457399e-02 -7.708178206146709503e-03 1.809258994886351474e-02 1.809258994886351474e-02 1.218451022364878261e-02 1.777475993425677719e-02 1.809260997628351145e-02 1.809259996257343156e-02 1.552084468951313995e-02 1.575191231964713154e-02 1.809259996257343156e-02 1.809259996257343156e-02
-7.905244542423840726e-04 -1.475388986540938398e-02 1.756821231977358580e-02 1.756820232558477940e-02 -8.514554030384174910e-02 -1.248145602050845446e-02 1.756821231977358580e-02 1.756821231977358580e-02 1.156966090997708571e-02 1.696168500637488044e-02 1.756825552188085934e-02 1.756821231977358580e-02 1.496861494642537892e-02 1.565720893840172323e-02 1.756821231977358580e-02 1.756821231977358580e-02
-6.959306114657517160e-04 -1.262845538986484030e-02 1.775185670656312387e-02 1.775181347269828153e-02 -8.627266556832921540e-02 -1.566068645040771118e-02 1.775180347167564995e-02 1.775180347167564995e-02 1.539685432183205728e-02 1.637738967357129857e-02 1.775182347372134678e-02 1.775180347167564995e-02 1.664973825917683004e-02 1.518702615064980097e-02 1.775180347167564648e-02 1.775180347167564648e-02
1.354505836730111185e-02 -1.497396209591972220e-02 1.859761887716461851e-02 1.859759881213024837e-02 -9.125685677330774848e-02 -1.568348406960169000e-02 1.859759881213024837e-02 1.859759881213024837e-02 1.730518583925276521e-02 1.723330786098475204e-02 1.859765222488077990e-02 1.859759881213025184e-02 1.662979472785670529e-02 1.580109683373523768e-02 1.859759881213025184e-02 1.859761887716479545e-02
5.870500038557327320e-03 -1.035765328463521089e-02 1.812126365734972530e-02 1.812126365734972530e-02 -8.854572894201311051e-02 -1.918308322810175284e-02 1.812126365734972530e-02 1.812125364257254762e-02 1.605610936664111921e-02 1.823602242817099275e-02 1.812130695513490194e-02 1.812126365734972530e-02 1.648474235276340544e-02 1.431348786001602515e-02 1.812126365734972530e-02 1.812126365734972530e-02
-3.643477109680929703e-03 -1.261927722501527196e-02 1.785136296167627937e-02 1.785136296167627937e-02 -8.712397035442655258e-02 -1.121485037243300474e-02 1.785134295221986467e-02 1.785134295221986467e-02 1.448710143523082583e-02 1.691172972086306403e-02 1.785139620803222194e-02 1.785134295221986467e-02 1.718838101820341011e-02 1.542558923964569562e-02 1.785134295221986467e-02 1.785134295221986467e-02
-3.608876747108602425e-03 -1.029878881268711695e-02 1.775091795086727875e-02 1.775087471716500775e-02 -8.648677123483336504e-02 -1.350972760735479235e-02 1.775088471815299343e-02 1.775088471815299343e-02 1.298002964701612701e-02 1.623956729294502230e-02 1.775088471815298996e-02 1.775087471716500775e-02 1.695703391097058699e-02 1.588949010566715822e-02 1.775087471716500775e-02 1.775087471716500775e-02
-3.071167512338191050e-03 -1.438516664352496553e-02 1.770127069293914862e-02 1.770123746696481218e-02 -8.602426616703670592e-02 -1.176763491782890393e-02 1.770122746782476150e-02 1.770122746782476150e-02 1.460945958944410462e-02 1.625655112273240166e-02 1.770127069293914862e-02 1.770123746696481565e-02 1.578041576209596522e-02 1.626825588837539985e-02 1.770122746782484824e-02 1.770127069293914862e-02
9.760942323809054756e-04 -1.710359542814699624e-02 1.777980875210493500e-02 1.777980875210493500e-02 -8.642185792638361341e-02 -1.197401791800293408e-02 1.777980875210493500e-02 1.777980875210493500e-02 1.330543101678768360e-02 1.623864373761546229e-02 1.777981875416895230e-02 1.777981875416895230e-02 1.692597852144829898e-02 1.676978034555570013e-02 1.777977551546837398e-02 1.777977551546837398e-02
2.929831175363164456e-03 -1.463042950542451509e-02 1.787453740215887849e-02 1.787453740215887849e-02 -8.705845124839467486e-02 -1.499574328438983348e-02 1.787450415266086945e-02 1.787453740215887849e-02 1.417722881259417603e-02 1.626565148397442553e-02 1.787458065724797235e-02 1.787454740774926248e-02 1.569029425667835265e-02 1.747672496912194839e-02 1.787453740215887849e-02 1.787454740774926248e-02
2.670735266631369363e-03 -6.744134571920673733e-03 1.812580906844862491e-02 1.812580906844862491e-02 -8.928761607462301630e-02 -1.045875286918759341e-02 1.812577578482938573e-02 1.812577578482938573e-02 5.358065340364012545e-03 1.632944226210873012e-02 1.812581908339407424e-02 1.812580906844862144e-02 1.573934924032866986e-02 1.864371874205560456e-02 1.812580906844862144e-02 1.812580906844862144e-02
3.495286774559874365e-03 -1.389215446641555579e-02 1.782916570076862467e-02 1.782916570076862467e-02 -8.713593989040871457e-02 -1.054859238020799603e-02 1.782915569686759419e-02 1.782915569686759419e-02 8.382698169105026048e-03 1.619350721358362583e-02 1.782916570076862467e-02 1.782916570076862467e-02 1.452824603410647446e-02 1.794249769283993989e-02 1.782916570076862467e-02 1.782916570076862467e-02
4.024221181587175553e-03 -1.074603014535330595e-02 1.868427300347779221e-02 1.868427300347779221e-02 -9.195955804750392815e-02 -1.399990469331120757e-02 1.868426296773369535e-02 1.868426296773369535e-02 2.057362945411956787e-02 1.632830075031495298e-02 1.868427300347779221e-02 1.868427300347779221e-02 1.590935766278079103e-02 1.927012893942932001e-02 1.868422960824886458e-02 1.868426296773369535e-02
9.607041471863077883e-04 -8.594478885756482930e-03 1.861505444877292054e-02 1.861501106553405463e-02 -9.165394373633575786e-02 -1.398554952803311366e-02 1.861500103236999812e-02 1.861500103236999812e-02 2.011281649452754949e-02 1.716513485714890597e-02 1.861505444877292054e-02 1.861501106553405116e-02 1.656772061657959400e-02 1.794344907851976728e-02 1.861504441560818054e-02 1.861504441560818054e-02
3.259072946754730505e-04 -7.598895914991419913e-03 1.756472210544214943e-02 1.756471211138537283e-02 -8.500877611592938532e-02 -1.961685149345438264e-02 1.756466890989709720e-02 1.756467890395327358e-02 9.720406101267757212e-03 1.540768085412935404e-02 1.756472210544205576e-02 1.756471211138528263e-02 1.579082438192584009e-02 1.697886707999816253e-02 1.756471211138537283e-02 1.756471211138537283e-02
-8.125916002056994449e-05 -1.040646480401161318e-02 1.774912878563069535e-02 1.774912878563069535e-02 -8.637216238097225607e-02 -1.627134570719923276e-02 1.774908555224524384e-02 1.774908555224524384e-02 1.199636118662308557e-02 1.662306944490374652e-02 1.774911878471023552e-02 1.774908555224524384e-02 1.591364713970771713e-02 1.680725414366594783e-02 1.774907555132538076e-02 1.774908555224524384e-02
7.090835308179252276e-03 -1.773489585060920165e-02 1.804314459516292296e-02 1.804309129905210321e-02 -8.814623719260751555e-02 -1.184427531574512235e-02 1.804310131091670100e-02 1.804310131091670100e-02 1.353942378539777294e-02 1.679342094839211819e-02 1.804311132278146879e-02 1.804305802667160313e-02 1.601138641142946240e-02 1.614251313045112976e-02 1.804305802667160313e-02 1.804305802667160313e-02
6.400506778333454362e-03 -1.333410520559929341e-02 1.805547526661028038e-02 1.805545524196027624e-02 -8.829834920270224208e-02 -1.537319833246260890e-02 1.805546525428523841e-02 1.805542196790072690e-02 1.270302565725764735e-02 1.745036411524242617e-02 1.805546525428523841e-02 1.805546525428523841e-02 1.621867104422687264e-02 1.617633797267854084e-02 1.805546525428523841e-02 1.805546525428523841e-02
7.009989772893084059e-03 -1.678509686185322702e-02 1.798183100575299898e-02 1.798182099616991297e-02 -8.798135301299683797e-02 -9.541374001997121254e-03 1.798181098658689636e-02 1.798181098658689636e-02 9.287233992864627960e-03 1.675612458291048101e-02 1.798183100575299898e-02 1.798182099616991297e-02 1.549898800262980783e-02 1.666375865458970609e-02 1.798181098658689636e-02 1.798181098658689636e-02
7.173395258808552659e-03 -1.341011036978961846e-02 1.842894732526683885e-02 1.842890397425189092e-02 -9.084471829677683019e-02 -8.688336611814865759e-03 1.842890397425189092e-02 1.842890397425189092e-02 1.127626225756660910e-02 1.727005448520429337e-02 1.842894732526683885e-02 1.842890397425189092e-02 1.589812247089027880e-02 1.735832046276797672e-02 1.842890397425189092e-02 1.842890397425189092e-02
6.684653994379582617e-03 -1.677124101630070308e-02 1.812816774356904720e-02 1.812816774356904720e-02 -8.878729380633010315e-02 -1.080988027955758976e-02 1.812815772853734395e-02 1.812815772853734395e-02 1.261234103222986548e-02 1.703527571977776420e-02 1.812815772853734395e-02 1.812814771350581070e-02 1.700542782867663777e-02 1.579787716612209708e-02 1.812815772853743415e-02 1.812811442957411659e-02
7.703389335498277970e-04 -9.085155429674513991e-03 1.848493734991833032e-02 1.848490401752810736e-02 -9.132287877252986963e-02 -7.705533940344596114e-03 1.848489398921153090e-02 1.848489398921153090e-02 1.255853051321688917e-02 1.650342494954731842e-02 1.848493734991832685e-02 1.848489398921152743e-02 1.765061747894183103e-02 1.715733637438192696e-02 1.848489398921152743e-02 1.848489398921152743e-02
4.094197271275275621e-03 -1.075937795729229804e-02 1.812831313840997452e-02 1.812830312337385466e-02 -8.894015486656174641e-02 -1.421925576061350630e-02 1.812826983942731479e-02 1.812826983942731479e-02 1.225738323153871372e-02 1.766360456335419257e-02 1.812830312337385466e-02 1.812825982439187841e-02 1.698957718280466253e-02 1.554943600028242320e-02 1.812825982439188188e-02 1.812825982439188188e-02
3.823110995633206312e-03 -5.605872491957254039e-03 1.834680234050806505e-02 1.834675900371156992e-02 -9.062745616643769209e-02 -1.019791922351790704e-02 1.834680234050806505e-02 1.834676902688354636e-02 6.058421683366892185e-03 1.793293723212804544e-02 1.834676902688354636e-02 1.834676902688354636e-02 1.757863189260475481e-02 1.584637209646978448e-02 1.834676902688354636e-02 1.834676902688354636e-02
1.203381624660869453e-02 -1.212997920039224006e-02 1.867816449283579011e-02 1.867815445732035062e-02 -9.227969273262617844e-02 -7.460797262288030619e-03 1.867816449283579011e-02 1.867816449283579011e-02 6.538338668941658452e-03 1.746186216435129113e-02 1.867820788700086387e-02 1.867816449283579011e-02 1.744546307534380544e-02 1.726327218494388971e-02 1.867816449283579011e-02 1.867816449283579011e-02
1.247144206798294144e-02 -8.932583322272143883e-03 1.867945052366934422e-02 1.867940712928913699e-02 -9.230467419739518675e-02 -1.103129298100305467e-02 1.867944048810719904e-02 1.867944048810719904e-02 7.996973271313866441e-03 1.705315544735607966e-02 1.867945052366934422e-02 1.867940712928913699e-02 1.733050178309739064e-02 1.627579227589491181e-02 1.867940712928913699e-02 1.867940712928913699e-02
1.179545017039922497e-02 -7.055337102138422786e-03 1.880330869150456663e-02 1.880326527567832348e-02 -9.313494881306798312e-02 -7.062957148099193415e-03 1.880330869150456663e-02 1.880326527567832348e-02 3.692913105392740467e-03 1.778304690183071454e-02 1.880330869150456663e-02 1.880330869150456663e-02 1.773216163118583946e-02 1.632730066684572393e-02 1.880326527567832348e-02 1.880326527567832348e-02
7.558783021192247084e-03 -1.211222043456062873e-02 1.834380086783651137e-02 1.834378082171615049e-02 -9.056861604488980477e-02 -3.832602513402495921e-03 1.834379084477625113e-02 1.834379084477625113e-02 2.724698513306473072e-03 1.727023021091191046e-02 1.834379084477634134e-02 1.834378082171615396e-02 1.804994411332258575e-02 1.572173450302847067e-02 1.834378082171615396e-02 1.834378082171615396e-02
1.090117264392103866e-02 -1.247719629621755165e-02 1.836542406880528264e-02 1.836540402107445999e-02 -9.062788814653013891e-02 -6.427722995011656698e-03 1.836542406880528264e-02 1.836541404493965621e-02 4.365335480118076074e-03 1.607903422700860882e-02 1.836541404493965621e-02 1.836537070492299736e-02 1.731296867871371867e-02 1.600224993574091148e-02 1.836537070492299736e-02 1.836537070492299736e-02
9.455740721980325156e-03 -1.123751325181097070e-02 1.823274477564919283e-02 1.823272473780051389e-02 -8.975612212467629081e-02 -1.054639049592491322e-02 1.823272473780051389e-02 1.823272473780051389e-02 5.409429185801986097e-03 1.498923892687408811e-02 1.823273475672468336e-02 1.823271471887650749e-02 1.737900769609694931e-02 1.798948424269974575e-02 1.823271471887650749e-02 1.823271471887650749e-02
9.286488408399785205e-03 -1.500390393433266925e-02 1.828261474262012423e-02 1.828259470105732254e-02 -8.991103058303630269e-02 -9.011771338058385122e-03 1.828255137537486072e-02 1.828255137537486072e-02 8.322052328127294354e-03 1.681842091531019628e-02 1.828261474262012770e-02 1.828259470105741274e-02 1.623811306898117340e-02 1.766609213913983983e-02 1.828259470105741274e-02 1.828259470105741274e-02
1.063263766695992166e-02 -1.221431671687851599e-02 1.820729461401059124e-02 1.820726456008113156e-02 -8.966046863761439889e-02 -8.427086045924974192e-03 1.820727457805748281e-02 1.820727457805748281e-02 3.947510715760561492e-03 1.608536660678058783e-02 1.820728459603400060e-02 1.820727457805748281e-02 1.627703227535479483e-02 1.667698415554088459e-02 1.820726456008113156e-02 1.820726456008113156e-02
1.003333167109359512e-02 -1.497109504786779850e-02 1.845862043639475217e-02 1.845861040905828754e-02 -9.101530556939338434e-02 -6.225394455765143921e-03 1.845861040905828754e-02 1.845861040905828754e-02 7.889625096028739584e-03 1.562167646936801248e-02 1.845864049106825736e-02 1.845862043639475217e-02 1.779122264484072832e-02 1.724402647275291925e-02 1.845862043639475217e-02 1.845862043639475217e-02
1.160188515520442325e-02 -1.523990010189055569e-02 1.835162727264301116e-02 1.835160722594059851e-02 -9.026441846733859742e-02 -8.997388492965351092e-03 1.835160722594059851e-02 1.835158717923875485e-02 6.393482567388694866e-03 1.743098201653832391e-02 1.835161724929177188e-02 1.835160722594060198e-02 1.768607334214630789e-02 1.666688128908056996e-02 1.835159720258959515e-02 1.835159720258959515e-02
8.780907984139770667e-03 -1.103262408626967499e-02 1.844379211516647410e-02 1.844377206159890717e-02 -9.103235775975811184e-02 -9.119063086864182682e-03 1.844377206159890717e-02 1.844377206159890717e-02 7.400341105313362582e-03 1.697039723125726499e-02 1.844378208838265421e-02 1.844378208838265421e-02 1.707641701676219925e-02 1.705398059529257548e-02 1.844376203481550014e-02 1.844376203481550014e-02
3.964954913796652630e-03 -1.376257292725703053e-02 1.789810287389991678e-02 1.789810287389991678e-02 -8.764326577465371415e-02 -9.178671607854595876e-03 1.789807285450718821e-02 1.789807285450718821e-02 6.719585314103360650e-03 1.577745120694103165e-02 1.789810287389991678e-02 1.789809286743548195e-02 1.792247446717007767e-02 1.594339659750949184e-02 1.789809286743548195e-02 1.789807285450727495e-02
8.474335077200117333e-03 -1.404737299307503087e-02 1.836303666131613652e-02 1.836299332171966586e-02 -9.048083618554376983e-02 -6.937829632124992499e-03 1.836298329794479670e-02 1.836298329794479670e-02 6.124036600051050751e-03 1.559669809286965553e-02 1.836303666131613652e-02 1.836299332171948892e-02 1.919712201639198201e-02 1.732873894412912535e-02 1.836299332171948892e-02 1.836299332171948892e-02
8.100854325560662844e-03 -1.150239080623315785e-02 1.859374050758974897e-02 1.859369712805725161e-02 -9.192905145011449897e-02 -6.007308388305542500e-03 1.859370716042486535e-02 1.859370716042486535e-02 7.301995981705974685e-03 1.654404961344926525e-02 1.859374050758975244e-02 1.859369712805725161e-02 1.716184340172333816e-02 1.809597871046447759e-02 1.859369712805725161e-02 1.859369712805725161e-02
7.835822736578144931e-03 -6.374147607140378917e-03 1.874886114391643988e-02 1.874886114391643988e-02 -9.283362632040856322e-02 -8.879822740709962872e-03 1.874882777567296252e-02 1.874881773752682182e-02 7.230319699154955093e-03 1.715074908936959838e-02 1.874887118206317732e-02 1.874887118206317732e-02 1.810515716975943934e-02 1.723659130672497777e-02 1.874887118206317732e-02 1.874882777567296252e-02
8.043767320032303020e-03 -7.040442449038235469e-03 1.842672436568660102e-02 1.842668101506731229e-02 -9.103294495850489110e-02 -1.056243187995653185e-02 1.842668101506731229e-02 1.842671433953945934e-02 5.387788744049584223e-03 1.784818603371330151e-02 1.842672436568660102e-02 1.842668101506731576e-02 1.656331788884018302e-02 1.658452048214660926e-02 1.842668101506731576e-02 1.842668101506731576e-02
6.007895296200125267e-03 -1.374390249034965900e-02 1.785339464325562397e-02 1.785334138705325230e-02 -8.735994468228154564e-02 -9.805538809930493260e-03 1.785334138705325230e-02 1.785334138705325230e-02 5.617027029984493318e-03 1.606484503724670346e-02 1.785339464325562397e-02 1.785334138705325230e-02 1.567416469673154830e-02 1.673734167269618628e-02 1.785333138225524141e-02 1.785337463365824912e-02
5.450390622913978481e-03 -1.107271453542100527e-02 1.800060257704802144e-02 1.800054928989497371e-02 -8.825552669985925469e-02 -1.298789042508851840e-02 1.800060257704802144e-02 1.800060257704802144e-02 8.227034707167965935e-03 1.611994301296525503e-02 1.800061258732757810e-02 1.800055930017377057e-02 1.630091096229732348e-02 1.722269662611180738e-02 1.800054928989488698e-02 1.800059256676854111e-02
